0 0.204678362573 0.36149825784 0.037037037037 0.081881533101
0 0.317251461988 0.238675958188 0.0165692007797 0.0452961672474
0 0.34746588694 0.189895470383 0.0204678362573 0.0348432055749
0 0.41910331384 0.20818815331 0.0175438596491 0.0400696864111
0 0.424951267057 0.18118466899 0.0155945419103 0.0313588850174
0 0.419590643275 0.156794425087 0.0185185185185 0.0313588850174
0 0.448343079922 0.182055749129 0.0233918128655 0.0365853658537
0 0.452729044834 0.223867595819 0.0224171539961 0.0400696864111
0 0.480506822612 0.23606271777 0.0272904483431 0.0505226480836
0 0.504873294347 0.178571428571 0.0194931773879 0.0400696864111
0 0.464912280702 0.163763066202 0.0175438596491 0.0313588850174
0 0.463937621832 0.140243902439 0.0155945419103 0.0226480836237
0 0.527777777778 0.161149825784 0.0126705653021 0.0331010452962
0 0.533625730994 0.140243902439 0.0146198830409 0.0296167247387
0 0.551169590643 0.121080139373 0.0126705653021 0.0296167247387
0 0.565789473684 0.155923344948 0.0185185185185 0.0331010452962
0 0.554580896686 0.189895470383 0.0175438596491 0.0348432055749
0 0.587719298246 0.162891986063 0.0155945419103 0.0365853658537
0 0.602826510721 0.141986062718 0.0146198830409 0.0365853658537
0 0.591130604288 0.12543554007 0.0146198830409 0.0313588850174
0 0.618421052632 0.107142857143 0.0126705653021 0.0331010452962
0 0.637914230019 0.157665505226 0.0165692007797 0.0331010452962
0 0.629142300195 0.142857142857 0.0146198830409 0.0313588850174
0 0.638401559454 0.121080139373 0.0116959064327 0.0261324041812
0 0.64522417154 0.107142857143 0.00974658869396 0.0261324041812
0 0.65253411306 0.144599303136 0.0126705653021 0.0313588850174
0 0.655458089669 0.121080139373 0.0107212475634 0.0261324041812
0 0.666666666667 0.113240418118 0.0116959064327 0.0278745644599
0 0.505360623782 0.15243902439 0.0126705653021 0.0191637630662
0 0.690545808967 0.122822299652 0.0146198830409 0.0296167247387
0 0.705653021442 0.126306620209 0.0116959064327 0.0261324041812
0 0.674463937622 0.175958188153 0.0194931773879 0.0348432055749
0 0.631578947368 0.197735191638 0.0214424951267 0.0505226480836
0 0.583820662768 0.246515679443 0.0214424951267 0.0435540069686
0 0.505847953216 0.297909407666 0.0292397660819 0.0522648083624
0 0.594541910331 0.293554006969 0.0272904483431 0.0574912891986
0 0.615009746589 0.315331010453 0.0311890838207 0.0627177700348
0 0.626705653021 0.256968641115 0.0194931773879 0.0505226480836
0 0.666666666667 0.259581881533 0.0214424951267 0.0487804878049
0 0.665692007797 0.327526132404 0.0292397660819 0.0731707317073
0 0.691033138402 0.391114982578 0.0389863547758 0.0644599303136
0 0.673001949318 0.216898954704 0.0204678362573 0.0435540069686
0 0.710038986355 0.175958188153 0.0204678362573 0.0452961672474
0 0.734892787524 0.185540069686 0.0214424951267 0.0470383275261
0 0.735867446394 0.231707317073 0.0194931773879 0.0557491289199
0 0.753898635478 0.127177700348 0.0146198830409 0.0348432055749
0 0.759259259259 0.162020905923 0.0155945419103 0.0418118466899
0 0.769980506823 0.136759581882 0.0116959064327 0.0296167247387
0 0.783625730994 0.141986062718 0.0136452241715 0.0365853658537
0 0.7977582846 0.154181184669 0.0165692007797 0.0400696864111
0 0.792397660819 0.209930313589 0.0175438596491 0.0505226480836
0 0.771929824561 0.196864111498 0.0155945419103 0.0348432055749
0 0.818713450292 0.282229965157 0.0253411306043 0.0557491289199
0 0.805555555556 0.269163763066 0.0165692007797 0.0435540069686
0 0.816276803119 0.3606271777 0.0341130604288 0.0731707317073
0 0.891812865497 0.443379790941 0.0350877192982 0.0714285714286
0 0.895711500975 0.385017421603 0.0272904483431 0.0592334494774
0 0.855263157895 0.30487804878 0.0282651072125 0.0592334494774
0 0.863547758285 0.284843205575 0.0214424951267 0.0470383275261
0 0.856725146199 0.229965156794 0.0194931773879 0.0383275261324
0 0.887426900585 0.237804878049 0.0165692007797 0.0505226480836
0 0.896198830409 0.231707317073 0.0165692007797 0.0418118466899
0 0.912768031189 0.264808362369 0.0224171539961 0.0487804878049
0 0.929824561404 0.290069686411 0.0194931773879 0.0470383275261
0 0.929337231969 0.242160278746 0.0185185185185 0.0452961672474
0 0.912280701754 0.18031358885 0.0136452241715 0.0331010452962
0 0.918128654971 0.164634146341 0.0116959064327 0.0261324041812
0 0.937621832359 0.175087108014 0.0136452241715 0.0331010452962
0 0.939571150097 0.219512195122 0.0136452241715 0.0313588850174
0 0.894249512671 0.193379790941 0.0146198830409 0.0383275261324
0 0.87037037037 0.192508710801 0.0136452241715 0.0365853658537
0 0.880116959064 0.162891986063 0.0155945419103 0.0400696864111
0 0.855263157895 0.196864111498 0.0185185185185 0.0348432055749
0 0.820662768031 0.20818815331 0.0175438596491 0.0470383275261
0 0.828460038986 0.178571428571 0.0155945419103 0.0331010452962
0 0.84649122807 0.158536585366 0.0126705653021 0.0313588850174
