0 0.129073756432 0.562590975255 0.0437392795883 0.0887918486172
0 0.229845626072 0.33770014556 0.0154373927959 0.0349344978166
0 0.26114922813 0.345705967977 0.0214408233276 0.0451237263464
0 0.280874785592 0.376273653566 0.0197255574614 0.0422125181951
0 0.290737564322 0.307132459971 0.0188679245283 0.037845705968
0 0.333190394511 0.372634643377 0.0265866209262 0.0494905385735
0 0.361492281304 0.321688500728 0.0180102915952 0.0407569141194
0 0.357632933105 0.297671033479 0.0154373927959 0.0305676855895
0 0.391938250429 0.338427947598 0.0188679245283 0.0451237263464
0 0.414665523156 0.332605531295 0.0180102915952 0.0363901018923
0 0.412092624357 0.296215429403 0.0180102915952 0.0334788937409
0 0.401372212693 0.25691411936 0.0171526586621 0.0334788937409
0 0.433533447684 0.259825327511 0.0128644939966 0.0247452692868
0 0.440823327616 0.267831149927 0.0154373927959 0.0320232896652
0 0.444682675815 0.308588064047 0.0231560891938 0.0465793304221
0 0.458833619211 0.335516739447 0.0205831903945 0.0480349344978
0 0.481560891938 0.304949053857 0.0180102915952 0.0363901018923
0 0.514579759863 0.328238719068 0.0205831903945 0.0363901018923
0 0.479416809605 0.267831149927 0.0171526586621 0.0320232896652
0 0.47384219554 0.240902474527 0.016295025729 0.0276564774381
0 0.515008576329 0.259825327511 0.0180102915952 0.0334788937409
0 0.531303602058 0.276564774381 0.0180102915952 0.0320232896652
0 0.531303602058 0.242358078603 0.016295025729 0.0334788937409
0 0.554459691252 0.245997088792 0.0180102915952 0.037845705968
0 0.569468267581 0.282387190684 0.0137221269297 0.037845705968
0 0.589193825043 0.257641921397 0.0171526586621 0.0349344978166
0 0.581046312178 0.218340611354 0.0128644939966 0.0291120815138
0 0.596912521441 0.235080058224 0.0137221269297 0.0276564774381
0 0.614493996569 0.251091703057 0.0128644939966 0.0305676855895
0 0.617066895369 0.225618631732 0.0128644939966 0.0291120815138
0 0.623499142367 0.208151382824 0.0154373927959 0.0291120815138
0 0.644082332762 0.215429403202 0.0137221269297 0.0349344978166
0 0.653945111492 0.224163027656 0.0145797598628 0.0262008733624
0 0.659948542024 0.245269286754 0.0145797598628 0.0276564774381
0 0.688250428816 0.230713245997 0.0145797598628 0.0305676855895
0 0.690823327616 0.208151382824 0.0145797598628 0.0320232896652
0 0.703687821612 0.229985443959 0.0128644939966 0.0320232896652
0 0.501715265866 0.390101892285 0.032590051458 0.0553129548763
0 0.555317324185 0.352983988355 0.0265866209262 0.056768558952
0 0.554030874786 0.414119359534 0.0308747855918 0.0625909752547
0 0.601629502573 0.447598253275 0.0368782161235 0.0713245997089
0 0.615780445969 0.379184861718 0.032590051458 0.0509461426492
0 0.614065180103 0.334061135371 0.0240137221269 0.0422125181951
0 0.656946826758 0.299854439592 0.0222984562607 0.0465793304221
0 0.667238421955 0.349344978166 0.0257289879931 0.0494905385735
0 0.682675814751 0.379912663755 0.0274442538593 0.0582241630277
0 0.655231560892 0.472343522562 0.0394511149228 0.0829694323144
0 0.718267581475 0.549490538574 0.0403087478559 0.0742358078603
0 0.852058319039 0.505822416303 0.0385934819897 0.0742358078603
0 0.755574614065 0.398107714702 0.0291595197256 0.0509461426492
0 0.708404802744 0.365356622999 0.0257289879931 0.0524017467249
0 0.714408233276 0.301310043668 0.0205831903945 0.0407569141194
0 0.685248713551 0.277292576419 0.0205831903945 0.0393013100437
0 0.728987993139 0.299126637555 0.0154373927959 0.0363901018923
0 0.726843910806 0.248908296943 0.0197255574614 0.0320232896652
0 0.750857632933 0.254730713246 0.016295025729 0.037845705968
0 0.756861063465 0.2365356623 0.0145797598628 0.0334788937409
0 0.770583190395 0.230713245997 0.0128644939966 0.0305676855895
0 0.789022298456 0.277292576419 0.0137221269297 0.0305676855895
0 0.805317324185 0.242358078603 0.0171526586621 0.0334788937409
0 0.80102915952 0.266375545852 0.0154373927959 0.0349344978166
0 0.836192109777 0.299126637555 0.0188679245283 0.0363901018923
0 0.846054888508 0.275109170306 0.016295025729 0.0349344978166
0 0.834476843911 0.244541484716 0.0137221269297 0.0349344978166
0 0.83704974271 0.355167394469 0.0222984562607 0.0553129548763
0 0.812607204117 0.433770014556 0.0317324185249 0.0698689956332
0 0.873070325901 0.454876273654 0.0360205831904 0.0713245997089
0 0.951972555746 0.473799126638 0.0343053173242 0.0713245997089
0 0.886363636364 0.37845705968 0.0317324185249 0.0553129548763
0 0.894939965695 0.352983988355 0.02487135506 0.0509461426492
0 0.909519725557 0.318049490539 0.0197255574614 0.0363901018923
0 0.922384219554 0.275109170306 0.0197255574614 0.037845705968
0 0.901372212693 0.257641921397 0.0120068610635 0.0291120815138
0 0.881646655232 0.274381368268 0.0171526586621 0.0363901018923
0 0.868782161235 0.259825327511 0.0188679245283 0.0393013100437
0 0.870497427101 0.312227074236 0.0188679245283 0.0334788937409
0 0.939965694683 0.394468704512 0.0222984562607 0.0465793304221
0 0.96140651801 0.354439592431 0.0188679245283 0.0393013100437
0 0.969125214408 0.327510917031 0.0188679245283 0.0349344978166
0 0.96140651801 0.306404657933 0.0154373927959 0.0305676855895
0 0.966981132075 0.277292576419 0.016295025729 0.0363901018923
0 0.941252144082 0.30422125182 0.016295025729 0.037845705968
