0 0.126198083067 0.372011251758 0.0335463258786 0.0632911392405
0 0.128194888179 0.319971870605 0.0327476038339 0.0576652601969
0 0.180910543131 0.315049226442 0.0327476038339 0.0646976090014
0 0.161741214058 0.377637130802 0.0343450479233 0.0632911392405
0 0.186102236422 0.389592123769 0.0479233226837 0.0900140646976
0 0.238817891374 0.295358649789 0.0319488817891 0.0534458509142
0 0.29552715655 0.295358649789 0.0319488817891 0.070323488045
0 0.292332268371 0.263009845288 0.0303514376997 0.0450070323488
0 0.319488817891 0.246132208158 0.0351437699681 0.0675105485232
0 0.347444089457 0.34388185654 0.0399361022364 0.0801687763713
0 0.367811501597 0.388888888889 0.0503194888179 0.0886075949367
0 0.426118210863 0.298874824191 0.0327476038339 0.0801687763713
