0 0.0744382022472 0.508361204013 0.0514981273408 0.117056856187
0 0.257490636704 0.281772575251 0.0168539325843 0.0317725752508
0 0.27574906367 0.280936454849 0.0159176029963 0.0401337792642
0 0.303838951311 0.259197324415 0.0159176029963 0.0401337792642
0 0.313202247191 0.234949832776 0.0140449438202 0.0284280936455
0 0.341292134831 0.217391304348 0.0177902621723 0.0334448160535
0 0.375 0.215719063545 0.0140449438202 0.0301003344482
0 0.381554307116 0.204849498328 0.0196629213483 0.0351170568562
0 0.409176029963 0.172240802676 0.0168539325843 0.0267558528428
0 0.450842696629 0.147157190635 0.0102996254682 0.0267558528428
0 0.483146067416 0.132107023411 0.0149812734082 0.0267558528428
0 0.478464419476 0.147993311037 0.0187265917603 0.0250836120401
0 0.431179775281 0.19397993311 0.0140449438202 0.0267558528428
0 0.439138576779 0.239966555184 0.0205992509363 0.0351170568562
0 0.464419475655 0.196488294314 0.0149812734082 0.0317725752508
0 0.49297752809 0.189799331104 0.0159176029963 0.0250836120401
0 0.463483146067 0.234949832776 0.0187265917603 0.0351170568562
0 0.532771535581 0.138795986622 0.0149812734082 0.0367892976589
0 0.560861423221 0.117056856187 0.0168539325843 0.0267558528428
0 0.552902621723 0.135451505017 0.0121722846442 0.0267558528428
0 0.540262172285 0.204849498328 0.0224719101124 0.0384615384615
0 0.573501872659 0.164715719064 0.0196629213483 0.0351170568562
0 0.584269662921 0.13127090301 0.0224719101124 0.0284280936455
0 0.59925093633 0.100334448161 0.0168539325843 0.0301003344482
0 0.629213483146 0.0994983277592 0.0149812734082 0.0284280936455
0 0.62031835206 0.135451505017 0.0177902621723 0.0401337792642
0 0.605805243446 0.208193979933 0.0168539325843 0.0351170568562
0 0.560393258427 0.292642140468 0.0234082397004 0.0535117056856
0 0.477996254682 0.30602006689 0.0252808988764 0.056856187291
0 0.603464419476 0.269230769231 0.0271535580524 0.0535117056856
0 0.647471910112 0.115384615385 0.0140449438202 0.0267558528428
0 0.672752808989 0.112876254181 0.0121722846442 0.0284280936455
0 0.685393258427 0.108695652174 0.0131086142322 0.0267558528428
0 0.65074906367 0.172240802676 0.0187265917603 0.0367892976589
0 0.683520599251 0.184782608696 0.0149812734082 0.0451505016722
0 0.659176029963 0.260033444816 0.0205992509363 0.0551839464883
0 0.60627340824 0.340301003344 0.0290262172285 0.0685618729097
0 0.669007490637 0.338628762542 0.0271535580524 0.0652173913043
0 0.709737827715 0.138795986622 0.0205992509363 0.0434782608696
0 0.732209737828 0.123745819398 0.0149812734082 0.0434782608696
0 0.705524344569 0.216555183946 0.0215355805243 0.0451505016722
0 0.716292134831 0.278428093645 0.0299625468165 0.0484949832776
0 0.730337078652 0.196488294314 0.0168539325843 0.0418060200669
0 0.75468164794 0.0994983277592 0.0131086142322 0.0217391304348
0 0.753277153558 0.240802675585 0.0215355805243 0.0501672240803
0 0.780898876404 0.121237458194 0.0112359550562 0.0250836120401
0 0.779026217228 0.161371237458 0.0168539325843 0.0351170568562
0 0.782303370787 0.288461538462 0.0196629213483 0.0551839464883
0 0.812265917603 0.243311036789 0.0196629213483 0.0518394648829
0 0.794007490637 0.125418060201 0.0112359550562 0.0301003344482
0 0.799157303371 0.179765886288 0.0196629213483 0.0451505016722
0 0.811797752809 0.130434782609 0.00936329588015 0.0234113712375
0 0.830524344569 0.137123745819 0.0131086142322 0.0301003344482
0 0.848782771536 0.186454849498 0.0215355805243 0.0418060200669
0 0.871254681648 0.125418060201 0.0121722846442 0.0301003344482
0 0.86797752809 0.223244147157 0.0131086142322 0.0317725752508
0 0.902621722846 0.133779264214 0.0112359550562 0.0334448160535
0 0.89138576779 0.200668896321 0.0168539325843 0.0334448160535
0 0.926498127341 0.168060200669 0.0159176029963 0.0317725752508
0 0.927902621723 0.158862876254 0.0131086142322 0.0334448160535
0 0.926029962547 0.195652173913 0.0168539325843 0.0301003344482
0 0.928838951311 0.269230769231 0.0224719101124 0.0468227424749
0 0.862359550562 0.161371237458 0.0168539325843 0.0317725752508
0 0.815074906367 0.169732441472 0.0159176029963 0.0317725752508
0 0.741104868914 0.159698996656 0.0177902621723 0.0418060200669
0 0.666666666667 0.203177257525 0.0205992509363 0.0518394648829
0 0.409644194757 0.217391304348 0.0177902621723 0.0334448160535
0 0.434456928839 0.27508361204 0.0187265917603 0.0418060200669
0 0.338483146067 0.265886287625 0.0177902621723 0.0367892976589
0 0.385767790262 0.218227424749 0.0149812734082 0.0351170568562
0 0.682116104869 0.144648829431 0.0177902621723 0.0317725752508
0 0.767322097378 0.13127090301 0.0177902621723 0.0317725752508
