0 0.203373945642 0.365448504983 0.0431115276476 0.0830564784053
0 0.259137769447 0.28488372093 0.0159325210872 0.0282392026578
0 0.30084348641 0.255813953488 0.0149953139644 0.0299003322259
0 0.31771321462 0.250830564784 0.0168697282099 0.0299003322259
0 0.320524835989 0.220099667774 0.0131208997188 0.0282392026578
0 0.344892221181 0.21926910299 0.0187441424555 0.0299003322259
0 0.340206185567 0.267441860465 0.0131208997188 0.0265780730897
0 0.33458294283 0.240033222591 0.0112464854733 0.0282392026578
0 0.380974695408 0.22342192691 0.0178069353327 0.0348837209302
0 0.369259606373 0.248338870432 0.0187441424555 0.0249169435216
0 0.423149015933 0.265780730897 0.0178069353327 0.0299003322259
0 0.422680412371 0.227574750831 0.020618556701 0.0332225913621
0 0.457357075914 0.229235880399 0.0187441424555 0.0299003322259
0 0.478444236176 0.253322259136 0.0215557638238 0.0282392026578
0 0.387066541706 0.196843853821 0.0187441424555 0.0282392026578
0 0.421743205248 0.174418604651 0.0187441424555 0.0265780730897
0 0.444236176195 0.196843853821 0.0149953139644 0.031561461794
0 0.46298031865 0.191860465116 0.0187441424555 0.0282392026578
0 0.454545454545 0.171926910299 0.0168697282099 0.0282392026578
0 0.477507029053 0.176079734219 0.0140581068416 0.0299003322259
0 0.471883786317 0.152823920266 0.0140581068416 0.0265780730897
0 0.496251171509 0.207641196013 0.0140581068416 0.0299003322259
0 0.501874414246 0.186046511628 0.0140581068416 0.0265780730897
0 0.52717900656 0.216777408638 0.0178069353327 0.0348837209302
0 0.525304592315 0.18853820598 0.0140581068416 0.0249169435216
0 0.519212746017 0.154485049834 0.0149953139644 0.0299003322259
0 0.501405810684 0.148671096346 0.0112464854733 0.0249169435216
0 0.542174320525 0.166943521595 0.0140581068416 0.031561461794
0 0.571227741331 0.186046511628 0.0215557638238 0.0299003322259
0 0.573570759138 0.237541528239 0.0168697282099 0.0365448504983
0 0.498125585754 0.28488372093 0.0253045923149 0.0415282392027
0 0.53373945642 0.348006644518 0.029053420806 0.0448504983389
0 0.602155576382 0.343023255814 0.0253045923149 0.0514950166113
0 0.543580131209 0.142857142857 0.0112464854733 0.0166112956811
0 0.53373945642 0.133720930233 0.0121836925961 0.0249169435216
0 0.569353327085 0.154485049834 0.0140581068416 0.0265780730897
0 0.602155576382 0.15780730897 0.0178069353327 0.0332225913621
0 0.590909090909 0.12707641196 0.0140581068416 0.0249169435216
0 0.605435801312 0.102159468439 0.0112464854733 0.0249169435216
0 0.671977507029 0.121262458472 0.0112464854733 0.0265780730897
0 0.710871602624 0.102990033223 0.0121836925961 0.0299003322259
0 0.622774133083 0.0921926910299 0.0140581068416 0.0249169435216
0 0.626054358013 0.078073089701 0.0168697282099 0.0265780730897
0 0.608716026242 0.268272425249 0.0215557638238 0.0382059800664
0 0.630740393627 0.201827242525 0.0187441424555 0.0382059800664
0 0.661668228679 0.208471760797 0.0187441424555 0.031561461794
0 0.650890346767 0.191029900332 0.0140581068416 0.0232558139535
0 0.688378631678 0.208471760797 0.0178069353327 0.0348837209302
0 0.660731021556 0.294850498339 0.020618556701 0.0348837209302
0 0.676663542643 0.34634551495 0.0262417994377 0.0514950166113
0 0.718837863168 0.294019933555 0.0243673851921 0.0531561461794
0 0.781630740394 0.305647840532 0.0243673851921 0.0531561461794
0 0.766166822868 0.22342192691 0.0196813495783 0.0481727574751
0 0.746954076851 0.197674418605 0.0149953139644 0.0332225913621
0 0.752108716026 0.176910299003 0.0121836925961 0.0282392026578
0 0.744611059044 0.146179401993 0.0159325210872 0.0299003322259
0 0.721180880975 0.170265780731 0.0196813495783 0.0348837209302
0 0.72633552015 0.142026578073 0.0149953139644 0.0282392026578
0 0.746954076851 0.106312292359 0.0131208997188 0.0265780730897
0 0.768978444236 0.132890365449 0.0121836925961 0.0265780730897
0 0.781162136832 0.123754152824 0.0121836925961 0.0282392026578
0 0.798031865042 0.138704318937 0.0121836925961 0.0282392026578
0 0.812089971884 0.128737541528 0.0103092783505 0.0215946843854
0 0.795220243674 0.18438538206 0.0159325210872 0.0299003322259
0 0.925492033739 0.281561461794 0.0178069353327 0.0415282392027
0 0.869259606373 0.230897009967 0.0196813495783 0.0365448504983
0 0.848172446111 0.200996677741 0.0112464854733 0.0332225913621
0 0.873477038425 0.191029900332 0.0149953139644 0.0332225913621
0 0.847235238988 0.164451827243 0.0149953139644 0.0299003322259
0 0.829896907216 0.145348837209 0.0140581068416 0.031561461794
0 0.863636363636 0.144518272425 0.0140581068416 0.0299003322259
0 0.89878163074 0.170265780731 0.0168697282099 0.031561461794
0 0.895970009372 0.132059800664 0.0131208997188 0.031561461794
0 0.921743205248 0.102990033223 0.0140581068416 0.0299003322259
0 0.933458294283 0.198504983389 0.0168697282099 0.0348837209302
