0 0.867682926829 0.290570175439 0.0158536585366 0.0460526315789
0 0.907317073171 0.174342105263 0.0121951219512 0.0328947368421
0 0.932926829268 0.178728070175 0.00975609756098 0.0285087719298
0 0.929268292683 0.205043859649 0.0121951219512 0.0285087719298
0 0.926829268293 0.235745614035 0.0146341463415 0.0372807017544
0 0.810365853659 0.150219298246 0.0109756097561 0.0328947368421
0 0.823780487805 0.185307017544 0.0134146341463 0.0328947368421
0 0.790853658537 0.164473684211 0.0109756097561 0.030701754386
0 0.720731707317 0.188596491228 0.0146341463415 0.0350877192982
0 0.731097560976 0.152412280702 0.0134146341463 0.0328947368421
0 0.773170731707 0.152412280702 0.0121951219512 0.0328947368421
0 0.748780487805 0.168859649123 0.0146341463415 0.0350877192982
0 0.775609756098 0.226973684211 0.0170731707317 0.0372807017544
0 0.771341463415 0.184210526316 0.0158536585366 0.0350877192982
0 0.696341463415 0.180921052632 0.0146341463415 0.0372807017544
0 0.664024390244 0.186403508772 0.0158536585366 0.0350877192982
0 0.629268292683 0.224780701754 0.0170731707317 0.0416666666667
0 0.635365853659 0.120614035088 0.0121951219512 0.0263157894737
0 0.663414634146 0.118421052632 0.00975609756098 0.0263157894737
0 0.426829268293 0.151315789474 0.0121951219512 0.030701754386
0 0.443902439024 0.183114035088 0.0121951219512 0.0328947368421
0 0.453048780488 0.149122807018 0.0109756097561 0.0263157894737
0 0.471341463415 0.156798245614 0.0134146341463 0.0285087719298
0 0.479268292683 0.19298245614 0.0146341463415 0.030701754386
0 0.485975609756 0.143640350877 0.0134146341463 0.0241228070175
0 0.50487804878 0.185307017544 0.0146341463415 0.0372807017544
0 0.501219512195 0.128289473684 0.00975609756098 0.0197368421053
0 0.525609756098 0.131578947368 0.0121951219512 0.030701754386
0 0.150609756098 0.436403508772 0.0378048780488 0.0745614035088
