0 0.124800637959 0.319971870605 0.0311004784689 0.0604781997187
0 0.145534290271 0.348804500703 0.0326953748006 0.0731364275668
0 0.181419457735 0.387482419128 0.0454545454545 0.0857946554149
0 0.180223285486 0.314345991561 0.0318979266348 0.0576652601969
0 0.232057416268 0.327004219409 0.0382775119617 0.0661040787623
0 0.211722488038 0.377637130802 0.0374800637959 0.0773558368495
0 0.241626794258 0.292545710267 0.0255183413078 0.0590717299578
0 0.294258373206 0.333333333333 0.0334928229665 0.0759493670886
0 0.332535885167 0.37552742616 0.0414673046252 0.0759493670886
0 0.366028708134 0.324894514768 0.0382775119617 0.0675105485232
0 0.399122807018 0.302390998594 0.0342902711324 0.0787623066104
0 0.326156299841 0.261603375527 0.0350877192982 0.0759493670886
