0 0.0911431513903 0.248623853211 0.0154479917611 0.0422018348624
0 0.114830072091 0.24495412844 0.0133882595263 0.0275229357798
0 0.167868177137 0.257798165138 0.0226570545829 0.045871559633
0 0.216271884655 0.22752293578 0.0205973223481 0.0440366972477
0 0.279608650875 0.207339449541 0.0175077239959 0.0366972477064
0 0.261585993821 0.388073394495 0.0391349124614 0.0935779816514
0 0.347579814624 0.237614678899 0.0360453141092 0.0642201834862
0 0.403192584964 0.104587155963 0.0133882595263 0.0293577981651
0 0.435118434604 0.0963302752294 0.00720906282183 0.0201834862385
0 0.446446961895 0.17247706422 0.0154479917611 0.0330275229358
0 0.462924819773 0.175229357798 0.0236869207003 0.0605504587156
0 0.510298661174 0.0908256880734 0.0113285272915 0.0348623853211
0 0.521112255407 0.0715596330275 0.00823892893924 0.0220183486239
0 0.549948506694 0.0706422018349 0.010298661174 0.0238532110092
0 0.576210092688 0.0844036697248 0.0113285272915 0.0256880733945
0 0.587538619979 0.0715596330275 0.00926879505664 0.0220183486239
0 0.648300720906 0.0688073394495 0.0113285272915 0.0238532110092
0 0.625643666323 0.203669724771 0.0257466529351 0.0440366972477
0 0.66271884655 0.160550458716 0.0195674562307 0.045871559633
0 0.687435633368 0.150458715596 0.0216271884655 0.051376146789
0 0.689495365602 0.0807339449541 0.0113285272915 0.0220183486239
0 0.768280123584 0.143119266055 0.0185375901133 0.0403669724771
0 0.786817713697 0.124770642202 0.0123583934089 0.0366972477064
0 0.808444902163 0.0963302752294 0.0123583934089 0.0275229357798
0 0.846549948507 0.151376146789 0.0144181256437 0.0422018348624
0 0.869721936148 0.149541284404 0.0133882595263 0.0385321100917
0 0.907312049434 0.182568807339 0.0123583934089 0.0311926605505
0 0.905767250257 0.212844036697 0.0195674562307 0.0440366972477
0 0.932028836251 0.169724770642 0.010298661174 0.0275229357798
0 0.937693099897 0.184403669725 0.0113285272915 0.0348623853211
0 0.710092687951 0.0926605504587 0.0113285272915 0.0275229357798
0 0.734809474768 0.0733944954128 0.0113285272915 0.0293577981651
0 0.644696189495 0.0779816513761 0.010298661174 0.0201834862385
0 0.61122554068 0.103669724771 0.00926879505664 0.0201834862385
