0 0.128704487722 0.556998556999 0.0406435224386 0.0779220779221
0 0.214648602879 0.351370851371 0.0160880609653 0.033189033189
0 0.248518204911 0.365079365079 0.0177815410669 0.04329004329
0 0.274343776461 0.321789321789 0.0169348010161 0.02886002886
0 0.274767146486 0.388888888889 0.0177815410669 0.033189033189
0 0.309060118544 0.396103896104 0.0203217612193 0.041847041847
0 0.339542760373 0.349927849928 0.0186282811177 0.030303030303
0 0.344199830652 0.304473304473 0.0160880609653 0.02886002886
0 0.378916172735 0.342712842713 0.0160880609653 0.030303030303
0 0.40050804403 0.345598845599 0.0203217612193 0.038961038961
0 0.398391193903 0.308802308802 0.0160880609653 0.02886002886
0 0.427603725656 0.31240981241 0.0152413209145 0.027417027417
0 0.386960203218 0.262626262626 0.0152413209145 0.023088023088
0 0.398391193903 0.284271284271 0.0143945808637 0.023088023088
0 0.423793395428 0.261904761905 0.0143945808637 0.024531024531
0 0.44750211685 0.264790764791 0.0127011007621 0.027417027417
0 0.458933107536 0.250360750361 0.0135478408129 0.024531024531
0 0.466977138019 0.233766233766 0.0143945808637 0.025974025974
0 0.444115156647 0.354978354978 0.0228619813717 0.040404040404
0 0.463590177815 0.323232323232 0.0194750211685 0.034632034632
0 0.502540220152 0.339105339105 0.0194750211685 0.031746031746
0 0.458509737511 0.277777777778 0.0143945808637 0.024531024531
0 0.516088060965 0.282828282828 0.0143945808637 0.025974025974
0 0.501693480102 0.272727272727 0.0143945808637 0.023088023088
0 0.553344623201 0.279220779221 0.0177815410669 0.030303030303
0 0.514817950889 0.248917748918 0.0169348010161 0.024531024531
0 0.549110922947 0.246753246753 0.0143945808637 0.02886002886
0 0.566892464014 0.251803751804 0.0127011007621 0.027417027417
0 0.564352243861 0.222222222222 0.0110076206605 0.023088023088
0 0.575359864522 0.221500721501 0.0127011007621 0.024531024531
0 0.612193056732 0.209235209235 0.0118543607113 0.023088023088
0 0.538526672312 0.368686868687 0.0203217612193 0.041847041847
0 0.601608806097 0.252525252525 0.0143945808637 0.02886002886
0 0.627857747671 0.217171717172 0.0127011007621 0.021645021645
0 0.639288738357 0.225108225108 0.0118543607113 0.025974025974
0 0.665961049958 0.214285714286 0.0127011007621 0.018759018759
0 0.682472480948 0.221500721501 0.0135478408129 0.021645021645
0 0.680355630821 0.230158730159 0.0127011007621 0.021645021645
0 0.64182895851 0.255411255411 0.0152413209145 0.025974025974
0 0.708298052498 0.263347763348 0.0143945808637 0.027417027417
0 0.672734970364 0.279942279942 0.0160880609653 0.02886002886
0 0.748518204911 0.252525252525 0.0152413209145 0.02886002886
0 0.753598645216 0.241702741703 0.0135478408129 0.018759018759
0 0.716342082981 0.302308802309 0.0169348010161 0.033189033189
0 0.683742591025 0.321067821068 0.0211685012701 0.038961038961
0 0.670194750212 0.380952380952 0.0211685012701 0.04329004329
0 0.692209991533 0.367965367965 0.0228619813717 0.040404040404
0 0.641405588484 0.365800865801 0.0228619813717 0.041847041847
0 0.607112616427 0.38961038961 0.0237087214225 0.04329004329
0 0.601185436071 0.341991341991 0.0203217612193 0.037518037518
0 0.635478408129 0.313131313131 0.0160880609653 0.025974025974
0 0.725232853514 0.414141414141 0.0262489415749 0.046176046176
0 0.635901778154 0.488455988456 0.0355630821338 0.0591630591631
0 0.59483488569 0.466810966811 0.0279424216765 0.0620490620491
0 0.71083827265 0.54329004329 0.0364098221846 0.0735930735931
0 0.781964436918 0.440836940837 0.0245554614733 0.0562770562771
0 0.830228619814 0.518037518038 0.0262489415749 0.0634920634921
0 0.859864521592 0.474747474747 0.0279424216765 0.0519480519481
0 0.928027095682 0.481962481962 0.0270956816257 0.0519480519481
0 0.869178662151 0.379509379509 0.0228619813717 0.049062049062
0 0.822607959356 0.367243867244 0.0194750211685 0.047619047619
0 0.834038950042 0.351370851371 0.0186282811177 0.041847041847
0 0.823454699407 0.306637806638 0.0127011007621 0.030303030303
0 0.865791701948 0.289321789322 0.0127011007621 0.033189033189
0 0.881033022862 0.344155844156 0.0177815410669 0.038961038961
0 0.867485182049 0.332611832612 0.0194750211685 0.030303030303
0 0.906011854361 0.338383838384 0.0152413209145 0.041847041847
0 0.928027095682 0.347041847042 0.0152413209145 0.041847041847
0 0.942421676545 0.37012987013 0.0186282811177 0.044733044733
0 0.948772226926 0.322510822511 0.0143945808637 0.027417027417
0 0.951312447079 0.304473304473 0.0160880609653 0.023088023088
0 0.950889077053 0.289321789322 0.0135478408129 0.024531024531
0 0.909822184589 0.302308802309 0.0143945808637 0.027417027417
0 0.886536833192 0.256854256854 0.0135478408129 0.02886002886
0 0.866638441998 0.267676767677 0.0127011007621 0.021645021645
0 0.850973751058 0.262626262626 0.0135478408129 0.02886002886
0 0.817104149026 0.247474747475 0.0135478408129 0.030303030303
0 0.790008467401 0.243867243867 0.0135478408129 0.023088023088
0 0.775613886537 0.295815295815 0.0169348010161 0.031746031746
0 0.771803556308 0.270562770563 0.0177815410669 0.030303030303
