0 0.201138519924 0.402155887231 0.0360531309298 0.0746268656716
0 0.148481973435 0.300995024876 0.0218216318786 0.0480928689884
0 0.272770398482 0.242122719735 0.0180265654649 0.0364842454395
0 0.297912713472 0.25456053068 0.0189753320683 0.0381426202322
0 0.364800759013 0.200663349917 0.0180265654649 0.0364842454395
0 0.34724857685 0.221393034826 0.0208728652751 0.0381426202322
0 0.384250474383 0.262852404643 0.0208728652751 0.0414593698176
0 0.346774193548 0.265339966833 0.0161290322581 0.0331674958541
0 0.365749525617 0.266169154229 0.0237191650854 0.044776119403
0 0.313092979127 0.228855721393 0.0189753320683 0.0364842454395
0 0.382827324478 0.207296849088 0.0180265654649 0.0331674958541
0 0.409392789374 0.191542288557 0.0180265654649 0.028192371476
0 0.431688804554 0.240464344942 0.0189753320683 0.0364842454395
0 0.443548387097 0.179104477612 0.0142314990512 0.0364842454395
0 0.475332068311 0.235489220564 0.0170777988615 0.0464344941957
0 0.507590132827 0.19320066335 0.0189753320683 0.028192371476
0 0.497628083491 0.15671641791 0.0123339658444 0.0248756218905
0 0.571631878558 0.126865671642 0.0142314990512 0.028192371476
0 0.531783681214 0.196517412935 0.0218216318786 0.0414593698176
0 0.543168880455 0.16583747927 0.0142314990512 0.0364842454395
0 0.491461100569 0.310945273632 0.0208728652751 0.044776119403
0 0.542220113852 0.316749585406 0.0256166982922 0.0630182421227
0 0.617647058824 0.330016583748 0.0265654648956 0.0630182421227
0 0.599146110057 0.124378109453 0.0142314990512 0.0364842454395
0 0.614800759013 0.131011608624 0.011385199241 0.0265339966833
0 0.648956356736 0.12271973466 0.0132827324478 0.0331674958541
0 0.595825426945 0.172470978441 0.011385199241 0.0265339966833
0 0.584440227704 0.223880597015 0.0170777988615 0.0398009950249
0 0.611954459203 0.271144278607 0.022770398482 0.044776119403
0 0.622390891841 0.214759535655 0.0246679316888 0.0414593698176
0 0.69165085389 0.150912106136 0.0189753320683 0.0464344941957
0 0.672675521822 0.205638474295 0.0265654648956 0.0431177446103
0 0.670303605313 0.256218905473 0.0237191650854 0.0480928689884
0 0.699715370019 0.203150912106 0.0218216318786 0.0381426202322
0 0.714895635674 0.233001658375 0.0199240986717 0.044776119403
0 0.71679316888 0.148424543947 0.0218216318786 0.0315091210614
0 0.725332068311 0.171641791045 0.0161290322581 0.0348258706468
0 0.718690702087 0.285240464345 0.0256166982922 0.0530679933665
0 0.778462998102 0.133499170813 0.0142314990512 0.028192371476
0 0.770872865275 0.175787728027 0.0142314990512 0.0298507462687
0 0.744781783681 0.132669983416 0.0151802656546 0.0232172470978
0 0.833017077799 0.141791044776 0.0151802656546 0.0348258706468
0 0.814990512334 0.177446102819 0.0208728652751 0.0398009950249
0 0.799810246679 0.197346600332 0.0170777988615 0.0398009950249
0 0.749525616698 0.205638474295 0.0170777988615 0.0431177446103
0 0.779411764706 0.222222222222 0.0256166982922 0.0530679933665
0 0.799335863378 0.247097844113 0.0237191650854 0.0497512437811
0 0.832542694497 0.203150912106 0.0275142314991 0.0414593698176
0 0.864800759013 0.171641791045 0.0161290322581 0.0381426202322
0 0.852941176471 0.194029850746 0.0303605313093 0.0497512437811
0 0.901328273245 0.151741293532 0.0189753320683 0.0315091210614
0 0.900379506641 0.175787728027 0.0170777988615 0.0364842454395
0 0.885199240987 0.180762852405 0.0189753320683 0.0331674958541
0 0.897058823529 0.20232172471 0.0218216318786 0.0431177446103
0 0.868121442125 0.257877280265 0.0246679316888 0.0514096185738
0 0.845351043643 0.344112769486 0.0246679316888 0.0580431177446
0 0.933586337761 0.234660033167 0.0170777988615 0.0514096185738
0 0.928368121442 0.282752902156 0.0218216318786 0.0414593698176
0 0.623814041746 0.148424543947 0.0123339658444 0.0315091210614
0 0.40275142315 0.226368159204 0.0199240986717 0.0315091210614
0 0.583017077799 0.145107794362 0.0104364326376 0.028192371476
0 0.677419354839 0.18407960199 0.0189753320683 0.0431177446103
0 0.796489563567 0.1592039801 0.0142314990512 0.0265339966833
