0 0.39259645464 0.212430426716 0.0177267987487 0.0352504638219
0 0.413451511992 0.224489795918 0.0177267987487 0.0333951762523
0 0.623566214807 0.138218923933 0.0166840458811 0.0426716141002
0 0.640250260688 0.144712430427 0.0166840458811 0.0333951762523
0 0.650677789364 0.127087198516 0.014598540146 0.0241187384045
0 0.75755995829 0.135435992579 0.0114702815433 0.0222634508349
0 0.769551616267 0.15120593692 0.014598540146 0.0315398886827
0 0.824817518248 0.257884972171 0.0250260688217 0.0519480519481
0 0.891553701773 0.252319109462 0.0187695516163 0.0445269016698
0 0.900938477581 0.230055658627 0.0187695516163 0.0408163265306
0 0.924400417101 0.253246753247 0.021897810219 0.0426716141002
