0 0.431985294118 0.205691056911 0.0220588235294 0.0471544715447
0 0.462775735294 0.206504065041 0.0211397058824 0.0455284552846
0 0.612591911765 0.114634146341 0.0174632352941 0.0373983739837
0 0.654871323529 0.125203252033 0.0137867647059 0.0325203252033
0 0.625919117647 0.147154471545 0.0165441176471 0.0276422764228
0 0.664981617647 0.147154471545 0.015625 0.0243902439024
0 0.755974264706 0.150406504065 0.015625 0.0308943089431
0 0.772058823529 0.152845528455 0.0165441176471 0.0325203252033
0 0.872702205882 0.191056910569 0.015625 0.0341463414634
0 0.943933823529 0.194308943089 0.0165441176471 0.0373983739837
0 0.895680147059 0.223577235772 0.0174632352941 0.0406504065041
0 0.894761029412 0.252845528455 0.0193014705882 0.0406504065041
0 0.922334558824 0.260975609756 0.0211397058824 0.0471544715447
0 0.828584558824 0.262601626016 0.0211397058824 0.0536585365854
