0 0.176442762535 0.483193277311 0.046357615894 0.0857142857143
0 0.743140964995 0.120168067227 0.0198675496689 0.0386554621849
0 0.388836329234 0.184033613445 0.0170293282876 0.0386554621849
0 0.557710501419 0.129411764706 0.0141911069063 0.0302521008403
0 0.345316934721 0.220168067227 0.0170293282876 0.036974789916
0 0.254966887417 0.267226890756 0.0198675496689 0.0403361344538
0 0.449385052034 0.157983193277 0.0151371807001 0.0302521008403
0 0.424787133396 0.18487394958 0.0151371807001 0.0336134453782
0 0.486754966887 0.150420168067 0.0255439924314 0.0420168067227
0 0.617786187323 0.113445378151 0.00756859035005 0.0252100840336
0 0.644276253548 0.117647058824 0.0170293282876 0.0268907563025
0 0.672185430464 0.132773109244 0.0160832544939 0.0302521008403
0 0.364711447493 0.221008403361 0.0217596972564 0.0487394957983
0 0.296121097446 0.263865546218 0.0227057710501 0.0470588235294
0 0.315515610218 0.27731092437 0.0217596972564 0.0336134453782
0 0.374645222327 0.265546218487 0.0208136234626 0.0436974789916
0 0.438978240303 0.250420168067 0.0208136234626 0.053781512605
0 0.49243140965 0.195798319328 0.0312204351939 0.0554621848739
0 0.516083254494 0.168067226891 0.0198675496689 0.0436974789916
0 0.543519394513 0.167226890756 0.0198675496689 0.0453781512605
0 0.481078524125 0.238655462185 0.0217596972564 0.0403361344538
0 0.580416272469 0.172268907563 0.0217596972564 0.0420168067227
0 0.624408703879 0.147899159664 0.0170293282876 0.0302521008403
0 0.647587511826 0.150420168067 0.0198675496689 0.0386554621849
0 0.529801324503 0.29243697479 0.0359508041627 0.0605042016807
0 0.557710501419 0.242016806723 0.0331125827815 0.0605042016807
0 0.58183538316 0.289075630252 0.0264900662252 0.0571428571429
0 0.631031220435 0.304201680672 0.0283822138127 0.0638655462185
0 0.631031220435 0.236134453782 0.0208136234626 0.0453781512605
0 0.63481551561 0.196638655462 0.0227057710501 0.0403361344538
0 0.66367076632 0.18487394958 0.0141911069063 0.036974789916
0 0.692526017029 0.160504201681 0.0189214758751 0.0319327731092
0 0.684957426679 0.249579831933 0.0227057710501 0.0453781512605
0 0.723746452223 0.23025210084 0.0264900662252 0.0504201680672
0 0.73178807947 0.168907563025 0.0198675496689 0.0285714285714
0 0.772942289499 0.157983193277 0.0189214758751 0.0436974789916
0 0.789498580889 0.155462184874 0.0179754020814 0.0352941176471
0 0.807473982971 0.157142857143 0.0141911069063 0.0319327731092
0 0.891674550615 0.163865546218 0.0141911069063 0.0420168067227
0 0.840586565752 0.152100840336 0.0141911069063 0.0352941176471
0 0.782876064333 0.203361344538 0.0236518448439 0.036974789916
0 0.776253547777 0.236134453782 0.0255439924314 0.0521008403361
0 0.718070009461 0.284033613445 0.0245979186377 0.0470588235294
0 0.776726584674 0.289915966387 0.0264900662252 0.0521008403361
0 0.846736045412 0.33781512605 0.0245979186377 0.0638655462185
0 0.832544938505 0.226890756303 0.0227057710501 0.0470588235294
0 0.848628192999 0.20756302521 0.0208136234626 0.0420168067227
0 0.905392620624 0.215966386555 0.0227057710501 0.0453781512605
0 0.928571428571 0.23025210084 0.0198675496689 0.0403361344538
0 0.873226111637 0.272268907563 0.0227057710501 0.0504201680672
0 0.929990539262 0.275630252101 0.0227057710501 0.0470588235294
0 0.40302743614 0.221008403361 0.0245979186377 0.0453781512605
0 0.589877010407 0.13025210084 0.0160832544939 0.0352941176471
0 0.535004730369 0.212605042017 0.035004730369 0.0487394957983
0 0.862819299905 0.165546218487 0.0151371807001 0.0319327731092
0 0.438505203406 0.196638655462 0.0179754020814 0.0436974789916
0 0.601229895932 0.147899159664 0.0141911069063 0.0403361344538
0 0.902081362346 0.164705882353 0.0122989593188 0.053781512605
0 0.771996215705 0.131932773109 0.0113528855251 0.0285714285714
0 0.743140964995 0.203361344538 0.0198675496689 0.0436974789916
0 0.75307473983 0.142857142857 0.0151371807001 0.036974789916
0 0.706244087039 0.178151260504 0.0179754020814 0.0470588235294
