0 0.197858472998 0.410361842105 0.0567970204842 0.103618421053
0 0.276536312849 0.255756578947 0.0148975791434 0.0279605263158
0 0.294227188082 0.245065789474 0.0148975791434 0.0394736842105
0 0.306331471136 0.252467105263 0.0167597765363 0.0378289473684
0 0.375698324022 0.276315789474 0.0176908752328 0.0328947368421
0 0.356610800745 0.260690789474 0.00931098696462 0.0345394736842
0 0.385009310987 0.180921052632 0.0176908752328 0.0361842105263
0 0.405493482309 0.186677631579 0.0139664804469 0.0246710526316
0 0.417132216015 0.175986842105 0.0186219739292 0.0361842105263
0 0.425046554935 0.161184210526 0.0139664804469 0.0263157894737
0 0.444134078212 0.222861842105 0.0223463687151 0.0378289473684
0 0.451117318436 0.185032894737 0.0214152700186 0.0378289473684
0 0.47113594041 0.140625 0.0130353817505 0.03125
0 0.472998137803 0.186677631579 0.0223463687151 0.0411184210526
0 0.472532588454 0.221217105263 0.0158286778399 0.0378289473684
0 0.48696461825 0.144736842105 0.0204841713222 0.0361842105263
0 0.49208566108 0.171875 0.0139664804469 0.03125
0 0.502327746741 0.186677631579 0.0195530726257 0.0411184210526
0 0.524208566108 0.194901315789 0.0260707635009 0.0444078947368
0 0.516759776536 0.160361842105 0.0186219739292 0.0378289473684
0 0.517225325885 0.134868421053 0.0139664804469 0.0296052631579
0 0.527932960894 0.131578947368 0.0223463687151 0.0328947368421
0 0.541899441341 0.172697368421 0.0167597765363 0.0361842105263
0 0.566108007449 0.168585526316 0.0167597765363 0.0279605263158
0 0.546089385475 0.126644736842 0.0139664804469 0.0296052631579
0 0.560055865922 0.125822368421 0.0158286778399 0.0279605263158
0 0.578677839851 0.138157894737 0.0195530726257 0.0394736842105
0 0.508845437616 0.298519736842 0.0325884543762 0.0476973684211
0 0.59729981378 0.105263157895 0.0139664804469 0.0263157894737
0 0.616387337058 0.0995065789474 0.0130353817505 0.0213815789474
0 0.638268156425 0.106907894737 0.0195530726257 0.0361842105263
0 0.613594040968 0.146381578947 0.0130353817505 0.0230263157895
0 0.658286778399 0.113486842105 0.0111731843575 0.0394736842105
0 0.659683426443 0.139802631579 0.0232774674115 0.0394736842105
0 0.629422718808 0.203947368421 0.0223463687151 0.0361842105263
0 0.571229050279 0.239309210526 0.0195530726257 0.0345394736842
0 0.563780260708 0.295230263158 0.0307262569832 0.0411184210526
0 0.630819366853 0.294407894737 0.0270018621974 0.0526315789474
0 0.627094972067 0.245888157895 0.0251396648045 0.0411184210526
0 0.656890130354 0.215460526316 0.0214152700186 0.0394736842105
0 0.704841713222 0.0962171052632 0.0111731843575 0.0279605263158
0 0.700651769088 0.173519736842 0.0270018621974 0.0444078947368
0 0.697858472998 0.234375 0.0251396648045 0.0444078947368
0 0.720670391061 0.163651315789 0.0223463687151 0.0444078947368
0 0.727188081937 0.205592105263 0.0223463687151 0.0328947368421
0 0.725791433892 0.250822368421 0.0251396648045 0.0509868421053
0 0.704376163873 0.307565789474 0.0344506517691 0.0526315789474
0 0.744413407821 0.119243421053 0.0139664804469 0.03125
0 0.763500931099 0.135690789474 0.0186219739292 0.0411184210526
0 0.751862197393 0.216282894737 0.0214152700186 0.0575657894737
0 0.741620111732 0.370065789474 0.0418994413408 0.0756578947368
0 0.7895716946 0.266447368421 0.0297951582868 0.0592105263158
0 0.78165735568 0.196546052632 0.0251396648045 0.0509868421053
0 0.782588454376 0.140625 0.0195530726257 0.0444078947368
0 0.804934823091 0.144736842105 0.0195530726257 0.0394736842105
0 0.813314711359 0.329769736842 0.0325884543762 0.0641447368421
0 0.85009310987 0.284539473684 0.024208566108 0.0460526315789
0 0.814245810056 0.249177631579 0.0270018621974 0.0411184210526
0 0.833333333333 0.195723684211 0.024208566108 0.0460526315789
0 0.833798882682 0.148026315789 0.0158286778399 0.0361842105263
0 0.837523277467 0.125822368421 0.012104283054 0.03125
0 0.864525139665 0.125 0.012104283054 0.0263157894737
0 0.858472998138 0.147203947368 0.0148975791434 0.0279605263158
0 0.895251396648 0.142269736842 0.0102420856611 0.0246710526316
0 0.878491620112 0.197368421053 0.0195530726257 0.0328947368421
0 0.864059590317 0.257401315789 0.0223463687151 0.0542763157895
0 0.888268156425 0.365131578947 0.0335195530726 0.0690789473684
0 0.910148975791 0.289473684211 0.0214152700186 0.0493421052632
0 0.914804469274 0.245065789474 0.0158286778399 0.0296052631579
0 0.925512104283 0.199013157895 0.0130353817505 0.0427631578947
0 0.928305400372 0.159539473684 0.0111731843575 0.0197368421053
0 0.656424581006 0.167763157895 0.0279329608939 0.0460526315789
0 0.374301675978 0.247532894737 0.0167597765363 0.03125
