0 0.180115273775 0.4816360601 0.0432276657061 0.0818030050083
0 0.345821325648 0.575959933222 0.0557156580211 0.113522537563
0 0.342939481268 0.25959933222 0.0172910662824 0.0383973288815
0 0.372718539866 0.264607679466 0.0211335254563 0.0383973288815
0 0.436119116234 0.278797996661 0.0230547550432 0.0400667779633
0 0.422670509126 0.218697829716 0.0192122958694 0.0333889816361
0 0.459654178674 0.23121869783 0.0201729106628 0.0383973288815
0 0.459654178674 0.191151919866 0.016330451489 0.0317195325543
0 0.496637848223 0.197829716194 0.0134486071085 0.0317195325543
0 0.464457252642 0.153589315526 0.014409221902 0.016694490818
0 0.493756003842 0.146911519199 0.0153698366955 0.0200333889816
0 0.478866474544 0.19449081803 0.016330451489 0.0283806343907
0 0.538424591739 0.218697829716 0.0182516810759 0.0300500834725
0 0.538424591739 0.142737896494 0.014409221902 0.0283806343907
0 0.570124879923 0.14858096828 0.0124879923151 0.0200333889816
0 0.584534101825 0.161101836394 0.016330451489 0.025041736227
0 0.489433237272 0.326377295492 0.0278578290106 0.0550918196995
0 0.675312199808 0.248747913189 0.0249759846302 0.0500834724541
0 0.737752161383 0.284641068447 0.0249759846302 0.0584307178631
0 0.797310278578 0.284641068447 0.0230547550432 0.0517529215359
0 0.707492795389 0.150250417362 0.0124879923151 0.0300500834725
0 0.731508165226 0.162771285476 0.016330451489 0.0317195325543
0 0.721902017291 0.142737896494 0.016330451489 0.0283806343907
0 0.756003842459 0.128547579299 0.0134486071085 0.0267111853088
0 0.768011527378 0.117696160267 0.0182516810759 0.0317195325543
0 0.824207492795 0.175292153589 0.0172910662824 0.0333889816361
0 0.823727185399 0.128547579299 0.0105667627281 0.0267111853088
0 0.895292987512 0.219532554257 0.0192122958694 0.0484140233723
