0 0.204833141542 0.352525252525 0.0391254315305 0.0828282828283
0 0.285960874568 0.252525252525 0.0172612197929 0.0363636363636
0 0.313003452244 0.223232323232 0.0138089758343 0.0262626262626
0 0.345224395857 0.225252525253 0.0161104718067 0.030303030303
0 0.317606444189 0.270707070707 0.0161104718067 0.040404040404
0 0.33831990794 0.278787878788 0.0161104718067 0.0282828282828
0 0.37169159954 0.208080808081 0.0115074798619 0.020202020202
0 0.383774453395 0.2 0.0172612197929 0.0282828282828
0 0.376869965478 0.229292929293 0.0172612197929 0.0262626262626
0 0.424050632911 0.216161616162 0.0149597238205 0.0282828282828
0 0.426927502877 0.176767676768 0.0161104718067 0.030303030303
0 0.439010356732 0.19696969697 0.0172612197929 0.030303030303
0 0.459723820483 0.208080808081 0.0172612197929 0.0363636363636
0 0.455120828539 0.171717171717 0.0149597238205 0.0282828282828
0 0.449367088608 0.154545454545 0.0149597238205 0.0262626262626
0 0.471806674338 0.153535353535 0.0161104718067 0.0282828282828
0 0.484464902186 0.140404040404 0.0138089758343 0.0222222222222
0 0.478711162255 0.168686868687 0.0161104718067 0.0262626262626
0 0.429804372842 0.274747474747 0.02416570771 0.040404040404
0 0.497698504028 0.20202020202 0.0149597238205 0.0323232323232
0 0.519562715765 0.208080808081 0.0172612197929 0.0323232323232
0 0.549482163406 0.167676767677 0.0172612197929 0.0363636363636
0 0.570195627158 0.177777777778 0.0149597238205 0.0242424242424
0 0.58170310702 0.156565656566 0.0149597238205 0.0262626262626
0 0.567894131185 0.141414141414 0.0149597238205 0.0242424242424
0 0.556962025316 0.120202020202 0.0115074798619 0.0181818181818
0 0.527042577675 0.147474747475 0.0138089758343 0.0242424242424
0 0.533947065593 0.132323232323 0.0138089758343 0.0181818181818
0 0.582853855006 0.125252525253 0.0149597238205 0.0242424242424
0 0.592059838895 0.10202020202 0.0126582278481 0.0222222222222
0 0.616800920598 0.10101010101 0.0115074798619 0.020202020202
0 0.612773302647 0.117171717172 0.0126582278481 0.020202020202
0 0.633486766398 0.122222222222 0.0149597238205 0.0222222222222
0 0.641542002301 0.10101010101 0.0126582278481 0.020202020202
0 0.619677790564 0.145454545455 0.0149597238205 0.0282828282828
0 0.690448791715 0.0989898989899 0.0115074798619 0.0282828282828
0 0.668584579977 0.124242424242 0.0115074798619 0.0222222222222
0 0.657077100115 0.169696969697 0.0138089758343 0.0323232323232
0 0.607019562716 0.215151515152 0.0195627157652 0.0383838383838
0 0.668584579977 0.206060606061 0.0138089758343 0.0282828282828
0 0.696777905639 0.184848484848 0.0149597238205 0.030303030303
0 0.688722669735 0.157575757576 0.0149597238205 0.0282828282828
0 0.71001150748 0.139393939394 0.0138089758343 0.0242424242424
0 0.733601841197 0.125252525253 0.0149597238205 0.0282828282828
0 0.757767548907 0.109090909091 0.0126582278481 0.0242424242424
0 0.745109321059 0.140404040404 0.0126582278481 0.0222222222222
0 0.768699654776 0.133333333333 0.0138089758343 0.0282828282828
0 0.737054085155 0.164646464646 0.0126582278481 0.0262626262626
0 0.747410817031 0.19595959596 0.0149597238205 0.0323232323232
0 0.760644418872 0.186868686869 0.0138089758343 0.0222222222222
0 0.799769850403 0.183838383838 0.0138089758343 0.0282828282828
0 0.804948216341 0.143434343434 0.0126582278481 0.020202020202
0 0.808975834292 0.128282828283 0.0138089758343 0.0222222222222
0 0.83084004603 0.142424242424 0.0138089758343 0.0262626262626
0 0.84579976985 0.151515151515 0.0115074798619 0.020202020202
0 0.822784810127 0.173737373737 0.0115074798619 0.0282828282828
0 0.842922899885 0.187878787879 0.0149597238205 0.0363636363636
0 0.866513233602 0.144444444444 0.0138089758343 0.0343434343434
0 0.878596087457 0.190909090909 0.0126582278481 0.0343434343434
0 0.870540851554 0.229292929293 0.0172612197929 0.0424242424242
0 0.899884925201 0.140404040404 0.00920598388953 0.0262626262626
0 0.895281933257 0.167676767677 0.0138089758343 0.0323232323232
0 0.924626006904 0.157575757576 0.0103567318757 0.0282828282828
0 0.930379746835 0.157575757576 0.0103567318757 0.020202020202
0 0.923475258918 0.186868686869 0.0149597238205 0.0424242424242
0 0.915420023015 0.281818181818 0.0195627157652 0.0545454545455
0 0.769850402762 0.290909090909 0.0230149597238 0.0525252525253
0 0.715765247411 0.289898989899 0.0230149597238 0.0464646464646
0 0.67836593786 0.330303030303 0.0264672036824 0.0585858585859
0 0.663406214039 0.256565656566 0.0218642117376 0.0484848484848
0 0.701380897583 0.225252525253 0.0195627157652 0.0383838383838
0 0.605293440736 0.266666666667 0.0207134637514 0.0444444444444
0 0.602416570771 0.333333333333 0.0264672036824 0.0525252525253
0 0.546029919448 0.30404040404 0.02416570771 0.0505050505051
0 0.559838895282 0.251515151515 0.0195627157652 0.0383838383838
0 0.491369390104 0.30101010101 0.0230149597238 0.0444444444444
