0 0.193333333333 0.494047619048 0.0514285714286 0.0969387755102
0 0.339523809524 0.257653061224 0.02 0.0425170068027
0 0.367619047619 0.261054421769 0.0209523809524 0.0459183673469
0 0.434285714286 0.280612244898 0.0247619047619 0.0544217687075
0 0.425238095238 0.222789115646 0.02 0.0408163265306
0 0.451428571429 0.232142857143 0.0209523809524 0.0425170068027
0 0.45 0.187074829932 0.0180952380952 0.0340136054422
0 0.475238095238 0.195578231293 0.0209523809524 0.0374149659864
0 0.464285714286 0.149659863946 0.012380952381 0.0238095238095
0 0.489047619048 0.142857142857 0.0142857142857 0.0272108843537
0 0.532380952381 0.21768707483 0.0209523809524 0.0374149659864
0 0.529523809524 0.142006802721 0.0152380952381 0.0289115646259
0 0.557142857143 0.149659863946 0.0190476190476 0.030612244898
0 0.579047619048 0.159013605442 0.0171428571429 0.0357142857143
0 0.664761904762 0.256802721088 0.0247619047619 0.0510204081633
0 0.722857142857 0.275510204082 0.0247619047619 0.0544217687075
0 0.697619047619 0.147959183673 0.0180952380952 0.047619047619
0 0.710476190476 0.143707482993 0.0171428571429 0.0323129251701
0 0.724761904762 0.158163265306 0.0209523809524 0.0340136054422
0 0.747619047619 0.127551020408 0.0133333333333 0.0340136054422
0 0.76380952381 0.119897959184 0.0171428571429 0.0357142857143
0 0.815238095238 0.176020408163 0.0209523809524 0.0391156462585
0 0.812380952381 0.130952380952 0.0152380952381 0.0374149659864
0 0.883333333333 0.22193877551 0.0219047619048 0.0459183673469
0 0.79 0.275510204082 0.0314285714286 0.0578231292517
0 0.968571428571 0.433673469388 0.0361904761905 0.112244897959
