0 0.198888888889 0.325396825397 0.0422222222222 0.0873015873016
0 0.321111111111 0.215277777778 0.02 0.0376984126984
0 0.375 0.186507936508 0.0166666666667 0.031746031746
0 0.384444444444 0.166666666667 0.0177777777778 0.0396825396825
0 0.402222222222 0.199404761905 0.02 0.0376984126984
0 0.424444444444 0.206349206349 0.0177777777778 0.0357142857143
0 0.424444444444 0.184523809524 0.0155555555556 0.0357142857143
0 0.430555555556 0.154761904762 0.0166666666667 0.031746031746
0 0.413333333333 0.271825396825 0.0244444444444 0.047619047619
0 0.399444444444 0.262896825397 0.0211111111111 0.0456349206349
0 0.451111111111 0.204365079365 0.02 0.0436507936508
0 0.451666666667 0.160714285714 0.0166666666667 0.031746031746
0 0.458888888889 0.168650793651 0.0177777777778 0.031746031746
0 0.468333333333 0.180555555556 0.0166666666667 0.0357142857143
0 0.488333333333 0.225198412698 0.0211111111111 0.0456349206349
0 0.478333333333 0.130952380952 0.0122222222222 0.0277777777778
0 0.493888888889 0.130952380952 0.0122222222222 0.0277777777778
0 0.515 0.1875 0.0188888888889 0.0376984126984
0 0.526111111111 0.167658730159 0.0188888888889 0.0376984126984
0 0.546666666667 0.191468253968 0.0177777777778 0.0416666666667
0 0.559444444444 0.168650793651 0.0144444444444 0.0357142857143
0 0.551666666667 0.139880952381 0.0144444444444 0.0297619047619
0 0.566111111111 0.136904761905 0.0166666666667 0.0357142857143
0 0.588333333333 0.167658730159 0.0166666666667 0.0376984126984
0 0.487777777778 0.0793650793651 0.0133333333333 0.0198412698413
0 0.549444444444 0.0615079365079 0.0122222222222 0.0198412698413
0 0.589444444444 0.119047619048 0.0166666666667 0.031746031746
0 0.596666666667 0.150793650794 0.0155555555556 0.0198412698413
0 0.632777777778 0.125 0.01 0.0238095238095
0 0.637222222222 0.106150793651 0.0122222222222 0.0257936507937
0 0.687777777778 0.118055555556 0.0155555555556 0.0297619047619
0 0.706666666667 0.116071428571 0.0133333333333 0.0297619047619
0 0.738333333333 0.0674603174603 0.0144444444444 0.031746031746
0 0.592222222222 0.262896825397 0.0222222222222 0.0496031746032
0 0.613888888889 0.300595238095 0.0277777777778 0.0615079365079
0 0.615 0.256944444444 0.0277777777778 0.0575396825397
0 0.643333333333 0.210317460317 0.02 0.047619047619
0 0.672222222222 0.189484126984 0.02 0.0416666666667
0 0.717222222222 0.180555555556 0.0188888888889 0.0396825396825
0 0.72 0.159722222222 0.0155555555556 0.0337301587302
0 0.731666666667 0.146825396825 0.0144444444444 0.031746031746
0 0.737222222222 0.166666666667 0.0144444444444 0.0357142857143
0 0.750555555556 0.206349206349 0.0211111111111 0.0436507936508
0 0.757777777778 0.259920634921 0.02 0.047619047619
0 0.731111111111 0.295634920635 0.0311111111111 0.0595238095238
0 0.774444444444 0.164682539683 0.0155555555556 0.0396825396825
0 0.785555555556 0.180555555556 0.0177777777778 0.0396825396825
0 0.792222222222 0.210317460317 0.02 0.0396825396825
0 0.798333333333 0.161706349206 0.0122222222222 0.0337301587302
0 0.790555555556 0.140873015873 0.0144444444444 0.0396825396825
0 0.823333333333 0.174603174603 0.02 0.0436507936508
0 0.860555555556 0.117063492063 0.0188888888889 0.0396825396825
0 0.884444444444 0.19246031746 0.0155555555556 0.0357142857143
0 0.902222222222 0.191468253968 0.0155555555556 0.0416666666667
0 0.886666666667 0.252976190476 0.02 0.0496031746032
0 0.878333333333 0.281746031746 0.0233333333333 0.0555555555556
0 0.851111111111 0.274801587302 0.0222222222222 0.0535714285714
0 0.844444444444 0.228174603175 0.0177777777778 0.0436507936508
0 0.851666666667 0.333333333333 0.0322222222222 0.0634920634921
0 0.908333333333 0.292658730159 0.0211111111111 0.0535714285714
0 0.918333333333 0.326388888889 0.0255555555556 0.0615079365079
0 0.939444444444 0.239087301587 0.0166666666667 0.0456349206349
0 0.947777777778 0.191468253968 0.0155555555556 0.0416666666667
0 0.948333333333 0.139880952381 0.0166666666667 0.0416666666667
0 0.935 0.130952380952 0.0144444444444 0.0396825396825
0 0.913333333333 0.141865079365 0.0155555555556 0.0376984126984
