0 0.208132045089 0.490291262136 0.0378421900161 0.0735090152566
0 0.341787439614 0.224687933426 0.024959742351 0.0416088765603
0 0.3538647343 0.255894590846 0.024959742351 0.0513176144244
0 0.39694041868 0.266990291262 0.0225442834138 0.0429958391123
0 0.371578099839 0.237170596394 0.0217391304348 0.0332871012483
0 0.398148148148 0.23439667129 0.0201288244767 0.0388349514563
0 0.412238325282 0.20319001387 0.0177133655395 0.0374479889043
0 0.441223832528 0.221914008322 0.0209339774557 0.0388349514563
0 0.471014492754 0.235783633842 0.0273752012882 0.0499306518724
0 0.513285024155 0.185159500693 0.0217391304348 0.0457697642164
0 0.454106280193 0.174757281553 0.0161030595813 0.0305131761442
0 0.441626409018 0.171289875173 0.0136876006441 0.0319001386963
0 0.459339774557 0.153952843273 0.0169082125604 0.0332871012483
0 0.470611916264 0.145631067961 0.0169082125604 0.0249653259362
0 0.512077294686 0.126907073509 0.0128824476651 0.0235783633842
0 0.52576489533 0.147711511789 0.0128824476651 0.0291262135922
0 0.535024154589 0.135228848821 0.012077294686 0.0235783633842
0 0.549919484702 0.161581137309 0.0177133655395 0.0402219140083
0 0.55998389694 0.140083217753 0.0152979066023 0.0277392510402
0 0.570450885668 0.128294036061 0.0136876006441 0.0291262135922
0 0.584541062802 0.162274618585 0.0177133655395 0.0360610263523
0 0.590177133655 0.128987517337 0.0161030595813 0.0249653259362
0 0.598228663446 0.113730929265 0.0144927536232 0.0249653259362
0 0.615942028986 0.147711511789 0.0193236714976 0.0402219140083
0 0.616747181965 0.118585298197 0.0161030595813 0.0263522884882
0 0.636473429952 0.111650485437 0.0169082125604 0.0291262135922
0 0.645732689211 0.0963938973648 0.0144927536232 0.0319001386963
0 0.654589371981 0.111650485437 0.0144927536232 0.0291262135922
0 0.653381642512 0.138002773925 0.0136876006441 0.0291262135922
0 0.671900161031 0.121359223301 0.0152979066023 0.0291262135922
0 0.700080515298 0.107489597781 0.0169082125604 0.0319001386963
0 0.549919484702 0.305825242718 0.0257648953301 0.0624133148405
0 0.566022544283 0.252427184466 0.0257648953301 0.0416088765603
0 0.611513687601 0.21705963939 0.0265700483092 0.0457697642164
0 0.613123993559 0.257975034674 0.0297906602254 0.0582524271845
0 0.636876006441 0.312066574202 0.0322061191626 0.0665742024965
0 0.653381642512 0.26907073509 0.0281803542673 0.0527045769764
0 0.66344605475 0.226074895978 0.0273752012882 0.0527045769764
0 0.685587761675 0.19278779473 0.024959742351 0.0443828016644
0 0.71578099839 0.22052704577 0.024154589372 0.0499306518724
0 0.723027375201 0.172676837725 0.0209339774557 0.0429958391123
0 0.740740740741 0.187933425798 0.0257648953301 0.0485436893204
0 0.759259259259 0.173370319001 0.0209339774557 0.0443828016644
0 0.760064412238 0.139389736477 0.0177133655395 0.0319001386963
0 0.781400966184 0.104715672677 0.0152979066023 0.0346740638003
0 0.795491143317 0.151872399445 0.0177133655395 0.0374479889043
0 0.791062801932 0.197642163662 0.0152979066023 0.0346740638003
0 0.780595813205 0.231622746186 0.0265700483092 0.0416088765603
0 0.777375201288 0.285714285714 0.0281803542673 0.0554785020804
0 0.808373590982 0.395977808599 0.0386473429952 0.0818307905687
0 0.89653784219 0.419556171983 0.036231884058 0.0735090152566
0 0.875201288245 0.318307905687 0.0322061191626 0.0707350901526
0 0.915056360709 0.345353675451 0.036231884058 0.0638002773925
0 0.91344605475 0.276699029126 0.0265700483092 0.0540915395284
0 0.933574879227 0.247572815534 0.0217391304348 0.0568654646325
0 0.877214170692 0.254507628294 0.024959742351 0.0429958391123
0 0.825281803543 0.237170596394 0.0209339774557 0.0471567267684
0 0.833735909823 0.217753120666 0.0233494363929 0.0443828016644
0 0.822061191626 0.164355062413 0.0161030595813 0.0374479889043
0 0.807165861514 0.18932038835 0.0185185185185 0.0402219140083
0 0.820048309179 0.121359223301 0.0185185185185 0.0374479889043
0 0.852657004831 0.128987517337 0.0161030595813 0.0305131761442
0 0.873993558776 0.141470180305 0.0136876006441 0.0277392510402
0 0.863929146538 0.171983356449 0.0161030595813 0.0305131761442
0 0.851449275362 0.19278779473 0.0185185185185 0.0416088765603
0 0.880032206119 0.22052704577 0.0161030595813 0.0305131761442
0 0.902173913043 0.180305131761 0.0152979066023 0.0416088765603
0 0.909017713366 0.142163661581 0.0209339774557 0.0374479889043
