0 0.0691439322672 0.338283828383 0.0197554092192 0.03300330033
0 0.350423330198 0.274752475248 0.0216368767639 0.0445544554455
0 0.391815616181 0.266501650165 0.0216368767639 0.0478547854785
0 0.418626528692 0.259075907591 0.0244590780809 0.046204620462
0 0.464252116651 0.235148514851 0.0272812793979 0.0445544554455
0 0.453433678269 0.188943894389 0.0150517403575 0.0379537953795
0 0.472718720602 0.197194719472 0.0159924741298 0.0346534653465
0 0.482126058325 0.188118811881 0.0122295390405 0.029702970297
0 0.495766698024 0.201320132013 0.0188146754468 0.036303630363
0 0.494825964252 0.232673267327 0.0188146754468 0.039603960396
0 0.498588899341 0.105610561056 0.0169332079022 0.029702970297
0 0.582784571966 0.141914191419 0.0159924741298 0.03300330033
0 0.584195672625 0.0676567656766 0.0131702728128 0.023102310231
0 0.612888052681 0.264851485149 0.0272812793979 0.0478547854785
0 0.498118532455 0.311881188119 0.0310442144873 0.0528052805281
0 0.722013170273 0.187293729373 0.0216368767639 0.0412541254125
0 0.762464722484 0.235148514851 0.0253998118532 0.0544554455446
