0 0.193212669683 0.44391025641 0.0352941176471 0.0769230769231
0 0.27963800905 0.230769230769 0.0180995475113 0.0352564102564
0 0.306787330317 0.230769230769 0.0162895927602 0.0288461538462
0 0.331221719457 0.239583333333 0.0217194570136 0.0304487179487
0 0.319909502262 0.197916666667 0.0153846153846 0.0336538461538
0 0.368325791855 0.185897435897 0.014479638009 0.0352564102564
0 0.378733031674 0.167467948718 0.0117647058824 0.0240384615385
0 0.370588235294 0.233173076923 0.0135746606335 0.036858974359
0 0.385972850679 0.247596153846 0.0226244343891 0.0400641025641
0 0.415384615385 0.247596153846 0.0199095022624 0.0400641025641
0 0.414479638009 0.202724358974 0.0162895927602 0.0400641025641
0 0.442081447964 0.204326923077 0.0153846153846 0.0400641025641
0 0.421266968326 0.14983974359 0.0153846153846 0.0304487179487
0 0.429411764706 0.122596153846 0.0135746606335 0.0272435897436
0 0.414027149321 0.151442307692 0.0135746606335 0.0304487179487
0 0.468778280543 0.196314102564 0.0180995475113 0.036858974359
0 0.507692307692 0.191506410256 0.014479638009 0.036858974359
0 0.481900452489 0.147435897436 0.0135746606335 0.0288461538462
0 0.483257918552 0.129006410256 0.0108597285068 0.0240384615385
0 0.500904977376 0.11858974359 0.0135746606335 0.0224358974359
0 0.508597285068 0.14983974359 0.014479638009 0.0336538461538
0 0.521266968326 0.119391025641 0.0126696832579 0.0208333333333
0 0.538914027149 0.165865384615 0.0117647058824 0.0304487179487
0 0.578280542986 0.115384615385 0.0199095022624 0.0416666666667
0 0.5592760181 0.148237179487 0.014479638009 0.0272435897436
0 0.549773755656 0.122596153846 0.0117647058824 0.0208333333333
0 0.548416289593 0.144230769231 0.0108597285068 0.0192307692308
0 0.615837104072 0.0576923076923 0.00995475113122 0.0224358974359
0 0.599547511312 0.116987179487 0.00995475113122 0.0224358974359
0 0.638914027149 0.111378205128 0.0108597285068 0.0240384615385
0 0.674208144796 0.0592948717949 0.0108597285068 0.025641025641
0 0.652488687783 0.144230769231 0.00904977375566 0.0192307692308
0 0.688687782805 0.11858974359 0.0108597285068 0.025641025641
0 0.711312217195 0.109775641026 0.0108597285068 0.0240384615385
0 0.482805429864 0.415865384615 0.0660633484163 0.120192307692
0 0.56742081448 0.225961538462 0.0253393665158 0.0512820512821
0 0.553846153846 0.182692307692 0.0180995475113 0.0320512820513
0 0.613574660633 0.209935897436 0.0162895927602 0.0384615384615
0 0.70814479638 0.322115384615 0.0298642533937 0.0673076923077
0 0.750226244344 0.334935897436 0.0253393665158 0.0544871794872
0 0.788687782805 0.300480769231 0.020814479638 0.0464743589744
0 0.692307692308 0.258814102564 0.0217194570136 0.0496794871795
0 0.642986425339 0.250801282051 0.0226244343891 0.0496794871795
0 0.664253393665 0.209935897436 0.0199095022624 0.0352564102564
0 0.628054298643 0.174679487179 0.0126696832579 0.025641025641
0 0.717647058824 0.183493589744 0.014479638009 0.0304487179487
0 0.730769230769 0.147435897436 0.0117647058824 0.025641025641
0 0.735294117647 0.18108974359 0.0135746606335 0.025641025641
0 0.750226244344 0.192307692308 0.0162895927602 0.0352564102564
0 0.723529411765 0.21233974359 0.0171945701357 0.036858974359
0 0.761990950226 0.240384615385 0.0199095022624 0.0448717948718
0 0.788235294118 0.237980769231 0.0162895927602 0.0336538461538
0 0.751131221719 0.132211538462 0.0162895927602 0.0336538461538
0 0.772850678733 0.155448717949 0.0126696832579 0.025641025641
0 0.795475113122 0.128205128205 0.014479638009 0.0288461538462
0 0.790950226244 0.172275641026 0.0108597285068 0.0272435897436
0 0.807692307692 0.190705128205 0.0171945701357 0.0288461538462
0 0.822171945701 0.246794871795 0.0171945701357 0.0512820512821
0 0.838461538462 0.247596153846 0.0153846153846 0.0336538461538
0 0.881447963801 0.270032051282 0.0180995475113 0.0304487179487
0 0.849773755656 0.0873397435897 0.014479638009 0.0272435897436
0 0.8407239819 0.159455128205 0.014479638009 0.036858974359
0 0.854298642534 0.146634615385 0.0108597285068 0.0208333333333
0 0.865610859729 0.185096153846 0.0135746606335 0.0272435897436
0 0.86334841629 0.225961538462 0.014479638009 0.0288461538462
0 0.895022624434 0.214743589744 0.0126696832579 0.0384615384615
0 0.903619909502 0.169070512821 0.0135746606335 0.0304487179487
0 0.893212669683 0.180288461538 0.014479638009 0.0272435897436
0 0.93665158371 0.169871794872 0.0126696832579 0.0288461538462
0 0.974660633484 0.133814102564 0.0108597285068 0.0304487179487
0 0.933484162896 0.201923076923 0.0117647058824 0.0288461538462
0 0.919457013575 0.22516025641 0.014479638009 0.036858974359
0 0.938461538462 0.266826923077 0.0199095022624 0.036858974359
0 0.891402714932 0.327724358974 0.0235294117647 0.0560897435897
0 0.700904977376 0.174679487179 0.0171945701357 0.0352564102564
0 0.626696832579 0.146634615385 0.0135746606335 0.0272435897436
