0 0.0142292490119 0.52735042735 0.0221343873518 0.0803418803419
0 0.231225296443 0.274358974359 0.0181818181818 0.0529914529915
0 0.25256916996 0.27094017094 0.0166007905138 0.0461538461538
0 0.270750988142 0.255555555556 0.0197628458498 0.042735042735
0 0.322924901186 0.241025641026 0.0134387351779 0.0376068376068
0 0.352173913043 0.242735042735 0.0134387351779 0.0376068376068
0 0.386561264822 0.259829059829 0.0173913043478 0.0581196581197
0 0.443083003953 0.32735042735 0.0213438735178 0.0461538461538
0 0.366007905138 0.217948717949 0.0158102766798 0.0393162393162
0 0.379051383399 0.198290598291 0.0102766798419 0.0307692307692
0 0.411067193676 0.255555555556 0.0173913043478 0.0324786324786
0 0.421739130435 0.187179487179 0.0150197628458 0.042735042735
0 0.443873517787 0.203418803419 0.0166007905138 0.0410256410256
0 0.488537549407 0.254700854701 0.0205533596838 0.0444444444444
0 0.51185770751 0.215384615385 0.0181818181818 0.0410256410256
0 0.486561264822 0.17094017094 0.0102766798419 0.0444444444444
0 0.503162055336 0.155555555556 0.0150197628458 0.0410256410256
0 0.528063241107 0.176923076923 0.0189723320158 0.042735042735
0 0.545454545455 0.169230769231 0.0142292490119 0.0410256410256
0 0.561264822134 0.159829059829 0.0126482213439 0.0393162393162
0 0.564822134387 0.230769230769 0.0181818181818 0.0512820512821
0 0.587351778656 0.205128205128 0.0126482213439 0.0273504273504
0 0.60790513834 0.203418803419 0.0173913043478 0.034188034188
0 0.622134387352 0.182905982906 0.0110671936759 0.0376068376068
0 0.591699604743 0.139316239316 0.0150197628458 0.0358974358974
0 0.610671936759 0.123076923077 0.0166007905138 0.0376068376068
0 0.639920948617 0.129914529915 0.0181818181818 0.0410256410256
0 0.66442687747 0.15641025641 0.0102766798419 0.0324786324786
0 0.66837944664 0.190598290598 0.0150197628458 0.0222222222222
0 0.669169960474 0.24188034188 0.0245059288538 0.042735042735
0 0.581422924901 0.338461538462 0.0150197628458 0.0410256410256
0 0.607114624506 0.380341880342 0.0173913043478 0.0632478632479
0 0.665217391304 0.406837606838 0.0229249011858 0.0547008547009
0 0.724901185771 0.423931623932 0.0237154150198 0.0649572649573
0 0.803162055336 0.47094017094 0.0252964426877 0.0803418803419
0 0.865217391304 0.511111111111 0.0229249011858 0.0820512820513
0 0.88023715415 0.423076923077 0.0229249011858 0.0598290598291
0 0.953359683794 0.454700854701 0.0284584980237 0.0717948717949
0 0.950988142292 0.381196581197 0.0158102766798 0.0512820512821
0 0.93162055336 0.357264957265 0.0245059288538 0.0410256410256
0 0.871146245059 0.34188034188 0.0268774703557 0.0581196581197
0 0.820948616601 0.312820512821 0.0197628458498 0.0512820512821
0 0.774308300395 0.288888888889 0.0181818181818 0.0444444444444
0 0.801185770751 0.264957264957 0.0134387351779 0.0444444444444
0 0.828853754941 0.232478632479 0.0197628458498 0.0376068376068
0 0.750988142292 0.236752136752 0.0158102766798 0.0461538461538
0 0.726086956522 0.278632478632 0.0213438735178 0.0581196581197
0 0.702371541502 0.217948717949 0.0181818181818 0.0529914529915
0 0.696837944664 0.165811965812 0.0150197628458 0.0410256410256
0 0.724505928854 0.15641025641 0.00869565217391 0.042735042735
0 0.701581027668 0.134188034188 0.0118577075099 0.0222222222222
0 0.768774703557 0.202564102564 0.0150197628458 0.0393162393162
0 0.787351778656 0.205128205128 0.0158102766798 0.0376068376068
0 0.805533596838 0.193162393162 0.0110671936759 0.0512820512821
0 0.820553359684 0.197435897436 0.00948616600791 0.0495726495726
0 0.877865612648 0.244444444444 0.0150197628458 0.0376068376068
0 0.910671936759 0.236752136752 0.0142292490119 0.0188034188034
0 0.908300395257 0.264102564103 0.0142292490119 0.0324786324786
0 0.896442687747 0.28547008547 0.0158102766798 0.034188034188
0 0.936363636364 0.27264957265 0.0166007905138 0.0358974358974
0 0.951778656126 0.245299145299 0.0110671936759 0.0358974358974
0 0.992885375494 0.275213675214 0.0126482213439 0.034188034188
0 0.973517786561 0.323076923077 0.0197628458498 0.0376068376068
0 0.985770750988 0.375213675214 0.0205533596838 0.0495726495726
0 0.613833992095 0.305982905983 0.0213438735178 0.0512820512821
