0 0.149548532731 0.241414141414 0.0191873589165 0.0343434343434
0 0.380361173815 0.19898989899 0.0270880361174 0.0545454545455
0 0.419864559819 0.210101010101 0.020316027088 0.040404040404
0 0.450902934537 0.230303030303 0.0259593679458 0.0484848484848
0 0.564334085779 0.186868686869 0.0180586907449 0.0424242424242
0 0.555304740406 0.159595959596 0.0180586907449 0.0323232323232
0 0.630361173815 0.124242424242 0.0169300225734 0.0343434343434
0 0.619074492099 0.135353535354 0.0146726862302 0.0363636363636
0 0.674379232506 0.174747474747 0.0191873589165 0.0424242424242
0 0.679458239278 0.218181818182 0.020316027088 0.0444444444444
0 0.625282167043 0.221212121212 0.0248306997743 0.0505050505051
0 0.636568848758 0.306060606061 0.0270880361174 0.0666666666667
0 0.622460496614 0.274747474747 0.0191873589165 0.040404040404
0 0.693566591422 0.257575757576 0.0304740406321 0.0545454545455
0 0.937358916479 0.246464646465 0.0237020316027 0.0525252525253
