0 0.121794871795 0.53550295858 0.0452991452991 0.085798816568
0 0.219230769231 0.33949704142 0.0162393162393 0.0340236686391
0 0.249145299145 0.360207100592 0.0213675213675 0.0458579881657
0 0.274786324786 0.379437869822 0.0230769230769 0.0488165680473
0 0.274786324786 0.316568047337 0.0179487179487 0.0325443786982
0 0.331623931624 0.35650887574 0.0239316239316 0.0443786982249
0 0.35 0.334319526627 0.0162393162393 0.0355029585799
0 0.347863247863 0.298076923077 0.017094017094 0.0340236686391
0 0.405555555556 0.334319526627 0.0213675213675 0.0443786982249
0 0.386752136752 0.260355029586 0.0179487179487 0.0355029585799
0 0.408547008547 0.270710059172 0.0153846153846 0.0295857988166
0 0.425641025641 0.259615384615 0.0136752136752 0.0251479289941
0 0.44188034188 0.26701183432 0.0153846153846 0.0369822485207
0 0.445299145299 0.340976331361 0.0222222222222 0.051775147929
0 0.403418803419 0.301775147929 0.0205128205128 0.0295857988166
0 0.467094017094 0.317307692308 0.0196581196581 0.0369822485207
0 0.465384615385 0.26701183432 0.0162393162393 0.0281065088757
0 0.468376068376 0.238905325444 0.017094017094 0.0340236686391
0 0.508974358974 0.262573964497 0.0145299145299 0.0251479289941
0 0.502991452991 0.334319526627 0.0230769230769 0.0443786982249
0 0.526923076923 0.275887573964 0.0162393162393 0.0369822485207
0 0.549145299145 0.255177514793 0.0145299145299 0.0369822485207
0 0.534188034188 0.253698224852 0.0153846153846 0.0369822485207
0 0.555555555556 0.280325443787 0.0205128205128 0.0369822485207
0 0.521794871795 0.247781065089 0.0145299145299 0.0310650887574
0 0.561538461538 0.220414201183 0.0136752136752 0.0295857988166
0 0.573931623932 0.218195266272 0.0162393162393 0.0310650887574
0 0.607692307692 0.208579881657 0.0136752136752 0.0295857988166
0 0.610683760684 0.223372781065 0.0111111111111 0.0295857988166
0 0.632478632479 0.217455621302 0.0136752136752 0.0266272189349
0 0.645299145299 0.223372781065 0.0136752136752 0.0295857988166
0 0.640170940171 0.25 0.0153846153846 0.0266272189349
0 0.606837606838 0.251479289941 0.0153846153846 0.0266272189349
0 0.582905982906 0.260355029586 0.0153846153846 0.0325443786982
0 0.575641025641 0.243343195266 0.0128205128205 0.0310650887574
0 0.608547008547 0.327662721893 0.0222222222222 0.0547337278107
0 0.681623931624 0.208579881657 0.0145299145299 0.0295857988166
0 0.69358974359 0.219674556213 0.0145299145299 0.0340236686391
0 0.684188034188 0.234467455621 0.0145299145299 0.0310650887574
0 0.678632478632 0.274408284024 0.017094017094 0.0369822485207
0 0.640170940171 0.301035502959 0.0205128205128 0.0399408284024
0 0.686752136752 0.312869822485 0.0196581196581 0.0458579881657
0 0.712393162393 0.302514792899 0.0196581196581 0.042899408284
0 0.716239316239 0.24926035503 0.0153846153846 0.0340236686391
0 0.748290598291 0.252218934911 0.0145299145299 0.0399408284024
0 0.754700854701 0.237426035503 0.017094017094 0.0340236686391
0 0.794017094017 0.234467455621 0.0153846153846 0.0310650887574
0 0.787606837607 0.260355029586 0.0145299145299 0.0266272189349
0 0.796581196581 0.263313609467 0.0153846153846 0.0414201183432
0 0.78547008547 0.28624260355 0.0188034188034 0.0369822485207
0 0.826068376068 0.298076923077 0.0179487179487 0.0399408284024
0 0.823504273504 0.247041420118 0.0162393162393 0.0325443786982
0 0.834615384615 0.275147928994 0.0162393162393 0.0384615384615
0 0.860256410256 0.258136094675 0.0111111111111 0.0310650887574
0 0.870085470085 0.264792899408 0.0119658119658 0.0325443786982
0 0.875641025641 0.275887573964 0.0162393162393 0.0369822485207
0 0.896153846154 0.256656804734 0.0128205128205 0.0399408284024
0 0.914102564103 0.300295857988 0.0128205128205 0.0295857988166
0 0.957692307692 0.284023668639 0.0162393162393 0.0295857988166
0 0.951282051282 0.308431952663 0.0119658119658 0.0310650887574
0 0.947863247863 0.343934911243 0.0205128205128 0.0399408284024
0 0.905555555556 0.323224852071 0.0162393162393 0.0340236686391
0 0.858547008547 0.329142011834 0.0145299145299 0.0399408284024
0 0.885897435897 0.33875739645 0.0179487179487 0.0443786982249
0 0.950427350427 0.408284023669 0.0205128205128 0.0473372781065
0 0.925213675214 0.454142011834 0.0247863247863 0.0591715976331
0 0.867094017094 0.411982248521 0.0213675213675 0.0547337278107
0 0.825641025641 0.362426035503 0.0205128205128 0.0532544378698
0 0.832905982906 0.333579881657 0.0162393162393 0.042899408284
0 0.853846153846 0.475591715976 0.0239316239316 0.060650887574
0 0.77905982906 0.437130177515 0.0299145299145 0.0636094674556
0 0.730769230769 0.403106508876 0.025641025641 0.051775147929
0 0.701709401709 0.364644970414 0.0222222222222 0.051775147929
0 0.655128205128 0.346153846154 0.0213675213675 0.0473372781065
0 0.665811965812 0.363905325444 0.025641025641 0.0502958579882
0 0.617521367521 0.376479289941 0.0282051282051 0.0547337278107
0 0.541452991453 0.360207100592 0.0230769230769 0.0547337278107
0 0.479487179487 0.41050295858 0.025641025641 0.0636094674556
0 0.521367521368 0.448224852071 0.034188034188 0.0621301775148
0 0.59188034188 0.457840236686 0.0299145299145 0.0665680473373
0 0.641025641026 0.472633136095 0.0376068376068 0.0665680473373
0 0.710683760684 0.550295857988 0.0367521367521 0.085798816568
0 0.820512820513 0.594674556213 0.0358974358974 0.0769230769231
