0 0.153882132834 0.356312292359 0.0495790458372 0.0847176079734
0 0.260056127222 0.28073089701 0.0168381665108 0.0365448504983
0 0.295135640786 0.263289036545 0.021515434986 0.0382059800664
0 0.314780168382 0.247508305648 0.0177736202058 0.0431893687708
0 0.345650140318 0.212624584718 0.0196445275959 0.0365448504983
0 0.33021515435 0.243355481728 0.0187090739008 0.031561461794
0 0.362020579981 0.244186046512 0.0187090739008 0.0431893687708
0 0.378391019645 0.226744186047 0.0177736202058 0.0348837209302
0 0.38493919551 0.197674418605 0.0159027128157 0.0365448504983
0 0.411599625819 0.167774086379 0.0130963517306 0.0332225913621
0 0.432647333957 0.220930232558 0.0196445275959 0.0398671096346
0 0.456033676333 0.227574750831 0.0196445275959 0.0365448504983
0 0.476613657624 0.249169435216 0.0233863423761 0.0431893687708
0 0.425163704397 0.183554817276 0.0196445275959 0.0282392026578
0 0.446211412535 0.190199335548 0.0187090739008 0.0415282392027
0 0.4527595884 0.174418604651 0.0187090739008 0.0365448504983
0 0.466791393826 0.155315614618 0.0149672591207 0.0282392026578
0 0.478016838167 0.173588039867 0.022450888681 0.031561461794
0 0.483161833489 0.205980066445 0.0196445275959 0.0332225913621
0 0.517305893358 0.203488372093 0.022450888681 0.0448504983389
0 0.511225444341 0.167774086379 0.0196445275959 0.0332225913621
0 0.485032740879 0.130398671096 0.0140318054256 0.0249169435216
0 0.520579981291 0.130398671096 0.0121608980355 0.0282392026578
0 0.533208606174 0.135382059801 0.0149672591207 0.031561461794
0 0.547708138447 0.14950166113 0.0177736202058 0.0431893687708
0 0.574368568756 0.172757475083 0.0187090739008 0.0398671096346
0 0.56033676333 0.111295681063 0.0149672591207 0.0299003322259
0 0.570159027128 0.127906976744 0.0121608980355 0.0232558139535
0 0.584190832554 0.134551495017 0.0121608980355 0.0265780730897
0 0.594948550047 0.119601328904 0.0130963517306 0.0232558139535
0 0.619270346118 0.141196013289 0.0168381665108 0.0332225913621
0 0.634237605239 0.120431893688 0.0168381665108 0.0282392026578
0 0.619738072965 0.0573089700997 0.0140318054256 0.0282392026578
0 0.647333956969 0.0946843853821 0.0130963517306 0.0299003322259
0 0.634705332086 0.0980066445183 0.0121608980355 0.0199335548173
0 0.671188026193 0.116279069767 0.0159027128157 0.0299003322259
0 0.516370439663 0.27657807309 0.0243217960711 0.0514950166113
0 0.534144059869 0.345514950166 0.0299345182413 0.0564784053156
0 0.593077642657 0.352159468439 0.0299345182413 0.0730897009967
0 0.568755846586 0.24584717608 0.0205799812909 0.046511627907
0 0.606641721235 0.272425249169 0.0233863423761 0.0498338870432
0 0.635173058934 0.208471760797 0.022450888681 0.0514950166113
0 0.663704396632 0.210132890365 0.021515434986 0.0514950166113
0 0.668849391955 0.175249169435 0.0149672591207 0.0348837209302
0 0.694574368569 0.181893687708 0.0196445275959 0.0415282392027
0 0.688026192703 0.22342192691 0.0252572497661 0.0448504983389
0 0.65668849392 0.294850498339 0.0280636108513 0.0581395348837
0 0.67539756782 0.343023255814 0.0299345182413 0.0614617940199
0 0.739008419083 0.294019933555 0.0280636108513 0.0697674418605
0 0.757717492984 0.255813953488 0.0299345182413 0.0564784053156
0 0.790458372311 0.318106312292 0.0261927034612 0.0647840531561
0 0.809167446211 0.258305647841 0.0261927034612 0.0548172757475
0 0.742750233863 0.196843853821 0.0205799812909 0.0481727574751
0 0.710009354537 0.154485049834 0.0205799812909 0.046511627907
0 0.723105706268 0.142026578073 0.0168381665108 0.0415282392027
0 0.71889616464 0.078903654485 0.0140318054256 0.031561461794
0 0.738540692236 0.12292358804 0.0140318054256 0.0299003322259
0 0.750701590271 0.141196013289 0.0177736202058 0.0332225913621
0 0.764733395697 0.127906976744 0.0177736202058 0.0431893687708
0 0.78297474275 0.120431893688 0.0130963517306 0.0348837209302
0 0.794667913938 0.142026578073 0.0177736202058 0.0348837209302
0 0.805893358279 0.135382059801 0.0159027128157 0.031561461794
0 0.789990645463 0.186046511628 0.0196445275959 0.0365448504983
0 0.753975678204 0.176910299003 0.0205799812909 0.0382059800664
0 0.872310570627 0.242524916944 0.0177736202058 0.0431893687708
0 0.914405986904 0.270764119601 0.0233863423761 0.0564784053156
0 0.82647333957 0.156146179402 0.0140318054256 0.0332225913621
0 0.844714686623 0.15780730897 0.0168381665108 0.0365448504983
0 0.839101964453 0.132059800664 0.0130963517306 0.0249169435216
0 0.862020579981 0.143687707641 0.0177736202058 0.0448504983389
0 0.892890551918 0.166943521595 0.0177736202058 0.0348837209302
0 0.927034611787 0.1926910299 0.0149672591207 0.0332225913621
0 0.928905519177 0.154485049834 0.0149672591207 0.0365448504983
0 0.892890551918 0.138704318937 0.0121608980355 0.0249169435216
