0 0.833469055375 0.257834757835 0.0122149837134 0.02849002849
0 0.842426710098 0.281339031339 0.0138436482085 0.0327635327635
0 0.851791530945 0.267806267806 0.0130293159609 0.031339031339
0 0.870928338762 0.260683760684 0.0105863192182 0.031339031339
0 0.888436482085 0.27849002849 0.014657980456 0.0356125356125
0 0.930374592834 0.316239316239 0.0122149837134 0.02849002849
0 0.930781758958 0.285612535613 0.00977198697068 0.0270655270655
0 0.925488599349 0.350427350427 0.0138436482085 0.042735042735
0 0.882736156352 0.336894586895 0.014657980456 0.0384615384615
0 0.864413680782 0.334045584046 0.0138436482085 0.0413105413105
0 0.907166123779 0.480769230769 0.0244299674267 0.0669515669516
0 0.842019543974 0.463675213675 0.0244299674267 0.0555555555556
0 0.829397394137 0.396011396011 0.0203583061889 0.0541310541311
0 0.814739413681 0.510683760684 0.0252442996743 0.0669515669516
0 0.802931596091 0.244301994302 0.00977198697068 0.0299145299145
0 0.815960912052 0.272792022792 0.0114006514658 0.0299145299145
0 0.798045602606 0.292022792023 0.014657980456 0.034188034188
0 0.817996742671 0.344017094017 0.0171009771987 0.0441595441595
0 0.807410423453 0.359686609687 0.0236156351792 0.0498575498575
0 0.770358306189 0.43660968661 0.0244299674267 0.0641025641026
0 0.737377850163 0.254273504274 0.0138436482085 0.0327635327635
0 0.759364820847 0.257122507123 0.0122149837134 0.0299145299145
0 0.763029315961 0.285612535613 0.0130293159609 0.0413105413105
0 0.776465798046 0.238603988604 0.0122149837134 0.0242165242165
0 0.697882736156 0.259259259259 0.0130293159609 0.031339031339
0 0.706026058632 0.299145299145 0.0162866449511 0.042735042735
0 0.714169381107 0.41452991453 0.0244299674267 0.0598290598291
0 0.691368078176 0.527777777778 0.0309446254072 0.0754985754986
0 0.626628664495 0.482193732194 0.0285016286645 0.0698005698006
0 0.663273615635 0.366809116809 0.021986970684 0.0470085470085
0 0.637214983713 0.353276353276 0.0171009771987 0.042735042735
0 0.594055374593 0.399572649573 0.021986970684 0.0498575498575
0 0.57328990228 0.460113960114 0.0276872964169 0.0655270655271
0 0.675488599349 0.320512820513 0.0203583061889 0.037037037037
0 0.684039087948 0.358974358974 0.0195439739414 0.048433048433
0 0.662052117264 0.209401709402 0.00977198697068 0.019943019943
0 0.676302931596 0.217236467236 0.0122149837134 0.0242165242165
0 0.663680781759 0.281339031339 0.014657980456 0.0384615384615
0 0.633143322476 0.222934472934 0.0122149837134 0.0270655270655
0 0.605456026059 0.207977207977 0.00895765472313 0.022792022792
0 0.593648208469 0.252136752137 0.0114006514658 0.02849002849
0 0.598127035831 0.231481481481 0.0105863192182 0.0270655270655
0 0.559446254072 0.218660968661 0.00977198697068 0.0242165242165
0 0.567182410423 0.247863247863 0.0138436482085 0.037037037037
0 0.544788273616 0.245726495726 0.0114006514658 0.0356125356125
0 0.549267100977 0.275641025641 0.0138436482085 0.0384615384615
0 0.50325732899 0.269943019943 0.0130293159609 0.0299145299145
0 0.514657980456 0.279914529915 0.0162866449511 0.0384615384615
0 0.49674267101 0.327635327635 0.014657980456 0.042735042735
0 0.526872964169 0.384615384615 0.0211726384365 0.0512820512821
0 0.539495114007 0.410256410256 0.0268729641694 0.0569800569801
0 0.468648208469 0.413105413105 0.0285016286645 0.0626780626781
0 0.438517915309 0.264245014245 0.0122149837134 0.0299145299145
0 0.457247557003 0.247863247863 0.0138436482085 0.02849002849
0 0.453990228013 0.277777777778 0.0154723127036 0.034188034188
0 0.461726384365 0.320512820513 0.0195439739414 0.039886039886
0 0.444218241042 0.35113960114 0.0203583061889 0.0413105413105
0 0.404723127036 0.334757834758 0.0179153094463 0.037037037037
0 0.428745928339 0.314102564103 0.0171009771987 0.0441595441595
0 0.387214983713 0.267806267806 0.0154723127036 0.034188034188
0 0.348127035831 0.299857549858 0.0122149837134 0.0270655270655
0 0.38151465798 0.339743589744 0.0138436482085 0.0384615384615
0 0.401465798046 0.301994301994 0.0114006514658 0.02849002849
0 0.313517915309 0.391025641026 0.0228013029316 0.0470085470085
0 0.28338762215 0.316239316239 0.014657980456 0.031339031339
0 0.293566775244 0.360398860399 0.0187296416938 0.045584045584
0 0.257328990228 0.362535612536 0.0179153094463 0.0441595441595
0 0.225977198697 0.344729344729 0.0138436482085 0.034188034188
0 0.142915309446 0.543447293447 0.0333876221498 0.0754985754986
