0 0.119133574007 0.256493506494 0.014440433213 0.0292207792208
0 0.263989169675 0.407467532468 0.0496389891697 0.113636363636
0 0.287454873646 0.23538961039 0.0135379061372 0.0292207792208
0 0.298736462094 0.241883116883 0.0162454873646 0.0292207792208
0 0.365974729242 0.162337662338 0.0171480144404 0.038961038961
0 0.380415162455 0.191558441558 0.0135379061372 0.0292207792208
0 0.414259927798 0.210227272727 0.0126353790614 0.0373376623377
0 0.404332129964 0.209415584416 0.014440433213 0.038961038961
0 0.476534296029 0.143668831169 0.0198555956679 0.0405844155844
0 0.634025270758 0.140422077922 0.0153429602888 0.0211038961039
0 0.645758122744 0.114448051948 0.0117328519856 0.0275974025974
0 0.647563176895 0.143668831169 0.0135379061372 0.0275974025974
0 0.726985559567 0.0625 0.0135379061372 0.0340909090909
0 0.749548736462 0.130681818182 0.0117328519856 0.0275974025974
0 0.764440433213 0.13961038961 0.014440433213 0.0292207792208
0 0.819494584838 0.25974025974 0.0198555956679 0.0519480519481
0 0.861913357401 0.1875 0.014440433213 0.0340909090909
0 0.884025270758 0.256493506494 0.0207581227437 0.0454545454545
0 0.912906137184 0.257305194805 0.0207581227437 0.0438311688312
0 0.932310469314 0.18262987013 0.0126353790614 0.0340909090909
