0 0.908884859474 0.150242326333 0.00997280145059 0.0226171243942
0 0.906165004533 0.174474959612 0.011786038078 0.0290791599354
0 0.902991840435 0.194668820679 0.0126926563917 0.0371567043619
0 0.943789664551 0.191437802908 0.014505893019 0.0306946688207
0 0.936536718042 0.210823909532 0.0126926563917 0.0371567043619
0 0.936083408885 0.227786752827 0.0154125113327 0.032310177706
0 0.928830462375 0.256865912763 0.0190389845875 0.048465266559
0 0.893019038985 0.241518578352 0.0199456029012 0.0403877221325
0 0.893019038985 0.223747980614 0.0199456029012 0.0403877221325
0 0.867180417044 0.188206785137 0.0154125113327 0.0339256865913
0 0.874433363554 0.171243941842 0.0135992747053 0.032310177706
0 0.854034451496 0.158319870759 0.0126926563917 0.032310177706
0 0.781504986401 0.142164781906 0.0108794197643 0.032310177706
0 0.805530371714 0.147011308562 0.00997280145059 0.032310177706
0 0.820036264733 0.147819063005 0.011786038078 0.0274636510501
0 0.7615593835 0.140549273021 0.0126926563917 0.0355411954766
0 0.786944696283 0.159127625202 0.0108794197643 0.0274636510501
0 0.794197642792 0.178513731826 0.0126926563917 0.0339256865913
0 0.838168631006 0.170436187399 0.011786038078 0.0306946688207
0 0.831822302811 0.183360258481 0.011786038078 0.0306946688207
0 0.909338168631 0.366720516963 0.0235720761559 0.0613893376414
0 0.839528558477 0.231017770598 0.0199456029012 0.0420032310178
0 0.803263825929 0.214862681745 0.0199456029012 0.0452342487884
0 0.828649138713 0.261712439418 0.0235720761559 0.0516962843296
0 0.796464188577 0.289176090468 0.0244786944696 0.0549273021002
0 0.7615593835 0.206785137318 0.014505893019 0.0452342487884
0 0.773798730734 0.255250403877 0.0208522212149 0.0452342487884
0 0.7384406165 0.245557350565 0.0226654578422 0.048465266559
0 0.731187669991 0.179321486268 0.0172257479601 0.0355411954766
0 0.734360834089 0.155896607431 0.0163191296464 0.0371567043619
0 0.713508612874 0.194668820679 0.0181323662738 0.0403877221325
0 0.7615593835 0.352988691438 0.0271985494107 0.0630048465267
0 0.699002719855 0.321486268174 0.0308250226655 0.0613893376414
0 0.691749773345 0.262520193861 0.0199456029012 0.0468497576737
0 0.709428830462 0.122778675283 0.0135992747053 0.032310177706
0 0.687669990934 0.121163166397 0.011786038078 0.0258481421648
0 0.679057116954 0.136510500808 0.0126926563917 0.0306946688207
0 0.660018132366 0.18901453958 0.0163191296464 0.0387722132472
0 0.645965548504 0.168012924071 0.0135992747053 0.0355411954766
0 0.655031731641 0.157512116317 0.0154125113327 0.0306946688207
0 0.640525838622 0.130048465267 0.00997280145059 0.0242326332795
0 0.651405258386 0.127625201939 0.00997280145059 0.0226171243942
0 0.632819582956 0.119547657512 0.0090661831369 0.0193861066236
0 0.626019945603 0.143780290792 0.0135992747053 0.0290791599354
0 0.579782411605 0.143780290792 0.0135992747053 0.0290791599354
0 0.599274705349 0.167205169628 0.0108794197643 0.0306946688207
0 0.608794197643 0.168012924071 0.0154125113327 0.0387722132472
0 0.570262919311 0.168012924071 0.014505893019 0.032310177706
0 0.552583862194 0.147011308562 0.011786038078 0.0290791599354
0 0.553943789665 0.13731825525 0.0126926563917 0.0290791599354
0 0.542157751587 0.166397415186 0.014505893019 0.032310177706
0 0.562103354488 0.196284329564 0.014505893019 0.0371567043619
0 0.527651858568 0.185783521809 0.0163191296464 0.0355411954766
0 0.516319129646 0.160743134087 0.0135992747053 0.0274636510501
0 0.486400725295 0.156704361874 0.0135992747053 0.0290791599354
0 0.485947416138 0.14620355412 0.0108794197643 0.0274636510501
0 0.502719854941 0.134894991922 0.00997280145059 0.0242326332795
0 0.497733454216 0.188206785137 0.0163191296464 0.0339256865913
0 0.598821396192 0.234248788368 0.0190389845875 0.048465266559
0 0.652765185857 0.245557350565 0.0181323662738 0.0452342487884
0 0.640072529465 0.25605815832 0.0217588395286 0.0468497576737
0 0.430643699003 0.163166397415 0.0090661831369 0.0258481421648
0 0.446509519492 0.165589660743 0.011786038078 0.0339256865913
0 0.419764279238 0.171243941842 0.014505893019 0.0290791599354
0 0.420217588395 0.193053311793 0.0154125113327 0.0306946688207
0 0.447869446963 0.206785137318 0.0163191296464 0.0355411954766
0 0.467361740707 0.210823909532 0.0172257479601 0.0371567043619
0 0.446509519492 0.250403877221 0.0190389845875 0.0452342487884
0 0.416137805984 0.241518578352 0.0199456029012 0.0403877221325
0 0.379873073436 0.184975767367 0.014505893019 0.0306946688207
0 0.402085222121 0.21647819063 0.0172257479601 0.0387722132472
0 0.38077969175 0.239095315024 0.0181323662738 0.0420032310178
0 0.37216681777 0.215670436187 0.0172257479601 0.0339256865913
0 0.357660924751 0.22859450727 0.0190389845875 0.0403877221325
0 0.353581142339 0.201938610662 0.0163191296464 0.0290791599354
0 0.35494106981 0.181744749596 0.011786038078 0.0306946688207
0 0.337262012693 0.225363489499 0.014505893019 0.0339256865913
0 0.300543970988 0.218901453958 0.0154125113327 0.0371567043619
0 0.294650951949 0.247980613893 0.0126926563917 0.0371567043619
0 0.111967361741 0.383683360258 0.0371713508613 0.075928917609
