0 0.352666043031 0.309917355372 0.0187090739008 0.0347107438017
0 0.391955098223 0.290082644628 0.0261927034612 0.0479338842975
0 0.489710009355 0.302479338843 0.0252572497661 0.0495867768595
0 0.340505144995 0.215702479339 0.0168381665108 0.0314049586777
0 0.366230121609 0.190082644628 0.0121608980355 0.0198347107438
0 0.369036482694 0.217355371901 0.0159027128157 0.0280991735537
0 0.397567820393 0.226446280992 0.0130963517306 0.0297520661157
0 0.454162768943 0.228925619835 0.0177736202058 0.0380165289256
0 0.402712815716 0.195867768595 0.0140318054256 0.0247933884298
0 0.471468662301 0.228099173554 0.0187090739008 0.0363636363636
0 0.459775491113 0.195867768595 0.0159027128157 0.0380165289256
0 0.489710009355 0.200826446281 0.0121608980355 0.0314049586777
0 0.54536950421 0.13305785124 0.0205799812909 0.0413223140496
0 0.575304022451 0.135537190083 0.0112254443405 0.0264462809917
0 0.631431244153 0.256198347107 0.022450888681 0.0462809917355
0 0.71141253508 0.190082644628 0.0177736202058 0.0363636363636
0 0.755378858746 0.242148760331 0.021515434986 0.0479338842975
0 0.765201122544 0.166115702479 0.0168381665108 0.0347107438017
0 0.93779232928 0.245454545455 0.0196445275959 0.0413223140496
0 0.475678203929 0.181818181818 0.0177736202058 0.0363636363636
0 0.401777362021 0.180165289256 0.0140318054256 0.0363636363636
0 0.446679139383 0.192561983471 0.0159027128157 0.0413223140496
