0 0.1164797239 0.554505813953 0.0396893874029 0.0799418604651
0 0.22044866264 0.342296511628 0.0198446937015 0.0363372093023
0 0.256686798965 0.34738372093 0.02329594478 0.0436046511628
0 0.277394305436 0.370639534884 0.0215703192407 0.046511627907
0 0.283002588438 0.306686046512 0.0189818809318 0.0348837209302
0 0.331320103538 0.361918604651 0.0241587575496 0.046511627907
0 0.352890422778 0.327034883721 0.0189818809318 0.0377906976744
0 0.351164797239 0.298691860465 0.0172562553926 0.0334302325581
0 0.411561691113 0.333575581395 0.0224331320104 0.0392441860465
0 0.446074201898 0.337936046512 0.0241587575496 0.0421511627907
0 0.424503882657 0.292877906977 0.0155306298533 0.0247093023256
0 0.407247627265 0.296511627907 0.0207075064711 0.0348837209302
0 0.390422778257 0.263081395349 0.0181190681622 0.031976744186
0 0.427523727351 0.260901162791 0.016393442623 0.0276162790698
0 0.471527178602 0.266715116279 0.016393442623 0.030523255814
0 0.477998274374 0.306686046512 0.0207075064711 0.0348837209302
0 0.508628127696 0.324854651163 0.0250215703192 0.0450581395349
0 0.469801553063 0.242005813953 0.016393442623 0.0334302325581
0 0.516824849008 0.265261627907 0.0172562553926 0.0363372093023
0 0.527178602243 0.275436046512 0.0155306298533 0.0363372093023
0 0.54659188956 0.294331395349 0.0181190681622 0.0392441860465
0 0.550043140638 0.254360465116 0.016393442623 0.0348837209302
0 0.564279551337 0.226744186047 0.0138050043141 0.0290697674419
0 0.578084555651 0.220930232558 0.0138050043141 0.0261627906977
0 0.584555651424 0.223110465116 0.0112165660052 0.0218023255814
0 0.591889559965 0.234011627907 0.0155306298533 0.0261627906977
0 0.589732528041 0.264534883721 0.0181190681622 0.0348837209302
0 0.614322691976 0.248546511628 0.0172562553926 0.0290697674419
0 0.610440034513 0.223110465116 0.0146678170837 0.0247093023256
0 0.609145815358 0.205668604651 0.0155306298533 0.0218023255814
0 0.639344262295 0.215843023256 0.0138050043141 0.0276162790698
0 0.6505608283 0.22238372093 0.0138050043141 0.0261627906977
0 0.654012079379 0.24636627907 0.0138050043141 0.0276162790698
0 0.68636755824 0.231104651163 0.0181190681622 0.0290697674419
0 0.700172562554 0.22601744186 0.016393442623 0.0334302325581
0 0.68550474547 0.208575581395 0.0146678170837 0.0276162790698
0 0.684210526316 0.279796511628 0.0224331320104 0.0421511627907
0 0.647540983607 0.30523255814 0.0198446937015 0.0406976744186
0 0.612165660052 0.329941860465 0.0250215703192 0.0406976744186
0 0.612165660052 0.377906976744 0.0284728213978 0.0552325581395
0 0.545297670406 0.360465116279 0.0258843830889 0.0494186046512
0 0.556945642796 0.414970930233 0.0353753235548 0.0595930232558
0 0.481880931838 0.407703488372 0.0353753235548 0.0654069767442
0 0.605263157895 0.457122093023 0.0353753235548 0.0712209302326
0 0.648403796376 0.470203488372 0.0353753235548 0.0799418604651
0 0.662640207075 0.37136627907 0.0310612597066 0.0595930232558
0 0.703192407248 0.359738372093 0.0241587575496 0.0537790697674
0 0.738567730802 0.403343023256 0.0345125107852 0.0654069767442
0 0.720880069025 0.529069767442 0.0388265746333 0.0843023255814
0 0.83692838654 0.515261627907 0.0379637618637 0.0712209302326
0 0.805867126833 0.432412790698 0.0293356341674 0.0654069767442
0 0.835634167386 0.361918604651 0.0267471958585 0.0494186046512
0 0.882226056946 0.392441860465 0.0336496980155 0.0610465116279
0 0.949525452977 0.465843023256 0.030198446937 0.0683139534884
0 0.710957722174 0.300872093023 0.0189818809318 0.0436046511628
0 0.72131147541 0.300145348837 0.0172562553926 0.030523255814
0 0.72131147541 0.250726744186 0.0172562553926 0.0334302325581
0 0.747627264884 0.252180232558 0.0181190681622 0.0363372093023
0 0.763589301122 0.241279069767 0.0138050043141 0.031976744186
0 0.79119930975 0.261627906977 0.0138050043141 0.0290697674419
0 0.801121656601 0.237645348837 0.016393442623 0.030523255814
0 0.798533218292 0.283430232558 0.0198446937015 0.0348837209302
0 0.835634167386 0.297965116279 0.0181190681622 0.0377906976744
0 0.867989646247 0.323401162791 0.0189818809318 0.0392441860465
0 0.89516824849 0.33648255814 0.0198446937015 0.0450581395349
0 0.912424503883 0.320494186047 0.016393442623 0.0363372093023
0 0.94089732528 0.330668604651 0.0181190681622 0.0363372093023
0 0.961173425367 0.359738372093 0.0224331320104 0.0508720930233
0 0.960310612597 0.307412790698 0.0155306298533 0.0392441860465
0 0.9659188956 0.276889534884 0.0129421915444 0.030523255814
0 0.926660914582 0.285610465116 0.0155306298533 0.0392441860465
0 0.938308886972 0.304505813953 0.016393442623 0.030523255814
0 0.904227782571 0.255813953488 0.0138050043141 0.0348837209302
0 0.882226056946 0.27398255814 0.0181190681622 0.0334302325581
0 0.868852459016 0.274709302326 0.0172562553926 0.031976744186
0 0.864538395168 0.252906976744 0.0155306298533 0.0290697674419
0 0.830025884383 0.243459302326 0.0189818809318 0.0363372093023
