0 0.186079545455 0.342281879195 0.0445075757576 0.0805369127517
0 0.300662878788 0.244127516779 0.0293560606061 0.0553691275168
0 0.375946969697 0.214765100671 0.0189393939394 0.0335570469799
0 0.378314393939 0.185402684564 0.0179924242424 0.0352348993289
0 0.421875 0.192953020134 0.0217803030303 0.0402684563758
0 0.41240530303 0.224832214765 0.0179924242424 0.0369127516779
0 0.386837121212 0.276006711409 0.0274621212121 0.0385906040268
0 0.440814393939 0.246644295302 0.0217803030303 0.0335570469799
0 0.477746212121 0.230704697987 0.0198863636364 0.0419463087248
0 0.444602272727 0.183724832215 0.0160984848485 0.0251677852349
0 0.474431818182 0.167785234899 0.0170454545455 0.0335570469799
0 0.512784090909 0.200503355705 0.0217803030303 0.0453020134228
0 0.533143939394 0.204697986577 0.0208333333333 0.0402684563758
0 0.563920454545 0.0780201342282 0.0123106060606 0.0251677852349
0 0.572443181818 0.138422818792 0.0123106060606 0.0251677852349
0 0.600378787879 0.251677852349 0.0208333333333 0.0503355704698
0 0.627840909091 0.260067114094 0.0265151515152 0.0536912751678
0 0.609375 0.312080536913 0.0350378787879 0.0637583892617
0 0.667140151515 0.166946308725 0.0198863636364 0.0486577181208
0 0.701231060606 0.205536912752 0.0179924242424 0.0385906040268
0 0.701704545455 0.172818791946 0.0151515151515 0.0335570469799
0 0.730587121212 0.18288590604 0.0160984848485 0.0369127516779
0 0.741003787879 0.155201342282 0.0123106060606 0.0285234899329
0 0.758049242424 0.174496644295 0.0142045454545 0.0335570469799
0 0.776041666667 0.156879194631 0.0142045454545 0.0352348993289
0 0.792613636364 0.171979865772 0.0151515151515 0.0318791946309
0 0.772253787879 0.197147651007 0.0142045454545 0.0352348993289
0 0.745265151515 0.210570469799 0.0170454545455 0.0419463087248
0 0.789772727273 0.227348993289 0.0189393939394 0.0419463087248
0 0.723484848485 0.291946308725 0.0265151515152 0.0604026845638
0 0.819602272727 0.281879194631 0.0217803030303 0.0536912751678
0 0.866477272727 0.293624161074 0.0208333333333 0.0570469798658
0 0.903882575758 0.294463087248 0.0198863636364 0.0453020134228
0 0.904356060606 0.223154362416 0.0170454545455 0.0436241610738
0 0.929450757576 0.244127516779 0.0123106060606 0.0419463087248
0 0.933238636364 0.224832214765 0.0142045454545 0.0369127516779
