0 0.0817174515235 0.360162601626 0.0397045244691 0.069918699187
0 0.27377654663 0.191056910569 0.0175438596491 0.0341463414634
0 0.308864265928 0.19593495935 0.0156971375808 0.0341463414634
0 0.323176361958 0.186991869919 0.016620498615 0.0357723577236
0 0.328254847645 0.235772357724 0.0304709141274 0.0520325203252
0 0.39242843952 0.185365853659 0.0221606648199 0.0520325203252
0 0.450600184672 0.189430894309 0.0295475530933 0.0536585365854
0 0.499076638966 0.165853658537 0.0249307479224 0.0487804878049
0 0.541551246537 0.151219512195 0.0230840258541 0.0455284552846
0 0.573868882733 0.168292682927 0.0230840258541 0.0569105691057
0 0.583102493075 0.278861788618 0.0286241920591 0.0536585365854
0 0.617266851339 0.308943089431 0.0304709141274 0.0650406504065
0 0.667128347184 0.288617886179 0.0489381348107 0.079674796748
0 0.716528162512 0.19837398374 0.0295475530933 0.0585365853659
