0 0.0953920776071 0.584922010399 0.0485044462409 0.105719237435
0 0.200485044462 0.273830155979 0.0210185933711 0.051993067591
0 0.220291026677 0.275563258232 0.0202101859337 0.0485268630849
0 0.266370250606 0.241767764298 0.0218270008084 0.0433275563258
0 0.297089733226 0.241767764298 0.018593371059 0.0433275563258
0 0.318916734034 0.238301559792 0.0202101859337 0.050259965338
0 0.311236863379 0.202772963605 0.0210185933711 0.0415944540728
0 0.350040420372 0.210571923744 0.0145513338723 0.0467937608319
0 0.35974130962 0.275563258232 0.0210185933711 0.0658578856153
0 0.396928051738 0.238301559792 0.016168148747 0.0467937608319
0 0.361762328213 0.19410745234 0.0169765561843 0.0346620450607
0 0.391673403395 0.193240901213 0.0169765561843 0.0363951473137
0 0.410266774454 0.176776429809 0.0121261115602 0.0311958405546
0 0.427647534357 0.193240901213 0.016168148747 0.0398613518198
0 0.44219886823 0.168977469671 0.0177849636217 0.0363951473137
0 0.45432497979 0.162911611785 0.0129345189976 0.0311958405546
0 0.475343573161 0.168977469671 0.0177849636217 0.0433275563258
0 0.489086499596 0.150779896014 0.016168148747 0.0346620450607
0 0.494341147939 0.212305025997 0.0169765561843 0.0398613518198
0 0.467663702506 0.256499133449 0.0234438156831 0.0589254766031
0 0.434114793856 0.309358752166 0.0258690379951 0.0571923743501
0 0.525464834276 0.167244367418 0.0177849636217 0.0433275563258
0 0.55173807599 0.163778162912 0.018593371059 0.0363951473137
0 0.552546483428 0.140381282496 0.0153597413096 0.0346620450607
0 0.576798706548 0.138648180243 0.0169765561843 0.0381282495667
0 0.551333872272 0.218370883882 0.0194017784964 0.0485268630849
0 0.57316087308 0.200173310225 0.0177849636217 0.0363951473137
0 0.608326596605 0.185441941075 0.0137429264349 0.0346620450607
0 0.597008892482 0.126516464471 0.0153597413096 0.0311958405546
0 0.621261115602 0.129982668977 0.0137429264349 0.0346620450607
0 0.612368633791 0.160311958406 0.0153597413096 0.0329289428076
0 0.639046079224 0.149913344887 0.0153597413096 0.0363951473137
0 0.651980598222 0.15424610052 0.0137429264349 0.0381282495667
0 0.626515763945 0.202772963605 0.016168148747 0.0485268630849
0 0.615198059822 0.292894280763 0.0226354082458 0.0623916811092
0 0.562247372676 0.356152512998 0.0299110751819 0.0467937608319
0 0.607922392886 0.379549393414 0.0274858528698 0.0589254766031
0 0.654810024252 0.413344887348 0.0274858528698 0.0710571923744
0 0.662085691188 0.188908145581 0.0129345189976 0.0346620450607
0 0.662085691188 0.253032928943 0.0194017784964 0.0658578856153
0 0.687954729184 0.166377816291 0.0145513338723 0.0346620450607
0 0.693613581245 0.140381282496 0.0129345189976 0.0311958405546
0 0.706952303961 0.150779896014 0.0153597413096 0.0346620450607
0 0.712611156023 0.218370883882 0.0137429264349 0.0450606585789
0 0.733225545675 0.221837088388 0.016168148747 0.0415944540728
0 0.718674211803 0.276429809359 0.0194017784964 0.0641247833622
0 0.729991915926 0.40294627383 0.0274858528698 0.0675909878683
0 0.755860953921 0.235701906412 0.0177849636217 0.0415944540728
0 0.757881972514 0.201039861352 0.0153597413096 0.0381282495667
0 0.78051738076 0.175909878683 0.0137429264349 0.0398613518198
0 0.781325788197 0.210571923744 0.0153597413096 0.0433275563258
0 0.795068714632 0.255632582322 0.0169765561843 0.050259965338
0 0.766370250606 0.286828422877 0.016168148747 0.0467937608319
0 0.803556992724 0.475736568458 0.0355699272433 0.0814558058925
0 0.860145513339 0.532928942808 0.0307194826192 0.0918544194107
0 0.873888439774 0.428942807626 0.0226354082458 0.0779896013865
0 0.817704122878 0.310225303293 0.018593371059 0.0554592720971
0 0.861762328213 0.351819757366 0.0194017784964 0.0589254766031
0 0.813662085691 0.246967071057 0.018593371059 0.050259965338
0 0.812853678254 0.195840554593 0.0169765561843 0.0485268630849
0 0.833063864188 0.216637781629 0.018593371059 0.0450606585789
0 0.873484236055 0.240901213172 0.0137429264349 0.0450606585789
0 0.878334680679 0.225303292894 0.0137429264349 0.051993067591
0 0.906224737268 0.243500866551 0.0145513338723 0.0433275563258
0 0.900161681487 0.259965337955 0.0153597413096 0.0450606585789
0 0.890056588521 0.285095320624 0.0194017784964 0.0467937608319
0 0.922797089733 0.333622183709 0.018593371059 0.0606585788562
0 0.938561034762 0.286828422877 0.0145513338723 0.0398613518198
0 0.949474535166 0.259965337955 0.0169765561843 0.0381282495667
0 0.98787388844 0.274696707106 0.0145513338723 0.0433275563258
0 0.978981406629 0.307625649913 0.0145513338723 0.0433275563258
0 0.976960388036 0.347487001733 0.0137429264349 0.0398613518198
0 0.978172999192 0.376949740035 0.0194017784964 0.053726169844
0 0.949070331447 0.384748700173 0.0210185933711 0.0727902946274
0 0.964430072757 0.449740034662 0.0258690379951 0.0745233968804
