0 0.0868498527969 0.279310344828 0.0245338567223 0.048275862069
0 0.279685966634 0.230172413793 0.0196270853778 0.0258620689655
0 0.297841020608 0.229310344828 0.0166830225711 0.0344827586207
0 0.33218842002 0.189655172414 0.0147203140334 0.0275862068966
0 0.354759568204 0.193965517241 0.0166830225711 0.0293103448276
0 0.358194308145 0.229310344828 0.0196270853778 0.0379310344828
0 0.380274779195 0.236206896552 0.0147203140334 0.0310344827586
0 0.412168792934 0.241379310345 0.0196270853778 0.0344827586207
0 0.376840039254 0.201724137931 0.0117762512267 0.0206896551724
0 0.384690873405 0.171551724138 0.0137389597645 0.0258620689655
0 0.405299313052 0.171551724138 0.01766437684 0.0258620689655
0 0.421982335623 0.175862068966 0.0137389597645 0.0241379310345
0 0.42492639843 0.206896551724 0.0157016683023 0.0275862068966
0 0.460745829244 0.216379310345 0.0186457311089 0.0327586206897
0 0.447497546614 0.253448275862 0.0235525024534 0.0310344827586
0 0.443572129539 0.163793103448 0.01766437684 0.0241379310345
0 0.39401373896 0.210344827586 0.0186457311089 0.0241379310345
0 0.503925417076 0.183620689655 0.0147203140334 0.0293103448276
0 0.526987242395 0.180172413793 0.0157016683023 0.0362068965517
0 0.499509322866 0.155172413793 0.0137389597645 0.0206896551724
0 0.48675171737 0.153448275862 0.0117762512267 0.0241379310345
0 0.502944062807 0.130172413793 0.00883218842002 0.0224137931034
0 0.521099116781 0.138793103448 0.0137389597645 0.0224137931034
0 0.54857703631 0.125862068966 0.00981354268891 0.0275862068966
0 0.540726202159 0.161206896552 0.0117762512267 0.0293103448276
0 0.560843964671 0.187931034483 0.0107948969578 0.0310344827586
0 0.57065750736 0.160344827586 0.0107948969578 0.0241379310345
0 0.576054955839 0.137068965517 0.00981354268891 0.0155172413793
0 0.596172718351 0.230172413793 0.0206084396467 0.0327586206897
0 0.639842983317 0.248275862069 0.0196270853778 0.0344827586207
0 0.625122669284 0.211206896552 0.0235525024534 0.0362068965517
0 0.607458292444 0.164655172414 0.0117762512267 0.0293103448276
0 0.644259077527 0.15775862069 0.0127576054956 0.0224137931034
0 0.671246319921 0.18275862069 0.0137389597645 0.0310344827586
0 0.625613346418 0.141379310345 0.0107948969578 0.0275862068966
0 0.641805691855 0.122413793103 0.0157016683023 0.0241379310345
0 0.664376840039 0.124137931034 0.0117762512267 0.0206896551724
0 0.68105986261 0.136206896552 0.0117762512267 0.0241379310345
0 0.709028459274 0.119827586207 0.0107948969578 0.0224137931034
0 0.688420019627 0.112068965517 0.00883218842002 0.0137931034483
0 0.682041216879 0.220689655172 0.0157016683023 0.0241379310345
0 0.690873405299 0.25775862069 0.01766437684 0.0396551724138
0 0.696270853778 0.312931034483 0.0264965652601 0.0568965517241
0 0.748282630029 0.38275862069 0.0245338567223 0.0586206896552
0 0.793915603533 0.294827586207 0.0157016683023 0.048275862069
0 0.769872423945 0.246551724138 0.0166830225711 0.048275862069
0 0.735034347399 0.237931034483 0.0196270853778 0.0413793103448
0 0.718351324828 0.188793103448 0.0157016683023 0.0327586206897
0 0.737978410206 0.175862068966 0.0117762512267 0.0310344827586
0 0.756624141315 0.199137931034 0.0157016683023 0.0362068965517
0 0.736506378803 0.149137931034 0.0127576054956 0.0224137931034
0 0.70314033366 0.18275862069 0.0147203140334 0.0206896551724
0 0.761530912659 0.138793103448 0.0117762512267 0.0293103448276
0 0.615309126595 0.129310344828 0.00981354268891 0.0241379310345
0 0.779685966634 0.133620689655 0.00883218842002 0.0224137931034
0 0.788518155054 0.15 0.00883218842002 0.0241379310345
0 0.804710500491 0.14224137931 0.0117762512267 0.0293103448276
0 0.795387634936 0.172413793103 0.0127576054956 0.0241379310345
0 0.834151128557 0.141379310345 0.0117762512267 0.0241379310345
0 0.855740922473 0.158620689655 0.0117762512267 0.0241379310345
0 0.875368007851 0.168965517241 0.0137389597645 0.0275862068966
0 0.832679097154 0.180172413793 0.0127576054956 0.0224137931034
0 0.81894013739 0.206896551724 0.0127576054956 0.0206896551724
0 0.789499509323 0.235344827586 0.0186457311089 0.0327586206897
0 0.823846908734 0.268103448276 0.0166830225711 0.0396551724138
0 0.843473994112 0.227586206897 0.0127576054956 0.0413793103448
0 0.890088321884 0.235344827586 0.01766437684 0.0362068965517
0 0.901373895976 0.187931034483 0.0147203140334 0.0275862068966
0 0.937684003925 0.214655172414 0.0127576054956 0.0258620689655
0 0.954367026497 0.2 0.0127576054956 0.0275862068966
0 0.922963689892 0.261206896552 0.0186457311089 0.0327586206897
0 0.91609421001 0.331034482759 0.0245338567223 0.048275862069
0 0.8675171737 0.19224137931 0.0137389597645 0.0293103448276
0 0.857212953876 0.225 0.0107948969578 0.0327586206897
0 0.914131501472 0.155172413793 0.0107948969578 0.0310344827586
