0 0.351973684211 0.22056384743 0.015977443609 0.0398009950249
0 0.410714285714 0.259535655058 0.0206766917293 0.0381426202322
0 0.429041353383 0.233830845771 0.015977443609 0.0298507462687
0 0.448778195489 0.230514096186 0.0178571428571 0.0398009950249
0 0.512687969925 0.231343283582 0.0197368421053 0.0381426202322
0 0.524436090226 0.204809286899 0.015037593985 0.0315091210614
0 0.546992481203 0.206467661692 0.015037593985 0.0348258706468
0 0.603853383459 0.163349917081 0.015977443609 0.0381426202322
0 0.634868421053 0.152570480929 0.0122180451128 0.0265339966833
0 0.648966165414 0.268656716418 0.0216165413534 0.0398009950249
0 0.675751879699 0.203980099502 0.0187969924812 0.0431177446103
0 0.716635338346 0.203150912106 0.0216165413534 0.0348258706468
0 0.732612781955 0.309286898839 0.0291353383459 0.0547263681592
0 0.854793233083 0.349087893864 0.0253759398496 0.0547263681592
0 0.882988721805 0.294361525705 0.0178571428571 0.0514096185738
0 0.84727443609 0.242122719735 0.015977443609 0.0364842454395
0 0.857612781955 0.213101160862 0.015977443609 0.0381426202322
0 0.904605263158 0.237147595357 0.0140977443609 0.0331674958541
0 0.927631578947 0.261194029851 0.0169172932331 0.0381426202322
0 0.959116541353 0.25456053068 0.0197368421053 0.0315091210614
