0 0.0659392789374 0.397157190635 0.0370018975332 0.0685618729097
0 0.262808349146 0.283444816054 0.0189753320683 0.0317725752508
0 0.288425047438 0.276755852843 0.0170777988615 0.0384615384615
0 0.30265654649 0.258361204013 0.0170777988615 0.0384615384615
0 0.343453510436 0.285953177258 0.0170777988615 0.0401337792642
0 0.354838709677 0.260033444816 0.0151802656546 0.0351170568562
0 0.32210626186 0.222408026756 0.0142314990512 0.0301003344482
0 0.336337760911 0.248327759197 0.0142314990512 0.0317725752508
0 0.349620493359 0.214882943144 0.0142314990512 0.0317725752508
0 0.435958254269 0.278428093645 0.0275142314991 0.0484949832776
0 0.50284629981 0.229933110368 0.0208728652751 0.0351170568562
0 0.468690702087 0.194816053512 0.0189753320683 0.0284280936455
0 0.449715370019 0.226588628763 0.0189753320683 0.0351170568562
0 0.421252371917 0.220735785953 0.0189753320683 0.0267558528428
0 0.379981024668 0.227424749164 0.0180265654649 0.0301003344482
0 0.385673624288 0.203177257525 0.0180265654649 0.0250836120401
0 0.413187855787 0.168060200669 0.0123339658444 0.0250836120401
0 0.428368121442 0.180602006689 0.0161290322581 0.0267558528428
0 0.457779886148 0.16889632107 0.0142314990512 0.0301003344482
0 0.457305502846 0.14381270903 0.0132827324478 0.0200668896321
0 0.484819734345 0.16220735786 0.0151802656546 0.0267558528428
0 0.478652751423 0.148829431438 0.0104364326376 0.0200668896321
0 0.493358633776 0.132943143813 0.0151802656546 0.0250836120401
0 0.50569259962 0.178093645485 0.0170777988615 0.0284280936455
0 0.508064516129 0.147993311037 0.0123339658444 0.0217391304348
0 0.52229601518 0.1872909699 0.0104364326376 0.0267558528428
0 0.553130929791 0.190635451505 0.0151802656546 0.0367892976589
0 0.53889943074 0.171404682274 0.0170777988615 0.0317725752508
0 0.553130929791 0.157190635452 0.0132827324478 0.0267558528428
0 0.535104364326 0.133779264214 0.0170777988615 0.0334448160535
0 0.591081593928 0.153846153846 0.0170777988615 0.0334448160535
0 0.561669829222 0.137959866221 0.0151802656546 0.0250836120401
0 0.575426944972 0.112040133779 0.0142314990512 0.0234113712375
0 0.63045540797 0.142976588629 0.0142314990512 0.0250836120401
0 0.594876660342 0.126254180602 0.011385199241 0.0217391304348
0 0.603889943074 0.114548494983 0.0123339658444 0.0217391304348
0 0.624288425047 0.0978260869565 0.00948766603416 0.0183946488294
0 0.623339658444 0.11872909699 0.0132827324478 0.0200668896321
0 0.639468690702 0.122909698997 0.011385199241 0.0217391304348
0 0.649430740038 0.102842809365 0.0104364326376 0.0284280936455
0 0.679316888046 0.121237458194 0.0151802656546 0.0284280936455
0 0.702561669829 0.0944816053512 0.0123339658444 0.0284280936455
0 0.492409867173 0.298494983278 0.0246679316888 0.0484949832776
0 0.571157495256 0.297658862876 0.0246679316888 0.0501672240803
0 0.607210626186 0.342809364548 0.0284629981025 0.056856187291
0 0.678842504744 0.352842809365 0.0237191650854 0.0535117056856
0 0.575901328273 0.239130434783 0.0170777988615 0.0401337792642
0 0.613377609108 0.266722408027 0.0237191650854 0.0418060200669
0 0.615749525617 0.219063545151 0.0170777988615 0.0401337792642
0 0.657969639469 0.220735785953 0.0199240986717 0.0434782608696
0 0.657969639469 0.176421404682 0.0161290322581 0.0351170568562
0 0.700189753321 0.183946488294 0.0132827324478 0.0334448160535
0 0.685958254269 0.244983277592 0.022770398482 0.0451505016722
0 0.718690702087 0.296822742475 0.0218216318786 0.0418060200669
0 0.790796963947 0.288461538462 0.0199240986717 0.0484949832776
0 0.696869070209 0.139632107023 0.0142314990512 0.0284280936455
0 0.715844402277 0.133779264214 0.0142314990512 0.0334448160535
0 0.740986717268 0.158862876254 0.0151802656546 0.0334448160535
0 0.713472485769 0.213210702341 0.0189753320683 0.0351170568562
0 0.761859582543 0.239130434783 0.0208728652751 0.0501672240803
0 0.754743833017 0.180602006689 0.0161290322581 0.0334448160535
0 0.76660341556 0.16220735786 0.0151802656546 0.0301003344482
0 0.754269449715 0.142976588629 0.011385199241 0.0317725752508
0 0.746679316888 0.111204013378 0.0151802656546 0.0284280936455
0 0.761385199241 0.0994983277592 0.0142314990512 0.0284280936455
0 0.769924098672 0.126254180602 0.0142314990512 0.0284280936455
0 0.806925996205 0.136287625418 0.0142314990512 0.0284280936455
0 0.798861480076 0.11872909699 0.0132827324478 0.0301003344482
0 0.821631878558 0.123745819398 0.0132827324478 0.0234113712375
0 0.824003795066 0.154682274247 0.0123339658444 0.0284280936455
0 0.80834914611 0.182274247492 0.0189753320683 0.0367892976589
0 0.876185958254 0.224080267559 0.0180265654649 0.0401337792642
0 0.942599620493 0.276755852843 0.0199240986717 0.0418060200669
0 0.886622390892 0.1872909699 0.0161290322581 0.0367892976589
0 0.8610056926 0.191471571906 0.0161290322581 0.0384615384615
0 0.862903225806 0.154682274247 0.0142314990512 0.0317725752508
0 0.838709677419 0.133779264214 0.0151802656546 0.0267558528428
0 0.879506641366 0.119565217391 0.0151802656546 0.0250836120401
0 0.879981024668 0.152173913043 0.0104364326376 0.0234113712375
0 0.905123339658 0.175585284281 0.011385199241 0.0267558528428
0 0.902277039848 0.160535117057 0.011385199241 0.0267558528428
0 0.907020872865 0.127090301003 0.011385199241 0.0234113712375
0 0.945445920304 0.165551839465 0.0142314990512 0.0367892976589
0 0.94165085389 0.153846153846 0.0123339658444 0.0267558528428
