0 0.0493027888446 0.26247848537 0.0129482071713 0.0292598967298
0 0.298306772908 0.163511187608 0.0169322709163 0.0309810671256
0 0.418326693227 0.226333907057 0.0199203187251 0.0361445783133
0 0.457171314741 0.228915662651 0.0199203187251 0.0378657487091
0 0.57171314741 0.164371772806 0.0159362549801 0.025817555938
0 0.571215139442 0.192771084337 0.0169322709163 0.0344234079174
0 0.633964143426 0.223752151463 0.0209163346614 0.0413080895009
0 0.631474103586 0.265060240964 0.0219123505976 0.0447504302926
0 0.678784860558 0.175559380379 0.0169322709163 0.0378657487091
0 0.68874501992 0.224612736661 0.0189243027888 0.0430292598967
0 0.948705179283 0.238382099828 0.0189243027888 0.039586919105
