0 0.210463258786 0.421418636996 0.0407348242812 0.086230876217
0 0.277555910543 0.255215577191 0.0231629392971 0.0458970792768
0 0.291932907348 0.25173852573 0.0183706070288 0.0417246175243
0 0.310303514377 0.261474269819 0.0183706070288 0.0417246175243
0 0.326277955272 0.28511821975 0.0247603833866 0.0584144645341
0 0.319888178914 0.219749652295 0.0183706070288 0.0361613351878
0 0.349041533546 0.218358831711 0.017571884984 0.0417246175243
0 0.404552715655 0.267732962448 0.0215654952077 0.0458970792768
0 0.434504792332 0.264255910987 0.0239616613419 0.0500695410292
0 0.44249201278 0.220445062587 0.0223642172524 0.0486787204451
0 0.404952076677 0.185674547983 0.0191693290735 0.0375521557719
0 0.421725239617 0.175938803894 0.0159744408946 0.029207232267
0 0.483226837061 0.234353268428 0.0239616613419 0.0458970792768
0 0.421725239617 0.232267037552 0.017571884984 0.0305980528512
0 0.446485623003 0.158553546592 0.017571884984 0.0361613351878
0 0.457268370607 0.147426981919 0.0119808306709 0.0250347705146
0 0.470447284345 0.163421418637 0.0159744408946 0.0347705146036
0 0.482428115016 0.19471488178 0.0143769968051 0.0305980528512
0 0.499201277955 0.212100139082 0.0143769968051 0.0319888734353
0 0.491214057508 0.136995827538 0.0127795527157 0.0264255910987
0 0.498402555911 0.125869262865 0.0111821086262 0.0264255910987
0 0.514376996805 0.143254520167 0.0127795527157 0.0250347705146
0 0.539536741214 0.136995827538 0.0151757188498 0.0319888734353
0 0.547523961661 0.175243393602 0.0167731629393 0.0389429763561
0 0.533546325879 0.198887343533 0.0191693290735 0.0389429763561
0 0.559904153355 0.142559109875 0.017571884984 0.0375521557719
0 0.579073482428 0.167593880389 0.0191693290735 0.0347705146036
0 0.592651757188 0.152990264256 0.0143769968051 0.0333796940195
0 0.590255591054 0.119610570236 0.0159744408946 0.0278164116829
0 0.59624600639 0.0994436717663 0.0135782747604 0.0264255910987
0 0.617012779553 0.15090403338 0.0183706070288 0.0347705146036
0 0.658546325879 0.120305980529 0.0151757188498 0.029207232267
0 0.671725239617 0.124478442281 0.0143769968051 0.0319888734353
0 0.565095846645 0.255910987483 0.0311501597444 0.0584144645341
0 0.551916932907 0.301808066759 0.0367412140575 0.0556328233658
0 0.503194888179 0.299026425591 0.0271565495208 0.0472878998609
0 0.61142172524 0.247566063978 0.0247603833866 0.0472878998609
0 0.632587859425 0.210709318498 0.0223642172524 0.0514603616134
0 0.661741214058 0.210013908206 0.0247603833866 0.0417246175243
0 0.656549520767 0.180111265647 0.017571884984 0.0375521557719
0 0.658546325879 0.257301808067 0.0279552715655 0.0472878998609
0 0.700878594249 0.308066759388 0.0279552715655 0.076495132128
0 0.730031948882 0.280945757997 0.0287539936102 0.0556328233658
0 0.775159744409 0.329624478442 0.0359424920128 0.0695410292072
0 0.718450479233 0.21488178025 0.0247603833866 0.0458970792768
0 0.72124600639 0.182892906815 0.0191693290735 0.0375521557719
0 0.692092651757 0.168984700974 0.0199680511182 0.0403337969402
0 0.741214057508 0.152990264256 0.017571884984 0.0361613351878
0 0.749201277955 0.180111265647 0.0191693290735 0.0431154381085
0 0.766373801917 0.164116828929 0.0151757188498 0.0333796940195
0 0.764776357827 0.13769123783 0.0151757188498 0.0333796940195
0 0.783546325879 0.143254520167 0.0159744408946 0.0361613351878
0 0.803115015974 0.138386648122 0.0151757188498 0.0347705146036
0 0.813498402556 0.180806675939 0.0183706070288 0.0389429763561
0 0.786341853035 0.215577190542 0.0199680511182 0.0361613351878
0 0.759185303514 0.239221140473 0.0215654952077 0.0417246175243
0 0.80910543131 0.277468706537 0.0287539936102 0.0625869262865
0 0.860623003195 0.30876216968 0.0311501597444 0.0639777468707
0 0.88178913738 0.260083449235 0.0223642172524 0.0528511821975
0 0.922923322684 0.279554937413 0.026357827476 0.0584144645341
0 0.893370607029 0.200973574409 0.0183706070288 0.0403337969402
0 0.884584664537 0.221835883171 0.0199680511182 0.0458970792768
0 0.836661341853 0.234353268428 0.026357827476 0.0431154381085
0 0.849440894569 0.198191933241 0.0199680511182 0.0431154381085
0 0.843051118211 0.138386648122 0.0151757188498 0.0375521557719
0 0.880191693291 0.146036161335 0.0143769968051 0.0361613351878
