0 0.0492495309568 0.370184254606 0.0253283302064 0.0469011725293
0 0.263133208255 0.247906197655 0.015947467167 0.036850921273
0 0.272983114447 0.262144053601 0.0187617260788 0.035175879397
0 0.325046904315 0.242881072027 0.015947467167 0.036850921273
0 0.350375234522 0.262144053601 0.0215759849906 0.0418760469012
0 0.341932457786 0.247906197655 0.0178236397749 0.0335008375209
0 0.325046904315 0.211055276382 0.0140712945591 0.0301507537688
0 0.343339587242 0.20770519263 0.0131332082552 0.0335008375209
0 0.354596622889 0.225293132328 0.015009380863 0.035175879397
0 0.357410881801 0.192629815745 0.015009380863 0.0335008375209
0 0.380393996248 0.188442211055 0.0178236397749 0.035175879397
0 0.399624765478 0.214405360134 0.0168855534709 0.036850921273
0 0.386960600375 0.257118927973 0.0215759849906 0.0418760469012
0 0.405722326454 0.258793969849 0.0234521575985 0.0485762144054
0 0.419324577861 0.187604690117 0.015009380863 0.036850921273
0 0.447936210131 0.190117252931 0.015947467167 0.035175879397
0 0.454971857411 0.226968174204 0.0168855534709 0.0418760469012
0 0.468105065666 0.230318257956 0.0225140712946 0.0452261306533
0 0.483583489681 0.194304857621 0.0215759849906 0.0402010050251
0 0.475140712946 0.164154103853 0.0178236397749 0.036850921273
0 0.458724202627 0.151591289782 0.015009380863 0.0318257956449
0 0.484052532833 0.133165829146 0.0112570356473 0.0251256281407
0 0.493433395872 0.153266331658 0.015009380863 0.0284757118928
0 0.510318949343 0.160804020101 0.015009380863 0.0335008375209
0 0.512195121951 0.189279731993 0.0187617260788 0.036850921273
0 0.532833020638 0.186767169179 0.0187617260788 0.0452261306533
0 0.550656660413 0.158291457286 0.015009380863 0.0318257956449
0 0.564727954972 0.147403685092 0.0131332082552 0.0268006700168
0 0.578330206379 0.161641541039 0.0178236397749 0.0385259631491
0 0.558630393996 0.119765494137 0.015947467167 0.0284757118928
0 0.500938086304 0.288944723618 0.0262664165103 0.0552763819095
0 0.553470919325 0.236180904523 0.0225140712946 0.0569514237856
0 0.583958724203 0.284757118928 0.0272045028143 0.0603015075377
0 0.599437148218 0.277219430486 0.0243902439024 0.0519262981575
0 0.588649155722 0.145728643216 0.015947467167 0.0301507537688
0 0.603189493433 0.132328308208 0.0131332082552 0.0268006700168
0 0.59756097561 0.119765494137 0.0112570356473 0.0217755443886
0 0.608348968105 0.113065326633 0.0121951219512 0.0251256281407
0 0.618667917448 0.143216080402 0.0140712945591 0.0251256281407
0 0.639774859287 0.137353433836 0.015009380863 0.0301507537688
0 0.643058161351 0.115577889447 0.0140712945591 0.0268006700168
0 0.676360225141 0.110552763819 0.0168855534709 0.0301507537688
0 0.680581613508 0.144891122278 0.0140712945591 0.0318257956449
0 0.647279549719 0.179229480737 0.0206378986867 0.0335008375209
0 0.649624765478 0.19932998325 0.0215759849906 0.0402010050251
0 0.617729831144 0.206030150754 0.0196998123827 0.0402010050251
0 0.674015009381 0.251256281407 0.0234521575985 0.0469011725293
0 0.630393996248 0.302345058626 0.0337711069418 0.0653266331658
0 0.716228893058 0.291457286432 0.0253283302064 0.0636515912898
0 0.706848030019 0.226130653266 0.0196998123827 0.0502512562814
0 0.700750469043 0.176716917923 0.0168855534709 0.0385259631491
0 0.718105065666 0.167504187605 0.0178236397749 0.0402010050251
0 0.704971857411 0.141541038526 0.0178236397749 0.0385259631491
0 0.734990619137 0.118927973199 0.015947467167 0.0335008375209
0 0.731238273921 0.19932998325 0.0196998123827 0.0469011725293
0 0.756097560976 0.234505862647 0.0225140712946 0.0536013400335
0 0.770637898687 0.259631490787 0.0272045028143 0.0536013400335
0 0.766885553471 0.202680067002 0.0215759849906 0.0469011725293
0 0.743902439024 0.174204355109 0.0168855534709 0.036850921273
0 0.763133208255 0.159128978224 0.0178236397749 0.0402010050251
0 0.762664165103 0.125628140704 0.0168855534709 0.0268006700168
0 0.777673545966 0.136515912898 0.0168855534709 0.0385259631491
0 0.797373358349 0.162479061977 0.0168855534709 0.0435510887772
0 0.833489681051 0.205192629816 0.0215759849906 0.0552763819095
0 0.846622889306 0.149916247906 0.015947467167 0.0385259631491
0 0.833020637899 0.153266331658 0.015009380863 0.035175879397
0 0.883677298311 0.169179229481 0.0168855534709 0.0335008375209
0 0.889774859287 0.15242881072 0.0140712945591 0.0301507537688
0 0.901031894934 0.186767169179 0.0140712945591 0.0318257956449
0 0.889305816135 0.209380234506 0.0168855534709 0.0435510887772
0 0.84287054409 0.270519262982 0.0234521575985 0.0485762144054
0 0.84756097561 0.317420435511 0.0253283302064 0.0686767169179
0 0.916041275797 0.256281407035 0.0178236397749 0.0502512562814
0 0.914634146341 0.216917922948 0.0187617260788 0.0385259631491
