0 0.401821060966 0.285413744741 0.0229612034838 0.0518934081346
0 0.346793349169 0.216690042076 0.0158353127474 0.0266479663394
0 0.302850356295 0.230014025245 0.0166270783848 0.0308555399719
0 0.460411718131 0.161991584853 0.0134600158353 0.0238429172511
0 0.485352335709 0.195652173913 0.0158353127474 0.0322580645161
0 0.566904196358 0.165497896213 0.0174188440222 0.0364656381487
0 0.553840063341 0.122019635344 0.0118764845606 0.0252454417952
0 0.868566904196 0.138148667602 0.0110847189232 0.0266479663394
0 0.89469517023 0.134642356241 0.0110847189232 0.0308555399719
0 0.803246239113 0.397615708275 0.0308788598575 0.0659186535764
