0 0.408671586716 0.204849498328 0.0166051660517 0.0317725752508
0 0.557656826568 0.148829431438 0.0212177121771 0.056856187291
0 0.619926199262 0.117056856187 0.0166051660517 0.0301003344482
0 0.637453874539 0.127926421405 0.0166051660517 0.0317725752508
0 0.645756457565 0.102842809365 0.0129151291513 0.0284280936455
0 0.743081180812 0.129598662207 0.0156826568266 0.0250836120401
0 0.761070110701 0.135451505017 0.0147601476015 0.0301003344482
0 0.818726937269 0.253344481605 0.0230627306273 0.0451505016722
0 0.880535055351 0.240802675585 0.0175276752768 0.0501672240803
0 0.906365313653 0.240802675585 0.0175276752768 0.0501672240803
