0 0.11645021645 0.555312954876 0.038961038961 0.080058224163
0 0.220346320346 0.346433770015 0.0199134199134 0.0349344978166
0 0.258008658009 0.351528384279 0.0190476190476 0.0393013100437
0 0.277056277056 0.380640465793 0.0207792207792 0.0451237263464
0 0.279653679654 0.312954876274 0.0190476190476 0.0349344978166
0 0.331168831169 0.363901018923 0.0233766233766 0.0524017467249
0 0.351948051948 0.334061135371 0.0199134199134 0.0363901018923
0 0.349783549784 0.299854439592 0.017316017316 0.0320232896652
0 0.380519480519 0.350072780204 0.0233766233766 0.0451237263464
0 0.413852813853 0.335516739447 0.0242424242424 0.0422125181951
0 0.445887445887 0.338427947598 0.0225108225108 0.0393013100437
0 0.405194805195 0.298398835517 0.0190476190476 0.0320232896652
0 0.390476190476 0.264192139738 0.017316017316 0.0305676855895
0 0.427272727273 0.259825327511 0.0147186147186 0.0305676855895
0 0.448484848485 0.2634643377 0.017316017316 0.0349344978166
0 0.470562770563 0.270014556041 0.0164502164502 0.0305676855895
0 0.480086580087 0.315138282387 0.021645021645 0.0363901018923
0 0.509523809524 0.327510917031 0.021645021645 0.0407569141194
0 0.462770562771 0.248180494905 0.012987012987 0.0305676855895
0 0.471428571429 0.238719068413 0.0147186147186 0.0232896652111
0 0.512987012987 0.266375545852 0.0181818181818 0.0291120815138
0 0.527705627706 0.277292576419 0.0181818181818 0.0334788937409
0 0.560606060606 0.288937409025 0.0233766233766 0.0451237263464
0 0.539393939394 0.249636098981 0.0207792207792 0.0334788937409
0 0.564069264069 0.232168850073 0.0164502164502 0.0334788937409
0 0.579653679654 0.225618631732 0.012987012987 0.0262008733624
0 0.585281385281 0.229257641921 0.0121212121212 0.0276564774381
0 0.595238095238 0.238719068413 0.0147186147186 0.0262008733624
0 0.590909090909 0.268558951965 0.0181818181818 0.0334788937409
0 0.613852813853 0.258369723435 0.017316017316 0.0334788937409
0 0.610822510823 0.224163027656 0.0164502164502 0.0291120815138
0 0.616883116883 0.210334788937 0.012987012987 0.0305676855895
0 0.639826839827 0.216885007278 0.0138528138528 0.0291120815138
0 0.651948051948 0.225618631732 0.0155844155844 0.0320232896652
0 0.658008658009 0.248180494905 0.0155844155844 0.0276564774381
0 0.688311688312 0.230713245997 0.0155844155844 0.0305676855895
0 0.68658008658 0.211790393013 0.0138528138528 0.0247452692868
0 0.699567099567 0.229257641921 0.0138528138528 0.0305676855895
0 0.685714285714 0.281659388646 0.0190476190476 0.0363901018923
0 0.649350649351 0.303493449782 0.0190476190476 0.0422125181951
0 0.612554112554 0.330422125182 0.0268398268398 0.0524017467249
0 0.545021645022 0.361717612809 0.0268398268398 0.0538573508006
0 0.483982683983 0.412663755459 0.0329004329004 0.0684133915575
0 0.554978354978 0.409024745269 0.0363636363636 0.0553129548763
0 0.615584415584 0.385735080058 0.025974025974 0.0553129548763
0 0.606926406926 0.459243085881 0.0329004329004 0.0684133915575
0 0.648917748918 0.478165938865 0.038961038961 0.0742358078603
0 0.668831168831 0.369723435226 0.0268398268398 0.061135371179
0 0.705194805195 0.36826783115 0.0233766233766 0.0524017467249
0 0.698701298701 0.32096069869 0.0190476190476 0.0393013100437
0 0.719480519481 0.302037845706 0.017316017316 0.0393013100437
0 0.721645021645 0.256186317322 0.0147186147186 0.0291120815138
0 0.750649350649 0.255458515284 0.0190476190476 0.0334788937409
0 0.762337662338 0.241630276565 0.0147186147186 0.0291120815138
0 0.793506493506 0.264919941776 0.0147186147186 0.0262008733624
0 0.802164502165 0.239446870451 0.0164502164502 0.0334788937409
0 0.802597402597 0.288937409025 0.017316017316 0.0334788937409
0 0.833333333333 0.248908296943 0.0164502164502 0.037845705968
0 0.830735930736 0.299126637555 0.0181818181818 0.0393013100437
0 0.837229437229 0.366084425036 0.025974025974 0.0480349344978
0 0.806493506494 0.435225618632 0.0268398268398 0.061135371179
0 0.737229437229 0.410480349345 0.0320346320346 0.0582241630277
0 0.719480519481 0.540756914119 0.0398268398268 0.0771470160116
0 0.840692640693 0.518922852984 0.0329004329004 0.0742358078603
0 0.865367965368 0.47962154294 0.030303030303 0.0655021834061
0 0.884415584416 0.401746724891 0.0251082251082 0.0582241630277
0 0.897402597403 0.340611353712 0.0199134199134 0.0436681222707
0 0.868831168831 0.329694323144 0.021645021645 0.0393013100437
0 0.870562770563 0.275109170306 0.0147186147186 0.0320232896652
0 0.865367965368 0.258369723435 0.0147186147186 0.0276564774381
0 0.884848484848 0.279475982533 0.0138528138528 0.0320232896652
0 0.905627705628 0.259825327511 0.0138528138528 0.0305676855895
0 0.924242424242 0.29403202329 0.0147186147186 0.0349344978166
0 0.91341991342 0.325327510917 0.0155844155844 0.0393013100437
0 0.941558441558 0.331877729258 0.0164502164502 0.0349344978166
0 0.940692640693 0.308588064047 0.012987012987 0.0320232896652
0 0.963636363636 0.31077147016 0.0138528138528 0.0334788937409
0 0.967965367965 0.280931586608 0.0155844155844 0.0320232896652
0 0.959307359307 0.358806404658 0.0190476190476 0.0451237263464
0 0.950216450216 0.472343522562 0.0320346320346 0.0742358078603
