0 0.139192598823 0.542022792023 0.0462573591253 0.0783475783476
0 0.231286795627 0.354700854701 0.0168208578638 0.034188034188
0 0.287216148024 0.331196581197 0.0176619007569 0.0327635327635
0 0.252312867956 0.403133903134 0.0185029436501 0.034188034188
0 0.29015979815 0.384615384615 0.0185029436501 0.039886039886
0 0.341463414634 0.375356125356 0.0185029436501 0.0413105413105
0 0.358704793944 0.342592592593 0.0159798149706 0.0299145299145
0 0.356602186712 0.316239316239 0.0117746005046 0.025641025641
0 0.397813288478 0.280626780627 0.013456686291 0.031339031339
0 0.412531539108 0.289886039886 0.0159798149706 0.0270655270655
0 0.414213624895 0.348290598291 0.0193439865433 0.0356125356125
0 0.448275862069 0.353276353276 0.0185029436501 0.042735042735
0 0.441547518923 0.296296296296 0.0168208578638 0.02849002849
0 0.468460891505 0.286324786325 0.0151387720774 0.034188034188
0 0.491589571068 0.288461538462 0.0159798149706 0.0384615384615
0 0.471825063078 0.324786324786 0.0151387720774 0.034188034188
0 0.509671993272 0.342592592593 0.0235492010093 0.0384615384615
0 0.533221194281 0.297008547009 0.013456686291 0.0299145299145
0 0.526913372582 0.267094017094 0.0193439865433 0.0213675213675
0 0.554247266611 0.266381766382 0.0117746005046 0.02849002849
0 0.566021867115 0.297720797721 0.0168208578638 0.034188034188
0 0.576114381833 0.231481481481 0.0117746005046 0.0242165242165
0 0.585786375105 0.281339031339 0.0176619007569 0.0327635327635
0 0.611017661901 0.277065527066 0.0193439865433 0.0270655270655
0 0.622371740959 0.232193732194 0.013456686291 0.02849002849
0 0.648864592094 0.270655270655 0.0142977291842 0.025641025641
0 0.682926829268 0.224358974359 0.013456686291 0.0213675213675
0 0.698065601346 0.240028490028 0.0117746005046 0.0299145299145
0 0.489066442389 0.418091168091 0.0260723296888 0.0612535612536
0 0.547518923465 0.371082621083 0.0218671152229 0.0498575498575
0 0.53574432296 0.442307692308 0.0252312867956 0.0641025641026
0 0.611438183347 0.344729344729 0.0201850294365 0.045584045584
0 0.630361648444 0.383190883191 0.0227081581161 0.0569800569801
0 0.605550883095 0.47150997151 0.026913372582 0.0769230769231
0 0.646761984861 0.487891737892 0.0285954583684 0.0698005698006
0 0.658116063919 0.355413105413 0.0176619007569 0.0470085470085
0 0.645920941968 0.314102564103 0.0185029436501 0.0356125356125
0 0.683347350715 0.290598290598 0.0176619007569 0.034188034188
0 0.705634987384 0.30698005698 0.0168208578638 0.0413105413105
0 0.719512195122 0.267094017094 0.0142977291842 0.0384615384615
0 0.702270815812 0.371794871795 0.0235492010093 0.0541310541311
0 0.670731707317 0.39245014245 0.0277544154752 0.0527065527066
0 0.735071488646 0.419515669516 0.0319596299411 0.0584045584046
0 0.719512195122 0.527065527066 0.0412111017662 0.0769230769231
0 0.751471825063 0.250712250712 0.0126156433978 0.017094017094
0 0.756518082422 0.282051282051 0.0193439865433 0.02849002849
0 0.798990748528 0.25641025641 0.013456686291 0.022792022792
0 0.800672834315 0.27849002849 0.0117746005046 0.0299145299145
0 0.793103448276 0.299857549858 0.0151387720774 0.0356125356125
0 0.82590412111 0.257834757835 0.013456686291 0.022792022792
0 0.837258200168 0.292735042735 0.0193439865433 0.0327635327635
0 0.789318755257 0.447293447293 0.0227081581161 0.0598290598291
0 0.828006728343 0.37962962963 0.0210260723297 0.0498575498575
0 0.843145500421 0.356837606838 0.0193439865433 0.0413105413105
0 0.860386879731 0.338319088319 0.0151387720774 0.0356125356125
0 0.873843566022 0.294871794872 0.0168208578638 0.037037037037
0 0.896551724138 0.273504273504 0.0151387720774 0.039886039886
0 0.888561816653 0.353276353276 0.0176619007569 0.045584045584
0 0.874684608915 0.410968660969 0.0235492010093 0.0555555555556
0 0.853238015139 0.469373219373 0.0328006728343 0.0584045584046
0 0.855761143818 0.527777777778 0.0344827586207 0.0669515669516
0 0.929352396972 0.472934472934 0.0319596299411 0.0655270655271
0 0.910008410429 0.339743589744 0.0185029436501 0.0384615384615
0 0.913372582002 0.297008547009 0.0117746005046 0.0327635327635
0 0.930193439865 0.339031339031 0.0151387720774 0.037037037037
0 0.942809083263 0.388176638177 0.0201850294365 0.0470085470085
0 0.956686291001 0.30056980057 0.0142977291842 0.025641025641
0 0.38393608074 0.362535612536 0.0176619007569 0.0384615384615
0 0.834314550042 0.327635327635 0.0185029436501 0.037037037037
0 0.950378469302 0.326923076923 0.013456686291 0.0299145299145
