0 0.326756496631 0.181506849315 0.0182868142445 0.0376712328767
0 0.422040423484 0.225171232877 0.0221366698749 0.0428082191781
0 0.534648700674 0.134417808219 0.0105871029836 0.0291095890411
0 0.547641963426 0.142123287671 0.0115495668912 0.0342465753425
0 0.481231953802 0.313356164384 0.0269489894129 0.0513698630137
0 0.532242540905 0.327910958904 0.0250240615977 0.0496575342466
0 0.599133782483 0.271404109589 0.0298363811357 0.0496575342466
0 0.671799807507 0.340753424658 0.0404234841193 0.0719178082192
0 0.756015399423 0.323630136986 0.0298363811357 0.0582191780822
0 0.921077959577 0.156678082192 0.0153994225217 0.0325342465753
