0 0.377622377622 0.175052410901 0.016317016317 0.0272536687631
0 0.411421911422 0.174004192872 0.016317016317 0.0335429769392
0 0.418997668998 0.153039832285 0.0128205128205 0.0293501048218
0 0.437645687646 0.167714884696 0.0151515151515 0.0293501048218
0 0.452214452214 0.168763102725 0.013986013986 0.0314465408805
0 0.459207459207 0.14465408805 0.013986013986 0.0251572327044
0 0.473776223776 0.154088050314 0.0128205128205 0.0314465408805
0 0.481934731935 0.181341719078 0.0174825174825 0.0356394129979
0 0.483682983683 0.148846960168 0.013986013986 0.0335429769392
0 0.497086247086 0.124737945493 0.0128205128205 0.0272536687631
0 0.507575757576 0.140461215933 0.0151515151515 0.0251572327044
0 0.520979020979 0.126834381551 0.011655011655 0.0272536687631
0 0.505244755245 0.181341719078 0.0174825174825 0.0356394129979
0 0.541958041958 0.147798742138 0.013986013986 0.0314465408805
0 0.557692307692 0.115303983229 0.0128205128205 0.0251572327044
0 0.56993006993 0.141509433962 0.016317016317 0.0314465408805
0 0.58041958042 0.11215932914 0.011655011655 0.0314465408805
0 0.596736596737 0.123689727463 0.016317016317 0.0335429769392
0 0.597902097902 0.156184486373 0.013986013986 0.0314465408805
0 0.611888111888 0.0995807127883 0.011655011655 0.0230607966457
0 0.627622377622 0.136268343816 0.0151515151515 0.0335429769392
0 0.653263403263 0.103773584906 0.0104895104895 0.0272536687631
0 0.656177156177 0.122641509434 0.011655011655 0.0230607966457
0 0.670745920746 0.11320754717 0.0151515151515 0.0293501048218
0 0.620629370629 0.221174004193 0.0221445221445 0.0440251572327
0 0.683566433566 0.314465408805 0.0407925407925 0.0922431865828
0 0.672494172494 0.223270440252 0.020979020979 0.0440251572327
0 0.678904428904 0.1928721174 0.0151515151515 0.041928721174
0 0.69289044289 0.175052410901 0.0198135198135 0.0440251572327
0 0.70979020979 0.194968553459 0.02331002331 0.0545073375262
0 0.698717948718 0.237945492662 0.0268065268065 0.0607966457023
0 0.731934731935 0.176100628931 0.013986013986 0.0335429769392
0 0.727855477855 0.14570230608 0.0174825174825 0.0272536687631
0 0.72668997669 0.0849056603774 0.0128205128205 0.0356394129979
0 0.706293706294 0.122641509434 0.013986013986 0.0272536687631
0 0.752331002331 0.129979035639 0.0151515151515 0.0377358490566
0 0.766317016317 0.131027253669 0.0128205128205 0.0314465408805
0 0.769813519814 0.183438155136 0.0151515151515 0.0356394129979
0 0.776223776224 0.156184486373 0.013986013986 0.0314465408805
0 0.79662004662 0.162473794549 0.0151515151515 0.0356394129979
0 0.80710955711 0.151991614256 0.0174825174825 0.0314465408805
0 0.820512820513 0.137316561845 0.013986013986 0.0314465408805
0 0.826923076923 0.184486373166 0.0151515151515 0.0377358490566
0 0.796037296037 0.203354297694 0.020979020979 0.0377358490566
0 0.874125874126 0.267295597484 0.018648018648 0.0524109014675
0 0.898601398601 0.206498951782 0.016317016317 0.0356394129979
0 0.911421911422 0.17819706499 0.018648018648 0.041928721174
0 0.927156177156 0.232704402516 0.0198135198135 0.0377358490566
0 0.932983682984 0.211740041929 0.0174825174825 0.0293501048218
0 0.932400932401 0.184486373166 0.011655011655 0.0293501048218
0 0.959207459207 0.127882599581 0.016317016317 0.0335429769392
