0 0.0126903553299 0.462790697674 0.0236886632826 0.0480620155039
0 0.236886632826 0.361240310078 0.0152284263959 0.0341085271318
0 0.263959390863 0.397674418605 0.0169204737733 0.0418604651163
0 0.299492385787 0.397674418605 0.0169204737733 0.0418604651163
0 0.299492385787 0.318604651163 0.0152284263959 0.0387596899225
0 0.340947546531 0.376744186047 0.0219966159052 0.0496124031008
0 0.365905245347 0.348062015504 0.0143824027073 0.0294573643411
0 0.396362098139 0.356589147287 0.0143824027073 0.031007751938
0 0.36717428088 0.310852713178 0.0169204737733 0.0325581395349
0 0.416666666667 0.35503875969 0.0143824027073 0.0403100775194
0 0.401438240271 0.280620155039 0.0109983079526 0.0217054263566
0 0.417089678511 0.284496124031 0.0152284263959 0.0201550387597
0 0.421319796954 0.321705426357 0.0152284263959 0.0325581395349
0 0.44627749577 0.327131782946 0.0160744500846 0.0217054263566
0 0.465736040609 0.370542635659 0.0177664974619 0.0372093023256
0 0.48730964467 0.33023255814 0.0118443316413 0.0248062015504
0 0.519035532995 0.350387596899 0.0160744500846 0.031007751938
0 0.442047377327 0.25503875969 0.0126903553299 0.0232558139535
0 0.456852791878 0.278294573643 0.0135363790186 0.0294573643411
0 0.489424703892 0.278294573643 0.0126903553299 0.0263565891473
0 0.488155668359 0.250387596899 0.0118443316413 0.0232558139535
0 0.479695431472 0.248837209302 0.010152284264 0.0232558139535
0 0.522842639594 0.280620155039 0.0118443316413 0.0341085271318
0 0.532994923858 0.293798449612 0.0135363790186 0.0294573643411
0 0.542724196277 0.265891472868 0.0126903553299 0.0232558139535
0 0.562182741117 0.259689922481 0.0143824027073 0.0325581395349
0 0.565989847716 0.304651162791 0.0152284263959 0.0325581395349
0 0.548223350254 0.379069767442 0.0219966159052 0.0449612403101
0 0.475465313029 0.440310077519 0.0253807106599 0.046511627907
0 0.559221658206 0.446511627907 0.0219966159052 0.0558139534884
0 0.57910321489 0.228682170543 0.0109983079526 0.0201550387597
0 0.593062605753 0.254263565891 0.0118443316413 0.0186046511628
0 0.597715736041 0.278294573643 0.0109983079526 0.0294573643411
0 0.618020304569 0.262790697674 0.0109983079526 0.0201550387597
0 0.619289340102 0.233333333333 0.010152284264 0.0263565891473
0 0.629018612521 0.217054263566 0.0126903553299 0.031007751938
0 0.644670050761 0.228682170543 0.0135363790186 0.0325581395349
0 0.657783417936 0.237209302326 0.0143824027073 0.0248062015504
0 0.663282571912 0.264341085271 0.0152284263959 0.0232558139535
0 0.695431472081 0.245736434109 0.0135363790186 0.0263565891473
0 0.688240270728 0.226356589147 0.0126903553299 0.0279069767442
0 0.71489001692 0.233333333333 0.0135363790186 0.0263565891473
0 0.613790186125 0.364341085271 0.0194585448393 0.0403100775194
0 0.609983079526 0.485271317829 0.0270727580372 0.0713178294574
0 0.617597292724 0.421705426357 0.0253807106599 0.046511627907
0 0.652284263959 0.327131782946 0.0169204737733 0.0403100775194
0 0.697123519459 0.286821705426 0.0152284263959 0.0372093023256
0 0.722081218274 0.264341085271 0.0126903553299 0.0294573643411
0 0.709813874788 0.324031007752 0.0186125211506 0.0372093023256
0 0.662859560068 0.372868217054 0.0177664974619 0.0325581395349
0 0.678087986464 0.402325581395 0.0245346869712 0.0449612403101
0 0.711082910321 0.377519379845 0.0211505922166 0.0418604651163
0 0.65820642978 0.500775193798 0.0304568527919 0.062015503876
0 0.723350253807 0.531782945736 0.0304568527919 0.077519379845
0 0.840524534687 0.551162790698 0.0279187817259 0.0635658914729
0 0.796531302876 0.478294573643 0.0279187817259 0.0542635658915
0 0.743231810491 0.441860465116 0.0228426395939 0.0527131782946
0 0.746192893401 0.308527131783 0.0135363790186 0.0279069767442
0 0.754653130288 0.272868217054 0.0135363790186 0.0279069767442
0 0.761421319797 0.248837209302 0.010152284264 0.0232558139535
0 0.77834179357 0.240310077519 0.0169204737733 0.0279069767442
0 0.782994923858 0.278294573643 0.0143824027073 0.0294573643411
0 0.801184433164 0.303875968992 0.0169204737733 0.0434108527132
0 0.804991539763 0.258139534884 0.0109983079526 0.0325581395349
0 0.81937394247 0.257364341085 0.0126903553299 0.0279069767442
0 0.844331641286 0.284496124031 0.0152284263959 0.0263565891473
0 0.840524534687 0.329457364341 0.0143824027073 0.0294573643411
0 0.834602368866 0.388372093023 0.0177664974619 0.0449612403101
0 0.886632825719 0.405426356589 0.0203045685279 0.0480620155039
0 0.872673434856 0.473643410853 0.0228426395939 0.0542635658915
0 0.939509306261 0.502325581395 0.0245346869712 0.0589147286822
0 0.963197969543 0.388372093023 0.0177664974619 0.0418604651163
0 0.867597292724 0.268217054264 0.0109983079526 0.031007751938
0 0.876480541455 0.296124031008 0.0135363790186 0.0279069767442
0 0.862098138748 0.362015503876 0.0186125211506 0.0449612403101
0 0.86421319797 0.332558139535 0.0126903553299 0.0294573643411
0 0.904399323181 0.379069767442 0.0169204737733 0.0449612403101
0 0.904399323181 0.331007751938 0.0135363790186 0.0263565891473
0 0.898900169205 0.272868217054 0.0109983079526 0.0279069767442
0 0.924703891709 0.293798449612 0.0118443316413 0.0356589147287
0 0.939509306261 0.352713178295 0.0143824027073 0.0387596899225
0 0.962774957699 0.327906976744 0.0118443316413 0.0232558139535
0 0.949661590525 0.328682170543 0.0093062605753 0.0248062015504
0 0.965736040609 0.296899224806 0.0093062605753 0.0232558139535
