0 0.0804552590267 0.50495049505 0.0447409733124 0.0763790664781
0 0.208398744113 0.356435643564 0.0196232339089 0.025459688826
0 0.246467817896 0.367043847242 0.0235478806907 0.032531824611
0 0.284929356358 0.369165487977 0.021978021978 0.033946251768
0 0.328492935636 0.369165487977 0.0259026687598 0.039603960396
0 0.282574568289 0.314002828854 0.0172684458399 0.02828854314
0 0.352825745683 0.300565770863 0.0274725274725 0.032531824611
0 0.344976452119 0.33946251768 0.0243328100471 0.033946251768
0 0.380690737834 0.330975954738 0.0172684458399 0.031117397454
0 0.401098901099 0.355021216407 0.0172684458399 0.039603960396
0 0.398351648352 0.309052333805 0.0196232339089 0.029702970297
0 0.431711145997 0.351485148515 0.0204081632653 0.032531824611
0 0.450156985871 0.419377652051 0.0180533751962 0.0551626591231
0 0.525510204082 0.408062234795 0.0259026687598 0.046676096181
0 0.56043956044 0.44342291372 0.021978021978 0.0551626591231
0 0.613814756672 0.458981612447 0.0298273155416 0.0579915134371
0 0.678178963893 0.526166902405 0.0235478806907 0.0735502121641
0 0.77590266876 0.545261669024 0.0337519623234 0.0664780763791
0 0.540423861852 0.351485148515 0.0227629513344 0.032531824611
0 0.489403453689 0.338048090523 0.0180533751962 0.036775106082
0 0.459576138148 0.309759547383 0.0164835164835 0.022630834512
0 0.430533751962 0.309759547383 0.0180533751962 0.033946251768
0 0.578100470958 0.327439886846 0.0227629513344 0.029702970297
0 0.649529042386 0.378359264498 0.0290423861852 0.041018387553
0 0.63579277865 0.340169731259 0.021978021978 0.032531824611
0 0.670722135008 0.350070721358 0.0259026687598 0.035360678925
0 0.715855572998 0.411598302687 0.0251177394035 0.0565770862801
0 0.764521193093 0.425035360679 0.0266875981162 0.0523338048091
0 0.771978021978 0.364214992928 0.0227629513344 0.043847241867
0 0.813971742543 0.444837340877 0.0251177394035 0.0579915134371
0 0.87715855573 0.477369165488 0.0164835164835 0.0551626591231
0 0.889717425432 0.402404526167 0.0259026687598 0.046676096181
0 0.831632653061 0.381188118812 0.0211930926217 0.049504950495
0 0.849293563579 0.357850070721 0.0204081632653 0.036775106082
0 0.817111459969 0.317538896747 0.021978021978 0.035360678925
0 0.795918367347 0.346534653465 0.0188383045526 0.04243281471
0 0.774332810047 0.311881188119 0.0259026687598 0.041018387553
0 0.733908948195 0.29702970297 0.0251177394035 0.039603960396
0 0.700941915228 0.292079207921 0.0188383045526 0.032531824611
0 0.706436420722 0.263083451202 0.0172684458399 0.02828854314
0 0.682496075353 0.263083451202 0.0164835164835 0.031117397454
0 0.654631083203 0.272277227723 0.0172684458399 0.026874115983
0 0.61420722135 0.250353606789 0.0164835164835 0.022630834512
0 0.613422291994 0.302687411598 0.0164835164835 0.036775106082
0 0.545918367347 0.280056577086 0.0180533751962 0.022630834512
0 0.559654631083 0.258132956153 0.0125588697017 0.026874115983
0 0.542386185243 0.220650636492 0.0156985871272 0.033946251768
0 0.513343799058 0.279349363508 0.0172684458399 0.032531824611
0 0.481946624804 0.269448373409 0.0172684458399 0.029702970297
0 0.461538461538 0.270862800566 0.0204081632653 0.032531824611
0 0.427001569859 0.274398868458 0.0204081632653 0.036775106082
0 0.40306122449 0.268033946252 0.0117739403454 0.026874115983
0 0.388147566719 0.256011315417 0.0180533751962 0.039603960396
0 0.44191522763 0.256011315417 0.0156985871272 0.02828854314
0 0.593014128728 0.210749646393 0.0117739403454 0.02828854314
0 0.607142857143 0.219943422914 0.0102040816327 0.024045261669
0 0.651491365777 0.236209335219 0.0125588697017 0.031117397454
0 0.663265306122 0.229137199434 0.0125588697017 0.031117397454
0 0.755102040816 0.243281471004 0.0125588697017 0.031117397454
0 0.826138147567 0.269448373409 0.0180533751962 0.035360678925
0 0.808477237049 0.265205091938 0.0141287284144 0.035360678925
0 0.57967032967 0.258840169731 0.0164835164835 0.025459688826
0 0.494113029827 0.25954738331 0.0102040816327 0.026874115983
0 0.863422291994 0.336633663366 0.0141287284144 0.031117397454
0 0.896781789639 0.367043847242 0.0164835164835 0.035360678925
0 0.899921507064 0.318246110325 0.0149136577708 0.031117397454
0 0.865777080063 0.306223479491 0.0156985871272 0.024045261669
0 0.844976452119 0.264497878359 0.0133437990581 0.031117397454
0 0.900313971743 0.286421499293 0.0172684458399 0.032531824611
0 0.722135007849 0.241867043847 0.0156985871272 0.036775106082
0 0.631868131868 0.223479490806 0.010989010989 0.02828854314
0 0.518053375196 0.258132956153 0.0156985871272 0.035360678925
0 0.458398744113 0.243281471004 0.0141287284144 0.031117397454
0 0.667189952904 0.328854314003 0.0188383045526 0.038189533239
0 0.789246467818 0.280763790665 0.0133437990581 0.038189533239
0 0.748037676609 0.270155586987 0.0156985871272 0.04243281471
