0 0.167144221585 0.499149659864 0.0343839541547 0.0799319727891
0 0.264087870105 0.268707482993 0.0162368672397 0.0272108843537
0 0.301814708691 0.266156462585 0.0191021967526 0.0357142857143
0 0.320439350525 0.269557823129 0.0200573065903 0.0459183673469
0 0.338108882521 0.215136054422 0.0133715377268 0.0289115646259
0 0.362464183381 0.227040816327 0.018147086915 0.0255102040816
0 0.360076408787 0.208333333333 0.0152817574021 0.0255102040816
0 0.355300859599 0.269557823129 0.0210124164279 0.0391156462585
0 0.404966571156 0.263605442177 0.0191021967526 0.0374149659864
0 0.43935052531 0.260204081633 0.0210124164279 0.0408163265306
0 0.400668576886 0.222789115646 0.0162368672397 0.0340136054422
0 0.382521489971 0.182823129252 0.0124164278892 0.0255102040816
0 0.408309455587 0.186224489796 0.0143266475645 0.0289115646259
0 0.425501432665 0.191326530612 0.0143266475645 0.0323129251701
0 0.441738299904 0.202380952381 0.0143266475645 0.030612244898
0 0.454154727794 0.232142857143 0.0162368672397 0.0425170068027
0 0.478510028653 0.246598639456 0.0171919770774 0.0408163265306
0 0.486628462273 0.204931972789 0.018147086915 0.0289115646259
0 0.453199617956 0.159863945578 0.0143266475645 0.0272108843537
0 0.478032473734 0.162414965986 0.0162368672397 0.0255102040816
0 0.518624641834 0.198129251701 0.0152817574021 0.0289115646259
0 0.537249283668 0.209183673469 0.018147086915 0.0408163265306
0 0.550620821394 0.172619047619 0.0143266475645 0.0323129251701
0 0.533906399236 0.170918367347 0.0152817574021 0.0323129251701
0 0.502387774594 0.133503401361 0.0114613180516 0.0187074829932
0 0.589780324737 0.176870748299 0.0143266475645 0.030612244898
0 0.574976122254 0.151360544218 0.0133715377268 0.0238095238095
0 0.59264565425 0.14880952381 0.018147086915 0.0323129251701
0 0.580229226361 0.125 0.0124164278892 0.0289115646259
0 0.594555873926 0.125 0.0124164278892 0.0289115646259
0 0.621776504298 0.147108843537 0.0152817574021 0.0289115646259
0 0.612225405922 0.126700680272 0.0114613180516 0.0255102040816
0 0.621776504298 0.118197278912 0.0133715377268 0.0255102040816
0 0.648042024833 0.139455782313 0.0143266475645 0.030612244898
0 0.652817574021 0.12074829932 0.0124164278892 0.0272108843537
0 0.678605539637 0.125850340136 0.0124164278892 0.030612244898
0 0.50811843362 0.318027210884 0.0286532951289 0.047619047619
0 0.553008595989 0.312074829932 0.0248328557784 0.0527210884354
0 0.557784145177 0.256802721088 0.0210124164279 0.0408163265306
0 0.604584527221 0.350340136054 0.0286532951289 0.0578231292517
0 0.627507163324 0.210034013605 0.0191021967526 0.0323129251701
0 0.636103151862 0.263605442177 0.0248328557784 0.0442176870748
0 0.683381088825 0.252551020408 0.025787965616 0.0493197278912
0 0.660936007641 0.215986394558 0.0191021967526 0.0374149659864
0 0.671919770774 0.18112244898 0.0143266475645 0.0357142857143
0 0.712989493792 0.182823129252 0.0143266475645 0.0323129251701
0 0.710601719198 0.154761904762 0.0152817574021 0.0340136054422
0 0.73400191022 0.166666666667 0.0143266475645 0.030612244898
0 0.715377268386 0.224489795918 0.0171919770774 0.0408163265306
0 0.731136580707 0.270408163265 0.0238777459408 0.0544217687075
0 0.776981852913 0.243197278912 0.0200573065903 0.0510204081633
0 0.744508118434 0.207482993197 0.0162368672397 0.0408163265306
0 0.78223495702 0.163265306122 0.0133715377268 0.0340136054422
0 0.777936962751 0.130102040816 0.0124164278892 0.0255102040816
0 0.771251193887 0.156462585034 0.0124164278892 0.0272108843537
0 0.766475644699 0.119897959184 0.0124164278892 0.0255102040816
0 0.798949379179 0.16156462585 0.0124164278892 0.0272108843537
0 0.818051575931 0.172619047619 0.0200573065903 0.0357142857143
0 0.839541547278 0.130952380952 0.0133715377268 0.0340136054422
0 0.860076408787 0.190476190476 0.0143266475645 0.0340136054422
0 0.867717287488 0.165816326531 0.0124164278892 0.0323129251701
0 0.846227316141 0.211734693878 0.0152817574021 0.0391156462585
0 0.784622731614 0.311224489796 0.0276981852913 0.0544217687075
0 0.861986628462 0.34268707483 0.025787965616 0.0561224489796
0 0.876313276027 0.270408163265 0.0238777459408 0.0510204081633
0 0.931709646609 0.269557823129 0.0219675262655 0.0493197278912
0 0.935052531041 0.25 0.0210124164279 0.047619047619
0 0.908309455587 0.21768707483 0.0152817574021 0.0340136054422
0 0.900668576886 0.176870748299 0.0133715377268 0.0272108843537
0 0.917382999045 0.187074829932 0.0143266475645 0.0340136054422
0 0.907831900669 0.152210884354 0.0124164278892 0.0255102040816
