0 0.89118895966 0.155367231638 0.00955414012739 0.0244821092279
0 0.911889596603 0.164783427495 0.0106157112527 0.0244821092279
0 0.943205944798 0.183615819209 0.00955414012739 0.0244821092279
0 0.876857749469 0.170433145009 0.0106157112527 0.0282485875706
0 0.85881104034 0.181732580038 0.0106157112527 0.0282485875706
0 0.891719745223 0.238229755179 0.0127388535032 0.0282485875706
0 0.934182590234 0.236346516008 0.0106157112527 0.0320150659134
0 0.912951167728 0.274011299435 0.0148619957537 0.0357815442561
0 0.918789808917 0.312617702448 0.0180467091295 0.0376647834275
0 0.915605095541 0.341807909605 0.0244161358811 0.0583804143126
0 0.847133757962 0.325800376648 0.0254777070064 0.060263653484
0 0.864649681529 0.262711864407 0.0222929936306 0.0546139359699
0 0.781847133758 0.311676082863 0.0244161358811 0.0583804143126
0 0.7983014862 0.132768361582 0.00849256900212 0.0244821092279
0 0.823779193206 0.142184557439 0.0106157112527 0.0282485875706
0 0.836518046709 0.158192090395 0.0106157112527 0.030131826742
0 0.7983014862 0.161016949153 0.0106157112527 0.0282485875706
0 0.799363057325 0.219397363465 0.0148619957537 0.0395480225989
0 0.840233545648 0.209981167608 0.0116772823779 0.0320150659134
0 0.836518046709 0.238229755179 0.0148619957537 0.0395480225989
0 0.785031847134 0.147834274953 0.00955414012739 0.0244821092279
0 0.748407643312 0.153483992467 0.00849256900212 0.0207156308851
0 0.730891719745 0.15725047081 0.0116772823779 0.0320150659134
0 0.766454352442 0.179849340866 0.0127388535032 0.0282485875706
0 0.749469214437 0.207156308851 0.0169851380042 0.0414312617702
0 0.763800424628 0.25988700565 0.0180467091295 0.045197740113
0 0.718152866242 0.245762711864 0.02016985138 0.0508474576271
0 0.723991507431 0.290018832392 0.0233545647558 0.0640301318267
0 0.711252653928 0.129001883239 0.0106157112527 0.0320150659134
0 0.697452229299 0.173258003766 0.0127388535032 0.0338983050847
0 0.700106157113 0.208097928437 0.0180467091295 0.0470809792844
0 0.663481953291 0.184557438795 0.0148619957537 0.0376647834275
0 0.627919320594 0.204331450094 0.015923566879 0.0357815442561
0 0.67144373673 0.223163841808 0.02016985138 0.0395480225989
0 0.669851380042 0.284369114878 0.0254777070064 0.0527306967985
0 0.619957537155 0.255178907721 0.0233545647558 0.0508474576271
0 0.582802547771 0.250470809793 0.0191082802548 0.0527306967985
0 0.566878980892 0.274952919021 0.0254777070064 0.0564971751412
0 0.684182590234 0.108286252354 0.00955414012739 0.0244821092279
0 0.684182590234 0.124293785311 0.00955414012739 0.0263653483992
0 0.642781316348 0.113935969868 0.00955414012739 0.0244821092279
0 0.658704883227 0.118644067797 0.0116772823779 0.030131826742
0 0.650743099788 0.14406779661 0.0127388535032 0.0282485875706
0 0.630042462845 0.131826741996 0.0116772823779 0.0263653483992
0 0.579617834395 0.127118644068 0.0106157112527 0.0244821092279
0 0.6008492569 0.124293785311 0.00849256900212 0.0188323917137
0 0.606157112527 0.112052730697 0.0106157112527 0.0169491525424
0 0.616242038217 0.168549905838 0.0116772823779 0.0282485875706
0 0.592887473461 0.146892655367 0.0116772823779 0.0263653483992
0 0.578025477707 0.16384180791 0.015923566879 0.0376647834275
0 0.563163481953 0.193973634652 0.0180467091295 0.0414312617702
0 0.470806794055 0.133709981168 0.00955414012739 0.0225988700565
0 0.473460721868 0.16384180791 0.0148619957537 0.030131826742
0 0.484607218684 0.146892655367 0.0116772823779 0.0225988700565
0 0.513269639066 0.143126177024 0.0116772823779 0.0263653483992
0 0.507430997877 0.181732580038 0.0127388535032 0.0357815442561
0 0.515923566879 0.173258003766 0.0106157112527 0.030131826742
0 0.480891719745 0.227871939736 0.0169851380042 0.045197740113
0 0.450106157113 0.212806026365 0.0169851380042 0.045197740113
0 0.423036093418 0.161016949153 0.00743099787686 0.0244821092279
0 0.440021231423 0.176082862524 0.0138004246285 0.0320150659134
0 0.40923566879 0.173258003766 0.0116772823779 0.0338983050847
0 0.464437367304 0.207156308851 0.015923566879 0.030131826742
0 0.341295116773 0.201506591337 0.0138004246285 0.030131826742
0 0.349787685775 0.229755178908 0.0138004246285 0.0376647834275
0 0.401804670913 0.252354048964 0.0180467091295 0.0414312617702
0 0.389596602972 0.221280602637 0.0148619957537 0.0320150659134
0 0.385350318471 0.193973634652 0.0127388535032 0.0263653483992
0 0.292993630573 0.214689265537 0.0106157112527 0.0263653483992
0 0.52813163482 0.139359698682 0.0116772823779 0.0263653483992
