0 0.0757085020243 0.653297682709 0.0542510121457 0.126559714795
0 0.217004048583 0.287878787879 0.0210526315789 0.048128342246
0 0.226720647773 0.317290552585 0.0242914979757 0.0534759358289
0 0.274493927126 0.262923351159 0.0194331983806 0.0445632798574
0 0.291497975709 0.267379679144 0.0178137651822 0.0534759358289
0 0.30971659919 0.225490196078 0.017004048583 0.0409982174688
0 0.327530364372 0.251336898396 0.0202429149798 0.0499108734403
0 0.347773279352 0.235294117647 0.0186234817814 0.0463458110517
0 0.362753036437 0.219251336898 0.0178137651822 0.0427807486631
0 0.389068825911 0.208556149733 0.0153846153846 0.0356506238859
0 0.36963562753 0.283422459893 0.0186234817814 0.0499108734403
0 0.394331983806 0.273618538324 0.0178137651822 0.048128342246
0 0.43036437247 0.212121212121 0.0153846153846 0.0427807486631
0 0.435627530364 0.187165775401 0.0178137651822 0.0427807486631
0 0.436032388664 0.32798573975 0.0218623481781 0.0570409982175
0 0.46963562753 0.266488413547 0.0210526315789 0.0516934046346
0 0.453846153846 0.186274509804 0.0153846153846 0.030303030303
0 0.465587044534 0.188948306595 0.012955465587 0.0392156862745
0 0.486234817814 0.172905525847 0.0153846153846 0.0356506238859
0 0.478542510121 0.196078431373 0.0178137651822 0.0463458110517
0 0.495141700405 0.227272727273 0.0153846153846 0.0445632798574
0 0.517813765182 0.188948306595 0.017004048583 0.0463458110517
0 0.525910931174 0.177361853832 0.0153846153846 0.0374331550802
0 0.555060728745 0.152406417112 0.0121457489879 0.0374331550802
0 0.557894736842 0.171122994652 0.0161943319838 0.0356506238859
0 0.574089068826 0.156862745098 0.0145748987854 0.0392156862745
0 0.552631578947 0.249554367201 0.0186234817814 0.0427807486631
0 0.582591093117 0.19073083779 0.0153846153846 0.0392156862745
0 0.601214574899 0.137254901961 0.0153846153846 0.0356506238859
0 0.608502024291 0.171122994652 0.0153846153846 0.0356506238859
0 0.611740890688 0.196078431373 0.017004048583 0.0463458110517
0 0.621457489879 0.217468805704 0.017004048583 0.0463458110517
0 0.630769230769 0.148841354724 0.012955465587 0.0374331550802
0 0.668016194332 0.147950089127 0.012955465587 0.0356506238859
0 0.657489878543 0.166666666667 0.0145748987854 0.0374331550802
0 0.659109311741 0.204099821747 0.012955465587 0.0409982174688
0 0.662753036437 0.24688057041 0.0186234817814 0.0552584670232
0 0.693522267206 0.156862745098 0.0121457489879 0.0356506238859
0 0.688259109312 0.17201426025 0.0145748987854 0.0445632798574
0 0.714170040486 0.17201426025 0.0145748987854 0.0445632798574
0 0.698785425101 0.237076648841 0.0161943319838 0.0534759358289
0 0.616194331984 0.32174688057 0.0242914979757 0.0623885918004
0 0.578137651822 0.366310160428 0.0275303643725 0.0552584670232
0 0.606882591093 0.398395721925 0.0234817813765 0.0588235294118
0 0.661943319838 0.433155080214 0.0234817813765 0.0641711229947
0 0.724291497976 0.426916221034 0.0267206477733 0.0659536541889
0 0.724696356275 0.283422459893 0.0194331983806 0.0534759358289
0 0.744534412955 0.25311942959 0.017004048583 0.0427807486631
0 0.752226720648 0.21568627451 0.0161943319838 0.0392156862745
0 0.774898785425 0.204991087344 0.0145748987854 0.0427807486631
0 0.782591093117 0.229055258467 0.017004048583 0.0445632798574
0 0.811336032389 0.213903743316 0.0145748987854 0.0392156862745
0 0.823886639676 0.250445632799 0.0186234817814 0.0374331550802
0 0.803643724696 0.270944741533 0.0186234817814 0.0463458110517
0 0.818623481781 0.326203208556 0.0194331983806 0.0570409982175
0 0.753441295547 0.322638146168 0.0218623481781 0.0570409982175
0 0.801214574899 0.473262032086 0.0315789473684 0.0837789661319
0 0.868421052632 0.520499108734 0.0283400809717 0.0926916221034
0 0.886234817814 0.435828877005 0.0202429149798 0.0766488413547
0 0.86963562753 0.376114081996 0.0210526315789 0.0641711229947
0 0.865991902834 0.340463458111 0.0153846153846 0.0499108734403
0 0.888259109312 0.322638146168 0.0194331983806 0.0463458110517
0 0.874898785425 0.261140819964 0.0153846153846 0.0374331550802
0 0.845748987854 0.235294117647 0.0153846153846 0.0392156862745
0 0.875303643725 0.237076648841 0.0178137651822 0.0463458110517
0 0.902024291498 0.245098039216 0.0145748987854 0.0445632798574
0 0.905668016194 0.28431372549 0.0137651821862 0.0445632798574
0 0.955060728745 0.273618538324 0.0153846153846 0.0409982174688
0 0.985020242915 0.293226381462 0.0137651821862 0.0445632798574
0 0.980971659919 0.333333333333 0.0137651821862 0.0320855614973
0 0.976923076923 0.356506238859 0.0186234817814 0.0427807486631
0 0.978542510121 0.398395721925 0.0153846153846 0.0552584670232
0 0.933198380567 0.295900178253 0.0153846153846 0.0463458110517
0 0.928744939271 0.357397504456 0.0161943319838 0.0552584670232
0 0.94979757085 0.415329768271 0.0194331983806 0.0713012477718
0 0.961538461538 0.483065953654 0.0234817813765 0.0819964349376
