0 0.304140127389 0.225035161744 0.0175159235669 0.0309423347398
0 0.347531847134 0.21800281294 0.0199044585987 0.0337552742616
0 0.385350318471 0.298171589311 0.0286624203822 0.0478199718706
0 0.455015923567 0.158227848101 0.015127388535 0.0267229254571
0 0.479697452229 0.204641350211 0.0246815286624 0.0379746835443
0 0.560907643312 0.178621659634 0.0167197452229 0.0393811533052
0 0.557722929936 0.123066104079 0.0167197452229 0.0295358649789
0 0.867038216561 0.135021097046 0.0143312101911 0.0253164556962
0 0.90127388535 0.142053445851 0.0143312101911 0.0309423347398
0 0.814092356688 0.395921237693 0.0358280254777 0.0773558368495
