0 0.0830670926518 0.50347705146 0.0447284345048 0.100139082058
0 0.290734824281 0.266342141864 0.0207667731629 0.0403337969402
0 0.319488817891 0.217663421419 0.0143769968051 0.0347705146036
0 0.333865814696 0.229485396384 0.0159744408946 0.0333796940195
0 0.340654952077 0.256606397775 0.0183706070288 0.0347705146036
0 0.346645367412 0.300417246175 0.0223642172524 0.0445062586926
0 0.350239616613 0.2280945758 0.0167731629393 0.0361613351878
0 0.362220447284 0.255215577191 0.0183706070288 0.0375521557719
0 0.374201277955 0.23504867872 0.0199680511182 0.0417246175243
0 0.39017571885 0.285813630042 0.0231629392971 0.0514603616134
0 0.397364217252 0.222531293463 0.0199680511182 0.0389429763561
0 0.423322683706 0.224617524339 0.0207667731629 0.0458970792768
0 0.411341853035 0.202364394993 0.0159744408946 0.029207232267
0 0.420926517572 0.182197496523 0.0143769968051 0.0305980528512
0 0.445287539936 0.203755215577 0.0183706070288 0.0375521557719
0 0.480031948882 0.222531293463 0.0223642172524 0.0445062586926
0 0.488418530351 0.19471488178 0.0167731629393 0.0361613351878
0 0.468450479233 0.17454798331 0.0135782747604 0.029207232267
0 0.466853035144 0.146036161335 0.0135782747604 0.0278164116829
0 0.482827476038 0.146731571627 0.0151757188498 0.0264255910987
0 0.501198083067 0.148817802503 0.0135782747604 0.0333796940195
0 0.520367412141 0.162726008345 0.0135782747604 0.0305980528512
0 0.518769968051 0.128650904033 0.0151757188498 0.0264255910987
0 0.537939297125 0.133518776078 0.0167731629393 0.0305980528512
0 0.539536741214 0.17454798331 0.0183706070288 0.0375521557719
0 0.562699680511 0.184979137691 0.0199680511182 0.0333796940195
0 0.558306709265 0.13769123783 0.0159744408946 0.0305980528512
0 0.561900958466 0.11752433936 0.0119808306709 0.0236439499305
0 0.581469648562 0.129346314325 0.0159744408946 0.0278164116829
0 0.576277955272 0.152294853964 0.0183706070288 0.0319888734353
0 0.589856230032 0.111265646732 0.0119808306709 0.0305980528512
0 0.611821086262 0.1140472879 0.00958466453674 0.0166898470097
0 0.615015974441 0.142559109875 0.0159744408946 0.029207232267
0 0.63178913738 0.131432545202 0.0159744408946 0.0347705146036
0 0.653354632588 0.132127955494 0.0143769968051 0.0333796940195
0 0.666932907348 0.131432545202 0.0127795527157 0.0319888734353
0 0.654552715655 0.0987482614743 0.0119808306709 0.0250347705146
0 0.660942492013 0.109179415855 0.0135782747604 0.0208623087622
0 0.698482428115 0.109874826147 0.0135782747604 0.0250347705146
0 0.558306709265 0.239221140473 0.0255591054313 0.0445062586926
0 0.54552715655 0.289986091794 0.0303514376997 0.0542420027816
0 0.602635782748 0.333101529903 0.0343450479233 0.0625869262865
0 0.605431309904 0.244089012517 0.0255591054313 0.0542420027816
0 0.617012779553 0.213490959666 0.0199680511182 0.0431154381085
0 0.663338658147 0.258692628651 0.029552715655 0.0528511821975
0 0.665335463259 0.212795549374 0.0223642172524 0.0417246175243
0 0.680910543131 0.198887343533 0.0215654952077 0.0417246175243
0 0.710463258786 0.216968011127 0.0231629392971 0.0528511821975
0 0.726837060703 0.187065368567 0.0191693290735 0.0403337969402
0 0.742412140575 0.235744089013 0.0215654952077 0.0598052851182
0 0.75678913738 0.171766342142 0.0215654952077 0.0458970792768
0 0.746405750799 0.136995827538 0.0151757188498 0.0375521557719
0 0.717252396166 0.144645340751 0.0143769968051 0.0333796940195
0 0.732827476038 0.150208623088 0.0151757188498 0.0278164116829
0 0.760383386581 0.121696801113 0.0143769968051 0.0264255910987
0 0.797923322684 0.149513212796 0.017571884984 0.029207232267
0 0.805910543131 0.118915159944 0.0111821086262 0.029207232267
0 0.816693290735 0.144645340751 0.0135782747604 0.0333796940195
0 0.834265175719 0.128650904033 0.0135782747604 0.029207232267
0 0.852635782748 0.163421418637 0.0167731629393 0.0347705146036
0 0.865415335463 0.148122392211 0.0183706070288 0.0347705146036
0 0.876597444089 0.133518776078 0.0119808306709 0.0333796940195
0 0.832268370607 0.210709318498 0.0223642172524 0.0458970792768
0 0.860623003195 0.223226703755 0.0167731629393 0.0486787204451
0 0.857827476038 0.270514603616 0.0255591054313 0.0458970792768
0 0.808706070288 0.257301808067 0.0231629392971 0.0445062586926
0 0.764776357827 0.227399165508 0.0231629392971 0.0375521557719
0 0.796325878594 0.280250347705 0.0255591054313 0.0542420027816
0 0.827076677316 0.309457579972 0.026357827476 0.0598052851182
0 0.839856230032 0.397079276773 0.0375399361022 0.0820584144645
0 0.894968051118 0.450625869263 0.0439297124601 0.0806675938804
0 0.848242811502 0.353963838665 0.0335463258786 0.0625869262865
0 0.920926517572 0.300417246175 0.0255591054313 0.0528511821975
0 0.904552715655 0.219054242003 0.0183706070288 0.0431154381085
0 0.892971246006 0.187065368567 0.0143769968051 0.0319888734353
0 0.898562300319 0.158553546592 0.0143769968051 0.0278164116829
0 0.902955271565 0.136300417246 0.0135782747604 0.0305980528512
0 0.94089456869 0.151599443672 0.0127795527157 0.0278164116829
0 0.937300319489 0.17454798331 0.0119808306709 0.029207232267
0 0.936900958466 0.221140472879 0.0191693290735 0.0445062586926
