0 0.179334916865 0.474305555556 0.0403800475059 0.0708333333333
0 0.294932699921 0.264583333333 0.0134600158353 0.0375
0 0.332145684877 0.213194444444 0.0102929532858 0.0347222222222
0 0.323040380048 0.256944444444 0.0158353127474 0.0388888888889
0 0.348376880443 0.263888888889 0.0158353127474 0.0416666666667
0 0.353127474268 0.229166666667 0.0142517814727 0.0361111111111
0 0.349960411718 0.215972222222 0.0142517814727 0.0375
0 0.372921615202 0.239583333333 0.0158353127474 0.0375
0 0.387173396675 0.25625 0.0174188440222 0.0430555555556
0 0.395486935867 0.230555555556 0.0150435471101 0.0388888888889
0 0.41567695962 0.264583333333 0.0205859065717 0.0541666666667
0 0.411718131433 0.194444444444 0.0126682501979 0.0305555555556
0 0.425574030087 0.18125 0.0118764845606 0.0263888888889
0 0.43982581156 0.154166666667 0.0102929532858 0.025
0 0.451306413302 0.171527777778 0.0110847189232 0.0263888888889
0 0.467141726049 0.159027777778 0.0110847189232 0.0263888888889
0 0.458828186857 0.234027777778 0.0166270783848 0.0430555555556
0 0.497228820269 0.1875 0.0158353127474 0.0361111111111
0 0.508709422011 0.126388888889 0.00870942201108 0.0194444444444
0 0.51821060966 0.158333333333 0.0118764845606 0.0388888888889
0 0.536817102138 0.134027777778 0.00950118764846 0.0236111111111
0 0.546714172605 0.1625 0.0134600158353 0.0361111111111
0 0.556215360253 0.140972222222 0.0134600158353 0.0291666666667
0 0.567300079177 0.115277777778 0.0102929532858 0.0277777777778
0 0.589865399842 0.102083333333 0.0110847189232 0.0263888888889
0 0.580760095012 0.165277777778 0.0150435471101 0.0361111111111
0 0.610847189232 0.148611111111 0.0118764845606 0.0333333333333
0 0.620744259699 0.0944444444444 0.00950118764846 0.025
0 0.643705463183 0.0965277777778 0.00950118764846 0.0236111111111
0 0.644101346002 0.116666666667 0.0102929532858 0.0277777777778
0 0.639350752177 0.134027777778 0.0118764845606 0.0291666666667
0 0.604908946952 0.2125 0.0190023752969 0.0444444444444
0 0.591448931116 0.123611111111 0.00950118764846 0.0277777777778
0 0.598574821853 0.251388888889 0.0190023752969 0.0555555555556
0 0.63855898654 0.304861111111 0.0245447347585 0.0569444444444
0 0.658353127474 0.247916666667 0.0229612034838 0.0513888888889
0 0.561757719715 0.248611111111 0.0229612034838 0.0472222222222
0 0.537212984956 0.289583333333 0.0261282660333 0.0597222222222
0 0.661124307205 0.222222222222 0.0190023752969 0.05
0 0.690815518606 0.217361111111 0.0197941409343 0.0513888888889
0 0.6567695962 0.114583333333 0.0102929532858 0.0263888888889
0 0.665479018211 0.128472222222 0.0118764845606 0.0319444444444
0 0.699129057799 0.109722222222 0.0110847189232 0.025
0 0.722090261283 0.184027777778 0.0158353127474 0.0375
0 0.720110847189 0.136805555556 0.0134600158353 0.0347222222222
0 0.690815518606 0.1625 0.0150435471101 0.0305555555556
0 0.736737925574 0.128472222222 0.0102929532858 0.0319444444444
0 0.746634996041 0.14375 0.0142517814727 0.0347222222222
0 0.7711797308 0.120138888889 0.00950118764846 0.0208333333333
0 0.754156769596 0.172916666667 0.0134600158353 0.0319444444444
0 0.779493269992 0.163194444444 0.0134600158353 0.0319444444444
0 0.806017418844 0.125694444444 0.0110847189232 0.0319444444444
0 0.811163895487 0.161111111111 0.0134600158353 0.0333333333333
0 0.764845605701 0.229861111111 0.0190023752969 0.0430555555556
0 0.775138558987 0.205555555556 0.0158353127474 0.0388888888889
0 0.768408551069 0.278472222222 0.021377672209 0.0541666666667
0 0.811955661124 0.247916666667 0.0182106096595 0.0486111111111
0 0.853919239905 0.255555555556 0.0197941409343 0.05
0 0.838083927158 0.126388888889 0.0118764845606 0.0305555555556
0 0.82224861441 0.218055555556 0.0150435471101 0.0333333333333
0 0.842438638163 0.181944444444 0.0126682501979 0.0305555555556
0 0.851543942993 0.164583333333 0.0134600158353 0.0347222222222
0 0.856294536817 0.145138888889 0.0134600158353 0.0291666666667
0 0.90657165479 0.122916666667 0.0110847189232 0.0263888888889
0 0.925574030087 0.127083333333 0.0142517814727 0.0319444444444
0 0.895091053048 0.150694444444 0.0134600158353 0.0347222222222
0 0.924386381631 0.1625 0.0134600158353 0.0333333333333
0 0.887569279493 0.183333333333 0.0158353127474 0.0333333333333
0 0.92478226445 0.202083333333 0.0126682501979 0.0319444444444
0 0.921219319082 0.243055555556 0.0166270783848 0.0444444444444
0 0.869358669834 0.234027777778 0.0190023752969 0.0486111111111
0 0.904196357878 0.302777777778 0.0237529691211 0.0611111111111
0 0.878859857482 0.4125 0.0364212193191 0.075
0 0.830562153603 0.314583333333 0.0253365003959 0.0680555555556
0 0.799683293745 0.384027777778 0.0300870942201 0.0791666666667
