0 0.0330543933054 0.418220946915 0.0276150627615 0.0502152080344
0 0.243933054393 0.342180774749 0.0192468619247 0.0416068866571
0 0.269037656904 0.360832137733 0.0242677824268 0.0502152080344
0 0.300418410042 0.37230989957 0.0217573221757 0.0444763271162
0 0.297489539749 0.315638450502 0.0225941422594 0.0430416068867
0 0.349790794979 0.368005738881 0.0251046025105 0.0530846484935
0 0.392468619247 0.3543758967 0.018410041841 0.0344332855093
0 0.385774058577 0.328550932568 0.018410041841 0.0286944045911
0 0.368619246862 0.301291248207 0.01589958159 0.0286944045911
0 0.401673640167 0.263271162123 0.0133891213389 0.0301291248207
0 0.415481171548 0.283357245337 0.0142259414226 0.0272596843615
0 0.422594142259 0.302725968436 0.0167364016736 0.0315638450502
0 0.422175732218 0.348637015782 0.0242677824268 0.0401721664275
0 0.469037656904 0.346484935438 0.0242677824268 0.0416068866571
0 0.456066945607 0.311334289813 0.018410041841 0.0373027259684
0 0.44309623431 0.289096126255 0.01589958159 0.0329985652798
0 0.438493723849 0.263988522238 0.0133891213389 0.0229555236729
0 0.473640167364 0.251076040172 0.0133891213389 0.0286944045911
0 0.48410041841 0.240315638451 0.0125523012552 0.0272596843615
0 0.486192468619 0.309899569584 0.0167364016736 0.0286944045911
0 0.487447698745 0.277618364419 0.0175732217573 0.0301291248207
0 0.51589958159 0.269727403156 0.0175732217573 0.0373027259684
0 0.529707112971 0.285509325681 0.0167364016736 0.0401721664275
0 0.532217573222 0.252510760402 0.0133891213389 0.0344332855093
0 0.551882845188 0.264705882353 0.01589958159 0.0329985652798
0 0.578661087866 0.292682926829 0.0175732217573 0.0373027259684
0 0.582426778243 0.272596843615 0.0133891213389 0.0286944045911
0 0.588284518828 0.248206599713 0.0117154811715 0.025824964132
0 0.567364016736 0.234576757532 0.0167364016736 0.0358680057389
0 0.587447698745 0.227403156385 0.0150627615063 0.0301291248207
0 0.620920502092 0.228120516499 0.0133891213389 0.0286944045911
0 0.628870292887 0.21018651363 0.0125523012552 0.0272596843615
0 0.623430962343 0.253945480631 0.0133891213389 0.0286944045911
0 0.644769874477 0.221664275466 0.0142259414226 0.0272596843615
0 0.657322175732 0.233859397418 0.0142259414226 0.0315638450502
0 0.661924686192 0.250358680057 0.0167364016736 0.0329985652798
0 0.533054393305 0.323529411765 0.0200836820084 0.038737446198
0 0.517154811715 0.401721664275 0.0317991631799 0.0602582496413
0 0.558158995816 0.374461979914 0.0284518828452 0.0573888091822
0 0.562343096234 0.411047345768 0.0351464435146 0.0559540889527
0 0.613389121339 0.333572453372 0.0234309623431 0.0473457675753
0 0.630125523013 0.380918220947 0.0234309623431 0.0473457675753
0 0.628451882845 0.437589670014 0.0351464435146 0.0573888091822
0 0.687447698745 0.456241032999 0.034309623431 0.0688665710187
0 0.678242677824 0.375179340029 0.0292887029289 0.0588235294118
0 0.665690376569 0.343615494978 0.0225941422594 0.0473457675753
0 0.652719665272 0.308464849354 0.0200836820084 0.0459110473458
0 0.692050209205 0.278335724534 0.018410041841 0.0373027259684
0 0.671966527197 0.243902439024 0.0150627615063 0.025824964132
0 0.677405857741 0.225968436155 0.0108786610879 0.0186513629842
0 0.689121338912 0.233859397418 0.0125523012552 0.025824964132
0 0.70460251046 0.237446197991 0.0133891213389 0.0272596843615
0 0.723430962343 0.25681492109 0.01589958159 0.0286944045911
0 0.741841004184 0.295552367288 0.0192468619247 0.0373027259684
0 0.698744769874 0.330703012912 0.0217573221757 0.0444763271162
0 0.757322175732 0.252510760402 0.0117154811715 0.0286944045911
0 0.761506276151 0.228120516499 0.0150627615063 0.0315638450502
0 0.766527196653 0.275466284075 0.0167364016736 0.0315638450502
0 0.784518828452 0.287661406026 0.0175732217573 0.0358680057389
0 0.802510460251 0.236728837877 0.0150627615063 0.0286944045911
0 0.83179916318 0.253228120516 0.0167364016736 0.0358680057389
0 0.794979079498 0.271162123386 0.0150627615063 0.0315638450502
0 0.781589958159 0.257532281205 0.0150627615063 0.0301291248207
0 0.736820083682 0.513629842181 0.0426778242678 0.0832137733142
0 0.759832635983 0.407460545194 0.0284518828452 0.0573888091822
0 0.709205020921 0.361549497848 0.0225941422594 0.0459110473458
0 0.809205020921 0.408177905308 0.0301255230126 0.0616929698709
0 0.828870292887 0.380200860832 0.0225941422594 0.051649928264
0 0.834309623431 0.30774748924 0.018410041841 0.0358680057389
0 0.831380753138 0.347919655667 0.0209205020921 0.038737446198
0 0.864853556485 0.461979913917 0.0276150627615 0.0631276901004
0 0.857740585774 0.54806312769 0.0384937238494 0.0717360114778
0 0.878242677824 0.418220946915 0.0242677824268 0.0473457675753
0 0.898326359833 0.361549497848 0.0259414225941 0.051649928264
0 0.892887029289 0.324246771879 0.0217573221757 0.0430416068867
0 0.866108786611 0.313486370158 0.0200836820084 0.0358680057389
0 0.877405857741 0.292682926829 0.0142259414226 0.0344332855093
0 0.880753138075 0.270444763271 0.0175732217573 0.0301291248207
0 0.864016736402 0.266857962697 0.0192468619247 0.0401721664275
0 0.891213389121 0.253228120516 0.0167364016736 0.0444763271162
0 0.915481171548 0.296269727403 0.0167364016736 0.038737446198
0 0.948117154812 0.359397417504 0.0200836820084 0.0416068866571
0 0.938493723849 0.400286944046 0.0225941422594 0.051649928264
0 0.933891213389 0.464131994261 0.0317991631799 0.0674318507891
0 0.946443514644 0.325681492109 0.0200836820084 0.0344332855093
0 0.954393305439 0.314203730273 0.0175732217573 0.0373027259684
0 0.956066945607 0.286944045911 0.0192468619247 0.0401721664275
