0 0.11876247505 0.26278659612 0.0239520958084 0.042328042328
0 0.190119760479 0.3139329806 0.0409181636727 0.0917107583774
0 0.176646706587 0.439153439153 0.0459081836327 0.0881834215168
0 0.354790419162 0.214285714286 0.0209580838323 0.0405643738977
0 0.426646706587 0.218694885362 0.0209580838323 0.042328042328
0 0.454091816367 0.198412698413 0.0259481037924 0.047619047619
0 0.50748502994 0.118165784832 0.0249500998004 0.0458553791887
0 0.561377245509 0.10758377425 0.0249500998004 0.0458553791887
0 0.625249500998 0.132275132275 0.0189620758483 0.042328042328
0 0.548403193613 0.191358024691 0.0209580838323 0.0440917107584
0 0.582335329341 0.20811287478 0.0249500998004 0.0458553791887
0 0.64121756487 0.247795414462 0.0289421157685 0.0546737213404
0 0.721057884232 0.274250440917 0.0289421157685 0.0617283950617
0 0.84381237525 0.34126984127 0.0329341317365 0.0582010582011
0 0.837325349301 0.215167548501 0.0219560878244 0.0458553791887
0 0.914670658683 0.284832451499 0.0269461077844 0.0511463844797
0 0.929640718563 0.163139329806 0.0129740518962 0.0335097001764
0 0.902694610778 0.124338624339 0.0169660678643 0.0335097001764
