0 0.0799065420561 0.414983164983 0.0401869158879 0.0824915824916
0 0.259813084112 0.260942760943 0.014953271028 0.030303030303
0 0.280373831776 0.261784511785 0.0168224299065 0.0353535353535
0 0.294392523364 0.260101010101 0.0205607476636 0.0387205387205
0 0.324299065421 0.21632996633 0.0168224299065 0.0319865319865
0 0.346728971963 0.217171717172 0.018691588785 0.030303030303
0 0.333177570093 0.250841750842 0.0177570093458 0.037037037037
0 0.338785046729 0.286195286195 0.0233644859813 0.037037037037
0 0.371028037383 0.210437710438 0.014953271028 0.030303030303
0 0.386448598131 0.194444444444 0.0158878504673 0.0252525252525
0 0.38785046729 0.225589225589 0.0205607476636 0.03367003367
0 0.408411214953 0.234848484848 0.0205607476636 0.0387205387205
0 0.404672897196 0.287037037037 0.0224299065421 0.0555555555556
0 0.407476635514 0.174242424242 0.0130841121495 0.0252525252525
0 0.424299065421 0.183501683502 0.0168224299065 0.026936026936
0 0.446261682243 0.188552188552 0.0177570093458 0.03367003367
0 0.440186915888 0.229797979798 0.018691588785 0.0387205387205
0 0.464953271028 0.246632996633 0.0214953271028 0.0353535353535
0 0.451401869159 0.147306397306 0.014953271028 0.0286195286195
0 0.459813084112 0.171717171717 0.014953271028 0.030303030303
0 0.479906542056 0.186026936027 0.0158878504673 0.0319865319865
0 0.480841121495 0.161616161616 0.0177570093458 0.03367003367
0 0.47523364486 0.148148148148 0.0158878504673 0.030303030303
0 0.48691588785 0.132996632997 0.0130841121495 0.023569023569
0 0.498598130841 0.148148148148 0.0158878504673 0.03367003367
0 0.524299065421 0.15404040404 0.0168224299065 0.0319865319865
0 0.534579439252 0.130471380471 0.014953271028 0.0286195286195
0 0.556542056075 0.112794612795 0.0121495327103 0.023569023569
0 0.56261682243 0.144781144781 0.0205607476636 0.03367003367
0 0.541588785047 0.169191919192 0.0214953271028 0.0353535353535
0 0.505140186916 0.202861952862 0.0196261682243 0.0420875420875
0 0.528504672897 0.220538720539 0.0233644859813 0.040404040404
0 0.583644859813 0.130471380471 0.0140186915888 0.0319865319865
0 0.582242990654 0.158249158249 0.0205607476636 0.040404040404
0 0.593925233645 0.0993265993266 0.0140186915888 0.026936026936
0 0.610747663551 0.111111111111 0.0102803738318 0.026936026936
0 0.614018691589 0.145622895623 0.0205607476636 0.0420875420875
0 0.624299065421 0.0959595959596 0.00934579439252 0.026936026936
0 0.638785046729 0.102693602694 0.0102803738318 0.030303030303
0 0.646728971963 0.108585858586 0.011214953271 0.0252525252525
0 0.669626168224 0.118686868687 0.0121495327103 0.0252525252525
0 0.691588785047 0.0934343434343 0.0130841121495 0.0319865319865
0 0.734112149533 0.118686868687 0.0140186915888 0.0319865319865
0 0.750934579439 0.103535353535 0.0121495327103 0.0252525252525
0 0.780841121495 0.111111111111 0.0121495327103 0.030303030303
0 0.769158878505 0.126262626263 0.0130841121495 0.030303030303
0 0.797663551402 0.132154882155 0.0121495327103 0.0319865319865
0 0.810747663551 0.122895622896 0.0102803738318 0.026936026936
0 0.829906542056 0.135521885522 0.014953271028 0.0319865319865
0 0.868691588785 0.122895622896 0.0140186915888 0.037037037037
0 0.891588785047 0.125420875421 0.0130841121495 0.0319865319865
0 0.925700934579 0.150673400673 0.0121495327103 0.0286195286195
0 0.705140186916 0.143939393939 0.0140186915888 0.0286195286195
0 0.683644859813 0.150673400673 0.0158878504673 0.0319865319865
0 0.742056074766 0.140572390572 0.0168224299065 0.0286195286195
0 0.697663551402 0.176767676768 0.0158878504673 0.030303030303
0 0.657009345794 0.183501683502 0.0168224299065 0.040404040404
0 0.611214953271 0.205387205387 0.018691588785 0.03367003367
0 0.555607476636 0.245791245791 0.0233644859813 0.03367003367
0 0.482242990654 0.310606060606 0.0261682242991 0.0521885521886
0 0.561682242991 0.292929292929 0.0242990654206 0.047138047138
0 0.598598130841 0.333333333333 0.0271028037383 0.0538720538721
0 0.677102803738 0.349326599327 0.0289719626168 0.0589225589226
0 0.609345794393 0.276936026936 0.0280373831776 0.0420875420875
0 0.667757009346 0.254208754209 0.0289719626168 0.0505050505051
0 0.800934579439 0.170033670034 0.018691588785 0.047138047138
0 0.811682242991 0.161616161616 0.0177570093458 0.03367003367
0 0.848130841121 0.172558922559 0.0158878504673 0.0286195286195
0 0.866355140187 0.159090909091 0.0130841121495 0.0286195286195
0 0.921028037383 0.191077441077 0.0196261682243 0.0387205387205
0 0.896261682243 0.180976430976 0.0205607476636 0.0319865319865
0 0.882242990654 0.199494949495 0.0168224299065 0.0319865319865
0 0.866822429907 0.227272727273 0.0214953271028 0.043771043771
0 0.920560747664 0.282828282828 0.0242990654206 0.0538720538721
0 0.755140186916 0.177609427609 0.018691588785 0.0286195286195
0 0.717757009346 0.16835016835 0.018691588785 0.030303030303
0 0.735981308411 0.206228956229 0.0214953271028 0.0353535353535
0 0.758878504673 0.229797979798 0.0242990654206 0.0521885521886
0 0.707009345794 0.219696969697 0.0233644859813 0.0521885521886
0 0.707476635514 0.29797979798 0.0317757009346 0.043771043771
0 0.778971962617 0.292087542088 0.0233644859813 0.0555555555556
