0 0.124415341441 0.484323432343 0.0523854069224 0.110561056106
0 0.256314312442 0.28300330033 0.0168381665108 0.0313531353135
0 0.268475210477 0.271452145215 0.0168381665108 0.0313531353135
0 0.289522918616 0.285478547855 0.0196445275959 0.03300330033
0 0.302619270346 0.256600660066 0.0159027128157 0.0346534653465
0 0.312909260992 0.285478547855 0.0177736202058 0.036303630363
0 0.313844714687 0.232673267327 0.0159027128157 0.03300330033
0 0.336763330215 0.237623762376 0.0168381665108 0.039603960396
0 0.341908325538 0.28300330033 0.0233863423761 0.0412541254125
0 0.363423760524 0.227722772277 0.0177736202058 0.046204620462
0 0.372310570627 0.224422442244 0.0149672591207 0.036303630363
0 0.401777362021 0.295379537954 0.0271281571562 0.0528052805281
0 0.401309635173 0.234323432343 0.0168381665108 0.03300330033
0 0.391019644528 0.203795379538 0.0168381665108 0.0346534653465
0 0.411599625819 0.176567656766 0.0168381665108 0.03300330033
0 0.434985968195 0.219471947195 0.0187090739008 0.036303630363
0 0.462581852198 0.23597359736 0.021515434986 0.049504950495
0 0.45463049579 0.201320132013 0.022450888681 0.039603960396
0 0.431711880262 0.193894389439 0.0159027128157 0.0280528052805
0 0.449485500468 0.152640264026 0.0159027128157 0.0280528052805
0 0.475678203929 0.16501650165 0.0177736202058 0.029702970297
0 0.476145930776 0.146864686469 0.0130963517306 0.023102310231
0 0.485500467727 0.13696369637 0.0112254443405 0.023102310231
0 0.507951356408 0.188943894389 0.0130963517306 0.0280528052805
0 0.515434985968 0.164191419142 0.0168381665108 0.0379537953795
0 0.531805425631 0.140264026403 0.0159027128157 0.036303630363
0 0.540224508887 0.193069306931 0.0196445275959 0.039603960396
0 0.553788587465 0.153465346535 0.0187090739008 0.03300330033
0 0.572029934518 0.173267326733 0.0233863423761 0.03300330033
0 0.561272217025 0.118811881188 0.0168381665108 0.03300330033
0 0.587464920486 0.146864686469 0.0168381665108 0.026402640264
0 0.61880261927 0.141089108911 0.0159027128157 0.0313531353135
0 0.594948550047 0.0990099009901 0.0149672591207 0.026402640264
0 0.626286248831 0.104785478548 0.0121608980355 0.0247524752475
0 0.651075771749 0.0990099009901 0.0112254443405 0.026402640264
0 0.649672591207 0.119636963696 0.0121608980355 0.0214521452145
0 0.666978484565 0.119636963696 0.0149672591207 0.0346534653465
0 0.697848456501 0.10396039604 0.0168381665108 0.029702970297
0 0.560804490178 0.252475247525 0.0233863423761 0.046204620462
0 0.485032740879 0.311881188119 0.0252572497661 0.0528052805281
0 0.543498596819 0.317656765677 0.0299345182413 0.0577557755776
0 0.585126286249 0.372937293729 0.0364826941066 0.0627062706271
0 0.672591206735 0.346534653465 0.0299345182413 0.0693069306931
0 0.61131898971 0.263201320132 0.0252572497661 0.0511551155116
0 0.61131898971 0.210396039604 0.0233863423761 0.0445544554455
0 0.646866230122 0.174092409241 0.0196445275959 0.0346534653465
0 0.663704396632 0.208745874587 0.021515434986 0.0445544554455
0 0.662768942937 0.256600660066 0.0233863423761 0.0544554455446
0 0.684284377923 0.183168316832 0.0196445275959 0.042904290429
0 0.701122544434 0.223597359736 0.021515434986 0.0478547854785
0 0.725912067353 0.287128712871 0.0280636108513 0.0594059405941
0 0.751169317119 0.255775577558 0.0205799812909 0.0561056105611
0 0.782039289055 0.284653465347 0.0243217960711 0.0610561056106
0 0.72825070159 0.200495049505 0.021515434986 0.0445544554455
0 0.683816651076 0.159240924092 0.0243217960711 0.0412541254125
0 0.718428437792 0.135313531353 0.0168381665108 0.03300330033
0 0.729653882133 0.11303630363 0.0149672591207 0.0313531353135
0 0.744621141254 0.135313531353 0.0130963517306 0.026402640264
0 0.741347053321 0.169141914191 0.0159027128157 0.0346534653465
0 0.766136576239 0.158415841584 0.0168381665108 0.03300330033
0 0.767539756782 0.13696369637 0.0159027128157 0.03300330033
0 0.750233863424 0.11798679868 0.0130963517306 0.0280528052805
0 0.776894293732 0.125412541254 0.0121608980355 0.029702970297
0 0.797474275023 0.13696369637 0.0159027128157 0.029702970297
0 0.802619270346 0.125412541254 0.0130963517306 0.023102310231
0 0.832553788587 0.134488448845 0.0149672591207 0.0313531353135
0 0.816651075772 0.169141914191 0.0168381665108 0.0346534653465
0 0.798409728718 0.183168316832 0.0159027128157 0.039603960396
0 0.818054256314 0.261551155116 0.0233863423761 0.0445544554455
0 0.846585594013 0.191419141914 0.0168381665108 0.042904290429
0 0.865762394761 0.214521452145 0.0196445275959 0.036303630363
0 0.88493919551 0.19801980198 0.022450888681 0.039603960396
0 0.864359214219 0.160891089109 0.0168381665108 0.0346534653465
0 0.864359214219 0.137788778878 0.0112254443405 0.0280528052805
0 0.890084190833 0.161716171617 0.0196445275959 0.036303630363
0 0.89803554724 0.142739273927 0.0149672591207 0.0313531353135
0 0.923760523854 0.204620462046 0.0196445275959 0.042904290429
0 0.927034611787 0.170792079208 0.0168381665108 0.0412541254125
0 0.923760523854 0.295379537954 0.0289990645463 0.0594059405941
