0 0.115097856477 0.470833333333 0.0456663560112 0.0983333333333
0 0.255824790308 0.290833333333 0.0139794967381 0.025
0 0.271202236719 0.279166666667 0.0149114631873 0.0283333333333
0 0.303355079217 0.261666666667 0.0158434296365 0.0333333333333
0 0.314538676608 0.284166666667 0.0158434296365 0.0283333333333
0 0.351817334576 0.256666666667 0.0158434296365 0.03
0 0.317334575955 0.225833333333 0.0139794967381 0.0316666666667
0 0.34109972041 0.220833333333 0.0130475302889 0.025
0 0.35321528425 0.2275 0.0130475302889 0.0283333333333
0 0.369524697111 0.240833333333 0.0177073625349 0.0316666666667
0 0.41192917055 0.2325 0.0167753960857 0.0383333333333
0 0.431966449208 0.275833333333 0.0214352283318 0.0416666666667
0 0.386766076421 0.201666666667 0.0149114631873 0.0266666666667
0 0.404473438956 0.178333333333 0.0149114631873 0.0233333333333
0 0.422646784716 0.190833333333 0.0158434296365 0.0216666666667
0 0.442684063374 0.205 0.0167753960857 0.03
0 0.46458527493 0.250833333333 0.0232991612302 0.0383333333333
0 0.467381174278 0.204166666667 0.0195712954334 0.035
0 0.449207828518 0.173333333333 0.0130475302889 0.03
0 0.451537744641 0.143333333333 0.0139794967381 0.0266666666667
0 0.479030754893 0.168333333333 0.0130475302889 0.0266666666667
0 0.47064305685 0.151666666667 0.0130475302889 0.0233333333333
0 0.486952469711 0.136666666667 0.0139794967381 0.03
0 0.486952469711 0.2 0.0158434296365 0.03
0 0.540074557316 0.205833333333 0.0158434296365 0.0283333333333
0 0.541938490214 0.1625 0.0139794967381 0.0316666666667
0 0.556383970177 0.148333333333 0.0130475302889 0.03
0 0.577353215284 0.1675 0.0158434296365 0.035
0 0.51724137931 0.143333333333 0.0130475302889 0.0233333333333
0 0.528890959925 0.136666666667 0.0121155638397 0.0233333333333
0 0.506523765144 0.170833333333 0.0139794967381 0.0283333333333
0 0.5587138863 0.113333333333 0.0121155638397 0.0233333333333
0 0.583410997204 0.135 0.0111835973905 0.0233333333333
0 0.590400745573 0.124166666667 0.0102516309413 0.0216666666667
0 0.593662628145 0.1025 0.0130475302889 0.0283333333333
0 0.610438024231 0.114166666667 0.0111835973905 0.025
0 0.619291705499 0.139166666667 0.0139794967381 0.025
0 0.622553588071 0.1025 0.0111835973905 0.025
0 0.63560111836 0.11 0.0130475302889 0.03
0 0.649114631873 0.114166666667 0.0139794967381 0.025
0 0.662628145387 0.1275 0.0130475302889 0.0283333333333
0 0.693849021435 0.1 0.0102516309413 0.03
0 0.484156570363 0.305 0.0214352283318 0.0566666666667
0 0.542870456664 0.2975 0.027027027027 0.055
0 0.561043802423 0.249166666667 0.0205032618826 0.045
0 0.608108108108 0.256666666667 0.0214352283318 0.05
0 0.623019571295 0.211666666667 0.0177073625349 0.0433333333333
0 0.659366262815 0.210833333333 0.0195712954334 0.0383333333333
0 0.647250698975 0.181666666667 0.0158434296365 0.0333333333333
0 0.679403541473 0.153333333333 0.0149114631873 0.04
0 0.714818266542 0.139166666667 0.0111835973905 0.0283333333333
0 0.65890027959 0.255 0.0205032618826 0.0433333333333
0 0.677539608574 0.355 0.0260950605778 0.0566666666667
0 0.58201304753 0.375833333333 0.0307548928239 0.055
0 0.714818266542 0.29 0.0260950605778 0.0466666666667
0 0.774930102516 0.291666666667 0.0251630941286 0.0533333333333
0 0.757688723206 0.24 0.0242311276794 0.0433333333333
0 0.731127679404 0.2125 0.0177073625349 0.035
0 0.698508853681 0.225 0.0195712954334 0.0433333333333
0 0.690587138863 0.185833333333 0.0149114631873 0.035
0 0.727865796831 0.169166666667 0.0130475302889 0.0316666666667
0 0.746505125815 0.143333333333 0.0149114631873 0.0333333333333
0 0.736253494874 0.12 0.0130475302889 0.03
0 0.74697110904 0.116666666667 0.0121155638397 0.03
0 0.75908667288 0.1275 0.0158434296365 0.0316666666667
0 0.766542404473 0.1625 0.0158434296365 0.035
0 0.777726001864 0.1275 0.0121155638397 0.0316666666667
0 0.79450139795 0.178333333333 0.0214352283318 0.0333333333333
0 0.7935694315 0.14 0.0139794967381 0.03
0 0.807548928239 0.133333333333 0.0139794967381 0.03
0 0.829450139795 0.139166666667 0.0149114631873 0.035
0 0.82898415657 0.175 0.0139794967381 0.03
0 0.842963653308 0.1875 0.0158434296365 0.0316666666667
0 0.849953401678 0.155833333333 0.0130475302889 0.035
0 0.862068965517 0.133333333333 0.0130475302889 0.0266666666667
0 0.879776328052 0.189166666667 0.0149114631873 0.0316666666667
0 0.863466915191 0.231666666667 0.0158434296365 0.04
0 0.922180801491 0.2925 0.0251630941286 0.0483333333333
0 0.919384902144 0.209166666667 0.0158434296365 0.0416666666667
0 0.891425908667 0.170833333333 0.0139794967381 0.0283333333333
0 0.901677539609 0.1375 0.0102516309413 0.025
0 0.924510717614 0.160833333333 0.0149114631873 0.0316666666667
