0 0.0527065527066 0.370833333333 0.0275403608737 0.0483333333333
0 0.259259259259 0.279166666667 0.0151946818613 0.0316666666667
0 0.282526115859 0.271666666667 0.019943019943 0.04
0 0.307217473884 0.254166666667 0.0161443494777 0.0416666666667
0 0.354700854701 0.268333333333 0.019943019943 0.05
0 0.407882241216 0.288333333333 0.0218423551757 0.05
0 0.345204178538 0.2175 0.014245014245 0.025
0 0.320512820513 0.215833333333 0.014245014245 0.0316666666667
0 0.382241215575 0.215833333333 0.0180436847104 0.035
0 0.395061728395 0.194166666667 0.017094017094 0.0283333333333
0 0.418328584995 0.226666666667 0.014245014245 0.03
0 0.442070275404 0.22 0.0180436847104 0.0366666666667
0 0.464387464387 0.2325 0.022792022792 0.035
0 0.417378917379 0.169166666667 0.0123456790123 0.025
0 0.435422602089 0.1875 0.0123456790123 0.0283333333333
0 0.450142450142 0.185833333333 0.0151946818613 0.0316666666667
0 0.468186134853 0.191666666667 0.017094017094 0.04
0 0.500949667616 0.189166666667 0.0161443494777 0.035
0 0.551282051282 0.191666666667 0.0180436847104 0.0333333333333
0 0.542735042735 0.1575 0.014245014245 0.0316666666667
0 0.538461538462 0.130833333333 0.0151946818613 0.0316666666667
0 0.508547008547 0.161666666667 0.0161443494777 0.03
0 0.482905982906 0.164166666667 0.0161443494777 0.025
0 0.478632478632 0.140833333333 0.00949667616334 0.025
0 0.490028490028 0.134166666667 0.011396011396 0.025
0 0.457739791073 0.139166666667 0.0151946818613 0.025
0 0.570275403609 0.1025 0.0123456790123 0.025
0 0.558404558405 0.138333333333 0.0132953466287 0.0233333333333
0 0.581196581197 0.154166666667 0.0151946818613 0.035
0 0.625356125356 0.131666666667 0.0123456790123 0.03
0 0.592592592593 0.1275 0.0132953466287 0.025
0 0.610161443495 0.0916666666667 0.0104463437797 0.0233333333333
0 0.636752136752 0.0941666666667 0.0104463437797 0.0216666666667
0 0.650047483381 0.101666666667 0.0104463437797 0.0233333333333
0 0.666191832858 0.116666666667 0.00854700854701 0.0233333333333
0 0.681861348528 0.111666666667 0.0132953466287 0.0233333333333
0 0.700379867047 0.0991666666667 0.0123456790123 0.0283333333333
0 0.48195631529 0.3 0.0218423551757 0.05
0 0.56742640076 0.288333333333 0.0218423551757 0.05
0 0.611111111111 0.335 0.031339031339 0.0566666666667
0 0.682811016144 0.328333333333 0.0303893637227 0.0533333333333
0 0.570275403609 0.234166666667 0.0180436847104 0.0383333333333
0 0.612535612536 0.256666666667 0.0208926875594 0.0433333333333
0 0.613010446344 0.204166666667 0.019943019943 0.035
0 0.673314339981 0.254166666667 0.022792022792 0.0416666666667
0 0.742165242165 0.309166666667 0.0275403608737 0.0483333333333
0 0.788698955366 0.285833333333 0.025641025641 0.0516666666667
0 0.712725546059 0.2225 0.019943019943 0.0416666666667
0 0.677587844255 0.196666666667 0.0180436847104 0.04
0 0.659544159544 0.1775 0.0161443494777 0.035
0 0.685185185185 0.1475 0.0161443494777 0.0316666666667
0 0.700854700855 0.176666666667 0.017094017094 0.0333333333333
0 0.739316239316 0.194166666667 0.0180436847104 0.0383333333333
0 0.767331433998 0.210833333333 0.0246913580247 0.045
0 0.750712250712 0.150833333333 0.014245014245 0.0316666666667
0 0.718423551757 0.1375 0.014245014245 0.0316666666667
0 0.742640075973 0.118333333333 0.0151946818613 0.03
0 0.760208926876 0.104166666667 0.014245014245 0.0316666666667
0 0.776353276353 0.125833333333 0.0123456790123 0.0283333333333
0 0.788224121557 0.150833333333 0.017094017094 0.035
0 0.791073124406 0.1125 0.011396011396 0.025
0 0.812440645774 0.124166666667 0.0104463437797 0.025
0 0.810541310541 0.171666666667 0.014245014245 0.0333333333333
0 0.828584995252 0.164166666667 0.0123456790123 0.0283333333333
0 0.840930674264 0.136666666667 0.0123456790123 0.03
0 0.82383665717 0.123333333333 0.00854700854701 0.0233333333333
0 0.856125356125 0.179166666667 0.0123456790123 0.0383333333333
0 0.824786324786 0.2375 0.0218423551757 0.045
0 0.882716049383 0.211666666667 0.0180436847104 0.0433333333333
0 0.903608736942 0.195 0.0123456790123 0.03
0 0.938746438746 0.189166666667 0.0123456790123 0.0316666666667
0 0.945394112061 0.2725 0.0180436847104 0.045
0 0.940170940171 0.1525 0.011396011396 0.025
0 0.903608736942 0.1625 0.0161443494777 0.0283333333333
0 0.909781576448 0.129166666667 0.0132953466287 0.0316666666667
0 0.87559354226 0.155833333333 0.0132953466287 0.0216666666667
0 0.873694207028 0.12 0.0132953466287 0.03
