0 0.13184079602 0.558739255014 0.0414593698176 0.080229226361
0 0.230099502488 0.35100286533 0.0207296849088 0.0372492836676
0 0.257877280265 0.37893982808 0.0199004975124 0.0472779369628
0 0.290215588723 0.376790830946 0.0199004975124 0.0429799426934
0 0.286898839138 0.324498567335 0.016583747927 0.0329512893983
0 0.340381426202 0.368911174785 0.0190713101161 0.0444126074499
0 0.355721393035 0.340974212034 0.0149253731343 0.0372492836676
0 0.35447761194 0.310171919771 0.0157545605307 0.0358166189112
0 0.387230514096 0.343839541547 0.016583747927 0.0401146131805
0 0.412106135987 0.340974212034 0.0199004975124 0.0429799426934
0 0.41127694859 0.309455587393 0.0182421227197 0.025787965616
0 0.393864013267 0.275071633238 0.0182421227197 0.0343839541547
0 0.406301824212 0.288681948424 0.016583747927 0.0300859598854
0 0.430762852405 0.266475644699 0.014096185738 0.0286532951289
0 0.450248756219 0.271489971347 0.0149253731343 0.0329512893983
0 0.468905472637 0.249283667622 0.014096185738 0.0286532951289
0 0.475124378109 0.243553008596 0.0132669983416 0.0286532951289
0 0.429104477612 0.300143266476 0.0157545605307 0.0272206303725
0 0.468490878939 0.327363896848 0.0232172470978 0.0386819484241
0 0.506633499171 0.335959885387 0.0232172470978 0.0386819484241
0 0.453980099502 0.360315186246 0.0190713101161 0.0358166189112
0 0.471393034826 0.438395415473 0.030679933665 0.054441260745
0 0.543946932007 0.376790830946 0.028192371476 0.0487106017192
0 0.511194029851 0.27435530086 0.0174129353234 0.0300859598854
0 0.520729684909 0.249283667622 0.0116086235489 0.0286532951289
0 0.526533996683 0.265042979943 0.016583747927 0.0315186246418
0 0.528192371476 0.287249283668 0.0199004975124 0.0386819484241
0 0.554726368159 0.292263610315 0.0182421227197 0.0372492836676
0 0.560945273632 0.233524355301 0.014096185738 0.0286532951289
0 0.560116086235 0.255014326648 0.0157545605307 0.0286532951289
0 0.577943615257 0.260744985673 0.016583747927 0.0343839541547
0 0.573383084577 0.230659025788 0.0107794361526 0.0229226361032
0 0.582504145937 0.239971346705 0.014096185738 0.0272206303725
0 0.615671641791 0.219914040115 0.0157545605307 0.0272206303725
0 0.635986733002 0.219197707736 0.0132669983416 0.0286532951289
0 0.605721393035 0.240687679083 0.0157545605307 0.0229226361032
0 0.603648424544 0.259312320917 0.0132669983416 0.0286532951289
0 0.645107794362 0.233524355301 0.0149253731343 0.0286532951289
0 0.636815920398 0.263610315186 0.016583747927 0.0315186246418
0 0.671641791045 0.223495702006 0.0132669983416 0.0286532951289
0 0.682006633499 0.23782234957 0.014096185738 0.0286532951289
0 0.68864013267 0.227793696275 0.0124378109453 0.0286532951289
0 0.677031509121 0.283667621777 0.0174129353234 0.0315186246418
0 0.641376451078 0.313037249284 0.0190713101161 0.0358166189112
0 0.607794361526 0.337392550143 0.0232172470978 0.0444126074499
0 0.62728026534 0.379656160458 0.0223880597015 0.0458452722063
0 0.661691542289 0.382521489971 0.0265339966833 0.0601719197708
0 0.652570480929 0.353151862464 0.0182421227197 0.0386819484241
0 0.687396351575 0.325931232092 0.0182421227197 0.0444126074499
0 0.698175787728 0.383954154728 0.0215588723051 0.054441260745
0 0.726782752902 0.414756446991 0.0290215588723 0.0558739255014
0 0.5907960199 0.460601719198 0.0339966832504 0.0759312320917
0 0.638474295191 0.474928366762 0.0364842454395 0.0730659025788
0 0.538971807629 0.437679083095 0.0348258706468 0.0530085959885
0 0.713101160862 0.260028653295 0.0149253731343 0.0329512893983
0 0.742122719735 0.247851002865 0.0116086235489 0.0286532951289
0 0.754145936982 0.24212034384 0.0124378109453 0.0343839541547
0 0.744610281924 0.266475644699 0.0132669983416 0.0343839541547
0 0.770729684909 0.263610315186 0.0107794361526 0.0229226361032
0 0.775290215589 0.27435530086 0.0132669983416 0.0243553008596
0 0.783582089552 0.290114613181 0.016583747927 0.041547277937
0 0.709369817579 0.307306590258 0.0207296849088 0.0386819484241
0 0.792288557214 0.249283667622 0.0124378109453 0.0286532951289
0 0.816334991708 0.252148997135 0.0157545605307 0.0286532951289
0 0.824626865672 0.309455587393 0.014096185738 0.0343839541547
0 0.84991708126 0.265042979943 0.0149253731343 0.025787965616
0 0.861525704809 0.283667621777 0.0149253731343 0.0401146131805
0 0.876036484245 0.269340974212 0.014096185738 0.0343839541547
0 0.899253731343 0.281518624642 0.014096185738 0.0300859598854
0 0.946932006633 0.290114613181 0.0116086235489 0.0272206303725
0 0.946517412935 0.312320916905 0.0124378109453 0.025787965616
0 0.927031509121 0.336676217765 0.0149253731343 0.0458452722063
0 0.949419568823 0.368911174785 0.0199004975124 0.0530085959885
0 0.901326699834 0.330229226361 0.0149253731343 0.0386819484241
0 0.860696517413 0.335243553009 0.0199004975124 0.0401146131805
0 0.881426202322 0.345988538682 0.016583747927 0.0530085959885
0 0.866086235489 0.39899713467 0.0257048092869 0.0644699140401
0 0.830431177446 0.35100286533 0.0190713101161 0.0573065902579
0 0.819651741294 0.368194842407 0.0190713101161 0.0515759312321
0 0.921641791045 0.474212034384 0.030679933665 0.0773638968481
0 0.84991708126 0.47564469914 0.028192371476 0.0630372492837
0 0.833747927032 0.508595988539 0.0323383084577 0.0716332378223
0 0.786069651741 0.438395415473 0.0265339966833 0.0630372492837
0 0.704809286899 0.554441260745 0.0381426202322 0.0773638968481
