0 0.197405004634 0.41501650165 0.0481927710843 0.0940594059406
0 0.274791473587 0.246699669967 0.017608897127 0.0346534653465
0 0.293790546803 0.243399339934 0.0185356811863 0.0379537953795
0 0.289620018536 0.287128712871 0.0194624652456 0.03300330033
0 0.354031510658 0.260726072607 0.0185356811863 0.039603960396
0 0.369786839666 0.274752475248 0.0222428174235 0.0445544554455
0 0.36468952734 0.234323432343 0.0194624652456 0.036303630363
0 0.376274328082 0.193069306931 0.0185356811863 0.036303630363
0 0.393419833179 0.196369636964 0.0194624652456 0.036303630363
0 0.407321594069 0.172442244224 0.0139017608897 0.0247524752475
0 0.41936978684 0.173267326733 0.0157553290083 0.03300330033
0 0.446709916589 0.222772277228 0.0185356811863 0.039603960396
0 0.469879518072 0.223597359736 0.0203892493049 0.0445544554455
0 0.467099165894 0.185643564356 0.0185356811863 0.0346534653465
0 0.450417052827 0.184818481848 0.0203892493049 0.03300330033
0 0.442539388323 0.166666666667 0.0139017608897 0.026402640264
0 0.466172381835 0.155115511551 0.0111214087118 0.029702970297
0 0.481464318814 0.155940594059 0.0157553290083 0.0247524752475
0 0.490732159407 0.193069306931 0.017608897127 0.039603960396
0 0.517145505097 0.206270627063 0.0166821130677 0.036303630363
0 0.521316033364 0.166666666667 0.0139017608897 0.029702970297
0 0.517145505097 0.142739273927 0.0111214087118 0.0247524752475
0 0.50046339203 0.140264026403 0.0111214087118 0.019801980198
0 0.542632066728 0.164191419142 0.017608897127 0.0346534653465
0 0.550046339203 0.126237623762 0.0139017608897 0.0313531353135
0 0.559314179796 0.129537953795 0.0139017608897 0.0280528052805
0 0.584337349398 0.139438943894 0.0157553290083 0.0280528052805
0 0.586190917516 0.174917491749 0.017608897127 0.036303630363
0 0.608897126969 0.136138613861 0.0166821130677 0.0313531353135
0 0.598239110287 0.117161716172 0.0157553290083 0.029702970297
0 0.585727525487 0.107260726073 0.0129749768304 0.026402640264
0 0.615384615385 0.103135313531 0.0111214087118 0.0214521452145
0 0.645041705283 0.102310231023 0.014828544949 0.026402640264
0 0.642724745134 0.13696369637 0.0157553290083 0.026402640264
0 0.644578313253 0.122112211221 0.0120481927711 0.019801980198
0 0.664040778499 0.11303630363 0.0139017608897 0.0280528052805
0 0.691380908248 0.112211221122 0.014828544949 0.026402640264
0 0.683039851715 0.15099009901 0.0166821130677 0.0313531353135
0 0.694624652456 0.174092409241 0.017608897127 0.0346534653465
0 0.66172381835 0.16501650165 0.0203892493049 0.039603960396
0 0.655699721965 0.214521452145 0.0213160333642 0.042904290429
0 0.625579240037 0.205445544554 0.0240963855422 0.0379537953795
0 0.6218721038 0.250825082508 0.0259499536608 0.0561056105611
0 0.610750695088 0.299504950495 0.0333642261353 0.0577557755776
0 0.561631139944 0.252475247525 0.0222428174235 0.042904290429
0 0.48702502317 0.319306930693 0.0305838739574 0.0577557755776
0 0.537534754402 0.32095709571 0.0278035217794 0.0478547854785
0 0.677479147359 0.333333333333 0.0370713623726 0.0660066006601
0 0.737720111214 0.354785478548 0.0389249304912 0.0792079207921
0 0.721964782206 0.248349834983 0.0259499536608 0.0544554455446
0 0.696941612604 0.237623762376 0.0240963855422 0.046204620462
0 0.725208526413 0.200495049505 0.0194624652456 0.0412541254125
0 0.733086190918 0.175742574257 0.0185356811863 0.0346534653465
0 0.727988878591 0.11798679868 0.017608897127 0.0379537953795
0 0.746061167748 0.144389438944 0.0166821130677 0.0346534653465
0 0.767377201112 0.124587458746 0.014828544949 0.0313531353135
0 0.784522706209 0.141914191419 0.0157553290083 0.03300330033
0 0.806302131603 0.145214521452 0.0166821130677 0.039603960396
0 0.759499536608 0.210396039604 0.0194624652456 0.0412541254125
0 0.773864689527 0.199669966997 0.0185356811863 0.039603960396
0 0.794717330862 0.270627062706 0.0231696014829 0.0528052805281
0 0.808155699722 0.25 0.0203892493049 0.0412541254125
0 0.82483781279 0.210396039604 0.0240963855422 0.0445544554455
0 0.807692307692 0.396864686469 0.0342910101946 0.0709570957096
0 0.843836886006 0.293729372937 0.0250231696015 0.0627062706271
0 0.866079703429 0.264851485149 0.0231696014829 0.0511551155116
0 0.914272474513 0.35396039604 0.0305838739574 0.0742574257426
0 0.90593141798 0.310231023102 0.0250231696015 0.046204620462
0 0.898053753475 0.274752475248 0.0185356811863 0.0346534653465
0 0.926784059314 0.252475247525 0.0222428174235 0.046204620462
0 0.915662650602 0.218646864686 0.0166821130677 0.0412541254125
0 0.873493975904 0.198844884488 0.017608897127 0.0412541254125
0 0.855885078777 0.173267326733 0.0157553290083 0.039603960396
0 0.858665430955 0.14603960396 0.0139017608897 0.0247524752475
0 0.861445783133 0.130363036304 0.0139017608897 0.026402640264
0 0.82437442076 0.136138613861 0.0120481927711 0.0247524752475
0 0.830398517146 0.117161716172 0.0166821130677 0.029702970297
0 0.879518072289 0.150165016502 0.0111214087118 0.026402640264
0 0.885078776645 0.170792079208 0.014828544949 0.0346534653465
0 0.901297497683 0.141914191419 0.0139017608897 0.03300330033
0 0.924930491196 0.148514851485 0.0129749768304 0.026402640264
