0 0.152007648184 0.496581196581 0.038240917782 0.0974358974359
0 0.28776290631 0.221367521368 0.0229445506692 0.0393162393162
0 0.312619502868 0.223931623932 0.019120458891 0.0444444444444
0 0.355640535373 0.173504273504 0.0152963671128 0.0358974358974
0 0.376195028681 0.15811965812 0.0162523900574 0.0393162393162
0 0.417304015296 0.163247863248 0.0143403441683 0.0358974358974
0 0.426864244742 0.148717948718 0.0124282982792 0.0239316239316
0 0.482791586998 0.131623931624 0.0133843212237 0.0307692307692
0 0.347036328872 0.222222222222 0.019120458891 0.0307692307692
0 0.393881453155 0.200854700855 0.0133843212237 0.0358974358974
0 0.410611854685 0.202564102564 0.0219885277247 0.0495726495726
0 0.397705544933 0.235897435897 0.0172084130019 0.0410256410256
0 0.424952198853 0.250427350427 0.0200764818356 0.0358974358974
0 0.466539196941 0.211111111111 0.0172084130019 0.0358974358974
0 0.456500956023 0.174358974359 0.0162523900574 0.0307692307692
0 0.484225621415 0.178632478632 0.0143403441683 0.0290598290598
0 0.510994263862 0.152136752137 0.0162523900574 0.0205128205128
0 0.508126195029 0.132478632479 0.0162523900574 0.0358974358974
0 0.515774378585 0.117094017094 0.0105162523901 0.025641025641
0 0.535372848948 0.11452991453 0.0133843212237 0.0136752136752
0 0.528202676864 0.165811965812 0.0181644359465 0.0376068376068
0 0.543977055449 0.194017094017 0.0172084130019 0.0393162393162
0 0.566443594646 0.164102564103 0.0124282982792 0.034188034188
0 0.574569789675 0.135897435897 0.0114722753346 0.0290598290598
0 0.608986615679 0.0666666666667 0.00956022944551 0.0273504273504
0 0.599426386233 0.123076923077 0.0152963671128 0.0307692307692
0 0.597992351816 0.154700854701 0.0162523900574 0.0358974358974
0 0.577437858509 0.233333333333 0.0172084130019 0.042735042735
0 0.62189292543 0.237606837607 0.0181644359465 0.0376068376068
0 0.675908221797 0.108547008547 0.0172084130019 0.0324786324786
0 0.645315487572 0.121367521368 0.0114722753346 0.034188034188
0 0.629063097514 0.125641025641 0.0172084130019 0.0358974358974
0 0.666347992352 0.133333333333 0.0114722753346 0.034188034188
0 0.703154875717 0.124786324786 0.0124282982792 0.0444444444444
0 0.741395793499 0.0709401709402 0.0124282982792 0.0290598290598
0 0.750478011472 0.0752136752137 0.0133843212237 0.0273504273504
0 0.73948374761 0.137606837607 0.0181644359465 0.0358974358974
0 0.726099426386 0.171794871795 0.0200764818356 0.0393162393162
0 0.682600382409 0.215384615385 0.019120458891 0.034188034188
0 0.684512428298 0.27094017094 0.0210325047801 0.0495726495726
0 0.736615678776 0.239316239316 0.0200764818356 0.0478632478632
0 0.750956022945 0.184615384615 0.0181644359465 0.034188034188
0 0.706022944551 0.335042735043 0.0334608030593 0.0786324786325
0 0.750478011472 0.368376068376 0.0267686424474 0.0666666666667
0 0.761472275335 0.232478632479 0.0239005736138 0.0615384615385
0 0.769598470363 0.151282051282 0.0114722753346 0.0324786324786
0 0.794455066922 0.17264957265 0.0133843212237 0.034188034188
0 0.803537284895 0.213675213675 0.0162523900574 0.0410256410256
0 0.799713193117 0.288888888889 0.027724665392 0.0547008547009
0 0.823135755258 0.247008547009 0.0210325047801 0.0461538461538
0 0.835564053537 0.207692307692 0.0172084130019 0.0393162393162
0 0.811185468451 0.14358974359 0.0143403441683 0.0273504273504
0 0.859464627151 0.0940170940171 0.0114722753346 0.034188034188
0 0.842256214149 0.161538461538 0.0114722753346 0.0324786324786
0 0.869502868069 0.177777777778 0.0124282982792 0.0376068376068
0 0.903919694073 0.14188034188 0.0143403441683 0.0410256410256
0 0.944550669216 0.15811965812 0.0152963671128 0.0324786324786
0 0.907743785851 0.191452991453 0.0143403441683 0.0376068376068
0 0.901529636711 0.232478632479 0.0210325047801 0.0376068376068
0 0.934512428298 0.22905982906 0.0181644359465 0.0376068376068
0 0.939292543021 0.200854700855 0.0143403441683 0.0358974358974
0 0.912045889101 0.340170940171 0.0267686424474 0.0649572649573
0 0.639579349904 0.152991452991 0.0172084130019 0.0358974358974
0 0.443116634799 0.171794871795 0.0143403441683 0.0324786324786
0 0.367112810707 0.189743589744 0.0152963671128 0.0307692307692
0 0.672562141491 0.169230769231 0.0181644359465 0.034188034188
0 0.687380497132 0.117094017094 0.0133843212237 0.0393162393162
0 0.42638623327 0.194871794872 0.019120458891 0.0410256410256
