0 0.30957562568 0.232108317215 0.0163220892274 0.0309477756286
0 0.352013057671 0.202127659574 0.0141458106638 0.0290135396518
0 0.414581066376 0.211798839458 0.0152339499456 0.036750483559
0 0.437976060936 0.263056092843 0.0184983677911 0.0386847195358
0 0.445048966268 0.234042553191 0.0174102285092 0.0309477756286
0 0.44069640914 0.189555125725 0.0195865070729 0.0348162475822
0 0.463547334059 0.145067698259 0.0108813928183 0.027079303675
0 0.492383025027 0.171179883946 0.0141458106638 0.0328820116054
0 0.507072905332 0.209864603482 0.0195865070729 0.036750483559
0 0.561479869423 0.189555125725 0.0152339499456 0.0309477756286
0 0.54733405876 0.176015473888 0.0130576713819 0.0309477756286
0 0.631664853101 0.127659574468 0.0119695321001 0.0309477756286
0 0.628944504897 0.222437137331 0.0174102285092 0.0348162475822
0 0.637649619151 0.321083172147 0.0239390642002 0.0541586073501
0 0.639281828074 0.273694390716 0.0228509249184 0.0406189555126
0 0.674646354733 0.298839458414 0.0239390642002 0.0522243713733
0 0.675190424374 0.363636363636 0.0337323177367 0.0657640232108
0 0.669205658324 0.234042553191 0.0195865070729 0.0464216634429
0 0.667029379761 0.196324951644 0.0152339499456 0.0328820116054
0 0.73231773667 0.238878143133 0.0217627856366 0.0444874274662
0 0.774211099021 0.278529980658 0.0228509249184 0.0541586073501
0 0.819912948857 0.258220502901 0.0184983677911 0.0444874274662
0 0.84548422198 0.314313346228 0.0217627856366 0.0560928433269
0 0.866702937976 0.269825918762 0.0228509249184 0.0522243713733
0 0.909684439608 0.350096711799 0.0239390642002 0.073500967118
0 0.931991294886 0.236943907157 0.0141458106638 0.0328820116054
0 0.965723612622 0.238878143133 0.0184983677911 0.0483558994197
