0 0.0547550432277 0.356672158155 0.0134486071085 0.0313014827018
0 0.193563880884 0.247940691928 0.016330451489 0.0313014827018
0 0.316042267051 0.248764415157 0.0230547550432 0.0461285008237
0 0.557156580211 0.137561779242 0.0115273775216 0.0247116968699
0 0.566762728146 0.1392092257 0.0153698366955 0.0313014827018
0 0.500480307397 0.314662273476 0.0268972142171 0.0461285008237
0 0.553314121037 0.341021416804 0.028818443804 0.0527182866557
0 0.624879923151 0.272652388797 0.0220941402498 0.0444810543657
0 0.78530259366 0.322899505766 0.0297790585975 0.0461285008237
0 0.930355427474 0.153212520593 0.0124879923151 0.0230642504119
0 0.956772334294 0.158978583196 0.0115273775216 0.0280065897858
