0 0.185606060606 0.453020134228 0.0530303030303 0.0872483221477
0 0.311079545455 0.240771812081 0.0274621212121 0.0486577181208
0 0.342803030303 0.210570469799 0.0227272727273 0.0385906040268
0 0.892045454545 0.463087248322 0.0416666666667 0.10067114094
0 0.410984848485 0.166946308725 0.0208333333333 0.0251677852349
0 0.442234848485 0.153523489933 0.0151515151515 0.0318791946309
0 0.416666666667 0.214765100671 0.0208333333333 0.0335570469799
0 0.428503787879 0.180369127517 0.0160984848485 0.0285234899329
0 0.443181818182 0.23322147651 0.0227272727273 0.0402684563758
0 0.477746212121 0.234060402685 0.0274621212121 0.0385906040268
0 0.471590909091 0.134228187919 0.0227272727273 0.0201342281879
0 0.458806818182 0.177013422819 0.0198863636364 0.0385906040268
0 0.47490530303 0.185402684564 0.0236742424242 0.0419463087248
0 0.492424242424 0.143456375839 0.0170454545455 0.0385906040268
0 0.513257575758 0.14932885906 0.0151515151515 0.0335570469799
0 0.533617424242 0.11744966443 0.0142045454545 0.0302013422819
0 0.544034090909 0.126677852349 0.0179924242424 0.0285234899329
0 0.544981060606 0.202181208054 0.0198863636364 0.0385906040268
0 0.532670454545 0.165268456376 0.0160984848485 0.0318791946309
0 0.562973484848 0.15855704698 0.0160984848485 0.0419463087248
0 0.598958333333 0.163590604027 0.0255681818182 0.0453020134228
0 0.623106060606 0.147651006711 0.0227272727273 0.0335570469799
0 0.654356060606 0.151006711409 0.0189393939394 0.0469798657718
0 0.492424242424 0.30788590604 0.030303030303 0.0587248322148
0 0.563920454545 0.268456375839 0.0274621212121 0.0604026845638
0 0.583333333333 0.292785234899 0.032196969697 0.0721476510067
0 0.610795454545 0.223993288591 0.0265151515152 0.0419463087248
0 0.661931818182 0.234060402685 0.0265151515152 0.0385906040268
0 0.624526515152 0.302013422819 0.0369318181818 0.0771812080537
0 0.669981060606 0.289429530201 0.0331439393939 0.0453020134228
0 0.68134469697 0.343959731544 0.03125 0.0704697986577
0 0.664772727273 0.193791946309 0.0208333333333 0.0453020134228
0 0.751420454545 0.0880872483221 0.0179924242424 0.0385906040268
0 0.69365530303 0.173657718121 0.0236742424242 0.0318791946309
0 0.719223484848 0.17533557047 0.0217803030303 0.0285234899329
0 0.711174242424 0.243288590604 0.0284090909091 0.0604026845638
0 0.736268939394 0.188758389262 0.0217803030303 0.0453020134228
0 0.752840909091 0.165268456376 0.0170454545455 0.0419463087248
0 0.776515151515 0.188758389262 0.0208333333333 0.0385906040268
0 0.794507575758 0.104026845638 0.0208333333333 0.0369127516779
0 0.788825757576 0.218959731544 0.0227272727273 0.0419463087248
0 0.799242424242 0.184563758389 0.0284090909091 0.0436241610738
0 0.810132575758 0.205536912752 0.0179924242424 0.0385906040268
0 0.830492424242 0.177013422819 0.0170454545455 0.0385906040268
0 0.80634469697 0.302852348993 0.0255681818182 0.0721476510067
0 0.846117424242 0.226510067114 0.0160984848485 0.0369127516779
0 0.842329545455 0.316275167785 0.0274621212121 0.0654362416107
0 0.860795454545 0.192953020134 0.0208333333333 0.0369127516779
0 0.885890151515 0.244966442953 0.0236742424242 0.0570469798658
0 0.886363636364 0.202181208054 0.0151515151515 0.0419463087248
0 0.903409090909 0.201342281879 0.0189393939394 0.0402684563758
0 0.932291666667 0.251677852349 0.0255681818182 0.0536912751678
0 0.925189393939 0.308724832215 0.0246212121212 0.0503355704698
0 0.908617424242 0.376677852349 0.0369318181818 0.0587248322148
0 0.867897727273 0.305369127517 0.0255681818182 0.0469798657718
