0 0.257490636704 0.352445193929 0.0449438202247 0.0843170320405
0 0.277621722846 0.20910623946 0.0159176029963 0.0337268128162
0 0.324438202247 0.182967959528 0.0159176029963 0.035413153457
0 0.35861423221 0.184654300169 0.0168539325843 0.035413153457
0 0.394194756554 0.147554806071 0.0112359550562 0.0286677908938
0 0.300561797753 0.220067453626 0.0131086142322 0.0320404721754
0 0.311329588015 0.240303541315 0.0121722846442 0.0286677908938
0 0.307116104869 0.260539629005 0.0205992509363 0.0320404721754
0 0.355337078652 0.239460370995 0.0196629213483 0.0404721753794
0 0.395599250936 0.231028667791 0.0177902621723 0.0370994940978
0 0.411516853933 0.247892074199 0.0159176029963 0.0404721753794
0 0.382490636704 0.182124789207 0.0271535580524 0.0303541315346
0 0.397003745318 0.200674536256 0.0262172284644 0.0370994940978
0 0.417602996255 0.193929173693 0.0168539325843 0.0337268128162
0 0.457865168539 0.202360876897 0.0131086142322 0.0303541315346
0 0.447565543071 0.182967959528 0.0149812734082 0.0320404721754
0 0.422284644195 0.150084317032 0.0131086142322 0.026981450253
0 0.440543071161 0.147554806071 0.0159176029963 0.0286677908938
0 0.466292134831 0.14502529511 0.0149812734082 0.0337268128162
0 0.475655430712 0.12478920742 0.00936329588015 0.026981450253
0 0.492509363296 0.108768971332 0.0112359550562 0.0219224283305
0 0.473782771536 0.183811129848 0.0131086142322 0.0337268128162
0 0.49297752809 0.139966273187 0.0140449438202 0.0337268128162
0 0.513576779026 0.113827993255 0.0102996254682 0.0219224283305
0 0.541666666667 0.118043844857 0.0121722846442 0.026981450253
0 0.529962546816 0.155143338954 0.0168539325843 0.0303541315346
0 0.508895131086 0.180438448567 0.0159176029963 0.0303541315346
0 0.569756554307 0.101180438449 0.0102996254682 0.026981450253
0 0.563202247191 0.144182124789 0.0159176029963 0.0252951096121
0 0.555243445693 0.180438448567 0.0243445692884 0.0404721753794
0 0.556647940075 0.23018549747 0.0196629213483 0.035413153457
0 0.587546816479 0.155986509275 0.0159176029963 0.0320404721754
0 0.600655430712 0.107925801012 0.0177902621723 0.0303541315346
0 0.625936329588 0.122259696459 0.0234082397004 0.0320404721754
0 0.628277153558 0.0986509274874 0.0131086142322 0.0185497470489
0 0.639981273408 0.0969645868465 0.0102996254682 0.0219224283305
0 0.647471910112 0.100337268128 0.0121722846442 0.0185497470489
0 0.649812734082 0.129848229342 0.0168539325843 0.026981450253
0 0.62031835206 0.150084317032 0.0159176029963 0.0303541315346
0 0.617041198502 0.245362563238 0.0243445692884 0.0489038785835
0 0.617041198502 0.209949409781 0.0205992509363 0.035413153457
0 0.651217228464 0.22934232715 0.0215355805243 0.0404721753794
0 0.660580524345 0.179595278246 0.0121722846442 0.035413153457
0 0.678838951311 0.0994940978078 0.0112359550562 0.026981450253
0 0.671816479401 0.117200674536 0.0140449438202 0.0252951096121
0 0.707865168539 0.10370994941 0.0112359550562 0.0286677908938
0 0.704119850187 0.134907251265 0.0168539325843 0.0236087689713
0 0.697097378277 0.160202360877 0.0140449438202 0.0370994940978
0 0.713483146067 0.172006745363 0.0187265917603 0.0303541315346
0 0.681647940075 0.252951096121 0.0187265917603 0.0539629005059
0 0.658239700375 0.338111298482 0.0280898876404 0.0758853288364
0 0.736423220974 0.370994940978 0.0327715355805 0.0674536256324
0 0.715355805243 0.232715008432 0.0187265917603 0.043844856661
0 0.742041198502 0.176222596965 0.0140449438202 0.0421585160202
0 0.73361423221 0.165261382799 0.0196629213483 0.043844856661
0 0.727528089888 0.139123102867 0.0131086142322 0.0320404721754
0 0.756554307116 0.12478920742 0.0149812734082 0.026981450253
0 0.76404494382 0.128161888702 0.0149812734082 0.026981450253
0 0.77808988764 0.129848229342 0.0131086142322 0.026981450253
0 0.800093632959 0.123102866779 0.0140449438202 0.026981450253
0 0.786048689139 0.158516020236 0.0159176029963 0.026981450253
0 0.794007490637 0.199831365936 0.0168539325843 0.0387858347386
0 0.75936329588 0.241146711636 0.0224719101124 0.043844856661
0 0.794475655431 0.280775716695 0.0234082397004 0.0522765598651
0 0.815543071161 0.25042158516 0.0168539325843 0.0489038785835
0 0.808988764045 0.188870151771 0.0131086142322 0.0337268128162
0 0.817415730337 0.12478920742 0.0131086142322 0.026981450253
0 0.843632958801 0.143338954469 0.0131086142322 0.026981450253
0 0.831928838951 0.144182124789 0.0102996254682 0.0252951096121
0 0.852996254682 0.197301854975 0.0205992509363 0.0404721753794
0 0.832397003745 0.223440134907 0.0168539325843 0.0421585160202
0 0.86095505618 0.176222596965 0.0215355805243 0.0387858347386
0 0.867509363296 0.153456998314 0.0102996254682 0.026981450253
0 0.903558052434 0.14586846543 0.0112359550562 0.0252951096121
0 0.905898876404 0.173693086003 0.0140449438202 0.0303541315346
0 0.899344569288 0.196458684654 0.0159176029963 0.0421585160202
0 0.885299625468 0.222596964587 0.0177902621723 0.0370994940978
0 0.934456928839 0.152613827993 0.0131086142322 0.0286677908938
0 0.927434456929 0.201517706577 0.0159176029963 0.0387858347386
0 0.943352059925 0.18718381113 0.0140449438202 0.0337268128162
0 0.950842696629 0.225969645868 0.0140449438202 0.043844856661
0 0.918539325843 0.247892074199 0.0205992509363 0.0505902192243
0 0.916198501873 0.314502529511 0.0308988764045 0.0522765598651
0 0.820224719101 0.170320404722 0.0149812734082 0.0370994940978
0 0.605805243446 0.102023608769 0.00749063670412 0.0185497470489
