0 0.209497206704 0.35 0.0446927374302 0.0933333333333
0 0.253258845438 0.2725 0.0223463687151 0.0316666666667
0 0.292364990689 0.254166666667 0.0148975791434 0.0316666666667
0 0.317970204842 0.250833333333 0.0232774674115 0.0416666666667
0 0.337988826816 0.286666666667 0.0279329608939 0.05
0 0.324953445065 0.206666666667 0.0111731843575 0.0233333333333
0 0.344506517691 0.21 0.0130353817505 0.03
0 0.352886405959 0.165 0.0167597765363 0.0266666666667
0 0.381750465549 0.2 0.0167597765363 0.0366666666667
0 0.403165735568 0.165833333333 0.0148975791434 0.0283333333333
0 0.417132216015 0.265833333333 0.0223463687151 0.0416666666667
0 0.413873370577 0.219166666667 0.0176908752328 0.035
0 0.448324022346 0.166666666667 0.0158286778399 0.0233333333333
0 0.459031657356 0.198333333333 0.0111731843575 0.0266666666667
0 0.464618249534 0.1475 0.0130353817505 0.025
0 0.46834264432 0.245 0.0260707635009 0.04
0 0.513500931099 0.146666666667 0.0158286778399 0.03
0 0.52094972067 0.209166666667 0.0195530726257 0.035
0 0.563780260708 0.174166666667 0.0158286778399 0.0283333333333
0 0.594506517691 0.0508333333333 0.0102420856611 0.0216666666667
0 0.627560521415 0.075 0.0148975791434 0.03
0 0.663873370577 0.116666666667 0.0148975791434 0.0333333333333
0 0.680167597765 0.0925 0.0139664804469 0.0316666666667
0 0.489292364991 0.293333333333 0.0325884543762 0.0733333333333
0 0.527467411546 0.3225 0.0232774674115 0.0583333333333
0 0.566573556797 0.231666666667 0.0214152700186 0.0433333333333
0 0.6052141527 0.203333333333 0.0223463687151 0.0433333333333
0 0.601955307263 0.256666666667 0.0232774674115 0.0466666666667
0 0.607541899441 0.3225 0.0270018621974 0.065
0 0.66852886406 0.353333333333 0.0297951582868 0.0466666666667
0 0.656890130354 0.210833333333 0.0195530726257 0.0383333333333
0 0.677839851024 0.205 0.0186219739292 0.0366666666667
0 0.659217877095 0.161666666667 0.0204841713222 0.0333333333333
0 0.70251396648 0.13 0.012104283054 0.0333333333333
0 0.712290502793 0.155 0.0167597765363 0.0333333333333
0 0.737430167598 0.140833333333 0.0148975791434 0.035
0 0.737895716946 0.101666666667 0.0176908752328 0.0366666666667
0 0.739757914339 0.193333333333 0.0176908752328 0.0366666666667
0 0.756517690875 0.231666666667 0.0176908752328 0.0466666666667
0 0.741154562384 0.275833333333 0.0223463687151 0.0583333333333
0 0.776536312849 0.296666666667 0.0186219739292 0.06
0 0.760707635009 0.121666666667 0.0130353817505 0.03
0 0.777932960894 0.114166666667 0.012104283054 0.0283333333333
0 0.78677839851 0.178333333333 0.0167597765363 0.0333333333333
0 0.791433891993 0.1325 0.0111731843575 0.0283333333333
0 0.804469273743 0.125 0.0111731843575 0.0266666666667
0 0.823091247672 0.128333333333 0.0167597765363 0.0333333333333
0 0.838919925512 0.191666666667 0.0186219739292 0.0366666666667
0 0.857541899441 0.1425 0.0167597765363 0.0383333333333
0 0.887802607076 0.130833333333 0.012104283054 0.035
0 0.918994413408 0.0991666666667 0.0111731843575 0.0383333333333
0 0.875698324022 0.185 0.0158286778399 0.0333333333333
0 0.88687150838 0.1625 0.012104283054 0.0416666666667
0 0.858938547486 0.226666666667 0.0158286778399 0.0433333333333
0 0.922253258845 0.189166666667 0.0176908752328 0.0416666666667
0 0.905493482309 0.2675 0.0195530726257 0.0483333333333
0 0.87895716946 0.148333333333 0.00931098696462 0.0266666666667
0 0.692271880819 0.1775 0.0232774674115 0.0383333333333
0 0.590782122905 0.155 0.0158286778399 0.0333333333333
0 0.532588454376 0.16 0.0130353817505 0.03
0 0.439944134078 0.1875 0.0158286778399 0.035
0 0.448324022346 0.221666666667 0.0176908752328 0.03
0 0.481378026071 0.2 0.0167597765363 0.0333333333333
