0 0.089756097561 0.313675213675 0.0234146341463 0.042735042735
0 0.154634146341 0.38547008547 0.0439024390244 0.0803418803419
0 0.263414634146 0.264957264957 0.0175609756098 0.0307692307692
0 0.279024390244 0.264957264957 0.0175609756098 0.0376068376068
0 0.351707317073 0.251282051282 0.020487804878 0.0410256410256
0 0.391707317073 0.266666666667 0.020487804878 0.0410256410256
0 0.370731707317 0.195726495726 0.0156097560976 0.0324786324786
0 0.398048780488 0.22735042735 0.0175609756098 0.034188034188
0 0.399512195122 0.193162393162 0.0107317073171 0.0273504273504
0 0.409268292683 0.203418803419 0.0126829268293 0.0239316239316
0 0.409268292683 0.178632478632 0.0126829268293 0.025641025641
0 0.438536585366 0.228205128205 0.0185365853659 0.0393162393162
0 0.43756097561 0.205128205128 0.0185365853659 0.034188034188
0 0.451707317073 0.155555555556 0.0156097560976 0.0273504273504
0 0.470731707317 0.168376068376 0.0165853658537 0.0393162393162
0 0.492682926829 0.197435897436 0.0175609756098 0.0358974358974
0 0.483414634146 0.183760683761 0.0146341463415 0.0290598290598
0 0.503902439024 0.15811965812 0.0126829268293 0.025641025641
0 0.523414634146 0.168376068376 0.0165853658537 0.0290598290598
0 0.527317073171 0.196581196581 0.0185365853659 0.0410256410256
0 0.52 0.135042735043 0.0136585365854 0.0273504273504
0 0.532682926829 0.140170940171 0.0156097560976 0.034188034188
0 0.550243902439 0.168376068376 0.0175609756098 0.0324786324786
0 0.567317073171 0.139316239316 0.0146341463415 0.0290598290598
0 0.560487804878 0.111965811966 0.0126829268293 0.0290598290598
0 0.553170731707 0.0794871794872 0.0156097560976 0.0222222222222
0 0.594634146341 0.074358974359 0.0107317073171 0.0222222222222
0 0.585853658537 0.167521367521 0.0165853658537 0.034188034188
0 0.584390243902 0.14188034188 0.0136585365854 0.0239316239316
0 0.589756097561 0.123076923077 0.0107317073171 0.0205128205128
0 0.599512195122 0.111111111111 0.0107317073171 0.0239316239316
0 0.620975609756 0.105128205128 0.0107317073171 0.025641025641
0 0.647317073171 0.105128205128 0.0107317073171 0.025641025641
0 0.649756097561 0.133333333333 0.0136585365854 0.0273504273504
0 0.656097560976 0.121367521368 0.0126829268293 0.0307692307692
0 0.666829268293 0.110256410256 0.0107317073171 0.025641025641
0 0.705853658537 0.105982905983 0.0146341463415 0.0273504273504
0 0.615609756098 0.152991452991 0.0175609756098 0.0393162393162
0 0.503902439024 0.300854700855 0.0243902439024 0.0615384615385
0 0.518048780488 0.328205128205 0.0253658536585 0.0547008547009
0 0.559024390244 0.264957264957 0.0253658536585 0.0478632478632
0 0.608292682927 0.217948717949 0.020487804878 0.0393162393162
0 0.610243902439 0.27094017094 0.0224390243902 0.0529914529915
0 0.621951219512 0.295726495726 0.0282926829268 0.0512820512821
0 0.675609756098 0.315384615385 0.0360975609756 0.0700854700855
0 0.660975609756 0.219658119658 0.020487804878 0.042735042735
0 0.692682926829 0.188034188034 0.0214634146341 0.0410256410256
0 0.753658536585 0.335897435897 0.0360975609756 0.0769230769231
0 0.796585365854 0.411111111111 0.04 0.0803418803419
0 0.749268292683 0.231623931624 0.0214634146341 0.0495726495726
0 0.748780487805 0.18547008547 0.020487804878 0.0461538461538
0 0.781463414634 0.198290598291 0.0214634146341 0.0410256410256
0 0.783902439024 0.161538461538 0.0185365853659 0.0358974358974
0 0.805853658537 0.135042735043 0.0156097560976 0.0376068376068
0 0.825365853659 0.147863247863 0.0156097560976 0.0324786324786
0 0.834146341463 0.140170940171 0.0156097560976 0.0307692307692
0 0.847317073171 0.139316239316 0.0146341463415 0.0393162393162
0 0.869268292683 0.135897435897 0.0156097560976 0.0324786324786
0 0.86 0.159829059829 0.0165853658537 0.0358974358974
0 0.871707317073 0.197435897436 0.0185365853659 0.0393162393162
0 0.885853658537 0.190598290598 0.019512195122 0.0461538461538
0 0.828780487805 0.206837606838 0.0243902439024 0.0444444444444
0 0.798536585366 0.290598290598 0.0243902439024 0.0547008547009
0 0.769268292683 0.281196581197 0.0243902439024 0.0564102564103
0 0.832682926829 0.319658119658 0.0282926829268 0.0615384615385
0 0.811219512195 0.268376068376 0.0243902439024 0.0478632478632
0 0.92 0.42735042735 0.0390243902439 0.0786324786325
0 0.90487804878 0.321367521368 0.0321951219512 0.0683760683761
0 0.869756097561 0.27264957265 0.020487804878 0.042735042735
0 0.92243902439 0.280341880342 0.020487804878 0.0478632478632
0 0.928292682927 0.24358974359 0.0224390243902 0.0393162393162
0 0.927804878049 0.2 0.0214634146341 0.0444444444444
0 0.930731707317 0.162393162393 0.0175609756098 0.034188034188
0 0.905365853659 0.149572649573 0.0136585365854 0.025641025641
0 0.960975609756 0.123076923077 0.0117073170732 0.0307692307692
