0 0.7739888977 0.289106145251 0.0190325138779 0.0446927374302
0 0.806502775575 0.356843575419 0.0253766851705 0.0684357541899
0 0.847739888977 0.358240223464 0.0253766851705 0.0656424581006
0 0.820380650278 0.210893854749 0.01506740682 0.0446927374302
0 0.85408406027 0.159916201117 0.0126883425852 0.0321229050279
0 0.888183980967 0.173184357542 0.0142743854084 0.036312849162
0 0.865186360032 0.215782122905 0.0190325138779 0.0460893854749
0 0.879857256146 0.298882681564 0.0229976209358 0.0642458100559
0 0.90206185567 0.329608938547 0.0229976209358 0.0614525139665
0 0.907613005551 0.287011173184 0.0198255352895 0.0488826815642
0 0.702220459952 0.22625698324 0.0182394924663 0.0502793296089
0 0.650277557494 0.218575418994 0.0190325138779 0.0488826815642
0 0.587232355274 0.104748603352 0.00872323552736 0.0195530726257
0 0.549563838224 0.219972067039 0.0174464710547 0.0488826815642
0 0.481363996828 0.194134078212 0.0174464710547 0.0391061452514
0 0.40681998414 0.192039106145 0.0142743854084 0.0321229050279
0 0.375892149088 0.233938547486 0.0158604282316 0.0377094972067
0 0.395321173672 0.236033519553 0.0182394924663 0.036312849162
0 0.411181601903 0.228351955307 0.0166534496431 0.0321229050279
0 0.325138778747 0.243016759777 0.0158604282316 0.0307262569832
0 0.169706582078 0.459497206704 0.0364789849326 0.072625698324
