0 0.138533674339 0.534383954155 0.0434782608696 0.080229226361
0 0.236146632566 0.340974212034 0.0170502983802 0.0315186246418
0 0.259164535379 0.392550143266 0.0238704177323 0.0401146131805
0 0.288150042626 0.382521489971 0.0238704177323 0.0515759312321
0 0.290707587383 0.321633237822 0.0187553282182 0.0329512893983
0 0.347826086957 0.361747851003 0.0255754475703 0.0501432664756
0 0.329070758738 0.337392550143 0.0187553282182 0.0386819484241
0 0.364450127877 0.332378223496 0.0196078431373 0.0315186246418
0 0.364450127877 0.303724928367 0.0161977834612 0.0286532951289
0 0.400682011935 0.265759312321 0.0170502983802 0.0300859598854
0 0.42199488491 0.340257879656 0.0238704177323 0.0386819484241
0 0.393009377664 0.349570200573 0.0255754475703 0.0458452722063
0 0.45652173913 0.338108882521 0.0213128729753 0.0429799426934
0 0.442455242967 0.311604584527 0.0204603580563 0.0329512893983
0 0.419863597613 0.303724928367 0.0196078431373 0.0343839541547
0 0.421142369991 0.27435530086 0.0170502983802 0.0300859598854
0 0.43947144075 0.264326647564 0.0144927536232 0.0300859598854
0 0.451406649616 0.283667621777 0.0179028132992 0.0401146131805
0 0.482097186701 0.318051575931 0.0230179028133 0.0429799426934
0 0.485507246377 0.272206303725 0.0196078431373 0.0372492836676
0 0.479113384484 0.242836676218 0.0153452685422 0.0300859598854
0 0.524296675192 0.265759312321 0.0221653878943 0.0386819484241
0 0.515771526002 0.340257879656 0.0272804774084 0.0444126074499
0 0.541346973572 0.280802292264 0.0170502983802 0.0429799426934
0 0.563512361466 0.257163323782 0.0153452685422 0.0386819484241
0 0.575873827792 0.287965616046 0.0161977834612 0.0343839541547
0 0.595481670929 0.269340974212 0.0179028132992 0.0315186246418
0 0.572890025575 0.226361031519 0.0119352088662 0.025787965616
0 0.587382779199 0.222063037249 0.0136402387042 0.0315186246418
0 0.591645353794 0.245702005731 0.0170502983802 0.0300859598854
0 0.62063086104 0.254297994269 0.0170502983802 0.0300859598854
0 0.633418584825 0.212034383954 0.0136402387042 0.0315186246418
0 0.648337595908 0.212034383954 0.0144927536232 0.0315186246418
0 0.65558397272 0.255014326648 0.0187553282182 0.0343839541547
0 0.643648763853 0.23782234957 0.0170502983802 0.0286532951289
0 0.692668371697 0.211318051576 0.0161977834612 0.0243553008596
0 0.69863597613 0.24212034384 0.0179028132992 0.0315186246418
0 0.709718670077 0.22564469914 0.0161977834612 0.0329512893983
0 0.692668371697 0.276504297994 0.0161977834612 0.0343839541547
0 0.494884910486 0.414040114613 0.0332480818414 0.0659025787966
0 0.555839727195 0.363180515759 0.0289855072464 0.0530085959885
0 0.549019607843 0.433381088825 0.0375106564365 0.0644699140401
0 0.610826939471 0.457020057307 0.0349531116795 0.0716332378223
0 0.658567774936 0.461318051576 0.0400682011935 0.0773638968481
0 0.630008525149 0.371776504298 0.0306905370844 0.0558739255014
0 0.62063086104 0.327363896848 0.0238704177323 0.0472779369628
0 0.653878942882 0.301575931232 0.0221653878943 0.0472779369628
0 0.667945439045 0.349570200573 0.0213128729753 0.0429799426934
0 0.679880647911 0.367478510029 0.0281329923274 0.0558739255014
0 0.703751065644 0.317335243553 0.0179028132992 0.041547277937
0 0.726768968457 0.30659025788 0.0196078431373 0.0401146131805
0 0.728900255754 0.255730659026 0.0153452685422 0.0358166189112
0 0.713128729753 0.364613180516 0.0230179028133 0.0501432664756
0 0.746376811594 0.406876790831 0.0298380221654 0.054441260745
0 0.726342710997 0.538681948424 0.0392156862745 0.0744985673352
0 0.83631713555 0.588108882521 0.0375106564365 0.0816618911175
0 0.797527706735 0.427650429799 0.0332480818414 0.0616045845272
0 0.869991474851 0.469914040115 0.0332480818414 0.0630372492837
0 0.761722080136 0.255014326648 0.0179028132992 0.0343839541547
0 0.771952259165 0.244985673352 0.0127877237852 0.0315186246418
0 0.803921568627 0.285816618911 0.0170502983802 0.0386819484241
0 0.798380221654 0.268624641834 0.0144927536232 0.0300859598854
0 0.811594202899 0.268624641834 0.0153452685422 0.0358166189112
0 0.807331628303 0.247134670487 0.0136402387042 0.0300859598854
0 0.837169650469 0.247851002865 0.0170502983802 0.0372492836676
0 0.851662404092 0.275787965616 0.0187553282182 0.0386819484241
0 0.842284739983 0.297994269341 0.0153452685422 0.0315186246418
0 0.858056265985 0.340974212034 0.0196078431373 0.0429799426934
0 0.84441602728 0.364613180516 0.0247229326513 0.0530085959885
0 0.88832054561 0.404011461318 0.0306905370844 0.0573065902579
0 0.93947144075 0.457020057307 0.0306905370844 0.0659025787966
0 0.954390451833 0.366045845272 0.0213128729753 0.0530085959885
0 0.955242966752 0.32664756447 0.0161977834612 0.0401146131805
0 0.965046888321 0.308022922636 0.0170502983802 0.0372492836676
0 0.971440750213 0.291547277937 0.0161977834612 0.0329512893983
0 0.910485933504 0.26217765043 0.0136402387042 0.0315186246418
0 0.873827791986 0.264326647564 0.0153452685422 0.0329512893983
0 0.88832054561 0.278653295129 0.0187553282182 0.0386819484241
0 0.873827791986 0.333094555874 0.0221653878943 0.0444126074499
0 0.901108269395 0.345272206304 0.0204603580563 0.0487106017192
0 0.918158567775 0.327363896848 0.0187553282182 0.041547277937
0 0.927536231884 0.304441260745 0.0170502983802 0.0329512893983
