0 0.195512820513 0.447519083969 0.0448717948718 0.0820610687023
0 0.0571581196581 0.24427480916 0.0181623931624 0.0343511450382
0 0.0480769230769 0.264312977099 0.017094017094 0.0324427480916
0 0.0924145299145 0.229961832061 0.0160256410256 0.0324427480916
0 0.100961538462 0.24427480916 0.0160256410256 0.0419847328244
0 0.295405982906 0.226145038168 0.0224358974359 0.0324427480916
0 0.612713675214 0.105916030534 0.0138888888889 0.0324427480916
0 0.581730769231 0.110687022901 0.0160256410256 0.030534351145
0 0.57264957265 0.125 0.0213675213675 0.0324427480916
0 0.652243589744 0.104961832061 0.0138888888889 0.0229007633588
0 0.68108974359 0.109732824427 0.0138888888889 0.0248091603053
0 0.434829059829 0.174618320611 0.0192307692308 0.0286259541985
0 0.472222222222 0.155534351145 0.017094017094 0.0400763358779
0 0.328525641026 0.18893129771 0.0181623931624 0.0343511450382
0 0.354700854701 0.197519083969 0.0192307692308 0.0324427480916
0 0.379273504274 0.199427480916 0.0213675213675 0.043893129771
0 0.406517094017 0.190839694656 0.0224358974359 0.0381679389313
0 0.490918803419 0.139312977099 0.0202991452991 0.0419847328244
0 0.521901709402 0.0734732824427 0.0181623931624 0.0248091603053
0 0.331730769231 0.24141221374 0.0288461538462 0.0362595419847
0 0.361645299145 0.240458015267 0.0202991452991 0.030534351145
0 0.511752136752 0.151717557252 0.017094017094 0.043893129771
0 0.525641025641 0.132633587786 0.0192307692308 0.0400763358779
0 0.383547008547 0.249045801527 0.0192307692308 0.0324427480916
0 0.424679487179 0.251908396947 0.0267094017094 0.0381679389313
0 0.485576923077 0.202290076336 0.0202991452991 0.0419847328244
0 0.548611111111 0.146946564885 0.0181623931624 0.0381679389313
0 0.491987179487 0.25 0.0245726495726 0.0496183206107
0 0.536324786325 0.202290076336 0.0235042735043 0.0419847328244
0 0.582264957265 0.170801526718 0.0149572649573 0.0362595419847
0 0.633012820513 0.148854961832 0.0160256410256 0.0381679389313
0 0.572115384615 0.267175572519 0.0224358974359 0.0458015267176
0 0.70405982906 0.109732824427 0.0149572649573 0.0400763358779
0 0.669871794872 0.18034351145 0.0192307692308 0.0362595419847
0 0.619658119658 0.210877862595 0.0235042735043 0.0400763358779
0 0.615918803419 0.288167938931 0.0267094017094 0.0572519083969
0 0.648504273504 0.336832061069 0.034188034188 0.0629770992366
0 0.674679487179 0.281488549618 0.0224358974359 0.0477099236641
0 0.599358974359 0.233778625954 0.0235042735043 0.0477099236641
0 0.701388888889 0.195610687023 0.0245726495726 0.043893129771
0 0.708867521368 0.159351145038 0.0160256410256 0.0362595419847
0 0.756944444444 0.134541984733 0.0202991452991 0.0362595419847
0 0.790064102564 0.138358778626 0.0138888888889 0.0400763358779
0 0.806623931624 0.151717557252 0.0149572649573 0.0362595419847
0 0.751602564103 0.202290076336 0.0202991452991 0.0343511450382
0 0.713141025641 0.24713740458 0.0267094017094 0.0477099236641
0 0.764957264957 0.25 0.0235042735043 0.0419847328244
0 0.801282051282 0.219465648855 0.0213675213675 0.0381679389313
0 0.813034188034 0.265267175573 0.0192307692308 0.0381679389313
0 0.75641025641 0.310114503817 0.0299145299145 0.0553435114504
0 0.748397435897 0.388358778626 0.0288461538462 0.0591603053435
0 0.823183760684 0.396946564885 0.0267094017094 0.0687022900763
0 0.910790598291 0.107824427481 0.0181623931624 0.043893129771
0 0.935897435897 0.228053435115 0.0149572649573 0.0477099236641
0 0.883547008547 0.240458015267 0.017094017094 0.0419847328244
0 0.864316239316 0.280534351145 0.0235042735043 0.0496183206107
0 0.92735042735 0.306297709924 0.0192307692308 0.0515267175573
0 0.836004273504 0.31106870229 0.0245726495726 0.0534351145038
0 0.911324786325 0.349236641221 0.0235042735043 0.0534351145038
0 0.897435897436 0.413167938931 0.0320512820513 0.0782442748092
0 0.309829059829 0.234732824427 0.017094017094 0.030534351145
0 0.449252136752 0.150763358779 0.0160256410256 0.0343511450382
0 0.744123931624 0.173664122137 0.0181623931624 0.030534351145
0 0.657051282051 0.138358778626 0.0128205128205 0.0248091603053
0 0.691773504274 0.117366412214 0.0138888888889 0.0286259541985
0 0.428952991453 0.147900763359 0.0160256410256 0.0248091603053
0 0.596153846154 0.142175572519 0.0213675213675 0.043893129771
0 0.452991452991 0.225190839695 0.0235042735043 0.0458015267176
