0 0.0329400196657 0.294627383016 0.0186823992134 0.0346620450607
0 0.228121927237 0.167244367418 0.0176991150442 0.0398613518198
0 0.282694198623 0.226169844021 0.0206489675516 0.0433275563258
0 0.339724680433 0.207105719237 0.0186823992134 0.0433275563258
0 0.36529006883 0.226169844021 0.0226155358899 0.0398613518198
0 0.384464110128 0.204506065858 0.0176991150442 0.0415944540728
0 0.402654867257 0.23136915078 0.0226155358899 0.0398613518198
0 0.437069813176 0.212305025997 0.0226155358899 0.050259965338
0 0.469026548673 0.189774696707 0.015732546706 0.0329289428076
0 0.416420845624 0.149046793761 0.0147492625369 0.0311958405546
0 0.445427728614 0.141247833622 0.0137659783677 0.0294627383016
0 0.464110127827 0.152512998267 0.0196656833825 0.0381282495667
0 0.490658800393 0.161178509532 0.0176991150442 0.0346620450607
0 0.483284169125 0.132582322357 0.0186823992134 0.0329289428076
0 0.555063913471 0.177642980936 0.0206489675516 0.0467937608319
0 0.582595870206 0.0459272097054 0.0167158308751 0.0294627383016
0 0.60668633235 0.122183708839 0.0176991150442 0.0398613518198
0 0.615535889872 0.106585788562 0.0137659783677 0.0259965337955
0 0.642084562439 0.103986135182 0.0137659783677 0.0277296360485
0 0.655850540806 0.103119584055 0.0117994100295 0.0294627383016
0 0.596361848574 0.230502599653 0.0245821042281 0.0450606585789
0 0.62389380531 0.232235701906 0.0265486725664 0.0589254766031
0 0.659783677483 0.233102253033 0.0275319567355 0.0467937608319
0 0.696656833825 0.165511265165 0.0206489675516 0.0398613518198
0 0.733038348083 0.161178509532 0.0206489675516 0.0415944540728
0 0.733529990167 0.143847487002 0.0137659783677 0.0311958405546
0 0.728121927237 0.227036395147 0.0245821042281 0.0485268630849
0 0.791543756146 0.310225303293 0.0294985250737 0.0693240901213
0 0.908554572271 0.34835355286 0.0275319567355 0.0693240901213
0 0.855457227139 0.203639514731 0.015732546706 0.0433275563258
0 0.88790560472 0.236568457539 0.0216322517207 0.0467937608319
0 0.888888888889 0.205372616984 0.015732546706 0.0329289428076
0 0.872664700098 0.166377816291 0.0127826941986 0.0381282495667
0 0.899705014749 0.181109185442 0.0137659783677 0.0398613518198
0 0.922320550639 0.238301559792 0.0255653883972 0.0467937608319
0 0.914945919371 0.300693240901 0.0245821042281 0.053726169844
0 0.927728613569 0.202772963605 0.0186823992134 0.0381282495667
0 0.936578171091 0.201906412478 0.0127826941986 0.0294627383016
0 0.944444444444 0.1143847487 0.0147492625369 0.0381282495667
