0 0.126501200961 0.485935302391 0.0544435548439 0.0942334739803
0 0.217774219376 0.352320675105 0.0208166533227 0.0379746835443
0 0.264211369095 0.330520393812 0.0240192153723 0.042194092827
0 0.293835068054 0.34317862166 0.0240192153723 0.0393811533052
0 0.330664531625 0.348804500703 0.0256204963971 0.0365682137834
0 0.285028022418 0.296061884669 0.0224179343475 0.0351617440225
0 0.35228182546 0.317862165963 0.017614091273 0.0309423347398
0 0.356285028022 0.282700421941 0.0160128102482 0.0309423347398
0 0.379903923139 0.321378340366 0.0184147317854 0.0295358649789
0 0.397518014412 0.232067510549 0.0152121697358 0.0309423347398
0 0.405924739792 0.254571026723 0.017614091273 0.0309423347398
0 0.404323458767 0.288326300985 0.017614091273 0.028129395218
0 0.403923138511 0.320675105485 0.0216172938351 0.0337552742616
0 0.435548438751 0.291139240506 0.0192153722978 0.0309423347398
0 0.444355484388 0.252461322082 0.0128102481986 0.0239099859353
0 0.440752602082 0.238396624473 0.0104083266613 0.0239099859353
0 0.462369895917 0.232067510549 0.0152121697358 0.0309423347398
0 0.457566052842 0.26511954993 0.0152121697358 0.0267229254571
0 0.469175340272 0.298171589311 0.017614091273 0.0309423347398
0 0.448759007206 0.324191279887 0.0232185748599 0.0379746835443
0 0.491192954363 0.37482419128 0.0216172938351 0.0520393811533
0 0.47998398719 0.285513361463 0.0184147317854 0.0365682137834
0 0.512009607686 0.241209563994 0.013610888711 0.0267229254571
0 0.525220176141 0.261603375527 0.0160128102482 0.0365682137834
0 0.540432345877 0.240506329114 0.017614091273 0.0337552742616
0 0.550440352282 0.21870604782 0.013610888711 0.0295358649789
0 0.564851881505 0.20323488045 0.0168134507606 0.0239099859353
0 0.59287429944 0.217299578059 0.0104083266613 0.0239099859353
0 0.602481985588 0.192686357243 0.013610888711 0.028129395218
0 0.616893514812 0.199015471167 0.0120096076861 0.0267229254571
0 0.576060848679 0.242616033755 0.0152121697358 0.0295358649789
0 0.571257005604 0.231364275668 0.013610888711 0.0267229254571
0 0.590872698159 0.242616033755 0.0144115292234 0.0323488045007
0 0.552441953563 0.266526019691 0.017614091273 0.0323488045007
0 0.528823058447 0.340365682138 0.0216172938351 0.042194092827
0 0.50320256205 0.325597749648 0.0232185748599 0.0464135021097
0 0.593674939952 0.315049226442 0.0248198558847 0.0478199718706
0 0.622497998399 0.290436005626 0.0232185748599 0.0379746835443
0 0.633706965572 0.239803094233 0.0184147317854 0.0323488045007
0 0.654523618895 0.206047819972 0.0120096076861 0.0239099859353
0 0.662129703763 0.21870604782 0.0112089671737 0.0295358649789
0 0.673738991193 0.215893108298 0.013610888711 0.0295358649789
0 0.667333867094 0.253164556962 0.0152121697358 0.0337552742616
0 0.64451561249 0.322784810127 0.0208166533227 0.0379746835443
0 0.538831064852 0.392405063291 0.0272217774219 0.0506329113924
0 0.579263410729 0.395921237693 0.0216172938351 0.0351617440225
0 0.579663730985 0.434599156118 0.0304243394716 0.0731364275668
0 0.63610888711 0.449367088608 0.0344275420336 0.0689170182841
0 0.650920736589 0.376230661041 0.0272217774219 0.0604781997187
0 0.694155324259 0.236990154712 0.017614091273 0.0351617440225
0 0.724179343475 0.210970464135 0.013610888711 0.028129395218
0 0.725380304243 0.248241912799 0.0160128102482 0.0407876230661
0 0.714571657326 0.276371308017 0.0168134507606 0.0351617440225
0 0.686549239392 0.337552742616 0.0216172938351 0.0450070323488
0 0.668935148118 0.314345991561 0.0216172938351 0.0379746835443
0 0.730184147318 0.393108298172 0.0240192153723 0.0492264416315
0 0.706164931946 0.454992967651 0.0368294635709 0.0661040787623
0 0.758606885508 0.411392405063 0.0280224179343 0.0520393811533
0 0.752602081665 0.244022503516 0.0144115292234 0.0267229254571
0 0.76581265012 0.226441631505 0.0152121697358 0.0309423347398
0 0.767013610889 0.259493670886 0.0144115292234 0.0351617440225
0 0.753002401922 0.282700421941 0.0200160128102 0.0393811533052
0 0.793434747798 0.24964838256 0.017614091273 0.0239099859353
0 0.825460368295 0.253867791842 0.017614091273 0.0267229254571
0 0.853883106485 0.242616033755 0.013610888711 0.0351617440225
0 0.844675740592 0.263713080169 0.0128102481986 0.0379746835443
0 0.861489191353 0.272855133615 0.0160128102482 0.0337552742616
0 0.848678943155 0.306610407876 0.0160128102482 0.0365682137834
0 0.801441152922 0.291139240506 0.0144115292234 0.0337552742616
0 0.826261008807 0.306610407876 0.017614091273 0.0393811533052
0 0.87029623699 0.311533052039 0.0192153722978 0.0407876230661
0 0.92193755004 0.260196905767 0.0152121697358 0.0365682137834
0 0.917133706966 0.292545710267 0.0152121697358 0.028129395218
0 0.904723779023 0.317158931083 0.0192153722978 0.0407876230661
0 0.92193755004 0.316455696203 0.013610888711 0.0393811533052
0 0.911128903122 0.361462728551 0.0192153722978 0.0450070323488
0 0.893114491593 0.384669479606 0.0168134507606 0.0407876230661
0 0.860688550841 0.363572433193 0.017614091273 0.0436005625879
0 0.848278622898 0.34388185654 0.0216172938351 0.0436005625879
0 0.829463570857 0.418424753868 0.0272217774219 0.0576652601969
0 0.892714171337 0.449367088608 0.0240192153723 0.0548523206751
0 0.795836669335 0.344585091421 0.0192153722978 0.0506329113924
0 0.794635708567 0.502109704641 0.0296236989592 0.070323488045
