0 0.1725 0.400355871886 0.053 0.124555160142
0 0.34 0.490213523132 0.064 0.126334519573
0 0.368 0.231316725979 0.022 0.0462633451957
0 0.4115 0.201067615658 0.017 0.0391459074733
0 0.43 0.223309608541 0.016 0.0373665480427
0 0.4465 0.254448398577 0.023 0.0427046263345
0 0.4705 0.233096085409 0.021 0.0355871886121
0 0.48 0.195729537367 0.02 0.0427046263345
0 0.589 0.10409252669 0.012 0.0266903914591
0 0.605 0.105871886121 0.012 0.0195729537367
0 0.6405 0.115658362989 0.013 0.0284697508897
0 0.669 0.109430604982 0.016 0.0266903914591
0 0.6 0.217971530249 0.022 0.0444839857651
0 0.6415 0.237544483986 0.023 0.0516014234875
