0 0.251661918329 0.403685092127 0.0512820512821 0.120603015075
0 0.389838556505 0.497487437186 0.0617283950617 0.130653266332
0 0.396961063628 0.237018425461 0.0151946818613 0.035175879397
0 0.436372269706 0.210217755444 0.0161443494777 0.0385259631491
0 0.474358974359 0.227805695142 0.0161443494777 0.036850921273
0 0.451092117759 0.242043551089 0.017094017094 0.0452261306533
0 0.599715099715 0.112227805695 0.014245014245 0.0234505862647
0 0.614909781576 0.115577889447 0.0104463437797 0.0234505862647
0 0.669040835708 0.116415410385 0.0104463437797 0.0251256281407
0 0.641500474834 0.128140703518 0.0104463437797 0.0251256281407
0 0.587369420703 0.259631490787 0.0218423551757 0.0402010050251
0 0.633428300095 0.249581239531 0.0246913580247 0.0536013400335
