0 0.0478624535316 0.404326123128 0.0306691449814 0.063227953411
0 0.261617100372 0.282861896839 0.0195167286245 0.0299500831947
0 0.290427509294 0.271214642263 0.0195167286245 0.0299500831947
0 0.309014869888 0.258735440932 0.0157992565056 0.0349417637271
0 0.351765799257 0.282861896839 0.0157992565056 0.0332778702163
0 0.334572490706 0.253743760399 0.0148698884758 0.0316139767055
0 0.322955390335 0.217970049917 0.0120817843866 0.0232945091514
0 0.346189591078 0.217970049917 0.0157992565056 0.026622296173
0 0.381970260223 0.218801996672 0.0148698884758 0.0316139767055
0 0.413568773234 0.228785357737 0.0167286245353 0.0316139767055
0 0.391728624535 0.199667221298 0.0157992565056 0.0299500831947
0 0.416356877323 0.171381031614 0.0111524163569 0.0232945091514
0 0.395446096654 0.297004991681 0.025092936803 0.0382695507488
0 0.442843866171 0.227953410982 0.0176579925651 0.0366056572379
0 0.479553903346 0.236272878536 0.0167286245353 0.0432612312812
0 0.46375464684 0.211314475874 0.0167286245353 0.0366056572379
0 0.44656133829 0.188019966722 0.0176579925651 0.026622296173
0 0.433085501859 0.198835274542 0.0130111524164 0.0316139767055
0 0.44563197026 0.159733777038 0.0102230483271 0.026622296173
0 0.490706319703 0.196339434276 0.0148698884758 0.0299500831947
0 0.484200743494 0.164725457571 0.0130111524164 0.0299500831947
0 0.461895910781 0.179700499168 0.0130111524164 0.0232945091514
0 0.510223048327 0.168885191348 0.0148698884758 0.0282861896839
0 0.505111524164 0.155574043261 0.0157992565056 0.0349417637271
0 0.489776951673 0.133943427621 0.0111524163569 0.0249584026622
0 0.473513011152 0.148086522463 0.0120817843866 0.0199667221298
0 0.51719330855 0.135607321131 0.0102230483271 0.0282861896839
0 0.532063197026 0.130615640599 0.0120817843866 0.0282861896839
0 0.541356877323 0.203826955075 0.0157992565056 0.0349417637271
0 0.538104089219 0.164725457571 0.0185873605948 0.0366056572379
0 0.57156133829 0.168053244592 0.0148698884758 0.0366056572379
0 0.553903345725 0.150582362729 0.0130111524164 0.0382695507488
0 0.564126394052 0.109816971714 0.0092936802974 0.026622296173
0 0.596654275093 0.1231281198 0.0130111524164 0.026622296173
0 0.593401486989 0.10149750416 0.0120817843866 0.0299500831947
0 0.621282527881 0.125623960067 0.0102230483271 0.0216306156406
0 0.617565055762 0.106489184692 0.0120817843866 0.0232945091514
0 0.642657992565 0.104825291181 0.0157992565056 0.026622296173
0 0.639405204461 0.126455906822 0.0111524163569 0.026622296173
0 0.493959107807 0.287021630616 0.0232342007435 0.0482529118136
0 0.539962825279 0.310316139767 0.0260223048327 0.0582362728785
0 0.598048327138 0.337770382696 0.0269516728625 0.0532445923461
0 0.566449814126 0.247920133111 0.021375464684 0.0465890183028
0 0.609665427509 0.258735440932 0.0241635687732 0.0482529118136
0 0.663104089219 0.262895174709 0.021375464684 0.0499168053245
0 0.675185873606 0.341098169717 0.0306691449814 0.0665557404326
0 0.720260223048 0.282861896839 0.0297397769517 0.0465890183028
0 0.78624535316 0.278702163062 0.0241635687732 0.0549084858569
0 0.74907063197 0.231281198003 0.0241635687732 0.0532445923461
0 0.670539033457 0.203826955075 0.0232342007435 0.0415973377704
0 0.697955390335 0.230449251248 0.0223048327138 0.044925124792
0 0.610594795539 0.209650582363 0.0167286245353 0.0366056572379
0 0.649628252788 0.179700499168 0.0167286245353 0.0399334442596
0 0.628252788104 0.15224625624 0.0130111524164 0.0316139767055
0 0.67843866171 0.151414309484 0.0130111524164 0.0332778702163
0 0.691449814126 0.182196339434 0.0167286245353 0.0382695507488
0 0.740706319703 0.179700499168 0.0167286245353 0.0366056572379
0 0.821096654275 0.231281198003 0.021375464684 0.0499168053245
0 0.870353159851 0.223793677205 0.0157992565056 0.0382695507488
0 0.923327137546 0.285357737105 0.021375464684 0.044925124792
0 0.674721189591 0.116472545757 0.0148698884758 0.026622296173
0 0.689591078067 0.0981697171381 0.0148698884758 0.0299500831947
0 0.711895910781 0.135607321131 0.0185873605948 0.0282861896839
0 0.729089219331 0.123960066556 0.0139405204461 0.0282861896839
0 0.749535315985 0.110648918469 0.0139405204461 0.0282861896839
0 0.743959107807 0.133111480865 0.0120817843866 0.026622296173
0 0.765334572491 0.161397670549 0.0176579925651 0.0299500831947
0 0.736988847584 0.153078202995 0.0148698884758 0.026622296173
0 0.775092936803 0.12146422629 0.0111524163569 0.0299500831947
0 0.783457249071 0.117304492512 0.0130111524164 0.0316139767055
0 0.798327137546 0.138103161398 0.0130111524164 0.0332778702163
0 0.809479553903 0.129783693844 0.0130111524164 0.026622296173
0 0.80529739777 0.183860232945 0.0176579925651 0.0415973377704
0 0.815985130112 0.167221297837 0.0148698884758 0.0282861896839
0 0.828996282528 0.134775374376 0.0130111524164 0.0366056572379
0 0.851301115242 0.1846921797 0.0185873605948 0.0399334442596
0 0.861988847584 0.154742096506 0.0139405204461 0.026622296173
0 0.866635687732 0.127287853577 0.0157992565056 0.0316139767055
0 0.889869888476 0.201331114809 0.0139405204461 0.0332778702163
0 0.901486988848 0.13227953411 0.0167286245353 0.0382695507488
0 0.928903345725 0.154742096506 0.0120817843866 0.026622296173
0 0.92936802974 0.200499168053 0.0111524163569 0.0316139767055
0 0.923791821561 0.178868552413 0.0111524163569 0.0216306156406
