0 0.12255859375 0.415936952715 0.0537109375 0.106830122592
0 0.2919921875 0.204028021016 0.013671875 0.0332749562172
0 0.3095703125 0.211033274956 0.01171875 0.0332749562172
0 0.3251953125 0.210157618214 0.013671875 0.031523642732
0 0.34130859375 0.233800350263 0.0185546875 0.0402802101576
0 0.34716796875 0.202276707531 0.0146484375 0.0367775831874
0 0.34228515625 0.165499124343 0.0126953125 0.0332749562172
0 0.3525390625 0.186514886165 0.01171875 0.0332749562172
0 0.36962890625 0.201401050788 0.0146484375 0.0350262697023
0 0.38916015625 0.201401050788 0.0166015625 0.0385288966725
0 0.4013671875 0.248686514886 0.01953125 0.045534150613
0 0.400390625 0.164623467601 0.015625 0.031523642732
0 0.39697265625 0.154991243433 0.0166015625 0.0262697022767
0 0.41943359375 0.15061295972 0.0126953125 0.0245183887916
0 0.435546875 0.156742556918 0.015625 0.0262697022767
0 0.4287109375 0.180385288967 0.013671875 0.031523642732
0 0.43994140625 0.192644483363 0.0185546875 0.031523642732
0 0.462890625 0.196147110333 0.015625 0.0350262697023
0 0.462890625 0.123467600701 0.01171875 0.0297723292469
0 0.4814453125 0.139229422067 0.009765625 0.0297723292469
0 0.50439453125 0.190893169877 0.0185546875 0.031523642732
0 0.49951171875 0.174255691769 0.0166015625 0.0367775831874
0 0.49853515625 0.140105078809 0.0146484375 0.0280210157618
0 0.49658203125 0.11646234676 0.0107421875 0.0227670753065
0 0.51806640625 0.121716287215 0.0107421875 0.0192644483363
0 0.533203125 0.125218914186 0.01171875 0.0262697022767
0 0.53076171875 0.159369527145 0.0166015625 0.031523642732
0 0.55224609375 0.176882661996 0.0146484375 0.0420315236427
0 0.5537109375 0.145359019264 0.013671875 0.0280210157618
0 0.54541015625 0.117338003503 0.0107421875 0.0280210157618
0 0.5732421875 0.128721541156 0.01171875 0.0297723292469
0 0.60009765625 0.151488616462 0.0166015625 0.0332749562172
0 0.62109375 0.126970227671 0.013671875 0.0262697022767
0 0.63916015625 0.148861646235 0.0126953125 0.0245183887916
0 0.65966796875 0.165499124343 0.0126953125 0.0297723292469
0 0.6455078125 0.107705779335 0.01171875 0.0297723292469
0 0.60205078125 0.0998248686515 0.0087890625 0.0210157618214
0 0.62744140625 0.11295971979 0.0107421875 0.0227670753065
0 0.560546875 0.22942206655 0.021484375 0.0525394045534
0 0.6357421875 0.238178633975 0.021484375 0.0420315236427
0 0.6240234375 0.203152364273 0.015625 0.0385288966725
0 0.65869140625 0.234676007005 0.0166015625 0.045534150613
0 0.6845703125 0.253064798599 0.021484375 0.0472854640981
0 0.66943359375 0.329246935201 0.0283203125 0.0700525394046
0 0.74755859375 0.374781085814 0.0263671875 0.0630472854641
0 0.79541015625 0.281085814361 0.0224609375 0.0507880910683
0 0.76123046875 0.244308231173 0.0224609375 0.0437828371278
0 0.73583984375 0.231173380035 0.0185546875 0.0385288966725
0 0.71533203125 0.180385288967 0.0166015625 0.0420315236427
0 0.69970703125 0.171628721541 0.0146484375 0.031523642732
0 0.6845703125 0.107705779335 0.01171875 0.0297723292469
0 0.6826171875 0.0971978984238 0.01171875 0.0297723292469
0 0.69921875 0.101576182137 0.01171875 0.0245183887916
0 0.7333984375 0.136602451839 0.01171875 0.0280210157618
0 0.732421875 0.166374781086 0.01171875 0.0350262697023
0 0.75048828125 0.18826619965 0.0185546875 0.0402802101576
0 0.79638671875 0.200525394046 0.0166015625 0.0332749562172
0 0.7890625 0.16112084063 0.013671875 0.031523642732
0 0.7587890625 0.125218914186 0.009765625 0.0297723292469
0 0.7734375 0.11996497373 0.009765625 0.0262697022767
0 0.7880859375 0.131348511384 0.009765625 0.0210157618214
0 0.79833984375 0.121716287215 0.0107421875 0.0297723292469
0 0.82275390625 0.132224168126 0.0107421875 0.0262697022767
0 0.837890625 0.145359019264 0.009765625 0.031523642732
0 0.828125 0.165499124343 0.013671875 0.0262697022767
0 0.81494140625 0.190893169877 0.0146484375 0.0350262697023
0 0.8203125 0.252189141856 0.017578125 0.0490367775832
0 0.84033203125 0.218038528897 0.0185546875 0.0472854640981
0 0.8515625 0.208406304729 0.013671875 0.0350262697023
0 0.8662109375 0.169877408056 0.013671875 0.0385288966725
0 0.87353515625 0.160245183888 0.0146484375 0.0367775831874
0 0.91796875 0.339754816112 0.0234375 0.0560420315236
0 0.89111328125 0.226795096322 0.0166015625 0.0402802101576
0 0.93017578125 0.253064798599 0.0166015625 0.0402802101576
0 0.9306640625 0.211033274956 0.013671875 0.0367775831874
0 0.9375 0.19527145359 0.013671875 0.0367775831874
0 0.94580078125 0.182136602452 0.0107421875 0.0350262697023
0 0.89501953125 0.178633975482 0.0107421875 0.0280210157618
0 0.90869140625 0.179509632224 0.0107421875 0.0262697022767
