0 0.390518084066 0.309602649007 0.0263929618768 0.0430463576159
0 0.364613880743 0.216887417219 0.0156402737048 0.0298013245033
0 0.338220918866 0.217715231788 0.0156402737048 0.0314569536424
0 0.484359726295 0.168046357616 0.0127077223851 0.0248344370861
0 0.510263929619 0.205298013245 0.0175953079179 0.0331125827815
0 0.578690127077 0.181291390728 0.0175953079179 0.0314569536424
0 0.574780058651 0.127483443709 0.0136852394917 0.023178807947
0 0.8880742913 0.10761589404 0.0127077223851 0.0264900662252
0 0.921309872923 0.148178807947 0.010752688172 0.0281456953642
0 0.827468230694 0.401490066225 0.030303030303 0.0745033112583
