0 0.532643312102 0.399452804378 0.0302547770701 0.0492476060192
0 0.628582802548 0.444596443228 0.0342356687898 0.0738714090287
0 0.599522292994 0.209302325581 0.0143312101911 0.0328317373461
0 0.645700636943 0.205882352941 0.0143312101911 0.0287277701778
0 0.682324840764 0.218878248974 0.015923566879 0.0273597811218
0 0.587181528662 0.217510259918 0.015127388535 0.0246238030096
0 0.5625 0.225718194254 0.0167197452229 0.0410396716826
0 0.546576433121 0.225034199726 0.015127388535 0.03146374829
0 0.625796178344 0.218878248974 0.015923566879 0.0355677154583
0 0.613057324841 0.216142270862 0.0143312101911 0.0328317373461
0 0.459792993631 0.231190150479 0.0167197452229 0.0300957592339
0 0.423964968153 0.24829001368 0.0167197452229 0.0287277701778
0 0.388933121019 0.264021887825 0.0199044585987 0.0383036935705
0 0.349522292994 0.294801641587 0.0222929936306 0.0341997264022
0 0.53025477707 0.243502051984 0.015923566879 0.0355677154583
0 0.498407643312 0.259917920657 0.0191082802548 0.0383036935705
0 0.286624203822 0.295485636115 0.0175159235669 0.0355677154583
0 0.228901273885 0.333105335157 0.0183121019108 0.0341997264022
0 0.0199044585987 0.416552667579 0.0286624203822 0.0533515731874
0 0.255573248408 0.365937072503 0.0222929936306 0.0396716826265
0 0.28423566879 0.366621067031 0.0207006369427 0.0410396716826
0 0.332404458599 0.34268125855 0.0230891719745 0.0451436388509
0 0.361464968153 0.338577291382 0.0207006369427 0.0369357045144
0 0.38097133758 0.321477428181 0.0167197452229 0.0383036935705
0 0.437898089172 0.266073871409 0.0191082802548 0.0396716826265
0 0.427547770701 0.366621067031 0.0222929936306 0.046511627907
0 0.397691082803 0.330369357045 0.0246815286624 0.0424076607387
0 0.460987261146 0.296853625171 0.0191082802548 0.0355677154583
0 0.493232484076 0.315321477428 0.0246815286624 0.0396716826265
0 0.454617834395 0.401504787962 0.0334394904459 0.0478796169631
0 0.525875796178 0.345417236662 0.0294585987261 0.0506155950752
0 0.550557324841 0.28317373461 0.015127388535 0.0355677154583
0 0.568073248408 0.261969904241 0.00875796178344 0.0287277701778
0 0.609872611465 0.261969904241 0.0207006369427 0.03146374829
0 0.584792993631 0.253761969904 0.0230891719745 0.0341997264022
0 0.661624203822 0.267441860465 0.0191082802548 0.0451436388509
0 0.691082802548 0.249658002736 0.0127388535032 0.0259917920657
0 0.583996815287 0.324897400821 0.0199044585987 0.0369357045144
0 0.623805732484 0.307113543092 0.0183121019108 0.0341997264022
0 0.72372611465 0.243502051984 0.0175159235669 0.0383036935705
0 0.737261146497 0.231190150479 0.0191082802548 0.0383036935705
0 0.757165605096 0.235978112175 0.0127388535032 0.0287277701778
0 0.771496815287 0.240082079343 0.0111464968153 0.0369357045144
0 0.820461783439 0.25170998632 0.0119426751592 0.0328317373461
0 0.84872611465 0.243502051984 0.015923566879 0.0300957592339
0 0.794585987261 0.263337893297 0.015923566879 0.0369357045144
0 0.872611464968 0.28659370725 0.0175159235669 0.0478796169631
0 0.709394904459 0.280437756498 0.0175159235669 0.0273597811218
0 0.908837579618 0.274965800274 0.0167197452229 0.0328317373461
0 0.900875796178 0.294801641587 0.0199044585987 0.0341997264022
0 0.797770700637 0.297537619699 0.015923566879 0.03146374829
0 0.754777070064 0.281121751026 0.0175159235669 0.0232558139535
0 0.735270700637 0.271545827633 0.0183121019108 0.0259917920657
0 0.584394904459 0.44049247606 0.0286624203822 0.0683994528044
0 0.597531847134 0.356361149111 0.015127388535 0.0506155950752
0 0.639331210191 0.363885088919 0.0270700636943 0.06292749658
0 0.673168789809 0.347469220246 0.0214968152866 0.046511627907
0 0.71775477707 0.400136798906 0.0294585987261 0.0560875512996
0 0.686305732484 0.470588235294 0.0302547770701 0.0711354309166
0 0.766321656051 0.415868673051 0.0262738853503 0.0492476060192
0 0.793391719745 0.359781121751 0.0230891719745 0.06292749658
0 0.802149681529 0.512995896033 0.0342356687898 0.0683994528044
0 0.826433121019 0.459644322845 0.0382165605096 0.0547195622435
0 0.831608280255 0.329001367989 0.0214968152866 0.0341997264022
0 0.855095541401 0.335841313269 0.0286624203822 0.0588235294118
0 0.84076433121 0.367989056088 0.0286624203822 0.0547195622435
0 0.888933121019 0.451436388509 0.0246815286624 0.0547195622435
0 0.916003184713 0.355677154583 0.0199044585987 0.046511627907
0 0.399681528662 0.296853625171 0.015923566879 0.0328317373461
0 0.459792993631 0.265389876881 0.0230891719745 0.0328317373461
0 0.510350318471 0.274965800274 0.0175159235669 0.0410396716826
0 0.509156050955 0.247606019152 0.0135350318471 0.0218878248974
0 0.620621019108 0.245554035568 0.015127388535 0.03146374829
0 0.65724522293 0.225034199726 0.0135350318471 0.03146374829
0 0.833996815287 0.281121751026 0.0167197452229 0.0424076607387
0 0.859076433121 0.305745554036 0.0143312101911 0.0396716826265
0 0.893710191083 0.322845417237 0.0183121019108 0.0437756497948
