0 0.0764754779717 0.485964912281 0.0515378221114 0.105263157895
0 0.175394846218 0.305263157895 0.0232751454697 0.0526315789474
0 0.201163757273 0.314035087719 0.0282626766417 0.0526315789474
0 0.241479634248 0.258771929825 0.0191188694929 0.0438596491228
0 0.28221113882 0.266666666667 0.0207813798836 0.0456140350877
0 0.287198669992 0.228947368421 0.0224438902743 0.040350877193
0 0.309226932668 0.252631578947 0.0199501246883 0.0526315789474
0 0.327098919368 0.238596491228 0.0207813798836 0.0526315789474
0 0.347049044057 0.285964912281 0.024106400665 0.059649122807
0 0.343308395677 0.222807017544 0.021612635079 0.0421052631579
0 0.369492934331 0.211403508772 0.024106400665 0.0438596491228
0 0.373649210308 0.25701754386 0.0191188694929 0.0473684210526
0 0.410224438903 0.219298245614 0.0207813798836 0.0350877192982
0 0.410224438903 0.189473684211 0.0174563591022 0.0350877192982
0 0.417290108063 0.335964912281 0.026600166251 0.0578947368421
0 0.430590191189 0.187719298246 0.0182876142976 0.0421052631579
0 0.453865336658 0.269298245614 0.0232751454697 0.0578947368421
0 0.482959268495 0.228070175439 0.0182876142976 0.0491228070175
0 0.505818786367 0.193859649123 0.024106400665 0.0543859649123
0 0.477971737323 0.170175438596 0.0199501246883 0.0385964912281
0 0.462593516209 0.183333333333 0.0191188694929 0.040350877193
0 0.536159600998 0.239473684211 0.0182876142976 0.0438596491228
0 0.543640897756 0.183333333333 0.0182876142976 0.040350877193
0 0.538653366584 0.15350877193 0.021612635079 0.0368421052632
0 0.565669160432 0.152631578947 0.0207813798836 0.0421052631579
0 0.579800498753 0.135087719298 0.0157938487116 0.0350877192982
0 0.566916043225 0.193859649123 0.0182876142976 0.0333333333333
0 0.558603491272 0.221052631579 0.0166251039069 0.0421052631579
0 0.591438071488 0.173684210526 0.0174563591022 0.0350877192982
0 0.598088113051 0.198245614035 0.0174563591022 0.0421052631579
0 0.610556940981 0.219298245614 0.0174563591022 0.0456140350877
0 0.619285120532 0.15 0.0182876142976 0.0438596491228
0 0.642975893599 0.173684210526 0.0157938487116 0.0385964912281
0 0.657522859518 0.162280701754 0.0149625935162 0.040350877193
0 0.682460515378 0.156140350877 0.0166251039069 0.0421052631579
0 0.67497921862 0.181578947368 0.0166251039069 0.0438596491228
0 0.703241895262 0.181578947368 0.0133000831255 0.0473684210526
0 0.647963424771 0.206140350877 0.0174563591022 0.0368421052632
0 0.652535328346 0.25701754386 0.0249376558603 0.0614035087719
0 0.604322527016 0.310526315789 0.0232751454697 0.0631578947368
0 0.560266001663 0.365789473684 0.0282626766417 0.0614035087719
0 0.592269326683 0.402631578947 0.0324189526185 0.0684210526316
0 0.655029093932 0.425438596491 0.0299251870324 0.0649122807018
0 0.711970074813 0.420175438596 0.0290939318371 0.0684210526316
0 0.773898586866 0.491228070175 0.0282626766417 0.0947368421053
0 0.868246051538 0.521052631579 0.0324189526185 0.080701754386
0 0.689941812136 0.252631578947 0.021612635079 0.0456140350877
0 0.73399833749 0.251754385965 0.0199501246883 0.0438596491228
0 0.72319201995 0.241228070175 0.021612635079 0.0438596491228
0 0.708645054032 0.304385964912 0.0274314214464 0.0508771929825
0 0.744804655029 0.317543859649 0.0249376558603 0.059649122807
0 0.744804655029 0.214912280702 0.0149625935162 0.0473684210526
0 0.768495428096 0.211403508772 0.0191188694929 0.0368421052632
0 0.765586034913 0.240350877193 0.0199501246883 0.0561403508772
0 0.805070656692 0.212280701754 0.0157938487116 0.0456140350877
0 0.822527015794 0.242105263158 0.0157938487116 0.0456140350877
0 0.811720698254 0.245614035088 0.0174563591022 0.0421052631579
0 0.783458021613 0.284210526316 0.0207813798836 0.0561403508772
0 0.806733167082 0.328070175439 0.0207813798836 0.059649122807
0 0.864505403159 0.25350877193 0.0149625935162 0.040350877193
0 0.899418121363 0.255263157895 0.0166251039069 0.040350877193
0 0.948877805486 0.271929824561 0.0141313383209 0.0456140350877
0 0.927680798005 0.293859649123 0.0166251039069 0.0368421052632
0 0.901496259352 0.285087719298 0.0157938487116 0.040350877193
0 0.888611803824 0.30701754386 0.0182876142976 0.0526315789474
0 0.927265170407 0.359649122807 0.0157938487116 0.0561403508772
0 0.983790523691 0.285964912281 0.0141313383209 0.0491228070175
0 0.976309226933 0.328070175439 0.0157938487116 0.0421052631579
0 0.975477971737 0.362280701754 0.0157938487116 0.0543859649123
0 0.97506234414 0.39649122807 0.0182876142976 0.0526315789474
0 0.945552784705 0.411403508772 0.0207813798836 0.0649122807018
0 0.959268495428 0.488596491228 0.021612635079 0.0824561403509
0 0.869492934331 0.339473684211 0.0199501246883 0.0543859649123
0 0.86242726517 0.406140350877 0.0191188694929 0.0684210526316
0 0.879052369077 0.435087719298 0.0207813798836 0.0701754385965
