0 0.164018691589 0.479966611018 0.0364485981308 0.0584307178631
0 0.253738317757 0.267946577629 0.0140186915888 0.0283806343907
0 0.273831775701 0.274624373957 0.0168224299065 0.0283806343907
0 0.295794392523 0.262103505843 0.0140186915888 0.0333889816361
0 0.310280373832 0.277128547579 0.0168224299065 0.0333889816361
0 0.326168224299 0.290484140234 0.014953271028 0.0333889816361
0 0.36308411215 0.281302170284 0.0177570093458 0.0350584307179
0 0.348598130841 0.262103505843 0.018691588785 0.0300500834725
0 0.328504672897 0.233722871452 0.0158878504673 0.0300500834725
0 0.31308411215 0.227045075125 0.0130841121495 0.0333889816361
0 0.359345794393 0.229549248748 0.0140186915888 0.0350584307179
0 0.394859813084 0.292153589316 0.0214953271028 0.0434056761269
0 0.388785046729 0.224540901503 0.0130841121495 0.025041736227
0 0.388785046729 0.190317195326 0.014953271028 0.0367278797997
0 0.446728971963 0.230383973289 0.0168224299065 0.0367278797997
0 0.42523364486 0.195325542571 0.0168224299065 0.0333889816361
0 0.444859813084 0.174457429048 0.011214953271 0.025041736227
0 0.464018691589 0.151085141903 0.0102803738318 0.0217028380634
0 0.480373831776 0.161101836394 0.014953271028 0.0317195325543
0 0.488317757009 0.19449081803 0.0140186915888 0.0317195325543
0 0.468224299065 0.224540901503 0.018691588785 0.0317195325543
0 0.527570093458 0.202838063439 0.0177570093458 0.0383973288815
0 0.507009345794 0.196160267112 0.0177570093458 0.0350584307179
0 0.485981308411 0.140233722871 0.0130841121495 0.0233722871452
0 0.539719626168 0.176961602671 0.0140186915888 0.0300500834725
0 0.566355140187 0.17612687813 0.014953271028 0.0317195325543
0 0.560747663551 0.145242070117 0.0130841121495 0.0267111853088
0 0.568691588785 0.122704507513 0.0121495327103 0.0217028380634
0 0.594859813084 0.144407345576 0.0121495327103 0.0283806343907
0 0.621028037383 0.146911519199 0.0121495327103 0.0267111853088
0 0.611682242991 0.130217028381 0.0102803738318 0.0233722871452
0 0.618224299065 0.118530884808 0.0102803738318 0.0200333889816
0 0.599065420561 0.123539232053 0.011214953271 0.0233722871452
0 0.640186915888 0.136894824708 0.011214953271 0.0300500834725
0 0.676168224299 0.124373956594 0.0140186915888 0.025041736227
0 0.552803738318 0.248747913189 0.0214953271028 0.0500834724541
0 0.51214953271 0.299666110184 0.0224299065421 0.0484140233723
0 0.58691588785 0.299666110184 0.0261682242991 0.0517529215359
0 0.615887850467 0.311352253756 0.0261682242991 0.0584307178631
0 0.608411214953 0.255425709516 0.0224299065421 0.0467445742905
0 0.633177570093 0.196994991653 0.0177570093458 0.0367278797997
0 0.670093457944 0.218697829716 0.018691588785 0.0400667779633
0 0.685514018692 0.152754590985 0.0121495327103 0.025041736227
0 0.71214953271 0.152754590985 0.011214953271 0.0283806343907
0 0.704205607477 0.224540901503 0.0196261682243 0.0484140233723
0 0.677102803738 0.272120200334 0.0214953271028 0.0567612687813
0 0.718691588785 0.278797996661 0.0242990654206 0.0467445742905
0 0.732242990654 0.205342237062 0.0177570093458 0.0300500834725
0 0.728504672897 0.164440734558 0.0158878504673 0.0350584307179
0 0.755607476636 0.141903171953 0.0140186915888 0.0333889816361
0 0.765420560748 0.126878130217 0.0130841121495 0.0267111853088
0 0.752803738318 0.113522537563 0.0140186915888 0.0300500834725
0 0.772429906542 0.166110183639 0.0140186915888 0.0283806343907
0 0.776168224299 0.207846410684 0.0140186915888 0.0383973288815
0 0.757943925234 0.233722871452 0.0205607476636 0.0434056761269
0 0.768224299065 0.30550918197 0.0261682242991 0.0601001669449
0 0.840186915888 0.330550918197 0.0261682242991 0.0601001669449
0 0.85046728972 0.242904841402 0.018691588785 0.0517529215359
0 0.910747663551 0.253756260434 0.0214953271028 0.0534223706177
0 0.917757009346 0.241235392321 0.014953271028 0.0517529215359
0 0.886448598131 0.197829716194 0.0140186915888 0.0350584307179
0 0.892056074766 0.162771285476 0.0158878504673 0.0383973288815
0 0.852803738318 0.156928213689 0.0121495327103 0.0333889816361
0 0.802803738318 0.170283806344 0.014953271028 0.0333889816361
0 0.790186915888 0.161936560935 0.0102803738318 0.0267111853088
0 0.834579439252 0.152754590985 0.014953271028 0.0350584307179
0 0.845327102804 0.187813021703 0.0121495327103 0.0283806343907
0 0.839719626168 0.228714524207 0.0158878504673 0.0400667779633
