0 0.0714985308521 0.293913043478 0.0254652301665 0.0382608695652
0 0.341332027424 0.22347826087 0.0186092066601 0.0330434782609
0 0.346718903036 0.182608695652 0.0195886385896 0.0347826086957
0 0.415768854065 0.206086956522 0.0186092066601 0.0330434782609
0 0.447600391773 0.21652173913 0.0195886385896 0.0365217391304
0 0.483839373164 0.22 0.0195886385896 0.0330434782609
0 0.521547502449 0.272173913043 0.026444662096 0.0434782608696
0 0.55582761998 0.301739130435 0.024485798237 0.0573913043478
0 0.601860920666 0.30347826087 0.0342801175318 0.064347826087
0 0.573457394711 0.241739130435 0.0146914789422 0.0417391304348
0 0.420666013712 0.177391304348 0.0166503428012 0.0278260869565
0 0.428011753183 0.153913043478 0.0156709108717 0.0226086956522
0 0.449069539667 0.180869565217 0.0146914789422 0.0278260869565
0 0.470127326151 0.192173913043 0.0176297747307 0.0295652173913
0 0.488246816846 0.146086956522 0.0127326150833 0.0278260869565
0 0.502448579824 0.149565217391 0.0137120470127 0.0278260869565
0 0.501958863859 0.125217391304 0.0127326150833 0.024347826087
0 0.536728697356 0.15652173913 0.0117531831538 0.0208695652174
0 0.525954946131 0.122608695652 0.0117531831538 0.0260869565217
0 0.542115572968 0.127826086957 0.0146914789422 0.0260869565217
0 0.539177277179 0.188695652174 0.0186092066601 0.0330434782609
0 0.563663075416 0.169565217391 0.0186092066601 0.0295652173913
0 0.588148873653 0.173043478261 0.0166503428012 0.0295652173913
0 0.588638589618 0.112173913043 0.0137120470127 0.0226086956522
0 0.680705190989 0.32347826087 0.0254652301665 0.0591304347826
0 0.753672869736 0.333043478261 0.0166503428012 0.0539130434783
0 0.834965719882 0.366956521739 0.026444662096 0.0486956521739
0 0.84916748286 0.306956521739 0.0235063663075 0.0469565217391
0 0.912340842311 0.339130434783 0.0166503428012 0.0452173913043
0 0.868266405485 0.269565217391 0.0205680705191 0.0382608695652
0 0.795298726738 0.286956521739 0.0195886385896 0.0417391304348
0 0.719882468168 0.239130434783 0.0235063663075 0.0365217391304
0 0.666013712047 0.217391304348 0.0176297747307 0.0347826086957
0 0.630264446621 0.205217391304 0.0186092066601 0.0347826086957
0 0.59500489716 0.142608695652 0.0127326150833 0.024347826087
0 0.605288932419 0.121739130435 0.00979431929481 0.0313043478261
0 0.618021547502 0.133913043478 0.00979431929481 0.0278260869565
0 0.638099902057 0.149565217391 0.0107737512243 0.0278260869565
0 0.634182174339 0.105217391304 0.0107737512243 0.0191304347826
0 0.657198824682 0.106956521739 0.00979431929481 0.015652173913
0 0.677277179236 0.126956521739 0.0127326150833 0.024347826087
0 0.687561214496 0.110434782609 0.0117531831538 0.0191304347826
0 0.705680705191 0.121739130435 0.0107737512243 0.0173913043478
0 0.722820763957 0.146086956522 0.0117531831538 0.0208695652174
0 0.702742409403 0.199130434783 0.0166503428012 0.0295652173913
0 0.742899118511 0.174782608696 0.0127326150833 0.0295652173913
0 0.748775710088 0.126956521739 0.0127326150833 0.0208695652174
0 0.773261508325 0.185217391304 0.0107737512243 0.0260869565217
0 0.786973555338 0.189565217391 0.0146914789422 0.0347826086957
0 0.796767874633 0.166956521739 0.0127326150833 0.0208695652174
0 0.778648383937 0.140869565217 0.0137120470127 0.0208695652174
0 0.843780607248 0.15652173913 0.0146914789422 0.0208695652174
0 0.872184133203 0.170434782609 0.0127326150833 0.0347826086957
0 0.908423114594 0.173913043478 0.0146914789422 0.0347826086957
0 0.896180215475 0.186086956522 0.0117531831538 0.0208695652174
0 0.88736532811 0.204347826087 0.0156709108717 0.0330434782609
0 0.846718903036 0.186956521739 0.0146914789422 0.0330434782609
0 0.837414299706 0.213913043478 0.0156709108717 0.0313043478261
0 0.809500489716 0.19652173913 0.0146914789422 0.0313043478261
0 0.926052889324 0.244347826087 0.0146914789422 0.0365217391304
0 0.941234084231 0.207826086957 0.0156709108717 0.0295652173913
0 0.939764936337 0.17652173913 0.0146914789422 0.0295652173913
