0 0.0612244897959 0.395348837209 0.0296846011132 0.0730897009967
0 0.256029684601 0.279069767442 0.0185528756957 0.0299003322259
0 0.313079777365 0.220099667774 0.0176252319109 0.0382059800664
0 0.300092764378 0.258305647841 0.0250463821892 0.0481727574751
0 0.343692022263 0.209302325581 0.0176252319109 0.0365448504983
0 0.369202226345 0.215946843854 0.0185528756957 0.0398671096346
0 0.380797773655 0.196013289037 0.0194805194805 0.0365448504983
0 0.4146567718 0.170265780731 0.0204081632653 0.0348837209302
0 0.447124304267 0.140365448505 0.012987012987 0.0382059800664
0 0.467532467532 0.143687707641 0.0204081632653 0.0415282392027
0 0.349257884972 0.263289036545 0.0213358070501 0.0348837209302
0 0.385435992579 0.303156146179 0.0194805194805 0.0481727574751
0 0.410482374768 0.226744186047 0.0176252319109 0.0382059800664
0 0.441094619666 0.195182724252 0.0269016697588 0.0382059800664
0 0.451762523191 0.225913621262 0.0204081632653 0.046511627907
0 0.469387755102 0.183554817276 0.0241187384045 0.0382059800664
0 0.505102040816 0.167774086379 0.0213358070501 0.0332225913621
0 0.531539888683 0.132890365449 0.0185528756957 0.0332225913621
0 0.487476808905 0.213455149502 0.0213358070501 0.0348837209302
0 0.536178107607 0.191860465116 0.0166975881262 0.0448504983389
0 0.554730983302 0.15780730897 0.0166975881262 0.0365448504983
0 0.553803339518 0.11877076412 0.0148423005566 0.0382059800664
0 0.582560296846 0.126245847176 0.0166975881262 0.0398671096346
0 0.587662337662 0.0988372093023 0.0139146567718 0.0348837209302
0 0.614100185529 0.113787375415 0.0222634508349 0.0448504983389
0 0.640074211503 0.0963455149502 0.0185528756957 0.0299003322259
0 0.649350649351 0.117940199336 0.0222634508349 0.0398671096346
0 0.62012987013 0.141196013289 0.0194805194805 0.0365448504983
0 0.604359925788 0.21096345515 0.0213358070501 0.0431893687708
0 0.556586270872 0.233388704319 0.025974025974 0.0481727574751
0 0.491187384045 0.285714285714 0.0250463821892 0.0531561461794
0 0.527365491651 0.303156146179 0.0269016697588 0.0581395348837
0 0.600185528757 0.323920265781 0.0352504638219 0.0598006644518
0 0.665120593692 0.344684385382 0.0315398886827 0.0614617940199
0 0.653525046382 0.259966777409 0.0194805194805 0.0415282392027
0 0.653525046382 0.197674418605 0.030612244898 0.0498338870432
0 0.668831168831 0.113787375415 0.0204081632653 0.0348837209302
0 0.682745825603 0.106312292359 0.0185528756957 0.0365448504983
0 0.683673469388 0.171926910299 0.0333951762523 0.0581395348837
0 0.698979591837 0.126245847176 0.0231910946197 0.0498338870432
0 0.694341372913 0.22342192691 0.030612244898 0.0614617940199
0 0.700834879406 0.28073089701 0.0250463821892 0.0498338870432
0 0.776901669759 0.283222591362 0.0269016697588 0.0647840531561
0 0.732838589981 0.178571428571 0.0241187384045 0.0481727574751
0 0.724953617811 0.12707641196 0.0176252319109 0.0382059800664
0 0.736549165121 0.136212624585 0.0166975881262 0.0332225913621
0 0.742115027829 0.15365448505 0.0204081632653 0.0382059800664
0 0.739332096475 0.101328903654 0.0111317254174 0.0265780730897
0 0.769944341373 0.117109634551 0.0111317254174 0.031561461794
0 0.762523191095 0.133720930233 0.0185528756957 0.0514950166113
0 0.791280148423 0.12707641196 0.0148423005566 0.0415282392027
0 0.811224489796 0.151162790698 0.0194805194805 0.0365448504983
0 0.785714285714 0.173588039867 0.0166975881262 0.0415282392027
0 0.800556586271 0.238372093023 0.0185528756957 0.0481727574751
0 0.760667903525 0.229235880399 0.025974025974 0.0531561461794
0 0.828849721707 0.133720930233 0.0176252319109 0.0348837209302
0 0.844619666048 0.143687707641 0.0157699443414 0.0382059800664
0 0.858070500928 0.127906976744 0.0148423005566 0.0299003322259
0 0.889146567718 0.125415282392 0.0139146567718 0.0348837209302
0 0.907235621521 0.154485049834 0.0148423005566 0.0332225913621
0 0.926252319109 0.15780730897 0.0194805194805 0.0299003322259
0 0.853432282004 0.186877076412 0.0204081632653 0.0348837209302
0 0.871985157699 0.169435215947 0.0222634508349 0.0498338870432
0 0.89332096475 0.160299003322 0.0222634508349 0.031561461794
0 0.886827458256 0.190199335548 0.0241187384045 0.0415282392027
0 0.908163265306 0.191860465116 0.012987012987 0.031561461794
0 0.863636363636 0.218438538206 0.0185528756957 0.0382059800664
0 0.914192949907 0.273255813953 0.0231910946197 0.0481727574751
0 0.857606679035 0.147009966777 0.0176252319109 0.031561461794
0 0.606215213358 0.273255813953 0.0324675324675 0.0514950166113
0 0.649814471243 0.168604651163 0.0194805194805 0.031561461794
0 0.481447124304 0.132059800664 0.0166975881262 0.0282392026578
0 0.573283858998 0.147840531561 0.0166975881262 0.0398671096346
