0 0.407649253731 0.172920065253 0.0205223880597 0.0456769983687
0 0.418376865672 0.207177814029 0.0158582089552 0.0326264274062
0 0.63526119403 0.138662316476 0.0149253731343 0.0293637846656
0 0.652052238806 0.148450244698 0.0167910447761 0.026101141925
0 0.662779850746 0.126427406199 0.0121268656716 0.0277324632953
0 0.767257462687 0.137846655791 0.0121268656716 0.0277324632953
0 0.780317164179 0.152528548124 0.0139925373134 0.0309951060359
0 0.834888059701 0.256933115824 0.0205223880597 0.0505709624796
0 0.902985074627 0.256933115824 0.0149253731343 0.0342577487765
0 0.931902985075 0.258564437194 0.0186567164179 0.0440456769984
0 0.907182835821 0.231647634584 0.017723880597 0.0293637846656
