0 0.168629550321 0.479885057471 0.0653104925054 0.128352490421
0 0.311563169165 0.238505747126 0.0214132762313 0.044061302682
0 0.344218415418 0.201149425287 0.0224839400428 0.0536398467433
0 0.414882226981 0.202107279693 0.0203426124197 0.0478927203065
0 0.41113490364 0.162835249042 0.017130620985 0.0383141762452
0 0.430942184154 0.176245210728 0.0139186295503 0.0344827586207
0 0.451284796574 0.199233716475 0.024625267666 0.0498084291188
0 0.481263383298 0.229885057471 0.0224839400428 0.0459770114943
0 0.450214132762 0.144636015326 0.0182012847966 0.036398467433
0 0.526766595289 0.205938697318 0.0256959314775 0.0632183908046
0 0.567987152034 0.252873563218 0.0289079229122 0.0536398467433
0 0.559421841542 0.179118773946 0.0160599571734 0.036398467433
0 0.509635974304 0.136973180077 0.0149892933619 0.0287356321839
0 0.466809421842 0.153256704981 0.0128479657388 0.0306513409962
0 0.490899357602 0.167624521073 0.0182012847966 0.0325670498084
0 0.470021413276 0.185823754789 0.017130620985 0.0344827586207
0 0.470556745182 0.134099616858 0.0117773019272 0.0268199233716
0 0.489293361884 0.14367816092 0.0128479657388 0.0268199233716
0 0.542291220557 0.138888888889 0.0139186295503 0.0287356321839
0 0.535331905782 0.120689655172 0.0128479657388 0.0229885057471
0 0.551927194861 0.121647509579 0.0139186295503 0.0287356321839
0 0.562098501071 0.138888888889 0.0149892933619 0.0287356321839
0 0.588329764454 0.157088122605 0.0203426124197 0.0344827586207
0 0.624732334047 0.140804597701 0.0160599571734 0.0325670498084
0 0.655781584582 0.138888888889 0.0160599571734 0.0325670498084
0 0.634903640257 0.196360153257 0.0192719486081 0.0478927203065
0 0.622055674518 0.242337164751 0.0256959314775 0.0478927203065
0 0.629014989293 0.305555555556 0.0310492505353 0.0670498084291
0 0.662205567452 0.27969348659 0.0224839400428 0.0613026819923
0 0.664882226981 0.224137931034 0.0235546038544 0.0536398467433
0 0.665952890792 0.183908045977 0.0214132762313 0.0459770114943
0 0.700749464668 0.159961685824 0.0139186295503 0.0402298850575
0 0.717880085653 0.238505747126 0.0224839400428 0.0555555555556
0 0.703426124197 0.197318007663 0.0192719486081 0.0421455938697
0 0.735546038544 0.180076628352 0.0192719486081 0.0421455938697
0 0.754817987152 0.149425287356 0.017130620985 0.0421455938697
0 0.751070663812 0.122605363985 0.0182012847966 0.0383141762452
0 0.779443254818 0.128352490421 0.017130620985 0.0383141762452
0 0.772483940043 0.175287356322 0.0160599571734 0.036398467433
0 0.79817987152 0.170498084291 0.0160599571734 0.0344827586207
0 0.786937901499 0.218390804598 0.0192719486081 0.0498084291188
0 0.831370449679 0.168582375479 0.0160599571734 0.0421455938697
0 0.808886509636 0.199233716475 0.0160599571734 0.0421455938697
0 0.805139186296 0.291187739464 0.0235546038544 0.0613026819923
0 0.694325481799 0.35153256705 0.0310492505353 0.0747126436782
0 0.847430406852 0.346743295019 0.024625267666 0.0651340996169
0 0.868308351178 0.284482758621 0.0235546038544 0.0632183908046
0 0.851177730193 0.213601532567 0.017130620985 0.044061302682
0 0.815310492505 0.26245210728 0.024625267666 0.0574712643678
0 0.827087794433 0.225095785441 0.0182012847966 0.0402298850575
0 0.869379014989 0.175287356322 0.0149892933619 0.0402298850575
0 0.88329764454 0.225095785441 0.0192719486081 0.0593869731801
0 0.889721627409 0.195402298851 0.017130620985 0.0421455938697
0 0.905246252677 0.195402298851 0.0182012847966 0.0421455938697
0 0.930406852248 0.236590038314 0.0235546038544 0.0555555555556
0 0.923447537473 0.295977011494 0.024625267666 0.0593869731801
0 0.906852248394 0.360153256705 0.0299785867238 0.0766283524904
0 0.913811563169 0.447318007663 0.0331905781585 0.0823754789272
