0 0.11875 0.529494382022 0.0425 0.0702247191011
0 0.22 0.343398876404 0.0166666666667 0.0351123595506
0 0.250416666667 0.364466292135 0.0191666666667 0.0463483146067
0 0.285416666667 0.362359550562 0.0191666666667 0.0449438202247
0 0.278333333333 0.314606741573 0.0183333333333 0.0337078651685
0 0.331666666667 0.351123595506 0.0233333333333 0.0477528089888
0 0.373333333333 0.341994382022 0.0183333333333 0.0351123595506
0 0.403333333333 0.341292134831 0.0166666666667 0.0365168539326
0 0.34625 0.301264044944 0.0191666666667 0.0351123595506
0 0.40125 0.306179775281 0.0158333333333 0.0280898876404
0 0.444166666667 0.353230337079 0.0216666666667 0.0379213483146
0 0.385 0.267556179775 0.0133333333333 0.0323033707865
0 0.421666666667 0.258426966292 0.0133333333333 0.0224719101124
0 0.456666666667 0.28441011236 0.0166666666667 0.0294943820225
0 0.45 0.258426966292 0.0133333333333 0.0252808988764
0 0.46375 0.236657303371 0.0108333333333 0.0182584269663
0 0.459166666667 0.253511235955 0.0116666666667 0.0238764044944
0 0.500416666667 0.327247191011 0.0225 0.0365168539326
0 0.46625 0.316011235955 0.0208333333333 0.0337078651685
0 0.5175 0.285112359551 0.0216666666667 0.0308988764045
0 0.500833333333 0.274578651685 0.015 0.0266853932584
0 0.547916666667 0.252106741573 0.0141666666667 0.0323033707865
0 0.568333333333 0.281601123596 0.0166666666667 0.0351123595506
0 0.580416666667 0.27106741573 0.0141666666667 0.0337078651685
0 0.55625 0.224016853933 0.0141666666667 0.0238764044944
0 0.574583333333 0.21558988764 0.0158333333333 0.0294943820225
0 0.608333333333 0.206460674157 0.015 0.0280898876404
0 0.624583333333 0.219803370787 0.0141666666667 0.0266853932584
0 0.640833333333 0.227528089888 0.0183333333333 0.0280898876404
0 0.64 0.25702247191 0.0183333333333 0.0252808988764
0 0.6 0.254915730337 0.015 0.0238764044944
0 0.667916666667 0.216292134831 0.0141666666667 0.0252808988764
0 0.699583333333 0.222612359551 0.0158333333333 0.0323033707865
0 0.675416666667 0.233146067416 0.0125 0.0280898876404
0 0.705 0.259129213483 0.02 0.0379213483146
0 0.669166666667 0.285112359551 0.02 0.0337078651685
0 0.63375 0.313202247191 0.0191666666667 0.0365168539326
0 0.599166666667 0.334971910112 0.0266666666667 0.0491573033708
0 0.529166666667 0.381320224719 0.0283333333333 0.0463483146067
0 0.46 0.424859550562 0.0333333333333 0.060393258427
0 0.524583333333 0.440308988764 0.0358333333333 0.0547752808989
0 0.587916666667 0.45154494382 0.0325 0.0660112359551
0 0.59125 0.38904494382 0.0258333333333 0.0505617977528
0 0.639583333333 0.365870786517 0.0175 0.0407303370787
0 0.66 0.375702247191 0.0233333333333 0.0519662921348
0 0.637083333333 0.480337078652 0.0308333333333 0.0702247191011
0 0.69875 0.547050561798 0.0408333333333 0.0800561797753
0 0.72125 0.417134831461 0.0275 0.0589887640449
0 0.69 0.371488764045 0.0233333333333 0.0407303370787
0 0.68375 0.31952247191 0.0208333333333 0.0463483146067
0 0.712916666667 0.300561797753 0.0191666666667 0.0393258426966
0 0.734166666667 0.251404494382 0.015 0.0308988764045
0 0.76 0.236657303371 0.015 0.0323033707865
0 0.783333333333 0.245084269663 0.015 0.0379213483146
0 0.770416666667 0.283707865169 0.0158333333333 0.0365168539326
0 0.760833333333 0.266151685393 0.015 0.0238764044944
0 0.81 0.249297752809 0.0166666666667 0.0379213483146
0 0.820833333333 0.302668539326 0.0216666666667 0.0323033707865
0 0.840833333333 0.259129213483 0.0133333333333 0.0323033707865
0 0.857916666667 0.283707865169 0.0141666666667 0.0421348314607
0 0.867083333333 0.275280898876 0.0125 0.0393258426966
0 0.880416666667 0.263342696629 0.0125 0.0294943820225
0 0.897083333333 0.280898876404 0.0175 0.0421348314607
0 0.933333333333 0.30547752809 0.0183333333333 0.0407303370787
0 0.94 0.28441011236 0.0166666666667 0.0294943820225
0 0.849583333333 0.327949438202 0.0225 0.0379213483146
0 0.877916666667 0.318820224719 0.0175 0.0337078651685
0 0.910416666667 0.34058988764 0.0175 0.0435393258427
0 0.932916666667 0.365870786517 0.0175 0.0491573033708
0 0.812083333333 0.362359550562 0.0241666666667 0.061797752809
0 0.8225 0.334269662921 0.0183333333333 0.0280898876404
0 0.863333333333 0.377106741573 0.025 0.0463483146067
0 0.775 0.439606741573 0.0333333333333 0.0589887640449
0 0.8275 0.52106741573 0.0333333333333 0.0758426966292
0 0.85 0.469803370787 0.0333333333333 0.0547752808989
0 0.915416666667 0.489466292135 0.0375 0.0744382022472
0 0.9125 0.443117977528 0.0216666666667 0.0407303370787
0 0.428333333333 0.316011235955 0.0183333333333 0.0393258426966
0 0.515 0.25702247191 0.015 0.0252808988764
