0 0.0490654205607 0.4 0.0383177570093 0.0566666666667
0 0.253271028037 0.279166666667 0.0168224299065 0.0216666666667
0 0.299065420561 0.258333333333 0.0224299065421 0.03
0 0.335981308411 0.279166666667 0.0177570093458 0.0316666666667
0 0.382242990654 0.3125 0.0224299065421 0.0416666666667
0 0.485046728972 0.294166666667 0.0280373831776 0.035
0 0.525700934579 0.310833333333 0.0252336448598 0.055
0 0.599065420561 0.33 0.0242990654206 0.05
0 0.668691588785 0.349166666667 0.0233644859813 0.055
0 0.779906542056 0.2925 0.0252336448598 0.045
0 0.711214953271 0.280833333333 0.0261682242991 0.045
0 0.657476635514 0.260833333333 0.0289719626168 0.045
0 0.608878504673 0.26 0.0252336448598 0.0333333333333
0 0.56214953271 0.240833333333 0.0252336448598 0.0316666666667
0 0.484579439252 0.2225 0.0233644859813 0.0383333333333
0 0.448598130841 0.225833333333 0.0224299065421 0.0283333333333
0 0.410747663551 0.2275 0.0308411214953 0.0383333333333
0 0.417757009346 0.22 0.0 0.0
0 0.373364485981 0.223333333333 0.0140186915888 0.03
0 0.343925233645 0.215833333333 0.0224299065421 0.0283333333333
0 0.315420560748 0.223333333333 0.0177570093458 0.03
0 0.380373831776 0.196666666667 0.014953271028 0.02
0 0.411214953271 0.17 0.0130841121495 0.0233333333333
0 0.447663551402 0.138333333333 0.011214953271 0.02
0 0.451401869159 0.169166666667 0.014953271028 0.035
0 0.474299065421 0.188333333333 0.0177570093458 0.03
0 0.472429906542 0.141666666667 0.0140186915888 0.0266666666667
0 0.502803738318 0.171666666667 0.0168224299065 0.03
0 0.535046728972 0.1925 0.0177570093458 0.035
0 0.605607476636 0.214166666667 0.0224299065421 0.0416666666667
0 0.56261682243 0.174166666667 0.018691588785 0.0316666666667
0 0.530373831776 0.138333333333 0.0214953271028 0.0333333333333
0 0.553271028037 0.114166666667 0.0168224299065 0.0216666666667
0 0.58691588785 0.1175 0.0168224299065 0.0283333333333
0 0.624299065421 0.14 0.018691588785 0.03
0 0.651869158879 0.209166666667 0.0271028037383 0.0383333333333
0 0.697663551402 0.211666666667 0.0252336448598 0.0366666666667
0 0.745327102804 0.233333333333 0.0271028037383 0.0433333333333
0 0.8 0.235 0.0299065420561 0.05
0 0.731308411215 0.19 0.0214953271028 0.03
0 0.792056074766 0.17 0.0214953271028 0.0366666666667
0 0.752336448598 0.16 0.0224299065421 0.0333333333333
0 0.688785046729 0.103333333333 0.0168224299065 0.02
0 0.671962616822 0.114166666667 0.0205607476636 0.0216666666667
0 0.650934579439 0.115833333333 0.0177570093458 0.0183333333333
0 0.610747663551 0.113333333333 0.0158878504673 0.0233333333333
0 0.706542056075 0.139166666667 0.0130841121495 0.0316666666667
0 0.726168224299 0.133333333333 0.0130841121495 0.0166666666667
0 0.741588785047 0.113333333333 0.00841121495327 0.02
0 0.765420560748 0.1325 0.00934579439252 0.0216666666667
0 0.772897196262 0.121666666667 0.00934579439252 0.0266666666667
0 0.78785046729 0.126666666667 0.011214953271 0.0266666666667
0 0.678971962617 0.159166666667 0.0158878504673 0.0283333333333
0 0.575700934579 0.15 0.014953271028 0.03
0 0.914018691589 0.285 0.0224299065421 0.0466666666667
0 0.863551401869 0.2275 0.0168224299065 0.0416666666667
0 0.87523364486 0.1725 0.0140186915888 0.0283333333333
0 0.916822429907 0.198333333333 0.0168224299065 0.0366666666667
0 0.892990654206 0.130833333333 0.0121495327103 0.0283333333333
0 0.829439252336 0.138333333333 0.0140186915888 0.03
0 0.81261682243 0.165 0.0140186915888 0.03
0 0.799065420561 0.123333333333 0.00934579439252 0.0266666666667
0 0.847196261682 0.155 0.0177570093458 0.04
0 0.91214953271 0.1625 0.011214953271 0.025
0 0.925700934579 0.154166666667 0.0102803738318 0.0283333333333
0 0.864953271028 0.135 0.0121495327103 0.0266666666667
0 0.892990654206 0.168333333333 0.0140186915888 0.0266666666667
0 0.898598130841 0.200833333333 0.0140186915888 0.035
