0 0.0689655172414 0.417785234899 0.0410065237651 0.0805369127517
0 0.259552656104 0.281040268456 0.0214352283318 0.0453020134228
0 0.282851817335 0.269295302013 0.0214352283318 0.0385906040268
0 0.299161230196 0.259228187919 0.022367194781 0.0385906040268
0 0.319664492078 0.219798657718 0.0205032618826 0.0369127516779
0 0.343895619758 0.213926174497 0.0167753960857 0.0385906040268
0 0.339235787512 0.281040268456 0.0186393289842 0.0352348993289
0 0.348089468779 0.251677852349 0.0158434296365 0.0335570469799
0 0.370922646785 0.228187919463 0.0242311276794 0.0402684563758
0 0.3825722274 0.201342281879 0.0195712954334 0.0369127516779
0 0.418452935694 0.219798657718 0.0186393289842 0.0369127516779
0 0.442684063374 0.223154362416 0.022367194781 0.0436241610738
0 0.434762348555 0.269295302013 0.0251630941286 0.0486577181208
0 0.48788443616 0.295302013423 0.027027027027 0.0604026845638
0 0.497204100652 0.227348993289 0.0232991612302 0.0453020134228
0 0.409133271202 0.168624161074 0.0130475302889 0.0352348993289
0 0.426374650513 0.180369127517 0.0158434296365 0.0385906040268
0 0.46458527493 0.19966442953 0.0232991612302 0.0369127516779
0 0.451537744641 0.171979865772 0.0158434296365 0.0285234899329
0 0.452935694315 0.144295302013 0.0186393289842 0.0302013422819
0 0.472506989748 0.144295302013 0.0149114631873 0.0302013422819
0 0.478098788444 0.164429530201 0.0167753960857 0.0335570469799
0 0.504193849021 0.168624161074 0.0167753960857 0.0419463087248
0 0.516309412861 0.187080536913 0.0186393289842 0.0352348993289
0 0.54659832246 0.191275167785 0.0214352283318 0.0402684563758
0 0.54659832246 0.157718120805 0.0177073625349 0.0335570469799
0 0.55265610438 0.135906040268 0.0186393289842 0.0369127516779
0 0.526561043802 0.130033557047 0.0186393289842 0.0385906040268
0 0.489748369059 0.130872483221 0.0158434296365 0.0302013422819
0 0.584342963653 0.154362416107 0.0205032618826 0.0369127516779
0 0.571761416589 0.105704697987 0.0121155638397 0.0268456375839
0 0.621621621622 0.140100671141 0.0167753960857 0.0318791946309
0 0.630009319664 0.124161073826 0.0130475302889 0.0234899328859
0 0.640260950606 0.102348993289 0.0149114631873 0.0302013422819
0 0.615563839702 0.0981543624161 0.0121155638397 0.0251677852349
0 0.594594594595 0.112416107383 0.0130475302889 0.0302013422819
0 0.689189189189 0.0956375838926 0.0177073625349 0.0302013422819
0 0.670549860205 0.119966442953 0.0177073625349 0.0318791946309
0 0.705964585275 0.130872483221 0.0177073625349 0.0335570469799
0 0.687325256291 0.134228187919 0.0139794967381 0.0335570469799
0 0.650512581547 0.172818791946 0.0205032618826 0.0436241610738
0 0.609040074557 0.218120805369 0.0214352283318 0.0570469798658
0 0.604380242311 0.272651006711 0.0307548928239 0.0553691275168
0 0.557781919851 0.291946308725 0.0288909599254 0.0604026845638
0 0.561975768872 0.254194630872 0.0316868592731 0.0620805369128
0 0.60018639329 0.339765100671 0.0298229263747 0.0654362416107
0 0.667753960857 0.343120805369 0.0344827586207 0.0755033557047
0 0.676607642125 0.238255033557 0.0260950605778 0.0570469798658
0 0.650046598322 0.223993288591 0.0288909599254 0.0553691275168
0 0.689189189189 0.176174496644 0.0195712954334 0.0369127516779
0 0.700838769804 0.211409395973 0.0279589934762 0.0536912751678
0 0.707828518173 0.287751677852 0.0251630941286 0.0587248322148
0 0.779123951538 0.284395973154 0.0335507921715 0.0654362416107
0 0.749301025163 0.237416107383 0.022367194781 0.0520134228188
0 0.743709226468 0.185402684564 0.0186393289842 0.0486577181208
0 0.732059645853 0.156879194631 0.0232991612302 0.0486577181208
0 0.74697110904 0.140100671141 0.0177073625349 0.0352348993289
0 0.761416589003 0.165268456376 0.0186393289842 0.0453020134228
0 0.73578751165 0.109060402685 0.0177073625349 0.0402684563758
0 0.756756756757 0.123322147651 0.0130475302889 0.0285234899329
0 0.757222739981 0.102348993289 0.0177073625349 0.0335570469799
0 0.78844361603 0.118288590604 0.0149114631873 0.0385906040268
0 0.795433364399 0.130872483221 0.0139794967381 0.0369127516779
0 0.809878844362 0.153523489933 0.0167753960857 0.0318791946309
0 0.809412861137 0.122483221477 0.0121155638397 0.0335570469799
0 0.824790307549 0.134228187919 0.0149114631873 0.0436241610738
0 0.797763280522 0.182046979866 0.0205032618826 0.0453020134228
0 0.846225535881 0.195469798658 0.0186393289842 0.0553691275168
0 0.847623485555 0.14932885906 0.0158434296365 0.0335570469799
0 0.863932898416 0.145973154362 0.0167753960857 0.0402684563758
0 0.86439888164 0.119966442953 0.0139794967381 0.0352348993289
0 0.866728797763 0.21644295302 0.022367194781 0.0436241610738
0 0.873252562908 0.197986577181 0.0205032618826 0.0436241610738
0 0.890027958993 0.171979865772 0.0149114631873 0.0352348993289
0 0.892823858341 0.121644295302 0.0167753960857 0.0385906040268
0 0.92917054986 0.164429530201 0.0186393289842 0.0402684563758
0 0.926840633737 0.273489932886 0.0288909599254 0.0604026845638
