0 0.984016393443 0.26079447323 0.0106557377049 0.0379965457686
0 0.952049180328 0.250431778929 0.0106557377049 0.0379965457686
0 0.929918032787 0.274611398964 0.0122950819672 0.0379965457686
0 0.977459016393 0.313471502591 0.0122950819672 0.0397236614853
0 0.973770491803 0.338514680484 0.0131147540984 0.0449050086356
0 0.977049180328 0.374784110535 0.0147540983607 0.0483592400691
0 0.952459016393 0.387737478411 0.0180327868852 0.0604490500864
0 0.929098360656 0.350604490501 0.0155737704918 0.0518134715026
0 0.956147540984 0.483592400691 0.0204918032787 0.0725388601036
0 0.875819672131 0.432642487047 0.022131147541 0.0708117443869
0 0.861885245902 0.493091537133 0.0254098360656 0.0880829015544
0 0.861885245902 0.371329879102 0.0172131147541 0.0552677029361
0 0.870901639344 0.319516407599 0.0172131147541 0.0449050086356
0 0.86762295082 0.23402417962 0.0106557377049 0.0397236614853
0 0.905737704918 0.234887737478 0.0131147540984 0.0379965457686
0 0.901639344262 0.264248704663 0.0131147540984 0.0414507772021
0 0.884836065574 0.244386873921 0.0122950819672 0.0293609671848
0 0.886475409836 0.282383419689 0.0155737704918 0.0535405872193
0 0.808196721311 0.195164075993 0.0131147540984 0.0449050086356
0 0.830737704918 0.221934369603 0.0139344262295 0.0431778929188
0 0.818442622951 0.226252158895 0.0155737704918 0.0414507772021
0 0.812295081967 0.302245250432 0.0180327868852 0.0587219343696
0 0.791803278689 0.261658031088 0.016393442623 0.0535405872193
0 0.787704918033 0.210708117444 0.0147540983607 0.0414507772021
0 0.768032786885 0.19170984456 0.0147540983607 0.0379965457686
0 0.746721311475 0.196027633851 0.0114754098361 0.0362694300518
0 0.747540983607 0.305699481865 0.0180327868852 0.0552677029361
0 0.729918032787 0.224525043178 0.0139344262295 0.0379965457686
0 0.736475409836 0.241796200345 0.0139344262295 0.0483592400691
0 0.725409836066 0.286701208981 0.0180327868852 0.0518134715026
0 0.69262295082 0.212435233161 0.0147540983607 0.0449050086356
0 0.685245901639 0.139032815199 0.0114754098361 0.0328151986183
0 0.684016393443 0.165803108808 0.0139344262295 0.0310880829016
0 0.70368852459 0.166666666667 0.0106557377049 0.0293609671848
0 0.626229508197 0.132124352332 0.0114754098361 0.0362694300518
0 0.593442622951 0.118307426598 0.0114754098361 0.0328151986183
0 0.570491803279 0.13816925734 0.0131147540984 0.0345423143351
0 0.601229508197 0.160621761658 0.0139344262295 0.0379965457686
0 0.54631147541 0.143350604491 0.0122950819672 0.0379965457686
0 0.549180327869 0.166666666667 0.0131147540984 0.0362694300518
0 0.574180327869 0.177029360967 0.0139344262295 0.0431778929188
0 0.571721311475 0.20207253886 0.0139344262295 0.0414507772021
0 0.510655737705 0.171848013817 0.0147540983607 0.0466321243523
0 0.517213114754 0.165803108808 0.0131147540984 0.0414507772021
0 0.543442622951 0.22884283247 0.0147540983607 0.0466321243523
0 0.484016393443 0.155440414508 0.0139344262295 0.0379965457686
0 0.484836065574 0.162348877375 0.0139344262295 0.0414507772021
0 0.484426229508 0.216753022453 0.016393442623 0.0500863557858
0 0.417213114754 0.1701208981 0.0131147540984 0.0328151986183
0 0.425 0.19689119171 0.0139344262295 0.0414507772021
0 0.434836065574 0.168393782383 0.0139344262295 0.0397236614853
0 0.460655737705 0.251295336788 0.0180327868852 0.0535405872193
0 0.380327868852 0.19170984456 0.0147540983607 0.0379965457686
0 0.384836065574 0.250431778929 0.0139344262295 0.0449050086356
0 0.427049180328 0.312607944732 0.0180327868852 0.0587219343696
0 0.29631147541 0.218480138169 0.0172131147541 0.0397236614853
0 0.307786885246 0.230569948187 0.022131147541 0.0500863557858
0 0.337704918033 0.215025906736 0.0147540983607 0.0431778929188
0 0.35 0.199481865285 0.0147540983607 0.0362694300518
0 0.356557377049 0.27115716753 0.0180327868852 0.0587219343696
0 0.255327868852 0.243523316062 0.0155737704918 0.0379965457686
0 0.18237704918 0.29792746114 0.0155737704918 0.0466321243523
0 0.212704918033 0.294473229706 0.0188524590164 0.0500863557858
0 0.78606557377 0.453367875648 0.0245901639344 0.0915371329879
0 0.726639344262 0.420552677029 0.022131147541 0.0708117443869
0 0.652868852459 0.42573402418 0.0254098360656 0.0673575129534
0 0.609836065574 0.295336787565 0.0180327868852 0.0552677029361
0 0.659836065574 0.249568221071 0.0196721311475 0.0604490500864
0 0.65 0.145077720207 0.0114754098361 0.0414507772021
0 0.660655737705 0.139896373057 0.0131147540984 0.0345423143351
0 0.652868852459 0.180483592401 0.0122950819672 0.0397236614853
0 0.605327868852 0.178756476684 0.0139344262295 0.0397236614853
0 0.605737704918 0.196027633851 0.0131147540984 0.0431778929188
0 0.568442622951 0.341968911917 0.0204918032787 0.0656303972366
0 0.604508196721 0.368739205527 0.022131147541 0.0673575129534
0 0.0717213114754 0.571675302245 0.0467213114754 0.120898100173
