0 0.214746543779 0.353377265239 0.0423963133641 0.0840197693575
0 0.278801843318 0.266062602965 0.0193548387097 0.0345963756178
0 0.329032258065 0.284184514003 0.0202764976959 0.0378912685338
0 0.339631336406 0.257825370675 0.0138248847926 0.0378912685338
0 0.420276497696 0.285831960461 0.0239631336406 0.0378912685338
0 0.361290322581 0.216639209226 0.0165898617512 0.0345963756178
0 0.376497695853 0.225700164745 0.0138248847926 0.0329489291598
0 0.380184331797 0.201812191104 0.015668202765 0.0313014827018
0 0.416589861751 0.223228995058 0.0147465437788 0.0313014827018
0 0.43732718894 0.232289950577 0.0175115207373 0.0296540362438
0 0.458986175115 0.220757825371 0.0110599078341 0.0296540362438
0 0.46267281106 0.196046128501 0.0184331797235 0.0296540362438
0 0.435023041475 0.192751235585 0.0147465437788 0.0296540362438
0 0.418894009217 0.182866556837 0.015668202765 0.0263591433278
0 0.449769585253 0.168863261944 0.0129032258065 0.0280065897858
0 0.439631336406 0.164744645799 0.0110599078341 0.0263591433278
0 0.467281105991 0.167215815486 0.0147465437788 0.0313014827018
0 0.484331797235 0.175453047776 0.0138248847926 0.0313014827018
0 0.479723502304 0.134266886326 0.0101382488479 0.0247116968699
0 0.505069124424 0.14744645799 0.0129032258065 0.0280065897858
0 0.524423963134 0.210049423394 0.0165898617512 0.0247116968699
0 0.53732718894 0.168863261944 0.0129032258065 0.0280065897858
0 0.562211981567 0.168039538715 0.0147465437788 0.0329489291598
0 0.526728110599 0.1392092257 0.0138248847926 0.0247116968699
0 0.55069124424 0.126853377265 0.0119815668203 0.0263591433278
0 0.583410138249 0.112850082372 0.0129032258065 0.0214168039539
0 0.604147465438 0.12273476112 0.0138248847926 0.0214168039539
0 0.679262672811 0.107907742998 0.0129032258065 0.0280065897858
0 0.475115207373 0.32784184514 0.0248847926267 0.0428336079077
0 0.542857142857 0.312191103789 0.0239631336406 0.0510708401977
0 0.561751152074 0.256177924217 0.0193548387097 0.0411861614498
0 0.600460829493 0.257001647446 0.021198156682 0.0395387149918
0 0.611059907834 0.212520593081 0.0239631336406 0.0428336079077
0 0.659447004608 0.206754530478 0.0175115207373 0.0411861614498
0 0.67465437788 0.321252059308 0.0276497695853 0.0593080724876
0 0.589861751152 0.346787479407 0.0239631336406 0.0477759472817
0 0.703225806452 0.210873146623 0.0184331797235 0.0362438220758
0 0.704608294931 0.284184514003 0.0248847926267 0.0576606260297
0 0.670046082949 0.166392092257 0.0165898617512 0.0296540362438
0 0.7 0.148270181219 0.0175115207373 0.0296540362438
0 0.69400921659 0.186985172982 0.0147465437788 0.0345963756178
0 0.744239631336 0.194398682043 0.0175115207373 0.0395387149918
0 0.73133640553 0.167215815486 0.0119815668203 0.0247116968699
0 0.741935483871 0.153212520593 0.0110599078341 0.0263591433278
0 0.726728110599 0.132619439868 0.0101382488479 0.0247116968699
0 0.743778801843 0.107907742998 0.0129032258065 0.0280065897858
0 0.758525345622 0.135090609555 0.0129032258065 0.0329489291598
0 0.789861751152 0.142504118616 0.0147465437788 0.0313014827018
0 0.801382488479 0.133443163097 0.0119815668203 0.0263591433278
0 0.791244239631 0.190280065898 0.0175115207373 0.0378912685338
0 0.764055299539 0.317957166392 0.0258064516129 0.0527182866557
0 0.810138248848 0.167215815486 0.0129032258065 0.0313014827018
0 0.838248847926 0.185337726524 0.0138248847926 0.0313014827018
0 0.863594470046 0.22981878089 0.0221198156682 0.0510708401977
0 0.913824884793 0.280065897858 0.0230414746544 0.0593080724876
0 0.909677419355 0.186985172982 0.0165898617512 0.0345963756178
0 0.883870967742 0.150741350906 0.0129032258065 0.0280065897858
0 0.895391705069 0.136738056013 0.0138248847926 0.0296540362438
0 0.86267281106 0.137561779242 0.0110599078341 0.0247116968699
0 0.854838709677 0.154036243822 0.0138248847926 0.0247116968699
0 0.825806451613 0.144151565074 0.0129032258065 0.0280065897858
0 0.838248847926 0.149917627677 0.0138248847926 0.0296540362438
0 0.829953917051 0.0815485996705 0.0119815668203 0.0313014827018
