0 0.376260311641 0.193993506494 0.0155820348304 0.0373376623377
0 0.397800183318 0.141233766234 0.0183318056829 0.0422077922078
0 0.412923923006 0.215097402597 0.019248395967 0.0340909090909
0 0.437213565536 0.141233766234 0.0183318056829 0.038961038961
0 0.612282309808 0.103084415584 0.012832263978 0.0211038961039
0 0.648029330889 0.150974025974 0.0146654445463 0.0227272727273
0 0.633363886343 0.141233766234 0.0109990834097 0.025974025974
0 0.643446379468 0.122564935065 0.0109990834097 0.0211038961039
0 0.753437213566 0.142857142857 0.0109990834097 0.0292207792208
0 0.765352887259 0.146915584416 0.0146654445463 0.0275974025974
0 0.824014665445 0.260551948052 0.0183318056829 0.0470779220779
0 0.892758936755 0.255681818182 0.0183318056829 0.0438311688312
0 0.919798350137 0.25487012987 0.0174152153987 0.038961038961
0 0.941338221815 0.195616883117 0.012832263978 0.0308441558442
0 0.86938588451 0.194805194805 0.0137488542621 0.0357142857143
