0 0.148734177215 0.339887640449 0.0268987341772 0.0561797752809
0 0.168117088608 0.377106741573 0.0340189873418 0.0856741573034
0 0.223496835443 0.325842696629 0.0276898734177 0.0702247191011
0 0.230221518987 0.273174157303 0.0221518987342 0.0547752808989
0 0.268196202532 0.256320224719 0.0237341772152 0.0407303370787
0 0.294303797468 0.228230337079 0.0189873417722 0.0435393258427
0 0.318433544304 0.238061797753 0.0229430379747 0.0519662921348
0 0.342958860759 0.239466292135 0.0229430379747 0.0547752808989
0 0.314477848101 0.349016853933 0.0371835443038 0.0744382022472
0 0.361946202532 0.442415730337 0.0514240506329 0.10393258427
0 0.339003164557 0.540028089888 0.057753164557 0.108146067416
0 0.397151898734 0.214887640449 0.0221518987342 0.0561797752809
0 0.419699367089 0.222612359551 0.0276898734177 0.0660112359551
