0 0.032967032967 0.425561797753 0.0251177394035 0.064606741573
0 0.231161695447 0.341292134831 0.0164835164835 0.0393258426966
0 0.256279434851 0.370084269663 0.0180533751962 0.0435393258427
0 0.293956043956 0.363061797753 0.0211930926217 0.0407303370787
0 0.285321821036 0.307584269663 0.0164835164835 0.0393258426966
0 0.32967032967 0.358146067416 0.0204081632653 0.0421348314607
0 0.35125588697 0.329353932584 0.0164835164835 0.0323033707865
0 0.350078492936 0.295646067416 0.0141287284144 0.0323033707865
0 0.382653061224 0.264747191011 0.0133437990581 0.0266853932584
0 0.399921507064 0.27106741573 0.0117739403454 0.0308988764045
0 0.402668759812 0.301966292135 0.0172684458399 0.0365168539326
0 0.401491365777 0.335674157303 0.0211930926217 0.0393258426966
0 0.426609105181 0.311095505618 0.0164835164835 0.0351123595506
0 0.430141287284 0.27106741573 0.0141287284144 0.0365168539326
0 0.422291993721 0.244382022472 0.0125588697017 0.0308988764045
0 0.44191522763 0.341994382022 0.0188383045526 0.0463483146067
0 0.454866562009 0.413623595506 0.0274725274725 0.0575842696629
0 0.464285714286 0.304775280899 0.0149136577708 0.0337078651685
0 0.463108320251 0.272471910112 0.0125588697017 0.0280898876404
0 0.464285714286 0.24297752809 0.0117739403454 0.0308988764045
0 0.455651491366 0.243679775281 0.00863422291994 0.0266853932584
0 0.49568288854 0.268960674157 0.0133437990581 0.0323033707865
0 0.493328100471 0.318117977528 0.0196232339089 0.0379213483146
0 0.506671899529 0.27808988764 0.0149136577708 0.0337078651685
0 0.527080062794 0.300561797753 0.0164835164835 0.0337078651685
0 0.520800627943 0.353230337079 0.0227629513344 0.0407303370787
0 0.533359497645 0.408005617978 0.0274725274725 0.0463483146067
0 0.514913657771 0.254213483146 0.0125588697017 0.0308988764045
0 0.531397174254 0.251404494382 0.0156985871272 0.0365168539326
0 0.549450549451 0.223314606742 0.010989010989 0.0252808988764
0 0.56043956044 0.226123595506 0.0125588697017 0.0224719101124
0 0.56043956044 0.246488764045 0.0125588697017 0.0294943820225
0 0.565149136578 0.264747191011 0.0141287284144 0.0294943820225
0 0.587912087912 0.225421348315 0.010989010989 0.0294943820225
0 0.59262166405 0.210674157303 0.010989010989 0.0252808988764
0 0.606750392465 0.225421348315 0.0141287284144 0.0323033707865
0 0.585164835165 0.247191011236 0.0133437990581 0.0224719101124
0 0.582417582418 0.337078651685 0.021978021978 0.0449438202247
0 0.582025117739 0.393960674157 0.0243328100471 0.0491573033708
0 0.582025117739 0.440308988764 0.0321821036107 0.0575842696629
0 0.617346938776 0.469803370787 0.030612244898 0.0744382022472
0 0.64010989011 0.372191011236 0.0227629513344 0.0505617977528
0 0.628335949765 0.349719101124 0.0180533751962 0.0365168539326
0 0.614599686028 0.307584269663 0.0188383045526 0.0365168539326
0 0.621271585557 0.231039325843 0.0117739403454 0.0323033707865
0 0.625588697017 0.251404494382 0.0141287284144 0.0308988764045
0 0.649921507064 0.223314606742 0.0141287284144 0.0252808988764
0 0.656593406593 0.23595505618 0.0133437990581 0.0280898876404
0 0.672684458399 0.227528089888 0.0141287284144 0.0280898876404
0 0.680533751962 0.252106741573 0.0141287284144 0.0323033707865
0 0.669937205651 0.308286516854 0.0180533751962 0.0407303370787
0 0.668759811617 0.358146067416 0.021978021978 0.0449438202247
0 0.703689167975 0.408005617978 0.0274725274725 0.0519662921348
0 0.6852433281 0.486657303371 0.0392464678179 0.0800561797753
0 0.749215070644 0.431882022472 0.0274725274725 0.0688202247191
0 0.704081632653 0.29143258427 0.0156985871272 0.0351123595506
0 0.712323390895 0.258426966292 0.0164835164835 0.0393258426966
0 0.720957613815 0.246488764045 0.0102040816327 0.0294943820225
0 0.734693877551 0.233146067416 0.0141287284144 0.0280898876404
0 0.735478806907 0.267556179775 0.010989010989 0.0294943820225
0 0.74568288854 0.286516853933 0.0141287284144 0.0421348314607
0 0.760596546311 0.254213483146 0.010989010989 0.0252808988764
0 0.753532182104 0.251404494382 0.0125588697017 0.0280898876404
0 0.793956043956 0.270365168539 0.0149136577708 0.0323033707865
0 0.815541601256 0.258426966292 0.0141287284144 0.0337078651685
0 0.825745682889 0.281601123596 0.0141287284144 0.0379213483146
0 0.830847723705 0.273876404494 0.0117739403454 0.0337078651685
0 0.844976452119 0.265449438202 0.0117739403454 0.0365168539326
0 0.863814756672 0.283707865169 0.0133437990581 0.0337078651685
0 0.905416012559 0.283707865169 0.0117739403454 0.0224719101124
0 0.90306122449 0.309691011236 0.0133437990581 0.0323033707865
0 0.887362637363 0.310393258427 0.0133437990581 0.0337078651685
0 0.880690737834 0.329353932584 0.0125588697017 0.0323033707865
0 0.854788069074 0.316011235955 0.0156985871272 0.0365168539326
0 0.890502354788 0.352528089888 0.0196232339089 0.0393258426966
0 0.854003139717 0.359550561798 0.0172684458399 0.0421348314607
0 0.812794348509 0.320224719101 0.0149136577708 0.0421348314607
0 0.790423861852 0.313202247191 0.0156985871272 0.0337078651685
0 0.810832025118 0.338483146067 0.0188383045526 0.0421348314607
0 0.83398744113 0.370786516854 0.0227629513344 0.0533707865169
0 0.874018838305 0.45856741573 0.0259026687598 0.060393258427
0 0.820643642072 0.454353932584 0.030612244898 0.0519662921348
0 0.786499215071 0.36095505618 0.021978021978 0.0477528089888
0 0.791601255887 0.510533707865 0.0321821036107 0.0660112359551
