0 0.325125628141 0.198384201077 0.0211055276382 0.0412926391382
0 0.460301507538 0.202872531418 0.0261306532663 0.0466786355476
0 0.511055276382 0.219030520646 0.0190954773869 0.0430879712747
0 0.515577889447 0.144524236984 0.0140703517588 0.0377019748654
0 0.578894472362 0.122082585278 0.0140703517588 0.0287253141831
0 0.658291457286 0.115798922801 0.0120603015075 0.0305206463196
0 0.59648241206 0.249551166966 0.0190954773869 0.0394973070018
0 0.642713567839 0.250448833034 0.0251256281407 0.0520646319569
0 0.437688442211 0.247755834829 0.0231155778894 0.0359066427289
0 0.473366834171 0.211849192101 0.0180904522613 0.0359066427289
