0 0.184860557769 0.39406779661 0.0478087649402 0.0960451977401
0 0.288047808765 0.276129943503 0.0215139442231 0.0522598870056
0 0.308366533865 0.262711864407 0.0223107569721 0.0536723163842
0 0.332270916335 0.219632768362 0.0207171314741 0.0381355932203
0 0.353784860558 0.25918079096 0.0270916334661 0.0466101694915
0 0.400398406375 0.271186440678 0.0247011952191 0.0536723163842
0 0.384860557769 0.260593220339 0.0223107569721 0.0466101694915
0 0.393227091633 0.227401129944 0.0199203187251 0.0310734463277
0 0.401992031873 0.189971751412 0.0183266932271 0.0353107344633
0 0.4203187251 0.180084745763 0.0199203187251 0.0353107344633
0 0.449003984064 0.213276836158 0.0231075697211 0.0338983050847
0 0.48764940239 0.227401129944 0.0223107569721 0.0480225988701
0 0.447410358566 0.168079096045 0.0167330677291 0.0310734463277
0 0.443824701195 0.139830508475 0.0143426294821 0.0310734463277
0 0.508366533865 0.181497175141 0.0239043824701 0.0381355932203
0 0.463346613546 0.159604519774 0.0151394422311 0.0310734463277
0 0.485258964143 0.15395480226 0.0159362549801 0.0310734463277
0 0.502390438247 0.131355932203 0.0151394422311 0.0282485875706
0 0.545418326693 0.16313559322 0.0199203187251 0.0381355932203
0 0.539043824701 0.127118644068 0.0167330677291 0.0395480225989
0 0.556972111554 0.187853107345 0.0239043824701 0.0395480225989
0 0.552589641434 0.139830508475 0.0151394422311 0.0338983050847
0 0.562948207171 0.127118644068 0.0135458167331 0.0282485875706
0 0.580478087649 0.146186440678 0.0167330677291 0.0353107344633
0 0.588446215139 0.118644067797 0.0135458167331 0.0338983050847
0 0.569721115538 0.0614406779661 0.0143426294821 0.0268361581921
0 0.609163346614 0.152542372881 0.0167330677291 0.0367231638418
0 0.603187250996 0.131355932203 0.0143426294821 0.0310734463277
0 0.609960159363 0.112288135593 0.0135458167331 0.0268361581921
0 0.637051792829 0.13418079096 0.0199203187251 0.0310734463277
0 0.637051792829 0.0925141242938 0.0151394422311 0.0324858757062
0 0.646215139442 0.119350282486 0.0143426294821 0.0324858757062
0 0.665737051793 0.116525423729 0.0167330677291 0.0353107344633
0 0.693625498008 0.10593220339 0.0183266932271 0.0310734463277
0 0.540637450199 0.297316384181 0.0310756972112 0.066384180791
0 0.554980079681 0.256355932203 0.0294820717131 0.0522598870056
0 0.600398406375 0.253531073446 0.0247011952191 0.0522598870056
0 0.601195219124 0.21115819209 0.0231075697211 0.0437853107345
0 0.631075697211 0.295197740113 0.0302788844622 0.0564971751412
0 0.649800796813 0.271892655367 0.0231075697211 0.0494350282486
0 0.653386454183 0.224576271186 0.0223107569721 0.0480225988701
0 0.67609561753 0.19209039548 0.0231075697211 0.0480225988701
0 0.705577689243 0.219632768362 0.0231075697211 0.0522598870056
0 0.810358565737 0.408898305085 0.0366533864542 0.069209039548
0 0.882868525896 0.401836158192 0.0398406374502 0.0805084745763
0 0.780478087649 0.276836158192 0.0262948207171 0.0621468926554
0 0.744621513944 0.227401129944 0.0310756972112 0.0508474576271
0 0.715139442231 0.168079096045 0.0199203187251 0.0423728813559
0 0.730677290837 0.179378531073 0.0207171314741 0.0423728813559
0 0.751394422311 0.166666666667 0.0175298804781 0.0395480225989
0 0.754980079681 0.136299435028 0.0167330677291 0.0353107344633
0 0.772509960159 0.209745762712 0.0167330677291 0.0437853107345
0 0.777290836653 0.158898305085 0.0167330677291 0.0324858757062
0 0.779282868526 0.112994350282 0.0143426294821 0.0254237288136
0 0.809561752988 0.235169491525 0.0207171314741 0.0494350282486
0 0.814342629482 0.16313559322 0.0143426294821 0.0353107344633
0 0.823107569721 0.206920903955 0.0239043824701 0.0466101694915
0 0.833466135458 0.320621468927 0.0302788844622 0.0706214689266
0 0.909960159363 0.308615819209 0.0254980079681 0.0635593220339
0 0.91593625498 0.245762711864 0.0278884462151 0.0508474576271
0 0.850597609562 0.247175141243 0.0231075697211 0.0508474576271
0 0.872908366534 0.229519774011 0.0231075697211 0.0550847457627
0 0.805976095618 0.124293785311 0.0151394422311 0.0338983050847
0 0.822709163347 0.127118644068 0.0167330677291 0.0338983050847
0 0.85219123506 0.160310734463 0.0151394422311 0.0381355932203
0 0.860557768924 0.146186440678 0.0159362549801 0.0353107344633
0 0.886852589641 0.18290960452 0.0175298804781 0.0409604519774
0 0.892828685259 0.157485875706 0.0151394422311 0.0409604519774
0 0.836653386454 0.183615819209 0.0191235059761 0.0367231638418
