0 0.218597857838 0.358638743455 0.0457643622201 0.0994764397906
0 0.293573515093 0.217277486911 0.0185004868549 0.0401396160558
0 0.326192794547 0.239965095986 0.0175267770204 0.0401396160558
0 0.334956183057 0.216404886562 0.0155793573515 0.0279232111693
0 0.335443037975 0.175392670157 0.016553067186 0.0331588132635
0 0.355890944499 0.192844677138 0.0185004868549 0.0366492146597
0 0.377799415774 0.196335078534 0.0175267770204 0.0366492146597
0 0.36611489776 0.248691099476 0.0155793573515 0.0401396160558
0 0.388023369036 0.251308900524 0.0223953261928 0.0418848167539
0 0.412852969815 0.248691099476 0.0233690360273 0.0506108202443
0 0.404576436222 0.193717277487 0.016553067186 0.0418848167539
0 0.453748782863 0.20942408377 0.0214216163583 0.0418848167539
0 0.427458617332 0.170157068063 0.0175267770204 0.0331588132635
0 0.428432327167 0.143979057592 0.0136319376826 0.0261780104712
0 0.448393378773 0.163176265271 0.0185004868549 0.0331588132635
0 0.481986368062 0.182373472949 0.0175267770204 0.0366492146597
0 0.484420642648 0.224258289703 0.0185004868549 0.0401396160558
0 0.470788704966 0.212041884817 0.016553067186 0.0366492146597
0 0.466407010711 0.150959860384 0.0136319376826 0.0296684118674
0 0.475657254138 0.139616055846 0.014605647517 0.0314136125654
0 0.495131450828 0.137870855148 0.014605647517 0.0279232111693
0 0.515579357352 0.190226876091 0.0185004868549 0.0349040139616
0 0.532132424537 0.160558464223 0.016553067186 0.0349040139616
0 0.524342745862 0.136998254799 0.0126582278481 0.0366492146597
0 0.511197663096 0.122164048866 0.00973709834469 0.0279232111693
0 0.504381694255 0.157940663176 0.0136319376826 0.0296684118674
0 0.560370009737 0.185863874346 0.016553067186 0.0331588132635
0 0.552093476144 0.150087260035 0.0155793573515 0.0279232111693
0 0.549172346641 0.118673647469 0.0175267770204 0.0383944153578
0 0.57740993184 0.130890052356 0.0136319376826 0.0314136125654
0 0.583252190847 0.116055846422 0.0116845180136 0.0261780104712
0 0.59152872444 0.140488656195 0.014605647517 0.0331588132635
0 0.590555014606 0.171902268761 0.016553067186 0.0366492146597
0 0.606621226874 0.128272251309 0.0175267770204 0.0296684118674
0 0.616358325219 0.116055846422 0.0136319376826 0.0296684118674
0 0.636319376826 0.119546247818 0.014605647517 0.0366492146597
0 0.626582278481 0.121291448517 0.0126582278481 0.0296684118674
0 0.624148003895 0.158813263525 0.0155793573515 0.0314136125654
0 0.663096397274 0.126527050611 0.0155793573515 0.0331588132635
0 0.670399221032 0.102966841187 0.0107108081792 0.0244328097731
0 0.677702044791 0.118673647469 0.0116845180136 0.0279232111693
0 0.692794547225 0.116928446771 0.0107108081792 0.0244328097731
0 0.707400194742 0.104712041885 0.014605647517 0.0314136125654
0 0.495618305745 0.28184991274 0.0272638753651 0.064572425829
0 0.536027263875 0.333333333333 0.0340798442064 0.0558464223386
0 0.569620253165 0.248691099476 0.0253164556962 0.0506108202443
0 0.618792599805 0.258289703316 0.0262901655307 0.0593368237347
0 0.608081791626 0.337696335079 0.0282375851996 0.064572425829
0 0.69717624148 0.314136125654 0.031158714703 0.0628272251309
0 0.675754625122 0.24520069808 0.0253164556962 0.0575916230366
0 0.635345666991 0.224258289703 0.0204479065239 0.0471204188482
0 0.671859785784 0.1815008726 0.0214216163583 0.0418848167539
0 0.703505355404 0.182373472949 0.0185004868549 0.0331588132635
0 0.713242453749 0.158813263525 0.016553067186 0.0314136125654
0 0.723466407011 0.219022687609 0.0214216163583 0.043630017452
0 0.746835443038 0.193717277487 0.0214216163583 0.0453752181501
0 0.75170399221 0.163176265271 0.0136319376826 0.0331588132635
0 0.752190847128 0.137870855148 0.0126582278481 0.0279232111693
0 0.770204479065 0.150959860384 0.0155793573515 0.0366492146597
0 0.796494644596 0.163176265271 0.0175267770204 0.0331588132635
0 0.793573515093 0.138743455497 0.0136319376826 0.0331588132635
0 0.793573515093 0.217277486911 0.0233690360273 0.0471204188482
0 0.774099318403 0.232984293194 0.0253164556962 0.0471204188482
0 0.789191820837 0.302792321117 0.0282375851996 0.0610820244328
0 0.734664070107 0.294066317627 0.0243427458617 0.0680628272251
0 0.757546251217 0.369982547993 0.031158714703 0.0732984293194
0 0.813534566699 0.424083769634 0.0360272638754 0.0732984293194
0 0.819376825706 0.248691099476 0.0223953261928 0.0575916230366
0 0.841772151899 0.323734729494 0.0262901655307 0.0610820244328
0 0.903602726388 0.431937172775 0.0428432327167 0.0785340314136
0 0.91723466407 0.343804537522 0.0272638753651 0.0628272251309
0 0.875851996105 0.253926701571 0.0185004868549 0.0401396160558
0 0.884128529698 0.239965095986 0.0214216163583 0.043630017452
0 0.926484907498 0.283595113438 0.0185004868549 0.0471204188482
0 0.936222005842 0.212914485166 0.0185004868549 0.0453752181501
