0 0.927740058196 0.220869565217 0.0145489815713 0.0382608695652
0 0.919980601358 0.320869565217 0.0164888457808 0.04
0 0.914645974782 0.341739130435 0.0252182347236 0.0573913043478
0 0.876818622696 0.233913043478 0.015518913676 0.0469565217391
0 0.854025218235 0.26 0.0164888457808 0.0434782608696
0 0.849660523763 0.294782608696 0.0193986420951 0.0539130434783
0 0.787584869059 0.140869565217 0.011639185257 0.0278260869565
0 0.79388942774 0.166086956522 0.0126091173618 0.0365217391304
0 0.799224054316 0.220869565217 0.015518913676 0.0417391304348
0 0.806983511154 0.282608695652 0.0174587778855 0.0504347826087
0 0.766731328807 0.301739130435 0.0184287099903 0.0504347826087
0 0.758486905917 0.233043478261 0.0174587778855 0.0417391304348
0 0.813773035887 0.398260869565 0.0252182347236 0.0730434782609
0 0.776915615907 0.37652173913 0.0290979631426 0.064347826087
0 0.84481086324 0.461739130435 0.0329776915616 0.0678260869565
0 0.755577109602 0.184347826087 0.0135790494665 0.0382608695652
0 0.745392822502 0.14 0.0126091173618 0.0295652173913
0 0.728903976722 0.293913043478 0.0203685741998 0.055652173913
0 0.679437439379 0.257391304348 0.0203685741998 0.0521739130435
0 0.71629485936 0.234782608696 0.0164888457808 0.0452173913043
0 0.673132880698 0.34347826087 0.0193986420951 0.0608695652174
0 0.69786614937 0.166956521739 0.0126091173618 0.0313043478261
0 0.732298739088 0.194782608696 0.0135790494665 0.0347826086957
0 0.721144519884 0.117391304348 0.0106692531523 0.0226086956522
0 0.668283220175 0.106956521739 0.00969932104753 0.0260869565217
0 0.677982541222 0.122608695652 0.011639185257 0.0260869565217
0 0.690591658584 0.106086956522 0.00969932104753 0.024347826087
0 0.650824442289 0.121739130435 0.00969932104753 0.0278260869565
0 0.661493695441 0.137391304348 0.011639185257 0.0278260869565
0 0.589233753637 0.113913043478 0.00872938894277 0.0226086956522
0 0.581959262852 0.122608695652 0.00969932104753 0.0260869565217
0 0.632395732299 0.112173913043 0.011639185257 0.0226086956522
0 0.622211445199 0.127826086957 0.0126091173618 0.0295652173913
0 0.617361784675 0.153043478261 0.0145489815713 0.0313043478261
0 0.605237633366 0.126086956522 0.011639185257 0.0260869565217
0 0.554801163919 0.126956521739 0.011639185257 0.024347826087
0 0.567895247333 0.153043478261 0.0145489815713 0.0313043478261
0 0.580989330747 0.170434782609 0.015518913676 0.0347826086957
0 0.549951503395 0.162608695652 0.0135790494665 0.0330434782609
0 0.554316197866 0.184347826087 0.0145489815713 0.0382608695652
0 0.566440349176 0.235652173913 0.0174587778855 0.0469565217391
0 0.602812803104 0.25652173913 0.0203685741998 0.0469565217391
0 0.634335596508 0.225217391304 0.0174587778855 0.0365217391304
0 0.684772065955 0.189565217391 0.0135790494665 0.0347826086957
0 0.503879728419 0.125217391304 0.0106692531523 0.024347826087
0 0.519883608147 0.141739130435 0.00969932104753 0.0226086956522
0 0.526188166828 0.178260869565 0.0126091173618 0.0330434782609
0 0.484481086324 0.179130434783 0.0126091173618 0.0278260869565
0 0.490785645005 0.139130434783 0.00969932104753 0.0208695652174
0 0.463142580019 0.170434782609 0.0126091173618 0.0313043478261
0 0.44083414161 0.165217391304 0.0106692531523 0.024347826087
0 0.4694471387 0.14347826087 0.011639185257 0.0260869565217
0 0.487390882638 0.218260869565 0.0184287099903 0.04
0 0.454898157129 0.224347826087 0.015518913676 0.0382608695652
0 0.441319107662 0.204347826087 0.0135790494665 0.0365217391304
0 0.414645974782 0.193913043478 0.0145489815713 0.0365217391304
0 0.420950533463 0.174782608696 0.011639185257 0.0330434782609
0 0.493695441319 0.289565217391 0.0213385063046 0.0539130434783
0 0.545101842871 0.314782608696 0.0232783705141 0.0591304347826
0 0.380698351115 0.244347826087 0.0164888457808 0.04
0 0.387487875849 0.289565217391 0.0203685741998 0.04
0 0.375363724539 0.201739130435 0.0135790494665 0.0347826086957
0 0.294859359845 0.22 0.0135790494665 0.0330434782609
0 0.311833171678 0.233913043478 0.0145489815713 0.0365217391304
0 0.329291949564 0.238260869565 0.0126091173618 0.0347826086957
0 0.336081474297 0.261739130435 0.0164888457808 0.0330434782609
0 0.352085354025 0.180869565217 0.011639185257 0.0313043478261
0 0.355480116392 0.201739130435 0.0145489815713 0.0347826086957
0 0.590688651794 0.347826086957 0.0193986420951 0.0626086956522
0 0.212900096993 0.366086956522 0.0378273520854 0.0782608695652
