0 0.205670926518 0.41935483871 0.0407348242812 0.0785413744741
0 0.29552715655 0.251051893408 0.0143769968051 0.0308555399719
0 0.289936102236 0.247545582048 0.0127795527157 0.0266479663394
0 0.312699680511 0.220196353436 0.0119808306709 0.0224403927069
0 0.327076677316 0.279102384292 0.0167731629393 0.0336605890603
0 0.350638977636 0.214586255259 0.0143769968051 0.0308555399719
0 0.384984025559 0.25175315568 0.0159744408946 0.0322580645161
0 0.402955271565 0.229312762973 0.0151757188498 0.0350631136045
0 0.425319488818 0.266479663394 0.0199680511182 0.0420757363254
0 0.446086261981 0.213884992987 0.0199680511182 0.0378681626928
0 0.42731629393 0.183730715288 0.0127795527157 0.0280504908836
0 0.402156549521 0.186535764376 0.0119808306709 0.0252454417952
0 0.477236421725 0.216690042076 0.0167731629393 0.0406732117812
0 0.428115015974 0.164095371669 0.0143769968051 0.0224403927069
0 0.408146964856 0.173913043478 0.0127795527157 0.0196353436185
0 0.452076677316 0.156381486676 0.00958466453674 0.0238429172511
0 0.468849840256 0.160589060309 0.0127795527157 0.0210378681627
0 0.501996805112 0.190042075736 0.0119808306709 0.0294530154278
0 0.550319488818 0.191444600281 0.0143769968051 0.0266479663394
0 0.546325878594 0.163394109397 0.0111821086262 0.0238429172511
0 0.554712460064 0.14446002805 0.0119808306709 0.0252454417952
0 0.525159744409 0.14446002805 0.0135782747604 0.0252454417952
0 0.509984025559 0.145161290323 0.0135782747604 0.0238429172511
0 0.495207667732 0.130434782609 0.00958466453674 0.0196353436185
0 0.573881789137 0.160589060309 0.0135782747604 0.0294530154278
0 0.575079872204 0.134642356241 0.0111821086262 0.0224403927069
0 0.585862619808 0.143057503506 0.0119808306709 0.0252454417952
0 0.60982428115 0.145862552595 0.0119808306709 0.0280504908836
0 0.627396166134 0.131136044881 0.0103833865815 0.0266479663394
0 0.614217252396 0.103085553997 0.0127795527157 0.0266479663394
0 0.657348242812 0.119214586255 0.0127795527157 0.0280504908836
0 0.668130990415 0.122019635344 0.0119808306709 0.0280504908836
0 0.501198083067 0.294530154278 0.0231629392971 0.0448807854137
0 0.54392971246 0.306451612903 0.0255591054313 0.0462833099579
0 0.580670926518 0.241234221599 0.017571884984 0.039270687237
0 0.610623003195 0.20476858345 0.0167731629393 0.039270687237
0 0.627396166134 0.23492286115 0.0231629392971 0.0462833099579
0 0.6553514377 0.26507713885 0.0183706070288 0.039270687237
0 0.664137380192 0.213183730715 0.0167731629393 0.039270687237
0 0.654153354633 0.172510518934 0.017571884984 0.0308555399719
0 0.696086261981 0.189340813464 0.0151757188498 0.0336605890603
0 0.694089456869 0.151472650771 0.0159744408946 0.0364656381487
0 0.725638977636 0.150070126227 0.0135782747604 0.0308555399719
0 0.72124600639 0.21809256662 0.017571884984 0.0434782608696
0 0.71445686901 0.283309957924 0.0231629392971 0.0476858345021
0 0.684904153355 0.310659186536 0.0247603833866 0.054698457223
0 0.768370607029 0.330995792426 0.0271565495208 0.0589060308555
0 0.80071884984 0.298036465638 0.0199680511182 0.0462833099579
0 0.846645367412 0.316269284712 0.0191693290735 0.0490883590463
0 0.757188498403 0.22159887798 0.0191693290735 0.0364656381487
0 0.744808306709 0.192145862553 0.0151757188498 0.0336605890603
0 0.746405750799 0.161290322581 0.0151757188498 0.0308555399719
0 0.767172523962 0.131136044881 0.0151757188498 0.0266479663394
0 0.765575079872 0.180925666199 0.0135782747604 0.0280504908836
0 0.787539936102 0.15778401122 0.0111821086262 0.0266479663394
0 0.80231629393 0.14446002805 0.0119808306709 0.0224403927069
0 0.80750798722 0.178120617111 0.0127795527157 0.0364656381487
0 0.784744408946 0.210378681627 0.0151757188498 0.0336605890603
0 0.817092651757 0.225806451613 0.017571884984 0.0448807854137
0 0.836261980831 0.224403927069 0.0143769968051 0.0280504908836
0 0.83107028754 0.162692847125 0.0135782747604 0.0280504908836
0 0.836261980831 0.139551192146 0.0127795527157 0.0294530154278
0 0.871405750799 0.145862552595 0.0127795527157 0.0308555399719
0 0.889376996805 0.194249649369 0.0151757188498 0.0294530154278
0 0.862619808307 0.236325385694 0.017571884984 0.0462833099579
0 0.885782747604 0.225806451613 0.0143769968051 0.039270687237
0 0.909345047923 0.246143057504 0.0199680511182 0.0462833099579
