0 0.325757575758 0.213888888889 0.0167464114833 0.0277777777778
0 0.3504784689 0.215277777778 0.018341307815 0.0305555555556
0 0.383971291866 0.302083333333 0.0199362041467 0.0402777777778
0 0.482057416268 0.200694444444 0.0167464114833 0.0319444444444
0 0.496810207337 0.149305555556 0.0127591706539 0.0236111111111
0 0.564992025518 0.171527777778 0.0167464114833 0.0319444444444
0 0.564593301435 0.113194444444 0.0127591706539 0.0236111111111
0 0.808612440191 0.396527777778 0.0287081339713 0.0680555555556
0 0.875996810207 0.138194444444 0.011961722488 0.0291666666667
0 0.906698564593 0.1375 0.0159489633174 0.0333333333333
