0 0.0655204460967 0.417355371901 0.0343866171004 0.0677685950413
0 0.257434944238 0.28347107438 0.0148698884758 0.0280991735537
0 0.279275092937 0.285123966942 0.0157992565056 0.0280991735537
0 0.306691449814 0.261157024793 0.0185873605948 0.0330578512397
0 0.344795539033 0.271900826446 0.0167286245353 0.0380165289256
0 0.315055762082 0.219834710744 0.0111524163569 0.0231404958678
0 0.333643122677 0.228099173554 0.0167286245353 0.0264462809917
0 0.361059479554 0.218181818182 0.0120817843866 0.0264462809917
0 0.374535315985 0.219834710744 0.0148698884758 0.0264462809917
0 0.382899628253 0.204958677686 0.0167286245353 0.0330578512397
0 0.406598513011 0.234710743802 0.0195167286245 0.0396694214876
0 0.42750929368 0.267768595041 0.0185873605948 0.0363636363636
0 0.442379182156 0.236363636364 0.0185873605948 0.0363636363636
0 0.463289962825 0.228099173554 0.0176579925651 0.0363636363636
0 0.41031598513 0.171900826446 0.0157992565056 0.0264462809917
0 0.439591078067 0.198347107438 0.0148698884758 0.0264462809917
0 0.469795539033 0.185950413223 0.0120817843866 0.0280991735537
0 0.452602230483 0.182644628099 0.0111524163569 0.0181818181818
0 0.429832713755 0.186776859504 0.0120817843866 0.0231404958678
0 0.448420074349 0.146280991736 0.0139405204461 0.0247933884298
0 0.468866171004 0.152066115702 0.0120817843866 0.0264462809917
0 0.48280669145 0.164462809917 0.0120817843866 0.0280991735537
0 0.485594795539 0.130578512397 0.0120817843866 0.0264462809917
0 0.508364312268 0.185950413223 0.0167286245353 0.0314049586777
0 0.535780669145 0.188429752066 0.0176579925651 0.0297520661157
0 0.538568773234 0.157024793388 0.0139405204461 0.0264462809917
0 0.524628252788 0.138842975207 0.0120817843866 0.0297520661157
0 0.549256505576 0.142148760331 0.0130111524164 0.0363636363636
0 0.57249070632 0.160330578512 0.0148698884758 0.0297520661157
0 0.578531598513 0.140495867769 0.0139405204461 0.0297520661157
0 0.567379182156 0.110743801653 0.0102230483271 0.0198347107438
0 0.582249070632 0.103305785124 0.0120817843866 0.0214876033058
0 0.591542750929 0.119834710744 0.0120817843866 0.0280991735537
0 0.610130111524 0.136363636364 0.0139405204461 0.0247933884298
0 0.62592936803 0.119008264463 0.0102230483271 0.0231404958678
0 0.624535315985 0.1 0.0092936802974 0.0214876033058
0 0.647304832714 0.095867768595 0.0120817843866 0.0264462809917
0 0.666821561338 0.11652892562 0.0120817843866 0.0247933884298
0 0.684479553903 0.101652892562 0.0120817843866 0.0280991735537
0 0.538104089219 0.313223140496 0.0241635687732 0.0479338842975
0 0.48094795539 0.288429752066 0.021375464684 0.0446280991736
0 0.568308550186 0.242975206612 0.0195167286245 0.0429752066116
0 0.603624535316 0.254545454545 0.021375464684 0.0462809917355
0 0.614312267658 0.206611570248 0.0185873605948 0.0330578512397
0 0.656133828996 0.213223140496 0.0185873605948 0.0429752066116
0 0.647304832714 0.173553719008 0.0157992565056 0.0330578512397
0 0.67936802974 0.15867768595 0.0167286245353 0.0363636363636
0 0.700743494424 0.199173553719 0.0204460966543 0.0446280991736
0 0.708178438662 0.173553719008 0.0148698884758 0.0297520661157
0 0.721654275093 0.159504132231 0.0157992565056 0.0314049586777
0 0.664033457249 0.257024793388 0.0176579925651 0.0413223140496
0 0.665892193309 0.344628099174 0.0232342007435 0.0512396694215
0 0.593866171004 0.345454545455 0.0260223048327 0.0495867768595
0 0.707713754647 0.280165289256 0.021375464684 0.0446280991736
0 0.777416356877 0.290082644628 0.0232342007435 0.0446280991736
0 0.770910780669 0.226446280992 0.0195167286245 0.0429752066116
0 0.736988847584 0.192561983471 0.0167286245353 0.0314049586777
0 0.770446096654 0.161157024793 0.0111524163569 0.0214876033058
0 0.735594795539 0.145454545455 0.0102230483271 0.0198347107438
0 0.73187732342 0.128099173554 0.0102230483271 0.0247933884298
0 0.753717472119 0.105785123967 0.0111524163569 0.0264462809917
0 0.776022304833 0.125619834711 0.0111524163569 0.0231404958678
0 0.76626394052 0.129752066116 0.0102230483271 0.0247933884298
0 0.790892193309 0.13305785124 0.0111524163569 0.0247933884298
0 0.80436802974 0.123140495868 0.0120817843866 0.0280991735537
0 0.825278810409 0.14132231405 0.0130111524164 0.0280991735537
0 0.794144981413 0.161983471074 0.0157992565056 0.0297520661157
0 0.833643122677 0.168595041322 0.0130111524164 0.0297520661157
0 0.841542750929 0.185950413223 0.0120817843866 0.0314049586777
0 0.816914498141 0.252892561983 0.0148698884758 0.0363636363636
0 0.865241635688 0.231404958678 0.0130111524164 0.0396694214876
0 0.886152416357 0.194214876033 0.0120817843866 0.0314049586777
0 0.873605947955 0.171074380165 0.0148698884758 0.0314049586777
0 0.860594795539 0.130578512397 0.0111524163569 0.0231404958678
0 0.861524163569 0.160330578512 0.0111524163569 0.0264462809917
0 0.888475836431 0.129752066116 0.0092936802974 0.0280991735537
0 0.894516728625 0.161157024793 0.0120817843866 0.0247933884298
0 0.923327137546 0.207438016529 0.0139405204461 0.0314049586777
0 0.918215613383 0.177685950413 0.0111524163569 0.0247933884298
0 0.921003717472 0.155371900826 0.0111524163569 0.0231404958678
0 0.925650557621 0.270247933884 0.0185873605948 0.0479338842975
