0 0.0522317188984 0.370151770658 0.0189933523267 0.0489038785835
0 0.249762583096 0.257166947723 0.0132953466287 0.0286677908938
0 0.274928774929 0.268971332209 0.0104463437797 0.0219224283305
0 0.265906932574 0.265598650927 0.00949667616334 0.0252951096121
0 0.291547958215 0.265598650927 0.017094017094 0.035413153457
0 0.319088319088 0.262225969646 0.017094017094 0.0455311973019
0 0.337606837607 0.268128161889 0.0180436847104 0.0404721753794
0 0.324311490978 0.220067453626 0.0161443494777 0.0320404721754
0 0.351377018044 0.22849915683 0.0151946818613 0.035413153457
0 0.356600189934 0.204890387858 0.014245014245 0.0286677908938
0 0.367521367521 0.197301854975 0.0151946818613 0.0303541315346
0 0.388414055081 0.188870151771 0.0132953466287 0.0303541315346
0 0.405033238367 0.197301854975 0.0161443494777 0.0370994940978
0 0.384615384615 0.23018549747 0.0189933523267 0.035413153457
0 0.372744539411 0.26981450253 0.019943019943 0.043844856661
0 0.394112060779 0.284148397976 0.0208926875594 0.0455311973019
0 0.436847103514 0.232715008432 0.0208926875594 0.043844856661
0 0.476258309592 0.231871838111 0.0218423551757 0.0455311973019
0 0.452991452991 0.194772344013 0.017094017094 0.035413153457
0 0.448717948718 0.162731871838 0.019943019943 0.0286677908938
0 0.466761633428 0.139123102867 0.014245014245 0.0320404721754
0 0.485754985755 0.134064080944 0.0123456790123 0.0252951096121
0 0.499050332384 0.16694772344 0.0161443494777 0.0370994940978
0 0.488603988604 0.190556492411 0.0180436847104 0.0370994940978
0 0.529439696106 0.20741989882 0.019943019943 0.043844856661
0 0.534662867996 0.165261382799 0.017094017094 0.0370994940978
0 0.550332383666 0.159359190556 0.014245014245 0.0320404721754
0 0.566476733143 0.177065767285 0.0161443494777 0.0370994940978
0 0.575973409307 0.218381112985 0.0218423551757 0.0556492411467
0 0.57264957265 0.118887015177 0.0132953466287 0.0286677908938
0 0.58547008547 0.139966273187 0.0123456790123 0.0303541315346
0 0.593542260209 0.123102866779 0.00949667616334 0.0303541315346
0 0.615384615385 0.141652613828 0.011396011396 0.0303541315346
0 0.64245014245 0.133220910624 0.0123456790123 0.026981450253
0 0.640550807217 0.115514333895 0.0104463437797 0.0185497470489
0 0.61918328585 0.116357504216 0.011396011396 0.0236087689713
0 0.681861348528 0.118043844857 0.0132953466287 0.0303541315346
0 0.569800569801 0.286677908938 0.0303893637227 0.0640809443508
0 0.484805318139 0.308600337268 0.031339031339 0.0640809443508
0 0.627255460589 0.324620573356 0.0294396961064 0.0657672849916
0 0.626780626781 0.239460370995 0.0246913580247 0.0607082630691
0 0.638176638177 0.206576728499 0.0189933523267 0.0387858347386
0 0.659069325736 0.20741989882 0.022792022792 0.043844856661
0 0.6918328585 0.190556492411 0.019943019943 0.0539629005059
0 0.687084520418 0.151770657673 0.0161443494777 0.0337268128162
0 0.714624881292 0.152613827993 0.0161443494777 0.0421585160202
0 0.72269705603 0.168634064081 0.0151946818613 0.0370994940978
0 0.734093067426 0.184654300169 0.0189933523267 0.0455311973019
0 0.717948717949 0.219224283305 0.022792022792 0.0505902192243
0 0.727445394112 0.296795952782 0.0303893637227 0.0573355817875
0 0.774928774929 0.297639123103 0.0265906932574 0.0522765598651
0 0.763057929725 0.223440134907 0.0237416904084 0.0489038785835
0 0.781101614435 0.204047217538 0.0237416904084 0.0404721753794
0 0.767331433998 0.172006745363 0.0208926875594 0.0337268128162
0 0.750712250712 0.139123102867 0.0161443494777 0.035413153457
0 0.736942070275 0.128161888702 0.011396011396 0.026981450253
0 0.768755935423 0.134907251265 0.0180436847104 0.0370994940978
0 0.791073124406 0.14502529511 0.017094017094 0.0337268128162
0 0.810541310541 0.139123102867 0.014245014245 0.0286677908938
0 0.821462488129 0.163575042159 0.0189933523267 0.0404721753794
0 0.84188034188 0.14502529511 0.0161443494777 0.0370994940978
0 0.858499525166 0.164418212479 0.0132953466287 0.035413153457
0 0.849002849003 0.194772344013 0.0189933523267 0.0421585160202
0 0.833333333333 0.215851602024 0.0218423551757 0.0404721753794
0 0.848053181387 0.309443507589 0.0322886989554 0.0623946037099
0 0.859924026591 0.268971332209 0.0218423551757 0.0489038785835
0 0.886989553656 0.186340640809 0.0151946818613 0.035413153457
0 0.89648622982 0.155986509275 0.0132953466287 0.0286677908938
0 0.899810066477 0.182967959528 0.014245014245 0.0320404721754
0 0.927825261159 0.241989881956 0.0189933523267 0.0489038785835
0 0.944919278253 0.263912310287 0.0246913580247 0.0556492411467
