0 0.169642857143 0.249113475177 0.0218253968254 0.040780141844
0 0.240079365079 0.247340425532 0.0238095238095 0.0478723404255
0 0.195436507937 0.515070921986 0.0555555555556 0.0904255319149
0 0.287698412698 0.228723404255 0.0198412698413 0.0460992907801
0 0.329861111111 0.195921985816 0.0208333333333 0.0372340425532
0 0.333333333333 0.233156028369 0.0178571428571 0.0478723404255
0 0.357638888889 0.257978723404 0.0208333333333 0.0478723404255
0 0.43005952381 0.250886524823 0.0228174603175 0.040780141844
0 0.347718253968 0.214539007092 0.0188492063492 0.031914893617
0 0.381448412698 0.198581560284 0.0208333333333 0.0425531914894
0 0.43253968254 0.210106382979 0.0238095238095 0.0372340425532
0 0.465773809524 0.216312056738 0.0208333333333 0.0390070921986
0 0.414682539683 0.156914893617 0.0119047619048 0.0301418439716
0 0.438492063492 0.153368794326 0.0178571428571 0.0195035460993
0 0.441964285714 0.177304964539 0.0208333333333 0.0283687943262
0 0.481646825397 0.155141843972 0.0128968253968 0.0301418439716
0 0.495535714286 0.18085106383 0.0168650793651 0.0354609929078
0 0.50248015873 0.227836879433 0.0228174603175 0.040780141844
0 0.559523809524 0.183510638298 0.0198412698413 0.040780141844
0 0.498015873016 0.271276595745 0.0257936507937 0.0531914893617
0 0.52876984127 0.125 0.015873015873 0.0265957446809
0 0.504464285714 0.152482269504 0.0128968253968 0.0283687943262
0 0.545138888889 0.13475177305 0.014880952381 0.0283687943262
0 0.549603174603 0.153368794326 0.0178571428571 0.0230496453901
0 0.580853174603 0.170212765957 0.014880952381 0.031914893617
0 0.573908730159 0.135638297872 0.014880952381 0.0265957446809
0 0.580853174603 0.11170212766 0.0128968253968 0.0248226950355
0 0.622023809524 0.148936170213 0.0119047619048 0.0248226950355
0 0.606150793651 0.123226950355 0.0138888888889 0.0265957446809
0 0.62748015873 0.117907801418 0.0109126984127 0.0230496453901
0 0.643849206349 0.130319148936 0.015873015873 0.0265957446809
0 0.645833333333 0.109042553191 0.0138888888889 0.0265957446809
0 0.665674603175 0.120567375887 0.0138888888889 0.031914893617
0 0.69246031746 0.106382978723 0.0119047619048 0.0248226950355
0 0.688988095238 0.129432624113 0.0128968253968 0.0283687943262
0 0.655753968254 0.179964539007 0.0178571428571 0.0336879432624
0 0.616071428571 0.234042553191 0.015873015873 0.0460992907801
0 0.541170634921 0.312943262411 0.0287698412698 0.0549645390071
0 0.569444444444 0.257092198582 0.0257936507937 0.0460992907801
0 0.611607142857 0.324468085106 0.030753968254 0.0673758865248
0 0.678571428571 0.351063829787 0.0337301587302 0.0567375886525
0 0.732638888889 0.406914893617 0.030753968254 0.0620567375887
0 0.663194444444 0.284574468085 0.0248015873016 0.0549645390071
0 0.724702380952 0.310283687943 0.0248015873016 0.0531914893617
0 0.772817460317 0.315602836879 0.0238095238095 0.0602836879433
0 0.847222222222 0.326241134752 0.0257936507937 0.063829787234
0 0.900793650794 0.347517730496 0.0277777777778 0.0567375886525
0 0.90873015873 0.296985815603 0.0198412698413 0.0372340425532
0 0.866567460317 0.298758865248 0.0208333333333 0.040780141844
0 0.80505952381 0.248226950355 0.0248015873016 0.0531914893617
0 0.802083333333 0.204787234043 0.0168650793651 0.0336879432624
0 0.762896825397 0.244680851064 0.0238095238095 0.0425531914894
0 0.733630952381 0.231382978723 0.0228174603175 0.0443262411348
0 0.697420634921 0.210106382979 0.0218253968254 0.040780141844
0 0.700396825397 0.175531914894 0.0138888888889 0.0283687943262
0 0.720734126984 0.148936170213 0.014880952381 0.0283687943262
0 0.704365079365 0.122340425532 0.00992063492063 0.0283687943262
0 0.750496031746 0.13475177305 0.0168650793651 0.0354609929078
0 0.779265873016 0.140957446809 0.014880952381 0.0336879432624
0 0.878472222222 0.229609929078 0.0168650793651 0.0372340425532
0 0.929563492063 0.224290780142 0.0198412698413 0.0443262411348
0 0.965277777778 0.156914893617 0.015873015873 0.040780141844
