0 0.307631160572 0.229370629371 0.0174880763116 0.0307692307692
0 0.348966613672 0.218881118881 0.0143084260731 0.0321678321678
0 0.391891891892 0.295104895105 0.0254372019078 0.0503496503497
0 0.459459459459 0.160839160839 0.0143084260731 0.0307692307692
0 0.484896661367 0.21048951049 0.0206677265501 0.034965034965
0 0.557233704293 0.123076923077 0.0127186009539 0.0223776223776
0 0.567965023847 0.18041958042 0.0182829888712 0.0335664335664
0 0.872813990461 0.141958041958 0.0111287758347 0.0265734265734
0 0.899046104928 0.146853146853 0.0111287758347 0.027972027972
0 0.802861685215 0.397902097902 0.0286168521463 0.0713286713287
