0 0.282015065913 0.202861952862 0.0122410546139 0.0286195286195
0 0.353578154426 0.147306397306 0.0122410546139 0.0286195286195
0 0.369585687382 0.194444444444 0.0141242937853 0.0319865319865
0 0.36252354049 0.238215488215 0.015065913371 0.0319865319865
0 0.366760828625 0.27861952862 0.0141242937853 0.0353535353535
0 0.408662900188 0.274410774411 0.0207156308851 0.047138047138
0 0.409604519774 0.189393939394 0.0112994350282 0.0286195286195
0 0.447740112994 0.186026936027 0.0141242937853 0.0353535353535
0 0.45856873823 0.23063973064 0.0169491525424 0.040404040404
0 0.466101694915 0.192760942761 0.015065913371 0.0387205387205
0 0.484934086629 0.229797979798 0.0188323917137 0.0420875420875
0 0.489171374765 0.199494949495 0.0178907721281 0.0387205387205
0 0.489171374765 0.306397306397 0.0254237288136 0.047138047138
0 0.604990583804 0.262626262626 0.0235404896422 0.0572390572391
0 0.576741996234 0.137205387205 0.0103578154426 0.0286195286195
0 0.710922787194 0.189393939394 0.0169491525424 0.0420875420875
0 0.750470809793 0.245791245791 0.0225988700565 0.043771043771
