0 0.0778648383937 0.331081081081 0.0205680705191 0.0304054054054
0 0.204211557297 0.516047297297 0.0519098922625 0.0996621621622
0 0.223310479922 0.230574324324 0.0195886385896 0.035472972973
0 0.43388834476 0.27027027027 0.0274240940255 0.0439189189189
0 0.430460333007 0.215371621622 0.0225269343781 0.0388513513514
0 0.465230166503 0.222128378378 0.0254652301665 0.0456081081081
0 0.498530852106 0.306587837838 0.0333006856024 0.0625
0 0.555337904016 0.362331081081 0.0333006856024 0.0591216216216
0 0.735063663075 0.140202702703 0.0166503428012 0.0405405405405
0 0.767874632713 0.148648648649 0.0176297747307 0.0472972972973
0 0.907443682664 0.21875 0.0225269343781 0.0557432432432
