0 0.0370196813496 0.400667779633 0.0271790065604 0.0634390651085
0 0.256326148079 0.271285475793 0.0140581068416 0.0283806343907
0 0.280693533271 0.263772954925 0.0159325210872 0.0333889816361
0 0.309746954077 0.232888146912 0.0159325210872 0.0283806343907
0 0.32099343955 0.242904841402 0.0178069353327 0.0350584307179
0 0.347235238988 0.226210350584 0.0159325210872 0.0317195325543
0 0.349578256795 0.263772954925 0.0187441424555 0.0367278797997
0 0.375820056232 0.217028380634 0.0149953139644 0.0300500834725
0 0.384254920337 0.202003338898 0.0131208997188 0.0233722871452
0 0.411902530459 0.278797996661 0.0196813495783 0.0367278797997
0 0.413776944705 0.227045075125 0.0178069353327 0.0333889816361
0 0.437675726336 0.198664440735 0.0149953139644 0.0300500834725
0 0.44939081537 0.21285475793 0.0159325210872 0.0317195325543
0 0.463917525773 0.226210350584 0.020618556701 0.0383973288815
0 0.469072164948 0.19449081803 0.0159325210872 0.0283806343907
0 0.430178069353 0.17612687813 0.0149953139644 0.025041736227
0 0.453608247423 0.151085141903 0.0149953139644 0.0217028380634
0 0.456888472352 0.16694490818 0.0140581068416 0.0267111853088
0 0.476101218369 0.152754590985 0.0131208997188 0.0217028380634
0 0.481724461106 0.166110183639 0.0131208997188 0.025041736227
0 0.48641049672 0.134390651085 0.00937207122774 0.0150250417362
0 0.510309278351 0.166110183639 0.0140581068416 0.0283806343907
0 0.500937207123 0.195325542571 0.0140581068416 0.0300500834725
0 0.533270852858 0.207011686144 0.0187441424555 0.0333889816361
0 0.543111527648 0.162771285476 0.0159325210872 0.0283806343907
0 0.528584817245 0.13856427379 0.0131208997188 0.0267111853088
0 0.535145267104 0.131051752922 0.0131208997188 0.025041736227
0 0.56091846298 0.110183639399 0.0103092783505 0.0200333889816
0 0.575913776945 0.154424040067 0.0159325210872 0.0283806343907
0 0.585285848172 0.12938230384 0.0140581068416 0.0217028380634
0 0.589034676664 0.106010016694 0.0121836925961 0.0217028380634
0 0.612464854733 0.114357262104 0.0121836925961 0.0217028380634
0 0.613870665417 0.135225375626 0.0131208997188 0.0200333889816
0 0.605435801312 0.154424040067 0.0168697282099 0.0317195325543
0 0.622774133083 0.103505843072 0.0121836925961 0.0200333889816
0 0.637769447048 0.106010016694 0.0121836925961 0.0217028380634
0 0.654170571696 0.113522537563 0.0112464854733 0.0267111853088
0 0.669165885661 0.118530884808 0.0112464854733 0.0233722871452
0 0.702436738519 0.0968280467446 0.0121836925961 0.0300500834725
0 0.487347703843 0.303005008347 0.0243673851921 0.0484140233723
0 0.544985941893 0.307178631052 0.0215557638238 0.0500834724541
0 0.604967197751 0.332220367279 0.0271790065604 0.0467445742905
0 0.606841611996 0.247078464107 0.0234301780694 0.0434056761269
0 0.569821930647 0.239565943239 0.0187441424555 0.0417362270451
0 0.602155576382 0.20367278798 0.0178069353327 0.0400667779633
0 0.653701968135 0.179465776294 0.0159325210872 0.0317195325543
0 0.661668228679 0.201168614357 0.0187441424555 0.0350584307179
0 0.659793814433 0.253756260434 0.020618556701 0.0467445742905
0 0.678069353327 0.327212020033 0.0253045923149 0.0601001669449
0 0.708997188379 0.283806343907 0.0253045923149 0.0500834724541
0 0.710402999063 0.216193656093 0.020618556701 0.0484140233723
0 0.751171508903 0.218697829716 0.0196813495783 0.0467445742905
0 0.781630740394 0.290484140234 0.0224929709466 0.0534223706177
0 0.680880974695 0.150250417362 0.0178069353327 0.0333889816361
0 0.705716963449 0.136894824708 0.0168697282099 0.0300500834725
0 0.701968134958 0.175292153589 0.0187441424555 0.0300500834725
0 0.733364573571 0.159432387312 0.0140581068416 0.025041736227
0 0.749297094658 0.179465776294 0.0178069353327 0.0317195325543
0 0.750234301781 0.141903171953 0.0159325210872 0.0300500834725
0 0.731958762887 0.12020033389 0.0149953139644 0.0300500834725
0 0.74648547329 0.109348914858 0.0121836925961 0.025041736227
0 0.768509840675 0.124373956594 0.0131208997188 0.0217028380634
0 0.781630740394 0.111853088481 0.0112464854733 0.0233722871452
0 0.798031865042 0.128547579299 0.0103092783505 0.0267111853088
0 0.77038425492 0.166110183639 0.0149953139644 0.0350584307179
0 0.801312089972 0.176961602671 0.0149953139644 0.0300500834725
0 0.813964386129 0.16694490818 0.0103092783505 0.0267111853088
0 0.821930646673 0.122704507513 0.0112464854733 0.025041736227
0 0.833177132146 0.136894824708 0.0131208997188 0.0300500834725
0 0.852858481724 0.149415692821 0.0131208997188 0.0350584307179
0 0.861761949391 0.141068447412 0.0121836925961 0.0283806343907
0 0.87160262418 0.132721202003 0.0112464854733 0.025041736227
0 0.845829428304 0.182804674457 0.0140581068416 0.0383973288815
0 0.861293345829 0.213689482471 0.0149953139644 0.0300500834725
0 0.885660731022 0.199499165275 0.0112464854733 0.0283806343907
0 0.895970009372 0.173622704508 0.0131208997188 0.0300500834725
0 0.900656044986 0.126878130217 0.00937207122774 0.0233722871452
0 0.932052483599 0.156093489149 0.0140581068416 0.0283806343907
0 0.928772258669 0.190317195326 0.0131208997188 0.0400667779633
0 0.920337394564 0.275459098497 0.0168697282099 0.0500834724541
