0 0.412129894938 0.249146757679 0.0315186246418 0.0648464163823
0 0.272683858644 0.223549488055 0.0143266475645 0.0307167235495
0 0.359598853868 0.22866894198 0.018147086915 0.0409556313993
0 0.37106017192 0.192832764505 0.0143266475645 0.037542662116
0 0.393027698185 0.192832764505 0.0143266475645 0.0341296928328
0 0.393027698185 0.169795221843 0.0124164278892 0.0290102389078
0 0.422158548233 0.163822525597 0.0114613180516 0.0273037542662
0 0.426934097421 0.153583617747 0.0114613180516 0.0273037542662
0 0.442693409742 0.171501706485 0.0143266475645 0.0324232081911
0 0.413085004776 0.213310580205 0.0162368672397 0.0409556313993
0 0.428366762178 0.221843003413 0.0162368672397 0.0409556313993
0 0.446513849093 0.257679180887 0.0219675262655 0.0443686006826
0 0.456542502388 0.212457337884 0.0191021967526 0.042662116041
0 0.499522445081 0.217576791809 0.0229226361032 0.0494880546075
0 0.486150907354 0.184300341297 0.0191021967526 0.037542662116
0 0.48806112703 0.155290102389 0.0133715377268 0.0341296928328
0 0.477077363897 0.139078498294 0.0124164278892 0.0290102389078
0 0.494746895893 0.144197952218 0.0133715377268 0.0255972696246
0 0.51193887297 0.149317406143 0.0171919770774 0.0290102389078
0 0.52005730659 0.133959044369 0.0124164278892 0.0255972696246
0 0.534383954155 0.143344709898 0.0124164278892 0.0273037542662
0 0.539637058262 0.139931740614 0.0114613180516 0.0238907849829
0 0.536771728749 0.168941979522 0.0152817574021 0.0341296928328
0 0.526265520535 0.180887372014 0.0171919770774 0.0409556313993
0 0.541069723018 0.205631399317 0.0238777459408 0.0494880546075
0 0.569245463228 0.139931740614 0.0152817574021 0.0238907849829
0 0.581661891117 0.126279863481 0.0133715377268 0.0238907849829
0 0.598853868195 0.136518771331 0.0152817574021 0.0341296928328
0 0.607449856734 0.118600682594 0.0114613180516 0.0290102389078
0 0.617956064947 0.115187713311 0.0114613180516 0.0290102389078
0 0.628462273161 0.115187713311 0.0114613180516 0.0290102389078
0 0.636103151862 0.127133105802 0.0133715377268 0.0290102389078
0 0.621776504298 0.14590443686 0.0191021967526 0.0324232081911
0 0.580229226361 0.17747440273 0.018147086915 0.037542662116
0 0.576408787011 0.25 0.0238777459408 0.0529010238908
0 0.568767908309 0.288395904437 0.0296084049666 0.0580204778157
0 0.631805157593 0.25 0.0238777459408 0.0494880546075
0 0.642311365807 0.199658703072 0.0200573065903 0.0409556313993
0 0.656638013372 0.144197952218 0.0143266475645 0.0290102389078
0 0.659980897803 0.127986348123 0.0152817574021 0.0238907849829
0 0.656638013372 0.116040955631 0.0124164278892 0.0238907849829
0 0.688156638013 0.106655290102 0.0143266475645 0.0290102389078
0 0.687679083095 0.12542662116 0.0114613180516 0.0290102389078
0 0.710601719198 0.120307167235 0.0152817574021 0.0324232081911
0 0.699617956065 0.183447098976 0.0162368672397 0.0392491467577
0 0.658548233047 0.186860068259 0.0162368672397 0.042662116041
0 0.674307545368 0.221843003413 0.0229226361032 0.0409556313993
0 0.690544412607 0.26023890785 0.0210124164279 0.0460750853242
0 0.728748806113 0.300341296928 0.0286532951289 0.0546075085324
0 0.725405921681 0.236348122867 0.0219675262655 0.0460750853242
0 0.748328557784 0.210750853242 0.018147086915 0.0460750853242
0 0.741642788921 0.146757679181 0.0162368672397 0.0341296928328
0 0.751671442216 0.17747440273 0.0171919770774 0.0307167235495
0 0.752148997135 0.147610921502 0.0143266475645 0.0290102389078
0 0.76217765043 0.136518771331 0.0133715377268 0.0341296928328
0 0.784622731614 0.148464163823 0.0143266475645 0.0341296928328
0 0.800859598854 0.131399317406 0.0143266475645 0.0341296928328
0 0.822827125119 0.140784982935 0.0124164278892 0.0290102389078
0 0.856733524355 0.154436860068 0.0133715377268 0.0290102389078
0 0.877745940783 0.155290102389 0.0114613180516 0.0307167235495
0 0.914040114613 0.159556313993 0.0133715377268 0.0290102389078
0 0.933142311366 0.17662116041 0.0114613180516 0.0358361774744
0 0.948424068768 0.175767918089 0.0133715377268 0.0307167235495
0 0.947946513849 0.216723549488 0.0124164278892 0.037542662116
0 0.934574976122 0.232935153584 0.018147086915 0.042662116041
0 0.925501432665 0.246587030717 0.0171919770774 0.0460750853242
0 0.928366762178 0.286689419795 0.0210124164279 0.0580204778157
0 0.919770773639 0.337883959044 0.0286532951289 0.0648464163823
0 0.845749761223 0.32337883959 0.025787965616 0.0563139931741
0 0.860076408787 0.280716723549 0.0238777459408 0.0494880546075
0 0.839541547278 0.231228668942 0.0171919770774 0.042662116041
0 0.843361986628 0.206484641638 0.0171919770774 0.0341296928328
0 0.854345749761 0.18771331058 0.0162368672397 0.0341296928328
0 0.875358166189 0.185153583618 0.0162368672397 0.0290102389078
0 0.891595033429 0.230375426621 0.0219675262655 0.037542662116
0 0.835721107927 0.160409556314 0.0152817574021 0.0341296928328
0 0.812798471824 0.15614334471 0.0152817574021 0.0324232081911
0 0.799426934097 0.16638225256 0.0152817574021 0.0324232081911
0 0.832855778415 0.190273037543 0.0171919770774 0.0324232081911
0 0.785100286533 0.216723549488 0.0210124164279 0.0409556313993
0 0.769340974212 0.25 0.0219675262655 0.0460750853242
0 0.795606494747 0.30204778157 0.0286532951289 0.061433447099
