0 0.447393822394 0.255574614065 0.0337837837838 0.0583190394511
0 0.535231660232 0.200686106346 0.0164092664093 0.0308747855918
0 0.601351351351 0.163807890223 0.019305019305 0.0291595197256
0 0.618243243243 0.203259005146 0.0183397683398 0.0394511149228
0 0.665540540541 0.19897084048 0.0106177606178 0.0308747855918
0 0.678571428571 0.258147512864 0.023166023166 0.0463121783877
0 0.679536679537 0.21269296741 0.0173745173745 0.0343053173242
0 0.706563706564 0.204116638079 0.015444015444 0.041166380789
0 0.746621621622 0.22384219554 0.0202702702703 0.0360205831904
0 0.77944015444 0.2512864494 0.0202702702703 0.0497427101201
0 0.822393822394 0.23756432247 0.019305019305 0.0463121783877
0 0.801158301158 0.38936535163 0.030888030888 0.0686106346484
0 0.91361003861 0.392795883362 0.0299227799228 0.0720411663808
0 0.741795366795 0.355060034305 0.0299227799228 0.0548885077187
0 0.733590733591 0.289022298456 0.0250965250965 0.0497427101201
