0 0.275766016713 0.252066115702 0.0148560817084 0.0347107438017
0 0.293407613742 0.270247933884 0.0222841225627 0.0446280991736
0 0.298514391829 0.238842975207 0.0176415970288 0.0347107438017
0 0.361188486537 0.256198347107 0.0222841225627 0.0429752066116
0 0.384401114206 0.268595041322 0.016713091922 0.0413223140496
0 0.362581244197 0.196694214876 0.0157845868152 0.0330578512397
0 0.396471680594 0.195867768595 0.016713091922 0.0314049586777
0 0.405756731662 0.171900826446 0.0129990714949 0.0264462809917
0 0.437790157846 0.221487603306 0.0176415970288 0.0363636363636
0 0.464252553389 0.198347107438 0.0259981429898 0.0495867768595
0 0.441968430826 0.185123966942 0.016713091922 0.0330578512397
0 0.447075208914 0.151239669421 0.0120705663881 0.0314049586777
0 0.459610027855 0.157024793388 0.0148560817084 0.0297520661157
0 0.463324048282 0.142148760331 0.00928505106778 0.0198347107438
0 0.483751160631 0.164462809917 0.0129990714949 0.0280991735537
0 0.482358402971 0.195867768595 0.0176415970288 0.0380165289256
0 0.505106778087 0.12479338843 0.0111420612813 0.0247933884298
0 0.511606313835 0.15041322314 0.0129990714949 0.0330578512397
0 0.521819870009 0.161157024793 0.0129990714949 0.0280991735537
0 0.516713091922 0.192561983471 0.0194986072423 0.0413223140496
0 0.534354688951 0.180991735537 0.0120705663881 0.0280991735537
0 0.548746518106 0.185950413223 0.0148560817084 0.0314049586777
0 0.532033426184 0.13305785124 0.0148560817084 0.0280991735537
0 0.559888579387 0.130578512397 0.0129990714949 0.0264462809917
0 0.552924791086 0.111570247934 0.0120705663881 0.0280991735537
0 0.579851439183 0.136363636364 0.0139275766017 0.0314049586777
0 0.587743732591 0.128099173554 0.0148560817084 0.0280991735537
0 0.590993500464 0.101652892562 0.0102135561746 0.0314049586777
0 0.606778087279 0.103305785124 0.0102135561746 0.0247933884298
0 0.611420612813 0.132231404959 0.0120705663881 0.0330578512397
0 0.599350046425 0.153719008264 0.0157845868152 0.0297520661157
0 0.637418755803 0.133884297521 0.0139275766017 0.0231404958678
0 0.628133704735 0.119834710744 0.0120705663881 0.0214876033058
0 0.635097493036 0.099173553719 0.0129990714949 0.0264462809917
0 0.666666666667 0.105785123967 0.0129990714949 0.0264462809917
0 0.69173630455 0.098347107438 0.0129990714949 0.0280991735537
0 0.487000928505 0.31652892562 0.025069637883 0.0545454545455
0 0.556638811513 0.315702479339 0.0287836583101 0.0595041322314
0 0.565459610028 0.247933884298 0.0259981429898 0.0462809917355
0 0.603064066852 0.261157024793 0.0232126276695 0.0528925619835
0 0.626740947075 0.203305785124 0.0222841225627 0.0396694214876
0 0.615598885794 0.332231404959 0.033426183844 0.0595041322314
0 0.663881151346 0.330578512397 0.0315691736305 0.0661157024793
0 0.669452181987 0.202479338843 0.0241411327762 0.0446280991736
0 0.653203342618 0.168595041322 0.0213556174559 0.0396694214876
0 0.676880222841 0.15867768595 0.0185701021356 0.0330578512397
0 0.688022284123 0.190909090909 0.0204271123491 0.0380165289256
0 0.714948932219 0.171900826446 0.016713091922 0.0363636363636
0 0.725626740947 0.190909090909 0.0194986072423 0.0446280991736
0 0.72051996286 0.25041322314 0.0259981429898 0.0545454545455
0 0.745125348189 0.217355371901 0.025069637883 0.0479338842975
0 0.774837511606 0.2 0.0194986072423 0.0462809917355
0 0.752553389044 0.142148760331 0.0139275766017 0.0363636363636
0 0.759517177344 0.128099173554 0.0148560817084 0.0314049586777
0 0.733054781801 0.112396694215 0.0157845868152 0.0363636363636
0 0.7739090065 0.154545454545 0.0176415970288 0.0413223140496
0 0.795728876509 0.152892561983 0.0185701021356 0.0413223140496
0 0.825441039926 0.205785123967 0.0204271123491 0.0413223140496
0 0.80408542247 0.238016528926 0.0259981429898 0.0495867768595
0 0.789693593315 0.271074380165 0.0287836583101 0.0595041322314
0 0.756267409471 0.338842975207 0.0362116991643 0.0760330578512
0 0.795264623955 0.396694214876 0.0399257195915 0.0760330578512
0 0.83008356546 0.322314049587 0.0259981429898 0.0628099173554
0 0.826369545032 0.138842975207 0.0129990714949 0.0297520661157
0 0.83008356546 0.12479338843 0.0148560817084 0.0314049586777
0 0.849582172702 0.14132231405 0.0148560817084 0.0280991735537
0 0.847260909935 0.172727272727 0.0157845868152 0.0347107438017
0 0.86443825441 0.211570247934 0.0204271123491 0.0429752066116
0 0.859795728877 0.256198347107 0.0185701021356 0.0429752066116
0 0.89182915506 0.377685950413 0.0362116991643 0.0842975206612
0 0.897400185701 0.297520661157 0.0287836583101 0.0694214876033
0 0.907613741876 0.262809917355 0.0194986072423 0.0429752066116
0 0.917363045497 0.236363636364 0.016713091922 0.0363636363636
0 0.915506035283 0.209090909091 0.0111420612813 0.0280991735537
0 0.880222841226 0.171074380165 0.016713091922 0.0380165289256
0 0.88625812442 0.14132231405 0.0176415970288 0.0314049586777
0 0.875580315692 0.13305785124 0.0129990714949 0.0280991735537
0 0.919684308264 0.15867768595 0.0120705663881 0.0330578512397
