0 0.0618556701031 0.414876033058 0.0281162136832 0.0760330578512
0 0.0848172446111 0.421487603306 0.0384254920337 0.0859504132231
0 0.251171508903 0.270247933884 0.020618556701 0.0446280991736
0 0.321930646673 0.206611570248 0.0159325210872 0.0330578512397
0 0.348641049672 0.232231404959 0.0149953139644 0.0280991735537
0 0.394095595127 0.193388429752 0.0140581068416 0.0297520661157
0 0.385660731022 0.218181818182 0.0196813495783 0.0495867768595
0 0.522492970947 0.0743801652893 0.0103092783505 0.0198347107438
0 0.560449859419 0.207438016529 0.0281162136832 0.0611570247934
0 0.578725398313 0.152066115702 0.0215557638238 0.0462809917355
0 0.591846298032 0.129752066116 0.0196813495783 0.0479338842975
0 0.601686972821 0.177685950413 0.0224929709466 0.0512396694215
0 0.606373008435 0.29173553719 0.0224929709466 0.0578512396694
0 0.646204311153 0.193388429752 0.0234301780694 0.0495867768595
0 0.659325210872 0.137190082645 0.0196813495783 0.0462809917355
0 0.680880974695 0.135537190083 0.0159325210872 0.0396694214876
0 0.70618556701 0.184297520661 0.0159325210872 0.0380165289256
