0 0.203247480403 0.398221343874 0.0414333706607 0.0928853754941
0 0.249160134378 0.26976284585 0.0212765957447 0.0375494071146
0 0.27771556551 0.260869565217 0.020156774916 0.0355731225296
0 0.310750279955 0.239130434783 0.01679731243 0.0316205533597
0 0.321388577828 0.254940711462 0.020156774916 0.0474308300395
0 0.334826427772 0.216403162055 0.0156774916013 0.0335968379447
0 0.343784994401 0.231225296443 0.0156774916013 0.0316205533597
0 0.364501679731 0.271739130435 0.0190369540873 0.0415019762846
0 0.384098544233 0.28557312253 0.020156774916 0.0375494071146
0 0.358342665174 0.24604743083 0.0156774916013 0.0296442687747
0 0.363381858903 0.199604743083 0.0145576707727 0.0316205533597
0 0.380179171333 0.184782608696 0.01679731243 0.0335968379447
0 0.385218365062 0.220355731225 0.0156774916013 0.0375494071146
0 0.460246360582 0.243083003953 0.020156774916 0.0434782608696
0 0.434490481523 0.231225296443 0.020156774916 0.0395256916996
0 0.407054871221 0.189723320158 0.0145576707727 0.0316205533597
0 0.442329227324 0.187747035573 0.013437849944 0.0355731225296
0 0.442329227324 0.166996047431 0.013437849944 0.0296442687747
0 0.456886898096 0.186758893281 0.013437849944 0.0335968379447
0 0.475363941769 0.198616600791 0.0145576707727 0.0296442687747
0 0.474804031355 0.161067193676 0.0156774916013 0.0256916996047
0 0.504479283315 0.191699604743 0.01679731243 0.0355731225296
0 0.498320268757 0.170948616601 0.0156774916013 0.0296442687747
0 0.482082866741 0.137351778656 0.0123180291153 0.0296442687747
0 0.523516237402 0.20256916996 0.01679731243 0.0375494071146
0 0.535274356103 0.160079051383 0.0156774916013 0.0355731225296
0 0.577267637178 0.170948616601 0.01679731243 0.0335968379447
0 0.554871220605 0.151185770751 0.0145576707727 0.0296442687747
0 0.555991041433 0.123517786561 0.01679731243 0.0296442687747
0 0.573908174692 0.143280632411 0.0145576707727 0.0296442687747
0 0.58006718925 0.130434782609 0.0156774916013 0.0237154150198
0 0.610862262038 0.145256916996 0.01679731243 0.0296442687747
0 0.631019036954 0.121541501976 0.0145576707727 0.0296442687747
0 0.671332586786 0.117588932806 0.0145576707727 0.0296442687747
0 0.488241881299 0.310276679842 0.0291153415454 0.0513833992095
0 0.555991041433 0.235177865613 0.0257558790594 0.0553359683794
0 0.565509518477 0.28162055336 0.026875699888 0.0573122529644
0 0.599104143337 0.330039525692 0.0313549832027 0.0750988142292
0 0.617021276596 0.240118577075 0.0246360582307 0.0533596837945
0 0.652855543113 0.21442687747 0.0246360582307 0.0494071146245
0 0.647816349384 0.178853754941 0.0212765957447 0.0335968379447
0 0.676371780515 0.152173913043 0.0156774916013 0.0316205533597
0 0.684210526316 0.184782608696 0.0179171332587 0.0494071146245
0 0.711086226204 0.215415019763 0.0223964165733 0.0395256916996
0 0.668533034714 0.254940711462 0.0246360582307 0.0474308300395
0 0.72228443449 0.266798418972 0.0223964165733 0.0474308300395
0 0.763157894737 0.290513833992 0.0279955207167 0.0553359683794
0 0.832586786114 0.323122529644 0.0324748040314 0.0691699604743
0 0.753079507279 0.23023715415 0.0257558790594 0.0494071146245
0 0.728443449048 0.199604743083 0.0257558790594 0.0474308300395
0 0.711086226204 0.173913043478 0.0156774916013 0.0355731225296
0 0.701007838746 0.145256916996 0.013437849944 0.0296442687747
0 0.734042553191 0.117588932806 0.0145576707727 0.0256916996047
0 0.759238521837 0.134387351779 0.0179171332587 0.0355731225296
0 0.742441209406 0.141304347826 0.0156774916013 0.0335968379447
0 0.754199328108 0.171936758893 0.01679731243 0.0355731225296
0 0.773796192609 0.201581027668 0.020156774916 0.0474308300395
0 0.777155655095 0.152173913043 0.0156774916013 0.0355731225296
0 0.795072788354 0.178853754941 0.0179171332587 0.0375494071146
0 0.797312430011 0.126482213439 0.013437849944 0.0276679841897
0 0.826987681971 0.139328063241 0.0145576707727 0.0335968379447
0 0.833146696529 0.186758893281 0.0179171332587 0.0415019762846
0 0.846024636058 0.166007905138 0.0145576707727 0.0355731225296
0 0.818029115342 0.22233201581 0.01679731243 0.0415019762846
0 0.851623740202 0.247035573123 0.0190369540873 0.0513833992095
0 0.903695408735 0.263833992095 0.0246360582307 0.0573122529644
0 0.911534154535 0.229249011858 0.0179171332587 0.0434782608696
0 0.877379619261 0.196640316206 0.01679731243 0.0375494071146
0 0.881298992161 0.168972332016 0.013437849944 0.0296442687747
0 0.884098544233 0.154150197628 0.0145576707727 0.0276679841897
