0 0.899163568773 0.133663366337 0.00836431226766 0.026402640264
0 0.923327137546 0.159240924092 0.00836431226766 0.0247524752475
0 0.92750929368 0.159240924092 0.0111524163569 0.0313531353135
0 0.916356877323 0.193069306931 0.0130111524164 0.036303630363
0 0.912639405204 0.280528052805 0.0185873605948 0.0528052805281
0 0.886617100372 0.17904290429 0.0111524163569 0.0346534653465
0 0.878252788104 0.201320132013 0.0167286245353 0.039603960396
0 0.867100371747 0.21699669967 0.0167286245353 0.0379537953795
0 0.85873605948 0.141089108911 0.0111524163569 0.0280528052805
0 0.844795539033 0.155940594059 0.0130111524164 0.0346534653465
0 0.839219330855 0.18399339934 0.0148698884758 0.0412541254125
0 0.824349442379 0.144389438944 0.0130111524164 0.0346534653465
0 0.809479553903 0.169141914191 0.0148698884758 0.0313531353135
0 0.80436802974 0.131188118812 0.0102230483271 0.0247524752475
0 0.7843866171 0.120462046205 0.0092936802974 0.026402640264
0 0.790427509294 0.141914191419 0.0102230483271 0.029702970297
0 0.791356877323 0.188118811881 0.0157992565056 0.039603960396
0 0.776951672862 0.13696369637 0.0111524163569 0.03300330033
0 0.763011152416 0.163366336634 0.0148698884758 0.042904290429
0 0.696096654275 0.100660066007 0.0111524163569 0.026402640264
0 0.744423791822 0.113861386139 0.0130111524164 0.029702970297
0 0.736988847584 0.121287128713 0.0130111524164 0.0313531353135
0 0.739312267658 0.141914191419 0.0139405204461 0.029702970297
0 0.754182156134 0.226897689769 0.0195167286245 0.0445544554455
0 0.734200743494 0.194719471947 0.0130111524164 0.036303630363
0 0.698884758364 0.217821782178 0.0185873605948 0.049504950495
0 0.691449814126 0.176567656766 0.0148698884758 0.039603960396
0 0.681226765799 0.162541254125 0.0148698884758 0.0346534653465
0 0.66124535316 0.127062706271 0.0120817843866 0.029702970297
0 0.703996282528 0.149339933993 0.0139405204461 0.0379537953795
0 0.640334572491 0.190594059406 0.0185873605948 0.0379537953795
0 0.657992565056 0.211221122112 0.0185873605948 0.039603960396
0 0.654275092937 0.26402640264 0.0204460966543 0.0528052805281
0 0.598048327138 0.222772277228 0.0176579925651 0.039603960396
0 0.600836431227 0.26897689769 0.021375464684 0.046204620462
0 0.670539033457 0.3300330033 0.025092936803 0.0627062706271
0 0.602230483271 0.325907590759 0.0241635687732 0.0511551155116
0 0.713289962825 0.284653465347 0.021375464684 0.0511551155116
0 0.777881040892 0.297854785479 0.0241635687732 0.0577557755776
0 0.636617100372 0.107260726073 0.0092936802974 0.026402640264
0 0.636617100372 0.127887788779 0.0111524163569 0.0247524752475
0 0.618029739777 0.11303630363 0.0111524163569 0.0214521452145
0 0.596189591078 0.112211221122 0.0102230483271 0.026402640264
0 0.565055762082 0.114686468647 0.0092936802974 0.0214521452145
0 0.580855018587 0.125412541254 0.0092936802974 0.023102310231
0 0.580855018587 0.160066006601 0.0130111524164 0.03300330033
0 0.531598513011 0.134488448845 0.0111524163569 0.0247524752475
0 0.524163568773 0.145214521452 0.0130111524164 0.03300330033
0 0.538104089219 0.165841584158 0.0148698884758 0.0313531353135
0 0.551115241636 0.148514851485 0.0130111524164 0.03300330033
0 0.521840148699 0.215346534653 0.0176579925651 0.0379537953795
0 0.565055762082 0.253300330033 0.0204460966543 0.0511551155116
0 0.553903345725 0.292904290429 0.0223048327138 0.0544554455446
0 0.503717472119 0.174092409241 0.0148698884758 0.0346534653465
0 0.483271375465 0.136138613861 0.0092936802974 0.0247524752475
0 0.468866171004 0.164191419142 0.0120817843866 0.0346534653465
0 0.488847583643 0.20297029703 0.0148698884758 0.03300330033
0 0.451208178439 0.173267326733 0.0120817843866 0.029702970297
0 0.46468401487 0.197194719472 0.0148698884758 0.0346534653465
0 0.471189591078 0.226072607261 0.0185873605948 0.042904290429
0 0.477230483271 0.309405940594 0.0195167286245 0.0511551155116
0 0.44749070632 0.159240924092 0.0120817843866 0.0214521452145
0 0.44470260223 0.222772277228 0.0157992565056 0.036303630363
0 0.436338289963 0.206270627063 0.0139405204461 0.029702970297
0 0.425650557621 0.177392739274 0.0111524163569 0.0247524752475
0 0.416356877323 0.220297029703 0.0148698884758 0.0346534653465
0 0.381040892193 0.20297029703 0.0111524163569 0.029702970297
0 0.375464684015 0.225247524752 0.0148698884758 0.0379537953795
0 0.404739776952 0.293729372937 0.0176579925651 0.049504950495
0 0.341542750929 0.230198019802 0.0139405204461 0.0346534653465
0 0.351765799257 0.236798679868 0.0139405204461 0.0280528052805
0 0.336895910781 0.277227722772 0.0157992565056 0.039603960396
0 0.307156133829 0.233498349835 0.0120817843866 0.0247524752475
0 0.255576208178 0.276402640264 0.0130111524164 0.0247524752475
0 0.296003717472 0.264851485149 0.0157992565056 0.0346534653465
0 0.315520446097 0.269801980198 0.0157992565056 0.0379537953795
0 0.0473977695167 0.401815181518 0.0278810408922 0.0676567656766
