0 0.203068592058 0.469502407705 0.0469314079422 0.0947030497592
0 0.293321299639 0.469502407705 0.0505415162455 0.0979133226324
0 0.198555956679 0.246388443018 0.0342960288809 0.0690208667737
0 0.263086642599 0.211075441413 0.0225631768953 0.0465489566613
0 0.311823104693 0.178170144462 0.0171480144404 0.0385232744783
0 0.32536101083 0.202247191011 0.0207581227437 0.0481540930979
0 0.329873646209 0.186195826645 0.0189530685921 0.0417335473515
0 0.42238267148 0.222311396469 0.0234657039711 0.0593900481541
0 0.470667870036 0.238362760835 0.0333935018051 0.0658105939005
0 0.419675090253 0.14606741573 0.014440433213 0.0353130016051
0 0.440433212996 0.171749598716 0.0180505415162 0.0353130016051
0 0.438628158845 0.0963081861958 0.0180505415162 0.0417335473515
0 0.477888086643 0.148475120385 0.0171480144404 0.0304975922953
0 0.471570397112 0.182985553772 0.0207581227437 0.0481540930979
0 0.519855595668 0.166131621188 0.0216606498195 0.0401284109149
0 0.538357400722 0.153290529695 0.0171480144404 0.0337078651685
0 0.542870036101 0.110754414125 0.0171480144404 0.0353130016051
0 0.564981949458 0.0738362760835 0.0162454873646 0.0321027287319
0 0.571299638989 0.157303370787 0.0180505415162 0.0353130016051
0 0.562725631769 0.15088282504 0.0153429602888 0.0353130016051
0 0.610559566787 0.0898876404494 0.0207581227437 0.0385232744783
0 0.682310469314 0.104333868379 0.0234657039711 0.0449438202247
0 0.580776173285 0.217495987159 0.0370036101083 0.0658105939005
0 0.717057761733 0.123595505618 0.0225631768953 0.0417335473515
0 0.736913357401 0.0626003210273 0.0135379061372 0.0321027287319
0 0.753610108303 0.121187800963 0.0234657039711 0.0401284109149
