0 0.0656970912738 0.326010544815 0.0210631895687 0.0509666080844
0 0.286359077232 0.22934973638 0.0190571715145 0.0404217926186
0 0.309428284855 0.231985940246 0.0170511534604 0.0386643233743
0 0.342527582748 0.206502636204 0.0170511534604 0.0369068541301
0 0.349548645938 0.191564147627 0.0150451354062 0.0316344463972
0 0.340020060181 0.246924428822 0.0180541624875 0.0404217926186
0 0.35406218656 0.249560632689 0.0220661985958 0.0351493848858
0 0.366599799398 0.206502636204 0.0130391173521 0.0333919156415
0 0.402708124373 0.190685413005 0.0190571715145 0.0439367311072
0 0.380140421264 0.248681898067 0.0220661985958 0.0333919156415
0 0.408726178536 0.264499121265 0.0230692076229 0.0509666080844
0 0.418756268806 0.205623901582 0.025075225677 0.0421792618629
0 0.421263791374 0.179261862917 0.0180541624875 0.0351493848858
0 0.429287863591 0.156414762742 0.0180541624875 0.0316344463972
0 0.447843530592 0.173110720562 0.0230692076229 0.0369068541301
0 0.442828485456 0.224077328647 0.0190571715145 0.0439367311072
0 0.478435305918 0.24165202109 0.0220661985958 0.0404217926186
0 0.471414242728 0.179261862917 0.0180541624875 0.0316344463972
0 0.46890672016 0.13532513181 0.0190571715145 0.0386643233743
0 0.480942828485 0.160808435852 0.0210631895687 0.0369068541301
0 0.489468405216 0.144112478032 0.0200601805416 0.0351493848858
0 0.504012036108 0.126537785589 0.0190571715145 0.0351493848858
0 0.512537612839 0.143233743409 0.0140421263791 0.0369068541301
0 0.525576730191 0.132688927944 0.0140421263791 0.0298769771529
0 0.516048144433 0.186291739895 0.0210631895687 0.0351493848858
0 0.552156469408 0.144112478032 0.0170511534604 0.0210896309315
0 0.555165496489 0.188049209139 0.0170511534604 0.0386643233743
0 0.552156469408 0.154657293497 0.0130391173521 0.0210896309315
0 0.569207622869 0.131810193322 0.0170511534604 0.0351493848858
0 0.585255767302 0.120386643234 0.0170511534604 0.0333919156415
0 0.522066198596 0.288224956063 0.0330992978937 0.0562390158172
0 0.579739217653 0.169595782074 0.0200601805416 0.0333919156415
0 0.60481444333 0.129173989455 0.0160481444333 0.0404217926186
0 0.617352056169 0.162565905097 0.0210631895687 0.0439367311072
0 0.629388164493 0.114235500879 0.0190571715145 0.0316344463972
0 0.642427281846 0.108084358524 0.0170511534604 0.0263620386643
0 0.654964894684 0.129173989455 0.0220661985958 0.0404217926186
0 0.67853560682 0.107205623902 0.0170511534604 0.02460456942
0 0.680541624875 0.128295254833 0.0210631895687 0.0316344463972
0 0.549147442327 0.293497363796 0.037111334002 0.0632688927944
0 0.58776328987 0.234622144112 0.0200601805416 0.0544815465729
0 0.627382146439 0.231985940246 0.0310932798395 0.0597539543058
0 0.610330992979 0.336555360281 0.0310932798395 0.0579964850615
0 0.658976930792 0.191564147627 0.0200601805416 0.0456942003515
0 0.699097291876 0.161687170475 0.0160481444333 0.0421792618629
0 0.713139418255 0.123901581722 0.012036108325 0.0263620386643
0 0.706619859579 0.199472759227 0.0230692076229 0.0474516695958
0 0.675025075226 0.27855887522 0.0220661985958 0.0685413005272
0 0.665496489468 0.371704745167 0.0351053159478 0.079086115993
0 0.752256770311 0.137082601054 0.0160481444333 0.0351493848858
0 0.748746238716 0.171353251318 0.0210631895687 0.0333919156415
0 0.734704112337 0.22934973638 0.0270812437312 0.0369068541301
0 0.724172517553 0.305799648506 0.0180541624875 0.0421792618629
0 0.781344032096 0.137082601054 0.0220661985958 0.0351493848858
0 0.805416248746 0.164323374341 0.0140421263791 0.0369068541301
0 0.762788365095 0.207381370826 0.0190571715145 0.0562390158172
0 0.793881644935 0.224077328647 0.0210631895687 0.0474516695958
0 0.78184553661 0.256590509666 0.0210631895687 0.0492091388401
0 0.765295887663 0.300527240773 0.0280842527583 0.0562390158172
0 0.744734202608 0.369947275923 0.0351053159478 0.0650263620387
0 0.826479438315 0.407732864675 0.0381143430291 0.0702987697715
0 0.836008024072 0.32776801406 0.0310932798395 0.0615114235501
0 0.820461384152 0.254833040422 0.0180541624875 0.0386643233743
0 0.869107321966 0.268892794376 0.0190571715145 0.0456942003515
0 0.884152457372 0.251318101933 0.0230692076229 0.0562390158172
0 0.923269809428 0.248681898067 0.0290872617854 0.0509666080844
0 0.909729187563 0.343585237258 0.0240722166499 0.0615114235501
0 0.91925777332 0.297012302285 0.0130391173521 0.0351493848858
0 0.884653961886 0.430579964851 0.0300902708124 0.0773286467487
0 0.760782347041 0.157293497364 0.0150451354062 0.0369068541301
