0 0.132856006364 0.517531556802 0.0365950676213 0.0673211781206
0 0.223548130469 0.334502103787 0.0159108989658 0.0322580645161
0 0.277247414479 0.370266479663 0.0151153540175 0.0336605890603
0 0.32537788385 0.35904628331 0.0222752585521 0.039270687237
0 0.278440731901 0.302945301543 0.0143198090692 0.0336605890603
0 0.344868735084 0.321178120617 0.0151153540175 0.0252454417952
0 0.345664280032 0.293828892006 0.0119331742243 0.0238429172511
0 0.379474940334 0.256661991585 0.0127287191726 0.0196353436185
0 0.398568019093 0.267882187938 0.0111376292761 0.0252454417952
0 0.426809864757 0.270687237027 0.0135242641209 0.0252454417952
0 0.414478918059 0.253155680224 0.0111376292761 0.0238429172511
0 0.398170246619 0.323983169705 0.0167064439141 0.0364656381487
0 0.3953858393 0.298036465638 0.0127287191726 0.0266479663394
0 0.430787589499 0.329593267882 0.0167064439141 0.0336605890603
0 0.419252187749 0.306451612903 0.0143198090692 0.0322580645161
0 0.456245027844 0.313464235624 0.0167064439141 0.0266479663394
0 0.487271280827 0.328190743338 0.0214797136038 0.0364656381487
0 0.461018297534 0.267882187938 0.0135242641209 0.0224403927069
0 0.45107398568 0.240532959327 0.0127287191726 0.0294530154278
0 0.456642800318 0.227910238429 0.0127287191726 0.0238429172511
0 0.493635640414 0.258064516129 0.0135242641209 0.0252454417952
0 0.511137629276 0.271388499299 0.0151153540175 0.0294530154278
0 0.509944311854 0.243338008415 0.0111376292761 0.0266479663394
0 0.529037390613 0.246844319776 0.0111376292761 0.0280504908836
0 0.540970564837 0.274193548387 0.0127287191726 0.0294530154278
0 0.562052505967 0.260869565217 0.0119331742243 0.0280504908836
0 0.542163882259 0.216690042076 0.00875099443119 0.0238429172511
0 0.554097056484 0.214586255259 0.0103420843278 0.0196353436185
0 0.560063643596 0.229312762973 0.0111376292761 0.0210378681627
0 0.586316626889 0.22159887798 0.00954653937947 0.0224403927069
0 0.589101034208 0.246844319776 0.0119331742243 0.0252454417952
0 0.593874303898 0.204067321178 0.0119331742243 0.0238429172511
0 0.610978520286 0.211079943899 0.0143198090692 0.0266479663394
0 0.618138424821 0.244039270687 0.0127287191726 0.0280504908836
0 0.656722354813 0.230014025245 0.0119331742243 0.0252454417952
0 0.651949085123 0.204067321178 0.0103420843278 0.0182328190743
0 0.666666666667 0.214586255259 0.0127287191726 0.0280504908836
0 0.463404932379 0.399018232819 0.024661893397 0.0490883590463
0 0.525855210819 0.353436185133 0.0222752585521 0.0448807854137
0 0.516706443914 0.424964936886 0.0262529832936 0.0532959326788
0 0.572394590294 0.442496493689 0.0294351630867 0.0575035063114
0 0.616945107399 0.459326788219 0.0294351630867 0.054698457223
0 0.685759745426 0.530855539972 0.0334128878282 0.0659186535764
0 0.595067621321 0.363955119215 0.0222752585521 0.0434782608696
0 0.582736674622 0.321879382889 0.0214797136038 0.0378681626928
0 0.615751789976 0.297335203366 0.0159108989658 0.0336605890603
0 0.651153540175 0.270687237027 0.0135242641209 0.0224403927069
0 0.659108989658 0.29523141655 0.0151153540175 0.0350631136045
0 0.683770883055 0.29523141655 0.0182975338107 0.0322580645161
0 0.629276054097 0.336605890603 0.0175019888624 0.039270687237
0 0.640015910899 0.35904628331 0.0198886237072 0.0448807854137
0 0.671837708831 0.354838709677 0.0198886237072 0.0420757363254
0 0.701272871917 0.397615708275 0.024661893397 0.0518934081346
0 0.754972155927 0.420056100982 0.0222752585521 0.054698457223
0 0.685361972951 0.246143057504 0.0135242641209 0.0350631136045
0 0.715194908512 0.253155680224 0.0175019888624 0.0378681626928
0 0.713206046142 0.23492286115 0.0135242641209 0.0238429172511
0 0.723945902944 0.226507713885 0.0127287191726 0.0266479663394
0 0.760143198091 0.232819074334 0.0135242641209 0.0308555399719
0 0.756563245823 0.274193548387 0.0159108989658 0.0378681626928
0 0.76491646778 0.258765778401 0.0135242641209 0.0266479663394
0 0.747414478918 0.258765778401 0.0135242641209 0.0294530154278
0 0.786396181384 0.57713884993 0.0310262529833 0.0687237026648
0 0.816229116945 0.460028050491 0.0222752585521 0.0532959326788
0 0.883452665076 0.451612903226 0.0230708035004 0.0532959326788
0 0.831344470963 0.39270687237 0.0206841686555 0.0448807854137
0 0.792362768496 0.356942496494 0.0175019888624 0.0406732117812
0 0.802704852824 0.331697054698 0.0159108989658 0.0350631136045
0 0.793158313445 0.289621318373 0.0159108989658 0.0294530154278
0 0.78599840891 0.240532959327 0.0127287191726 0.0238429172511
0 0.822593476531 0.255960729313 0.0127287191726 0.0322580645161
0 0.832935560859 0.273492286115 0.0127287191726 0.0336605890603
0 0.836913285601 0.263674614306 0.0111376292761 0.0280504908836
0 0.855608591885 0.251051893408 0.0103420843278 0.0308555399719
0 0.821797931583 0.323983169705 0.0111376292761 0.0308555399719
0 0.845266507558 0.330995792426 0.0135242641209 0.039270687237
0 0.862370723946 0.318373071529 0.0159108989658 0.0336605890603
0 0.870326173429 0.294530154278 0.0143198090692 0.0308555399719
0 0.896579156722 0.321178120617 0.0127287191726 0.0280504908836
0 0.896181384248 0.370266479663 0.0135242641209 0.039270687237
0 0.903341288783 0.300140252454 0.0119331742243 0.0280504908836
0 0.910103420843 0.29873772791 0.00954653937947 0.0308555399719
0 0.910898965792 0.277699859748 0.0143198090692 0.0252454417952
0 0.370723945903 0.337307152875 0.0159108989658 0.0378681626928
