0 0.0717703349282 0.515299026426 0.0430622009569 0.0820584144645
0 0.218899521531 0.351182197497 0.0167464114833 0.0347705146036
0 0.260366826156 0.344923504868 0.0215311004785 0.0472878998609
0 0.283094098884 0.36230876217 0.0175438596491 0.0375521557719
0 0.285885167464 0.301808066759 0.0135566188198 0.0333796940195
0 0.329744816587 0.365090403338 0.0215311004785 0.0403337969402
0 0.3504784689 0.331710709318 0.0167464114833 0.0347705146036
0 0.354465709729 0.289986091794 0.0151515151515 0.029207232267
0 0.380781499203 0.330319888734 0.0167464114833 0.0347705146036
0 0.403907496013 0.335883171071 0.0199362041467 0.0375521557719
0 0.401116427432 0.296244784423 0.0175438596491 0.0305980528512
0 0.400318979266 0.271210013908 0.0143540669856 0.0250347705146
0 0.381180223285 0.255215577191 0.0127591706539 0.0264255910987
0 0.440988835726 0.334492350487 0.0191387559809 0.0403337969402
0 0.429824561404 0.310848400556 0.0143540669856 0.0319888734353
0 0.462519936204 0.301808066759 0.0143540669856 0.0333796940195
0 0.455342902711 0.272600834492 0.0159489633174 0.0278164116829
0 0.446172248804 0.258692628651 0.011961722488 0.0222531293463
0 0.439393939394 0.247566063978 0.0127591706539 0.0250347705146
0 0.463716108453 0.232962447844 0.0151515151515 0.029207232267
0 0.484051036683 0.267037552156 0.0159489633174 0.0417246175243
0 0.5163476874 0.26495132128 0.0151515151515 0.0319888734353
0 0.523923444976 0.253824756606 0.0159489633174 0.0264255910987
0 0.540271132376 0.284422809458 0.0167464114833 0.0347705146036
0 0.539473684211 0.227399165508 0.0151515151515 0.0264255910987
0 0.570175438596 0.254520166898 0.0159489633174 0.0361613351878
0 0.564194577352 0.234353268428 0.011961722488 0.0236439499305
0 0.563397129187 0.216272600834 0.0135566188198 0.0208623087622
0 0.58971291866 0.224617524339 0.0135566188198 0.029207232267
0 0.588915470494 0.24826147427 0.011961722488 0.0264255910987
0 0.6004784689 0.201668984701 0.0111642743222 0.0278164116829
0 0.616427432217 0.21140472879 0.0159489633174 0.0250347705146
0 0.632376395534 0.244089012517 0.0127591706539 0.029207232267
0 0.647926634769 0.220445062587 0.011961722488 0.0236439499305
0 0.661483253589 0.228789986092 0.0135566188198 0.0319888734353
0 0.677033492823 0.221140472879 0.0127591706539 0.0333796940195
0 0.693779904306 0.245479833102 0.0175438596491 0.0347705146036
0 0.664274322169 0.264255910987 0.0175438596491 0.0361613351878
0 0.622009569378 0.298331015299 0.0175438596491 0.0375521557719
0 0.58692185008 0.323365785814 0.0207336523126 0.0486787204451
0 0.521929824561 0.351877607789 0.0247208931419 0.0528511821975
0 0.499601275917 0.324756606398 0.0199362041467 0.0458970792768
0 0.450956937799 0.430458970793 0.0342902711324 0.0653685674548
0 0.534688995215 0.399860917942 0.0279106858054 0.0514603616134
0 0.58014354067 0.429068150209 0.0295055821372 0.0737134909597
0 0.57336523126 0.395688456189 0.0271132376396 0.0486787204451
0 0.629585326954 0.461057023644 0.0358851674641 0.0681502086231
0 0.647129186603 0.387343532684 0.0279106858054 0.0625869262865
0 0.644736842105 0.329624478442 0.0231259968102 0.0445062586926
0 0.679824561404 0.344228094576 0.0231259968102 0.0486787204451
0 0.684210526316 0.511126564673 0.03668261563 0.0792767732962
0 0.725677830941 0.395688456189 0.030303030303 0.0653685674548
0 0.708532695375 0.281641168289 0.0151515151515 0.0319888734353
0 0.720494417863 0.252433936022 0.0151515151515 0.0347705146036
0 0.726475279107 0.236439499305 0.0127591706539 0.0250347705146
0 0.734848484848 0.226008344924 0.011961722488 0.0264255910987
0 0.746810207337 0.261474269819 0.0151515151515 0.0250347705146
0 0.755582137161 0.276773296245 0.0151515151515 0.0361613351878
0 0.769537480064 0.265646731572 0.0143540669856 0.0305980528512
0 0.764752791069 0.237134909597 0.0143540669856 0.029207232267
0 0.80023923445 0.264255910987 0.0135566188198 0.0278164116829
0 0.819377990431 0.26495132128 0.0135566188198 0.0319888734353
0 0.797049441786 0.295549374131 0.0151515151515 0.0319888734353
0 0.806618819777 0.337273991655 0.0199362041467 0.0375521557719
0 0.790271132376 0.364394993046 0.0239234449761 0.0472878998609
0 0.758771929825 0.431849791377 0.0279106858054 0.0625869262865
0 0.796650717703 0.506258692629 0.0318979266348 0.0667593880389
0 0.828548644338 0.436717663421 0.0318979266348 0.0584144645341
0 0.840111642743 0.367872044506 0.0247208931419 0.0542420027816
0 0.857256778309 0.369958275382 0.0159489633174 0.0445062586926
0 0.886363636364 0.392906815021 0.0263157894737 0.0542420027816
0 0.894338118022 0.456884561892 0.0311004784689 0.0653685674548
0 0.908293460925 0.344923504868 0.0175438596491 0.0417246175243
0 0.917862838915 0.312934631433 0.0159489633174 0.0305980528512
0 0.923444976077 0.267732962448 0.0143540669856 0.029207232267
0 0.877990430622 0.287204450626 0.0159489633174 0.0375521557719
0 0.864035087719 0.317802503477 0.0167464114833 0.0375521557719
0 0.826953748006 0.308066759388 0.0159489633174 0.0347705146036
0 0.836523125997 0.302503477051 0.0143540669856 0.0375521557719
0 0.838516746411 0.270514603616 0.011961722488 0.0319888734353
0 0.852073365231 0.257997218359 0.011961722488 0.0347705146036
