0 0.276931447225 0.40350877193 0.0620239390642 0.12865497076
0 0.394450489663 0.501949317739 0.0816104461371 0.146198830409
0 0.343852013058 0.189083820663 0.0261153427639 0.0545808966862
0 0.416213275299 0.199805068226 0.0228509249184 0.0448343079922
0 0.444504896627 0.198830409357 0.0228509249184 0.0389863547758
0 0.465179542982 0.229044834308 0.025027203482 0.0526315789474
0 0.447225244831 0.248538011696 0.0239390642002 0.056530214425
0 0.593579978237 0.249512670565 0.0272034820457 0.046783625731
0 0.641458106638 0.230019493177 0.0272034820457 0.0662768031189
0 0.584874863983 0.115009746589 0.0141458106638 0.0272904483431
0 0.612078346028 0.105263157895 0.0141458106638 0.0272904483431
0 0.645266594124 0.122807017544 0.0152339499456 0.0272904483431
0 0.668117519042 0.115984405458 0.0130576713819 0.0253411306043
