0 0.104248623131 0.54432132964 0.051140833989 0.102493074792
0 0.216365066876 0.350415512465 0.0141620771046 0.0332409972299
0 0.255704169945 0.346260387812 0.0157356412274 0.0415512465374
0 0.285208497246 0.308171745152 0.014948859166 0.0346260387812
0 0.28166797797 0.364265927978 0.0173092053501 0.0443213296399
0 0.32769472856 0.363573407202 0.0243902439024 0.0484764542936
0 0.352478363493 0.297091412742 0.0173092053501 0.0346260387812
0 0.386703383163 0.256925207756 0.0102281667978 0.0290858725762
0 0.353265145555 0.329639889197 0.0157356412274 0.0304709141274
0 0.378048780488 0.333102493075 0.014948859166 0.0401662049861
0 0.400865460268 0.301939058172 0.0180959874115 0.0304709141274
0 0.40794649882 0.332409972299 0.0165224232887 0.0360110803324
0 0.430369787569 0.306094182825 0.0188827694729 0.0332409972299
0 0.434697088906 0.342797783934 0.021243115657 0.0318559556787
0 0.421321793863 0.258310249307 0.0118017309205 0.0235457063712
0 0.44256490952 0.251385041551 0.0118017309205 0.0207756232687
0 0.457120377655 0.240304709141 0.0110149488592 0.0263157894737
0 0.458300550747 0.315096952909 0.0165224232887 0.0235457063712
0 0.49449252557 0.254847645429 0.0102281667978 0.0277008310249
0 0.504327301338 0.240997229917 0.0141620771046 0.0277008310249
0 0.552714398112 0.220221606648 0.0102281667978 0.0249307479224
0 0.525177025964 0.260387811634 0.0165224232887 0.0332409972299
0 0.504720692368 0.310941828255 0.0180959874115 0.0318559556787
0 0.452793076318 0.405817174515 0.0275373721479 0.0415512465374
0 0.532258064516 0.398891966759 0.0243902439024 0.0498614958449
0 0.538945712038 0.30055401662 0.0141620771046 0.0332409972299
0 0.561762391817 0.252077562327 0.0125885129819 0.0277008310249
0 0.59795436664 0.212603878116 0.0110149488592 0.0235457063712
0 0.614083398899 0.212603878116 0.0118017309205 0.0263157894737
0 0.622344610543 0.257617728532 0.0141620771046 0.0304709141274
0 0.571990558615 0.248614958449 0.0125885129819 0.0235457063712
0 0.583792289536 0.328254847645 0.0204563335956 0.0360110803324
0 0.593233674272 0.423130193906 0.0267505900865 0.0540166204986
0 0.632572777341 0.33379501385 0.0188827694729 0.0304709141274
0 0.619197482297 0.297091412742 0.0141620771046 0.0318559556787
0 0.6435877262 0.222299168975 0.0141620771046 0.0235457063712
0 0.649881982691 0.234072022161 0.0125885129819 0.0277008310249
0 0.664830841857 0.233379501385 0.0141620771046 0.0290858725762
0 0.651455546814 0.272853185596 0.0173092053501 0.0277008310249
0 0.691188040913 0.252077562327 0.0133752950433 0.0332409972299
0 0.670731707317 0.345567867036 0.0196695515342 0.0429362880886
0 0.641227380016 0.386426592798 0.0251770259638 0.0609418282548
0 0.648308418568 0.436288088643 0.0236034618411 0.0581717451524
0 0.688827694729 0.514542936288 0.0338316286389 0.0734072022161
0 0.717545239969 0.392659279778 0.0236034618411 0.0540166204986
0 0.710464201416 0.268005540166 0.0141620771046 0.0318559556787
0 0.727380015736 0.233379501385 0.0133752950433 0.0290858725762
0 0.747442958301 0.279085872576 0.0110149488592 0.0263157894737
0 0.754523996853 0.264542936288 0.0141620771046 0.0304709141274
0 0.755704169945 0.23891966759 0.0133752950433 0.0318559556787
0 0.783634933124 0.247922437673 0.0110149488592 0.0360110803324
0 0.794256490952 0.30540166205 0.0133752950433 0.0401662049861
0 0.814319433517 0.257617728532 0.0125885129819 0.0277008310249
0 0.846184107002 0.254847645429 0.0118017309205 0.0249307479224
0 0.833988985051 0.274930747922 0.0141620771046 0.0346260387812
0 0.829268292683 0.309556786704 0.0125885129819 0.0318559556787
0 0.788355625492 0.3608033241 0.0188827694729 0.0512465373961
0 0.75845790716 0.414819944598 0.0220298977183 0.0540166204986
0 0.804091266719 0.497229916898 0.0314712824548 0.0692520775623
0 0.817466561762 0.436288088643 0.0220298977183 0.0526315789474
0 0.832022029898 0.387119113573 0.014948859166 0.0457063711911
0 0.84461054288 0.346260387812 0.0180959874115 0.0415512465374
0 0.865066876475 0.336565096953 0.014948859166 0.0415512465374
0 0.867427222659 0.283933518006 0.0133752950433 0.0332409972299
0 0.907553107789 0.270775623269 0.0118017309205 0.0235457063712
0 0.877655389457 0.448060941828 0.0228166797797 0.0595567867036
0 0.887096774194 0.393351800554 0.0165224232887 0.0415512465374
0 0.898111723053 0.362188365651 0.0165224232887 0.0318559556787
0 0.897718332022 0.333102493075 0.0141620771046 0.0207756232687
0 0.703383162864 0.290166204986 0.0110149488592 0.0346260387812
0 0.456726986625 0.277700831025 0.0165224232887 0.0263157894737
0 0.562155782848 0.210526315789 0.0118017309205 0.0249307479224
0 0.905979543666 0.308864265928 0.00865460267506 0.0277008310249
0 0.892604248623 0.314404432133 0.0133752950433 0.0277008310249
0 0.52321007081 0.369113573407 0.0220298977183 0.0484764542936
0 0.586939417781 0.228531855956 0.0125885129819 0.0221606648199
0 0.719118804091 0.252770083102 0.0141620771046 0.0373961218837
