0 0.325019794141 0.217696629213 0.0166270783848 0.0337078651685
0 0.348376880443 0.216292134831 0.0158353127474 0.0308988764045
0 0.378463974663 0.301966292135 0.0205859065717 0.0449438202247
0 0.489311163895 0.1875 0.0158353127474 0.0351123595506
0 0.558590657165 0.115870786517 0.0150435471101 0.0238764044944
0 0.565716547902 0.172050561798 0.0166270783848 0.0294943820225
0 0.873713380839 0.136938202247 0.0166270783848 0.0266853932584
0 0.902216943785 0.138342696629 0.0118764845606 0.0294943820225
0 0.803642121932 0.397471910112 0.0285035629454 0.0786516853933
0 0.49406175772 0.14606741573 0.0142517814727 0.0224719101124
