0 0.187680461983 0.364249578415 0.0500481231954 0.0674536256324
0 0.315688161694 0.211635750422 0.0153994225217 0.0320404721754
0 0.333974975938 0.227655986509 0.0153994225217 0.026981450253
0 0.354667949952 0.22849915683 0.0144369586141 0.0286677908938
0 0.370067372474 0.257166947723 0.0125120307988 0.0387858347386
0 0.418190567854 0.242833052277 0.0182868142445 0.0370994940978
0 0.375360923965 0.202360876897 0.0192492781521 0.0337268128162
0 0.39749759384 0.200674536256 0.0134744947064 0.0404721753794
0 0.328681424447 0.183811129848 0.0163618864293 0.0236087689713
0 0.345043310876 0.203204047218 0.0125120307988 0.0219224283305
0 0.4177093359 0.171163575042 0.0115495668912 0.0252951096121
0 0.423484119346 0.150084317032 0.00962463907603 0.0202360876897
0 0.447064485082 0.169477234401 0.0144369586141 0.0286677908938
0 0.425890279115 0.203204047218 0.0144369586141 0.0320404721754
0 0.449470644851 0.225126475548 0.0134744947064 0.035413153457
0 0.481713185756 0.235244519393 0.0202117420597 0.035413153457
0 0.508180943215 0.183811129848 0.0153994225217 0.0337268128162
0 0.480269489894 0.191399662732 0.0134744947064 0.0252951096121
0 0.465351299326 0.14502529511 0.00866217516843 0.0236087689713
0 0.494225216554 0.143338954469 0.0125120307988 0.0168634064081
0 0.512030798845 0.152613827993 0.0134744947064 0.0286677908938
0 0.514918190568 0.12563237774 0.0115495668912 0.0185497470489
0 0.532723772859 0.129848229342 0.0125120307988 0.0202360876897
0 0.525505293551 0.172849915683 0.00962463907603 0.0252951096121
0 0.553416746872 0.162731871838 0.0134744947064 0.0185497470489
0 0.567853705486 0.150927487352 0.0115495668912 0.0219224283305
0 0.546679499519 0.133220910624 0.00962463907603 0.0202360876897
0 0.581809432146 0.12563237774 0.0105871029836 0.0185497470489
0 0.589990375361 0.117200674536 0.00962463907603 0.0185497470489
0 0.604427333975 0.134064080944 0.0115495668912 0.0286677908938
0 0.618864292589 0.116357504216 0.0115495668912 0.0236087689713
0 0.630895091434 0.130691399663 0.0105871029836 0.0252951096121
0 0.641963426372 0.121416526138 0.00962463907603 0.0202360876897
0 0.628007699711 0.159359190556 0.0125120307988 0.0252951096121
0 0.497112608277 0.281618887015 0.0221366698749 0.0472175379427
0 0.545235803657 0.29089376054 0.0182868142445 0.0455311973019
0 0.603946102021 0.33305227656 0.0240615976901 0.0489038785835
0 0.576997112608 0.246205733558 0.0182868142445 0.0404721753794
0 0.550048123195 0.192242833052 0.0144369586141 0.0303541315346
0 0.588065447546 0.173693086003 0.0173243503369 0.026981450253
0 0.670356111646 0.179595278246 0.0144369586141 0.035413153457
0 0.669393647738 0.10455311973 0.00673724735322 0.0202360876897
0 0.691530317613 0.122259696459 0.0125120307988 0.0219224283305
0 0.699711260828 0.110455311973 0.00962463907603 0.0252951096121
0 0.727141482194 0.112984822934 0.0125120307988 0.0202360876897
0 0.741097208855 0.150084317032 0.00962463907603 0.0303541315346
0 0.753609239654 0.137436762226 0.0115495668912 0.0286677908938
0 0.633782483157 0.238617200675 0.0163618864293 0.0455311973019
0 0.688161693936 0.267284991568 0.0192492781521 0.035413153457
0 0.695861405197 0.308600337268 0.0211742059673 0.0472175379427
0 0.73676612127 0.285834738617 0.0163618864293 0.0489038785835
0 0.745909528393 0.393760539629 0.0288739172281 0.0623946037099
0 0.816169393648 0.408094435076 0.0250240615977 0.0640809443508
0 0.898941289702 0.430016863406 0.0327237728585 0.070826306914
0 0.916746871992 0.350758853288 0.0182868142445 0.0472175379427
0 0.846968238691 0.317032040472 0.0211742059673 0.0607082630691
0 0.792107795958 0.309443507589 0.0230991337825 0.0455311973019
0 0.761790182868 0.267284991568 0.0144369586141 0.0455311973019
0 0.729547641963 0.232715008432 0.0173243503369 0.0370994940978
0 0.723291626564 0.188870151771 0.0144369586141 0.026981450253
0 0.705967276227 0.161045531197 0.0163618864293 0.0252951096121
0 0.752165543792 0.179595278246 0.00673724735322 0.0320404721754
0 0.765158806545 0.18718381113 0.0115495668912 0.0337268128162
0 0.80125120308 0.155986509275 0.0105871029836 0.0286677908938
0 0.819056785371 0.160202360877 0.0115495668912 0.0303541315346
0 0.81135707411 0.246205733558 0.0192492781521 0.0370994940978
0 0.81520692974 0.20741989882 0.0134744947064 0.0236087689713
0 0.878729547642 0.258853288364 0.0153994225217 0.0455311973019
0 0.894128970164 0.233558178752 0.0173243503369 0.0387858347386
0 0.93166506256 0.220067453626 0.0134744947064 0.035413153457
0 0.931183830606 0.286677908938 0.0163618864293 0.0472175379427
0 0.784408084697 0.14671163575 0.0134744947064 0.0303541315346
