0 0.223903966597 0.357541899441 0.044885177453 0.0744878957169
0 0.315240083507 0.234636871508 0.0187891440501 0.0335195530726
0 0.323068893528 0.209497206704 0.0156576200418 0.0353817504655
0 0.360647181628 0.204841713222 0.017745302714 0.0297951582868
0 0.417014613779 0.167597765363 0.0114822546973 0.0260707635009
0 0.433716075157 0.180633147114 0.0114822546973 0.0297951582868
0 0.417014613779 0.224394785847 0.0198329853862 0.0353817504655
0 0.453549060543 0.177839851024 0.0156576200418 0.0428305400372
0 0.46503131524 0.167597765363 0.0156576200418 0.0409683426443
0 0.47860125261 0.129422718808 0.0135699373695 0.024208566108
0 0.484342379958 0.169459962756 0.0187891440501 0.0372439478585
0 0.498434237996 0.137802607076 0.0114822546973 0.0297951582868
0 0.469728601253 0.223463687151 0.0229645093946 0.0297951582868
0 0.53496868476 0.13687150838 0.0156576200418 0.0316573556797
0 0.542797494781 0.12104283054 0.0187891440501 0.0260707635009
0 0.561586638831 0.13687150838 0.0187891440501 0.0353817504655
0 0.58611691023 0.0670391061453 0.0114822546973 0.0260707635009
0 0.569415448852 0.190875232775 0.017745302714 0.0316573556797
0 0.576722338205 0.145251396648 0.0198329853862 0.0335195530726
0 0.597077244259 0.147113594041 0.0208768267223 0.0446927374302
0 0.598643006263 0.114525139665 0.0135699373695 0.0316573556797
0 0.555323590814 0.189013035382 0.0229645093946 0.024208566108
0 0.616388308977 0.118249534451 0.0135699373695 0.0204841713222
0 0.640396659708 0.172253258845 0.0219206680585 0.0279329608939
0 0.669102296451 0.109869646182 0.0167014613779 0.0111731843575
0 0.637787056367 0.137802607076 0.0208768267223 0.0335195530726
0 0.650835073069 0.115456238361 0.0260960334029 0.0372439478585
0 0.660229645094 0.14990689013 0.0156576200418 0.0279329608939
0 0.692066805846 0.114525139665 0.0146137787056 0.0279329608939
0 0.710855949896 0.12104283054 0.0208768267223 0.0260707635009
0 0.492171189979 0.336126629423 0.0260960334029 0.0428305400372
0 0.576200417537 0.301675977654 0.0250521920668 0.048417132216
0 0.67745302714 0.189013035382 0.0167014613779 0.0353817504655
0 0.637265135699 0.290502793296 0.0281837160752 0.0633147113594
0 0.581419624217 0.255121042831 0.0250521920668 0.0409683426443
0 0.63987473904 0.24208566108 0.0250521920668 0.0446927374302
0 0.689979123173 0.216945996276 0.0167014613779 0.0353817504655
0 0.683194154489 0.290502793296 0.0260960334029 0.0409683426443
0 0.711899791232 0.333333333333 0.0292275574113 0.0707635009311
0 0.737995824635 0.239292364991 0.0250521920668 0.0428305400372
0 0.776096033403 0.130353817505 0.0156576200418 0.0223463687151
0 0.744258872651 0.173184357542 0.0187891440501 0.0335195530726
0 0.757828810021 0.150837988827 0.0250521920668 0.0297951582868
0 0.785490605428 0.186219739292 0.0156576200418 0.0335195530726
0 0.789144050104 0.148975791434 0.0146137787056 0.0335195530726
0 0.779227557411 0.272811918063 0.0240083507307 0.0465549348231
0 0.800626304802 0.219739292365 0.0167014613779 0.0446927374302
0 0.828288100209 0.196461824953 0.0198329853862 0.0391061452514
0 0.8251565762 0.256052141527 0.0240083507307 0.0428305400372
0 0.808977035491 0.374301675978 0.0334029227557 0.0819366852886
0 0.866910229645 0.373370577281 0.0260960334029 0.0577281191806
0 0.9248434238 0.405027932961 0.0292275574113 0.0651769087523
0 0.864822546973 0.186219739292 0.0198329853862 0.0409683426443
0 0.890396659708 0.162011173184 0.0146137787056 0.0372439478585
0 0.893006263048 0.207635009311 0.0240083507307 0.0428305400372
0 0.893528183716 0.298882681564 0.027139874739 0.0502793296089
0 0.900313152401 0.233705772812 0.017745302714 0.0353817504655
0 0.85490605428 0.249534450652 0.0229645093946 0.0372439478585
0 0.928496868476 0.16852886406 0.0135699373695 0.0279329608939
0 0.954592901879 0.188081936685 0.0240083507307 0.0335195530726
0 0.955114822547 0.209497206704 0.0146137787056 0.0353817504655
0 0.932150313152 0.240223463687 0.0167014613779 0.0372439478585
0 0.937369519833 0.332402234637 0.0438413361169 0.0465549348231
0 0.899791231733 0.196461824953 0.0187891440501 0.0391061452514
0 0.839770354906 0.180633147114 0.017745302714 0.0409683426443
0 0.809498956159 0.193668528864 0.0156576200418 0.0372439478585
0 0.718684759916 0.175046554935 0.0198329853862 0.0335195530726
0 0.775574112735 0.155493482309 0.0125260960334 0.0391061452514
0 0.592379958246 0.171322160149 0.0198329853862 0.0297951582868
0 0.506263048017 0.175046554935 0.027139874739 0.0372439478585
0 0.524530271399 0.135009310987 0.0198329853862 0.0316573556797
