0 0.18640776699 0.474123539232 0.052427184466 0.110183639399
0 0.349029126214 0.261268781302 0.0281553398058 0.0550918196995
0 0.377184466019 0.264607679466 0.0300970873786 0.0484140233723
0 0.429611650485 0.220367278798 0.0242718446602 0.0367278797997
0 0.456796116505 0.188647746244 0.0184466019417 0.0400667779633
0 0.472815533981 0.15776293823 0.0194174757282 0.0383973288815
0 0.490291262136 0.14774624374 0.021359223301 0.0417362270451
0 0.532524271845 0.186143572621 0.0242718446602 0.0383973288815
0 0.437378640777 0.276293823038 0.0300970873786 0.0517529215359
0 0.498058252427 0.30550918197 0.031067961165 0.0701168614357
0 0.581553398058 0.28714524207 0.031067961165 0.0534223706177
0 0.718932038835 0.0809682804674 0.0203883495146 0.0350584307179
0 0.780582524272 0.107679465776 0.021359223301 0.0517529215359
0 0.680582524272 0.0826377295492 0.0194174757282 0.0383973288815
0 0.902912621359 0.217028380634 0.021359223301 0.0467445742905
0 0.660194174757 0.112687813022 0.0174757281553 0.0417362270451
0 0.652427184466 0.0843071786311 0.0233009708738 0.0550918196995
0 0.729126213592 0.142737896494 0.0233009708738 0.0417362270451
0 0.57427184466 0.0734557595993 0.0165048543689 0.0233722871452
0 0.521359223301 0.0976627712855 0.0135922330097 0.0283806343907
