0 0.209931170108 0.36 0.0403146509341 0.08
0 0.330383480826 0.192173913043 0.015732546706 0.0330434782609
0 0.328908554572 0.226956521739 0.0186823992134 0.0365217391304
0 0.351524090462 0.208695652174 0.0147492625369 0.0313043478261
0 0.412487708948 0.210434782609 0.0127826941986 0.0278260869565
0 0.420845624385 0.180869565217 0.015732546706 0.0347826086957
0 0.442969518191 0.159130434783 0.0108161258604 0.0260869565217
0 0.464110127827 0.148695652174 0.00983284169125 0.0295652173913
0 0.47197640118 0.137391304348 0.0117994100295 0.0278260869565
0 0.513274336283 0.121739130435 0.00983284169125 0.024347826087
0 0.501966568338 0.146086956522 0.0108161258604 0.024347826087
0 0.552605703048 0.126956521739 0.00983284169125 0.024347826087
0 0.592428711898 0.121739130435 0.0108161258604 0.0347826086957
0 0.610619469027 0.106956521739 0.0117994100295 0.0260869565217
0 0.604719764012 0.134782608696 0.0255653883972 0.0434782608696
0 0.565388397247 0.151304347826 0.0137659783677 0.0313043478261
0 0.548180924287 0.193913043478 0.0167158308751 0.04
0 0.456243854474 0.207826086957 0.0216322517207 0.0365217391304
0 0.487708947886 0.221739130435 0.0176991150442 0.0330434782609
0 0.578171091445 0.239130434783 0.0216322517207 0.0434782608696
0 0.631760078663 0.153043478261 0.0127826941986 0.0347826086957
0 0.641101278269 0.125217391304 0.0117994100295 0.024347826087
0 0.644542772861 0.113043478261 0.0127826941986 0.0278260869565
0 0.664208456244 0.118260869565 0.00884955752212 0.024347826087
0 0.686823992134 0.127826086957 0.0186823992134 0.0295652173913
0 0.699115044248 0.133913043478 0.015732546706 0.0417391304348
0 0.625368731563 0.211304347826 0.0216322517207 0.0469565217391
0 0.519174041298 0.280869565217 0.0255653883972 0.0504347826087
0 0.591937069813 0.315652173913 0.0334316617502 0.064347826087
0 0.664208456244 0.333913043478 0.0363815142576 0.0660869565217
0 0.636676499508 0.251304347826 0.0206489675516 0.04
0 0.65732546706 0.292173913043 0.0226155358899 0.0347826086957
0 0.665191740413 0.228695652174 0.0186823992134 0.04
0 0.670599803343 0.182608695652 0.0196656833825 0.0347826086957
0 0.704031465093 0.20347826087 0.0196656833825 0.0382608695652
0 0.709439528024 0.16347826087 0.0285152409046 0.055652173913
0 0.740904621436 0.180869565217 0.0167158308751 0.0417391304348
0 0.755653883972 0.132173913043 0.0167158308751 0.0347826086957
0 0.766961651917 0.154782608696 0.0176991150442 0.0382608695652
0 0.779252704031 0.14347826087 0.0206489675516 0.04
0 0.722222222222 0.246086956522 0.0226155358899 0.0539130434783
0 0.72418879056 0.373913043478 0.0344149459194 0.0695652173913
0 0.819567354966 0.360869565217 0.0265486725664 0.0469565217391
0 0.800393313668 0.280869565217 0.0216322517207 0.0469565217391
0 0.79203539823 0.213913043478 0.0186823992134 0.0347826086957
0 0.798426745329 0.170434782609 0.0137659783677 0.0382608695652
0 0.830383480826 0.182608695652 0.0147492625369 0.024347826087
0 0.843657817109 0.16 0.0117994100295 0.0278260869565
0 0.876597836775 0.162608695652 0.0167158308751 0.0365217391304
0 0.913962635202 0.173043478261 0.0127826941986 0.0330434782609
0 0.92133726647 0.174782608696 0.0117994100295 0.0295652173913
0 0.946411012783 0.18347826087 0.0108161258604 0.0330434782609
0 0.844149459194 0.220869565217 0.0147492625369 0.0347826086957
0 0.834808259587 0.306086956522 0.023598820059 0.0521739130435
0 0.878072763029 0.264347826087 0.023598820059 0.0452173913043
0 0.88249754179 0.225217391304 0.0167158308751 0.0330434782609
0 0.917895771878 0.248695652174 0.0167158308751 0.0417391304348
0 0.934611602753 0.242608695652 0.0167158308751 0.0469565217391
0 0.951327433628 0.225217391304 0.0167158308751 0.04
0 0.927728613569 0.290434782609 0.0245821042281 0.0417391304348
0 0.911996066863 0.341739130435 0.0226155358899 0.0573913043478
0 0.897246804326 0.434782608696 0.0285152409046 0.0765217391304
0 0.868239921337 0.194782608696 0.0137659783677 0.0347826086957
0 0.813176007866 0.198260869565 0.0137659783677 0.0347826086957
0 0.513765978368 0.162608695652 0.0127826941986 0.0260869565217
0 0.533923303835 0.158260869565 0.015732546706 0.0278260869565
0 0.587512291052 0.173913043478 0.0186823992134 0.0382608695652
0 0.599803343166 0.149565217391 0.015732546706 0.0347826086957
0 0.509341199607 0.14 0.0117994100295 0.0191304347826
0 0.524582104228 0.129565217391 0.0127826941986 0.0295652173913
0 0.778761061947 0.189565217391 0.0176991150442 0.0382608695652
0 0.849065880039 0.191304347826 0.0186823992134 0.0382608695652
