0 0.0961538461538 0.510791366906 0.0445344129555 0.104316546763
0 0.298076923077 0.219424460432 0.0151821862348 0.0359712230216
0 0.317307692308 0.228417266187 0.0151821862348 0.0431654676259
0 0.337550607287 0.22571942446 0.0151821862348 0.0377697841727
0 0.353238866397 0.244604316547 0.0141700404858 0.0467625899281
0 0.384615384615 0.244604316547 0.0202429149798 0.0395683453237
0 0.428643724696 0.235611510791 0.0212550607287 0.0395683453237
0 0.496963562753 0.285071942446 0.0222672064777 0.0485611510791
0 0.54504048583 0.291366906475 0.0253036437247 0.0611510791367
0 0.606275303644 0.336330935252 0.0242914979757 0.0611510791367
0 0.706983805668 0.312949640288 0.0232793522267 0.0539568345324
0 0.759109311741 0.377697841727 0.0242914979757 0.0503597122302
0 0.81983805668 0.388489208633 0.0242914979757 0.0611510791367
0 0.899291497976 0.410071942446 0.0273279352227 0.0539568345324
0 0.923582995951 0.334532374101 0.0172064777328 0.0575539568345
0 0.857287449393 0.29226618705 0.0222672064777 0.0557553956835
0 0.816295546559 0.256294964029 0.0212550607287 0.044964028777
0 0.78491902834 0.305755395683 0.0192307692308 0.0539568345324
0 0.733299595142 0.283273381295 0.0192307692308 0.044964028777
0 0.688259109312 0.242805755396 0.0222672064777 0.0503597122302
0 0.636639676113 0.238309352518 0.0242914979757 0.044964028777
0 0.581983805668 0.229316546763 0.0222672064777 0.044964028777
0 0.494433198381 0.217625899281 0.0192307692308 0.0287769784173
0 0.456477732794 0.213129496403 0.0202429149798 0.0269784172662
0 0.346659919028 0.180755395683 0.0172064777328 0.0269784172662
0 0.386133603239 0.198741007194 0.0111336032389 0.0377697841727
0 0.428137651822 0.142985611511 0.0161943319838 0.0305755395683
0 0.42004048583 0.181654676259 0.0161943319838 0.0251798561151
0 0.447368421053 0.168165467626 0.0161943319838 0.0413669064748
0 0.477732793522 0.135791366906 0.0161943319838 0.0197841726619
0 0.490890688259 0.17535971223 0.0141700404858 0.0305755395683
0 0.528846153846 0.177158273381 0.0151821862348 0.0377697841727
0 0.522773279352 0.137589928058 0.0111336032389 0.023381294964
0 0.533906882591 0.125 0.0151821862348 0.0269784172662
0 0.553643724696 0.124100719424 0.0182186234818 0.0251798561151
0 0.589574898785 0.117805755396 0.00910931174089 0.0197841726619
0 0.605769230769 0.128597122302 0.0131578947368 0.0269784172662
0 0.630060728745 0.128597122302 0.0192307692308 0.023381294964
0 0.625 0.157374100719 0.0151821862348 0.0305755395683
0 0.590587044534 0.171762589928 0.0172064777328 0.0269784172662
0 0.569331983806 0.185251798561 0.0172064777328 0.0251798561151
0 0.561234817814 0.156474820144 0.0151821862348 0.0287769784173
0 0.675607287449 0.194244604317 0.0151821862348 0.0323741007194
0 0.722165991903 0.184352517986 0.0172064777328 0.0341726618705
0 0.705971659919 0.161870503597 0.0151821862348 0.0323741007194
0 0.6745951417 0.134892086331 0.0151821862348 0.0287769784173
0 0.671558704453 0.105215827338 0.0111336032389 0.0197841726619
0 0.694331983806 0.121402877698 0.0161943319838 0.023381294964
0 0.692813765182 0.102517985612 0.0151821862348 0.0143884892086
0 0.720141700405 0.11690647482 0.0131578947368 0.0215827338129
0 0.755566801619 0.132194244604 0.0151821862348 0.0341726618705
0 0.789979757085 0.138489208633 0.0111336032389 0.0323741007194
0 0.804655870445 0.154676258993 0.0141700404858 0.0287769784173
0 0.757591093117 0.165467625899 0.0131578947368 0.0323741007194
0 0.77024291498 0.246402877698 0.0202429149798 0.0431654676259
0 0.811234817814 0.215827338129 0.0192307692308 0.0251798561151
0 0.712044534413 0.227517985612 0.0212550607287 0.0377697841727
0 0.875 0.268884892086 0.0192307692308 0.044964028777
0 0.888157894737 0.228417266187 0.0192307692308 0.0431654676259
0 0.932692307692 0.223920863309 0.0192307692308 0.0485611510791
0 0.930668016194 0.285971223022 0.0192307692308 0.0395683453237
0 0.763663967611 0.201438848921 0.0232793522267 0.0323741007194
0 0.655870445344 0.129496402878 0.0121457489879 0.0251798561151
