0 0.141975308642 0.266488413547 0.0185185185185 0.0374331550802
0 0.143004115226 0.409982174688 0.0555555555556 0.0926916221034
0 0.32304526749 0.233511586453 0.0185185185185 0.0320855614973
0 0.379115226337 0.201426024955 0.0216049382716 0.0356506238859
0 0.392489711934 0.247771836007 0.0195473251029 0.0356506238859
0 0.41975308642 0.248663101604 0.0185185185185 0.0409982174688
0 0.447530864198 0.270053475936 0.0185185185185 0.0374331550802
0 0.47170781893 0.202317290553 0.0154320987654 0.030303030303
0 0.4670781893 0.189839572193 0.0144032921811 0.0231729055258
0 0.518518518519 0.225490196078 0.0205761316872 0.0409982174688
0 0.552469135802 0.229946524064 0.0205761316872 0.0392156862745
0 0.574074074074 0.163101604278 0.0164609053498 0.030303030303
0 0.602366255144 0.270944741533 0.0216049382716 0.0427807486631
0 0.631687242798 0.286096256684 0.0246913580247 0.0552584670232
0 0.701131687243 0.19696969697 0.0154320987654 0.030303030303
0 0.70987654321 0.222816399287 0.0185185185185 0.0356506238859
0 0.734053497942 0.208556149733 0.0195473251029 0.0356506238859
0 0.750514403292 0.241532976827 0.0195473251029 0.0374331550802
0 0.777777777778 0.21568627451 0.0185185185185 0.0356506238859
0 0.789094650206 0.250445632799 0.0185185185185 0.0409982174688
0 0.827674897119 0.297682709447 0.0216049382716 0.0499108734403
0 0.86316872428 0.311051693405 0.0246913580247 0.0588235294118
0 0.921296296296 0.30303030303 0.0195473251029 0.0427807486631
0 0.943930041152 0.235294117647 0.0154320987654 0.0463458110517
