0 0.167462211615 0.490237099024 0.0421638822593 0.0767085076709
0 0.290373906126 0.276150627615 0.0206841686555 0.047419804742
0 0.321002386635 0.283124128312 0.024661893397 0.044630404463
0 0.322593476531 0.221059972106 0.0135242641209 0.0292887029289
0 0.33969769292 0.225244072524 0.0190930787589 0.0348675034868
0 0.363166268894 0.225244072524 0.0198886237072 0.0460251046025
0 0.374701670644 0.233612273361 0.0175019888624 0.0376569037657
0 0.363564041368 0.291492329149 0.0238663484487 0.0529986052999
0 0.414081145585 0.269177126918 0.024661893397 0.047419804742
0 0.427207637232 0.227336122734 0.0238663484487 0.0418410041841
0 0.404136833731 0.200836820084 0.0190930787589 0.0362622036262
0 0.429992044551 0.179218967922 0.0198886237072 0.0320781032078
0 0.454256165473 0.170850767085 0.0143198090692 0.0292887029289
0 0.449482895784 0.149930264993 0.0159108989658 0.023709902371
0 0.492840095465 0.218270571827 0.0151153540175 0.0404463040446
0 0.48369132856 0.202231520223 0.0175019888624 0.0334728033473
0 0.473747016706 0.149232914923 0.0151153540175 0.0278940027894
0 0.498408910103 0.15760111576 0.0135242641209 0.0306834030683
0 0.494431185362 0.133891213389 0.0135242641209 0.0278940027894
0 0.510342084328 0.13249651325 0.0167064439141 0.0306834030683
0 0.521479713604 0.15690376569 0.0167064439141 0.0376569037657
0 0.536992840095 0.178521617852 0.0190930787589 0.0418410041841
0 0.543754972156 0.13110181311 0.0135242641209 0.0306834030683
0 0.556483691329 0.149232914923 0.0151153540175 0.0334728033473
0 0.561256961018 0.125523012552 0.0135242641209 0.0251046025105
0 0.576372315036 0.177126917713 0.0167064439141 0.0334728033473
0 0.58353221957 0.124128312413 0.0182975338107 0.0334728033473
0 0.606603023071 0.156206415621 0.0167064439141 0.0334728033473
0 0.593874303898 0.111576011158 0.0119331742243 0.0278940027894
0 0.613762927605 0.102510460251 0.0135242641209 0.0264993026499
0 0.623707239459 0.122733612273 0.0143198090692 0.0278940027894
0 0.636833731106 0.13249651325 0.0151153540175 0.0278940027894
0 0.645982498011 0.142259414226 0.0159108989658 0.0251046025105
0 0.643198090692 0.100418410042 0.0135242641209 0.0306834030683
0 0.661893396977 0.114365411437 0.0143198090692 0.0195258019526
0 0.663086714399 0.134588563459 0.0135242641209 0.023709902371
0 0.692521877486 0.113668061367 0.0119331742243 0.0292887029289
0 0.535799522673 0.284518828452 0.0278440731901 0.0557880055788
0 0.557279236277 0.256624825662 0.0214797136038 0.0418410041841
0 0.60938743039 0.260111576011 0.0270485282418 0.0543933054393
0 0.617342879873 0.211994421199 0.0190930787589 0.0418410041841
0 0.65354017502 0.270571827057 0.0278440731901 0.0585774058577
0 0.655131264916 0.225941422594 0.0230708035004 0.044630404463
0 0.613762927605 0.327754532775 0.0310262529833 0.0641562064156
0 0.698488464598 0.232914923291 0.0222752585521 0.0502092050209
0 0.69291964996 0.186192468619 0.0190930787589 0.0404463040446
0 0.712808273667 0.138772663877 0.0127287191726 0.0320781032078
0 0.729912490056 0.190376569038 0.0198886237072 0.0404463040446
0 0.719968178202 0.164574616457 0.0190930787589 0.0278940027894
0 0.738663484487 0.140167364017 0.0182975338107 0.0376569037657
0 0.749005568815 0.124128312413 0.0182975338107 0.0390516039052
0 0.761734287987 0.178521617852 0.0135242641209 0.0334728033473
0 0.772076372315 0.203626220363 0.0167064439141 0.0362622036262
0 0.754972155927 0.250348675035 0.0206841686555 0.0543933054393
0 0.769291964996 0.276847977685 0.0238663484487 0.0516039051604
0 0.819411296738 0.244769874477 0.0190930787589 0.0404463040446
0 0.824184566428 0.207810320781 0.0175019888624 0.0418410041841
0 0.80230708035 0.187587168759 0.0182975338107 0.0404463040446
0 0.784407319014 0.163877266388 0.0111376292761 0.0348675034868
0 0.783611774065 0.121338912134 0.0159108989658 0.0223152022315
0 0.810262529833 0.129707112971 0.0151153540175 0.0334728033473
0 0.822195704057 0.1589958159 0.0135242641209 0.0306834030683
0 0.831344470963 0.142956764296 0.0127287191726 0.0264993026499
0 0.854415274463 0.159693165969 0.0143198090692 0.0264993026499
0 0.863166268894 0.152022315202 0.0127287191726 0.0278940027894
0 0.876292760541 0.258019525802 0.0230708035004 0.044630404463
0 0.867939538584 0.228033472803 0.0190930787589 0.0404463040446
0 0.870326173429 0.135285913529 0.0143198090692 0.0278940027894
0 0.892601431981 0.188981868898 0.0143198090692 0.0292887029289
0 0.898568019093 0.160390516039 0.0151153540175 0.0306834030683
0 0.904932378679 0.143654114365 0.0119331742243 0.0278940027894
0 0.940334128878 0.175732217573 0.0143198090692 0.0362622036262
0 0.928798727128 0.21129707113 0.0151153540175 0.0292887029289
0 0.928798727128 0.18479776848 0.0167064439141 0.0404463040446
0 0.920843277645 0.235006973501 0.0214797136038 0.0404463040446
0 0.90692124105 0.335425383543 0.0270485282418 0.0655509065551
0 0.864359586317 0.320781032078 0.035799522673 0.0585774058577
0 0.826571201273 0.393305439331 0.0318217979316 0.0725244072524
0 0.887430389817 0.439330543933 0.0326173428799 0.0697350069735
