0 0.17 0.33857442348 0.0458823529412 0.0985324947589
0 0.52 0.256813417191 0.0235294117647 0.0482180293501
0 0.562352941176 0.288259958071 0.0258823529412 0.0607966457023
0 0.584705882353 0.215932914046 0.0188235294118 0.041928721174
0 0.63 0.182389937107 0.0176470588235 0.0461215932914
0 0.663529411765 0.185534591195 0.0188235294118 0.0482180293501
0 0.722941176471 0.17714884696 0.0247058823529 0.0524109014675
0 0.651764705882 0.238993710692 0.0211764705882 0.0461215932914
0 0.648235294118 0.295597484277 0.0258823529412 0.0545073375262
0 0.687058823529 0.314465408805 0.0235294117647 0.0587002096436
0 0.762352941176 0.218029350105 0.0235294117647 0.0503144654088
0 0.752352941176 0.261006289308 0.0223529411765 0.0524109014675
0 0.739411764706 0.345911949686 0.0341176470588 0.0503144654088
