0 0.157578558226 0.350906095552 0.0323475046211 0.0658978583196
0 0.245378927911 0.284184514003 0.0175600739372 0.0378912685338
0 0.275415896488 0.256177924217 0.0203327171904 0.0444810543657
0 0.287892791128 0.287479406919 0.0212569316081 0.0345963756178
0 0.343345656192 0.277594728171 0.0212569316081 0.0411861614498
0 0.373844731978 0.282537067545 0.0175600739372 0.0411861614498
0 0.365064695009 0.254530477759 0.0129390018484 0.0378912685338
0 0.378003696858 0.235584843493 0.0147874306839 0.0395387149918
0 0.378927911275 0.183690280066 0.0129390018484 0.0280065897858
0 0.356284658041 0.232289950577 0.0138632162662 0.0296540362438
0 0.402033271719 0.182866556837 0.0147874306839 0.0296540362438
0 0.415896487985 0.176276771005 0.0147874306839 0.0395387149918
0 0.441312384473 0.228995057661 0.0194085027726 0.0395387149918
0 0.44685767098 0.185337726524 0.0120147874307 0.0313014827018
0 0.462569316081 0.191103789127 0.0175600739372 0.0395387149918
0 0.46719038817 0.228171334432 0.0212569316081 0.0411861614498
0 0.4426987061 0.162273476112 0.0110905730129 0.0247116968699
0 0.478280961183 0.146622734761 0.0120147874307 0.0230642504119
0 0.476894639556 0.173805601318 0.0166358595194 0.0378912685338
0 0.507855822551 0.183690280066 0.0157116451017 0.0345963756178
0 0.509704251386 0.150741350906 0.0175600739372 0.0313014827018
0 0.495378927911 0.142504118616 0.0110905730129 0.0280065897858
0 0.521256931608 0.140032948929 0.0129390018484 0.0263591433278
0 0.543438077634 0.190280065898 0.0184842883549 0.0477759472817
0 0.559611829945 0.179571663921 0.0194085027726 0.0395387149918
0 0.556839186691 0.135090609555 0.0157116451017 0.0296540362438
0 0.547597042514 0.128500823723 0.0175600739372 0.0296540362438
0 0.583179297597 0.137561779242 0.0147874306839 0.0313014827018
0 0.59011090573 0.115321252059 0.0157116451017 0.0263591433278
0 0.612292051756 0.140032948929 0.0194085027726 0.0329489291598
0 0.611367837338 0.108731466227 0.0157116451017 0.0296540362438
0 0.636783733826 0.103789126853 0.0129390018484 0.0263591433278
0 0.65157116451 0.131795716639 0.0147874306839 0.0296540362438
0 0.642329020333 0.135090609555 0.0129390018484 0.0263591433278
0 0.660813308688 0.112850082372 0.0129390018484 0.0313014827018
0 0.697781885397 0.105436573311 0.0147874306839 0.0296540362438
0 0.689463955638 0.141680395387 0.0203327171904 0.0362438220758
0 0.652495378928 0.17215815486 0.0184842883549 0.0444810543657
0 0.620609981516 0.202635914333 0.0194085027726 0.0428336079077
0 0.609519408503 0.260296540362 0.0231053604436 0.0494233937397
0 0.555452865065 0.251235584843 0.0277264325323 0.0576606260297
0 0.525415896488 0.326194398682 0.0341959334566 0.0593080724876
0 0.484288354898 0.307248764415 0.0258780036969 0.0609555189456
0 0.608595194085 0.322075782537 0.0323475046211 0.0609555189456
0 0.707948243993 0.313838550247 0.0295748613678 0.0642504118616
0 0.742144177449 0.354200988468 0.0351201478743 0.0757825370675
0 0.801293900185 0.397858319605 0.0332717190388 0.0675453047776
0 0.897874306839 0.424217462932 0.0378927911275 0.0840197693575
0 0.896950092421 0.329489291598 0.0304990757856 0.0593080724876
0 0.828096118299 0.307248764415 0.0277264325323 0.0576606260297
0 0.767097966728 0.271004942339 0.0258780036969 0.0477759472817
0 0.722735674677 0.247116968699 0.0240295748614 0.0494233937397
0 0.704251386322 0.227347611203 0.0221811460259 0.0428336079077
0 0.65573012939 0.217462932455 0.0231053604436 0.0461285008237
0 0.702402957486 0.177924217463 0.0203327171904 0.0461285008237
0 0.721811460259 0.19686985173 0.0240295748614 0.0477759472817
0 0.744454713494 0.22981878089 0.0231053604436 0.0510708401977
0 0.728280961183 0.1392092257 0.0147874306839 0.0313014827018
0 0.728280961183 0.117792421746 0.0166358595194 0.0313014827018
0 0.759242144177 0.135090609555 0.0120147874307 0.0296540362438
0 0.770794824399 0.144151565074 0.0166358595194 0.0378912685338
0 0.804528650647 0.15568369028 0.0175600739372 0.0378912685338
0 0.776802218115 0.208401976936 0.0175600739372 0.0477759472817
0 0.805452865065 0.245469522241 0.0231053604436 0.0494233937397
0 0.820240295749 0.210873146623 0.0194085027726 0.0461285008237
0 0.820702402957 0.142504118616 0.0147874306839 0.0345963756178
0 0.825323475046 0.119439868204 0.0147874306839 0.0313014827018
0 0.850277264325 0.142504118616 0.0129390018484 0.0313014827018
0 0.85674676525 0.134266886326 0.0110905730129 0.0280065897858
0 0.850277264325 0.173805601318 0.0166358595194 0.0345963756178
0 0.872458410351 0.210873146623 0.0203327171904 0.0428336079077
0 0.861367837338 0.266062602965 0.0184842883549 0.0477759472817
0 0.90988909427 0.26194398682 0.0249537892791 0.0461285008237
0 0.915896487985 0.194398682043 0.0203327171904 0.0395387149918
0 0.882162661738 0.15568369028 0.0138632162662 0.0345963756178
0 0.894177449168 0.138385502471 0.0120147874307 0.0263591433278
