0 0.201798201798 0.216577540107 0.015984015984 0.0338680926916
0 0.291708291708 0.213903743316 0.013986013986 0.0356506238859
0 0.346653346653 0.19073083779 0.015984015984 0.0356506238859
0 0.363136863137 0.201426024955 0.016983016983 0.0356506238859
0 0.396103896104 0.241532976827 0.018981018981 0.0374331550802
0 0.435564435564 0.224598930481 0.025974025974 0.0570409982175
0 0.484515484515 0.229946524064 0.01998001998 0.0392156862745
0 0.45954045954 0.214795008913 0.015984015984 0.0374331550802
0 0.424075924076 0.175579322638 0.012987012987 0.0267379679144
0 0.403096903097 0.175579322638 0.016983016983 0.030303030303
0 0.384115884116 0.17201426025 0.012987012987 0.0231729055258
0 0.431068931069 0.147950089127 0.010989010989 0.0249554367201
0 0.493006993007 0.180035650624 0.014985014985 0.0320855614973
0 0.481518481518 0.161319073084 0.013986013986 0.0267379679144
0 0.515984015984 0.177361853832 0.012987012987 0.0338680926916
0 0.547452547453 0.18449197861 0.017982017982 0.030303030303
0 0.473526473526 0.136363636364 0.011988011988 0.0231729055258
0 0.482017982018 0.132798573975 0.010989010989 0.0231729055258
0 0.582417582418 0.179144385027 0.017982017982 0.0338680926916
0 0.544455544456 0.140819964349 0.011988011988 0.0249554367201
0 0.520979020979 0.134581105169 0.00899100899101 0.0231729055258
0 0.514985014985 0.132798573975 0.014985014985 0.0267379679144
0 0.579420579421 0.126559714795 0.00999000999001 0.0249554367201
0 0.588411588412 0.136363636364 0.011988011988 0.030303030303
0 0.6003996004 0.124777183601 0.011988011988 0.0249554367201
0 0.623876123876 0.140819964349 0.014985014985 0.0249554367201
0 0.654845154845 0.148841354724 0.018981018981 0.030303030303
0 0.661838161838 0.114081996435 0.014985014985 0.0356506238859
0 0.681318681319 0.124777183601 0.011988011988 0.0320855614973
0 0.716783216783 0.119429590018 0.014985014985 0.0285204991087
0 0.610889110889 0.114973262032 0.014985014985 0.0231729055258
0 0.635864135864 0.125668449198 0.012987012987 0.0196078431373
0 0.567432567433 0.27183600713 0.027972027972 0.0623885918004
0 0.577922077922 0.249554367201 0.026973026973 0.0534759358289
0 0.638361638362 0.250445632799 0.017982017982 0.0516934046346
0 0.638361638362 0.20320855615 0.013986013986 0.0392156862745
0 0.655344655345 0.193404634581 0.015984015984 0.030303030303
0 0.675324675325 0.225490196078 0.01998001998 0.0445632798574
0 0.683316683317 0.263814616756 0.01998001998 0.0463458110517
0 0.738761238761 0.273618538324 0.026973026973 0.0516934046346
0 0.722277722278 0.239750445633 0.01998001998 0.0445632798574
0 0.698301698302 0.176470588235 0.017982017982 0.0320855614973
0 0.7002997003 0.21568627451 0.017982017982 0.0392156862745
0 0.745754245754 0.186274509804 0.016983016983 0.030303030303
0 0.754245754246 0.210338680927 0.017982017982 0.0356506238859
0 0.770729270729 0.260249554367 0.020979020979 0.0427807486631
0 0.797202797203 0.295008912656 0.021978021978 0.0552584670232
0 0.843656343656 0.32174688057 0.024975024975 0.0516934046346
0 0.912087912088 0.366310160428 0.023976023976 0.0588235294118
0 0.928071928072 0.306595365419 0.01998001998 0.0499108734403
0 0.882117882118 0.266488413547 0.021978021978 0.048128342246
0 0.84015984016 0.245989304813 0.017982017982 0.0427807486631
0 0.797202797203 0.22192513369 0.015984015984 0.0338680926916
0 0.771228771229 0.130124777184 0.013986013986 0.0356506238859
0 0.744255744256 0.164884135472 0.015984015984 0.0231729055258
0 0.789210789211 0.156862745098 0.00999000999001 0.0285204991087
0 0.798701298701 0.141711229947 0.010989010989 0.0267379679144
0 0.806693306693 0.16577540107 0.010989010989 0.0285204991087
0 0.815684315684 0.156862745098 0.010989010989 0.0320855614973
0 0.824175824176 0.140819964349 0.013986013986 0.0320855614973
0 0.844155844156 0.213012477718 0.015984015984 0.0267379679144
0 0.855144855145 0.185383244207 0.015984015984 0.0320855614973
0 0.834165834166 0.189839572193 0.015984015984 0.0267379679144
0 0.844655344655 0.16577540107 0.010989010989 0.0320855614973
0 0.856143856144 0.159536541889 0.00999000999001 0.030303030303
0 0.871128871129 0.173796791444 0.011988011988 0.0374331550802
0 0.886613386613 0.16577540107 0.012987012987 0.0392156862745
0 0.90959040959 0.16577540107 0.010989010989 0.0320855614973
0 0.905594405594 0.21568627451 0.010989010989 0.0249554367201
0 0.928571428571 0.236185383244 0.014985014985 0.0409982174688
0 0.947552447552 0.222816399287 0.012987012987 0.0285204991087
0 0.954545454545 0.183600713012 0.016983016983 0.0320855614973
