0 0.185348278623 0.284011220196 0.0264211369095 0.0462833099579
0 0.215772618094 0.303646563815 0.0296236989592 0.0603085553997
0 0.226581265012 0.230014025245 0.0240192153723 0.0448807854137
0 0.255804643715 0.23492286115 0.0264211369095 0.0518934081346
0 0.279023218575 0.243338008415 0.0184147317854 0.0406732117812
0 0.316653322658 0.230014025245 0.0248198558847 0.0589060308555
0 0.344275420336 0.235624123422 0.0272217774219 0.0617110799439
0 0.317453963171 0.302945301543 0.0424339471577 0.070126227209
0 0.352682145717 0.421458625526 0.0456365092074 0.0771388499299
0 0.395916733387 0.251051893408 0.0280224179343 0.0532959326788
0 0.449159327462 0.241234221599 0.0320256204964 0.0617110799439
0 0.447958366693 0.215287517532 0.0280224179343 0.0603085553997
0 0.54643714972 0.284712482468 0.0344275420336 0.0785413744741
