0 0.20431372549 0.420110192837 0.0352941176471 0.0853994490358
0 0.265490196078 0.263085399449 0.0133333333333 0.030303030303
0 0.281960784314 0.262396694215 0.0133333333333 0.0316804407713
0 0.308235294118 0.227272727273 0.0125490196078 0.030303030303
0 0.319215686275 0.278925619835 0.0156862745098 0.0399449035813
0 0.33137254902 0.226584022039 0.0149019607843 0.034435261708
0 0.363529411765 0.249311294766 0.0164705882353 0.0385674931129
0 0.375294117647 0.260330578512 0.0180392156863 0.0413223140496
0 0.392941176471 0.278236914601 0.0203921568627 0.0495867768595
0 0.396078431373 0.194214876033 0.0125490196078 0.0247933884298
0 0.40431372549 0.176308539945 0.0133333333333 0.030303030303
0 0.422745098039 0.181129476584 0.0125490196078 0.0289256198347
0 0.418431372549 0.228650137741 0.0180392156863 0.0358126721763
0 0.44862745098 0.219008264463 0.0156862745098 0.0330578512397
0 0.476862745098 0.223829201102 0.0172549019608 0.0426997245179
0 0.447450980392 0.15564738292 0.0117647058824 0.0275482093664
0 0.454901960784 0.169421487603 0.0109803921569 0.0247933884298
0 0.510196078431 0.182506887052 0.0133333333333 0.034435261708
0 0.503137254902 0.13085399449 0.00862745098039 0.0192837465565
0 0.520392156863 0.132920110193 0.0101960784314 0.0261707988981
0 0.540392156863 0.194214876033 0.0156862745098 0.0330578512397
0 0.536862745098 0.176308539945 0.0149019607843 0.0358126721763
0 0.548235294118 0.148071625344 0.0109803921569 0.0289256198347
0 0.558823529412 0.167355371901 0.0164705882353 0.0399449035813
0 0.59137254902 0.103994490358 0.0109803921569 0.0234159779614
0 0.572549019608 0.141873278237 0.0125490196078 0.0247933884298
0 0.567450980392 0.236225895317 0.0180392156863 0.0426997245179
0 0.57568627451 0.162534435262 0.0141176470588 0.0275482093664
0 0.519607843137 0.284435261708 0.0180392156863 0.0482093663912
0 0.549019607843 0.303719008264 0.0266666666667 0.0537190082645
0 0.597647058824 0.260330578512 0.0203921568627 0.0550964187328
0 0.605098039216 0.145316804408 0.0117647058824 0.0289256198347
0 0.61137254902 0.20867768595 0.0164705882353 0.0426997245179
0 0.631764705882 0.121212121212 0.0133333333333 0.0247933884298
0 0.616470588235 0.125344352617 0.0109803921569 0.0220385674931
0 0.638431372549 0.174242424242 0.0156862745098 0.0399449035813
0 0.669803921569 0.109504132231 0.0109803921569 0.0261707988981
0 0.654117647059 0.224517906336 0.0188235294118 0.0440771349862
0 0.652549019608 0.263774104683 0.0219607843137 0.0482093663912
0 0.686274509804 0.31129476584 0.0266666666667 0.0578512396694
0 0.701176470588 0.279614325069 0.0219607843137 0.0550964187328
0 0.674901960784 0.169421487603 0.0149019607843 0.0358126721763
0 0.699215686275 0.227272727273 0.0227450980392 0.0413223140496
0 0.690588235294 0.191460055096 0.0164705882353 0.0330578512397
0 0.739607843137 0.221074380165 0.0172549019608 0.034435261708
0 0.777254901961 0.270661157025 0.0235294117647 0.0619834710744
0 0.727450980392 0.161845730028 0.0133333333333 0.0316804407713
0 0.74862745098 0.176997245179 0.0149019607843 0.034435261708
0 0.736470588235 0.190082644628 0.0156862745098 0.030303030303
0 0.756862745098 0.140495867769 0.0141176470588 0.0275482093664
0 0.776470588235 0.148760330579 0.0125490196078 0.030303030303
0 0.790980392157 0.136363636364 0.0117647058824 0.030303030303
0 0.825098039216 0.142561983471 0.0109803921569 0.0289256198347
0 0.794901960784 0.181129476584 0.0149019607843 0.034435261708
0 0.776862745098 0.193526170799 0.0164705882353 0.0371900826446
0 0.810588235294 0.230027548209 0.0164705882353 0.0468319559229
0 0.83137254902 0.207300275482 0.0156862745098 0.0426997245179
0 0.861176470588 0.148071625344 0.00941176470588 0.0289256198347
0 0.878039215686 0.201790633609 0.0133333333333 0.0316804407713
0 0.86862745098 0.216253443526 0.0164705882353 0.0413223140496
0 0.855294117647 0.243801652893 0.0196078431373 0.0440771349862
0 0.865490196078 0.30303030303 0.0211764705882 0.0550964187328
0 0.896862745098 0.255509641873 0.0180392156863 0.0426997245179
0 0.751764705882 0.325757575758 0.0258823529412 0.064738292011
