0 0.062734082397 0.397993311037 0.0355805243446 0.0635451505017
0 0.25468164794 0.281772575251 0.0299625468165 0.0451505016722
0 0.294475655431 0.266722408027 0.0215355805243 0.0518394648829
0 0.345505617978 0.263377926421 0.0205992509363 0.0384615384615
0 0.347846441948 0.220735785953 0.0234082397004 0.0434782608696
0 0.312265917603 0.223244147157 0.0159176029963 0.0284280936455
0 0.40308988764 0.292642140468 0.0215355805243 0.0501672240803
0 0.480805243446 0.304347826087 0.0308988764045 0.0468227424749
0 0.564606741573 0.29347826087 0.0318352059925 0.0518394648829
0 0.588951310861 0.375418060201 0.0243445692884 0.0652173913043
0 0.676966292135 0.334448160535 0.0299625468165 0.0501672240803
0 0.71956928839 0.294314381271 0.0252808988764 0.0501672240803
0 0.783239700375 0.295150501672 0.0271535580524 0.0518394648829
0 0.775280898876 0.214046822742 0.0262172284644 0.0535117056856
0 0.749063670412 0.183110367893 0.0187265917603 0.0250836120401
0 0.708801498127 0.227424749164 0.0187265917603 0.0301003344482
0 0.661048689139 0.255016722408 0.0299625468165 0.0551839464883
0 0.623595505618 0.194816053512 0.0168539325843 0.0284280936455
0 0.661985018727 0.209866220736 0.0187265917603 0.0284280936455
0 0.657303370787 0.179765886288 0.0224719101124 0.0317725752508
0 0.576779026217 0.250836120401 0.0299625468165 0.0367892976589
0 0.486423220974 0.224080267559 0.0271535580524 0.0234113712375
0 0.458333333333 0.221571906355 0.0177902621723 0.0217391304348
0 0.430243445693 0.218227424749 0.0196629213483 0.0284280936455
0 0.389513108614 0.222408026756 0.0149812734082 0.0267558528428
0 0.372191011236 0.215719063545 0.0177902621723 0.0234113712375
0 0.414794007491 0.179765886288 0.0187265917603 0.0317725752508
0 0.453651685393 0.16889632107 0.0121722846442 0.0234113712375
0 0.469101123596 0.190635451505 0.0168539325843 0.0301003344482
0 0.50468164794 0.193143812709 0.0149812734082 0.0317725752508
0 0.550093632959 0.19983277592 0.0177902621723 0.0418060200669
0 0.543539325843 0.163879598662 0.0215355805243 0.0334448160535
0 0.575842696629 0.168060200669 0.0149812734082 0.0384615384615
0 0.567415730337 0.112876254181 0.0168539325843 0.0250836120401
0 0.619850187266 0.140468227425 0.0187265917603 0.0267558528428
0 0.705524344569 0.0994983277592 0.0140449438202 0.0317725752508
0 0.681647940075 0.154682274247 0.0205992509363 0.0317725752508
0 0.704119850187 0.182274247492 0.0205992509363 0.0401337792642
0 0.595973782772 0.0986622073579 0.0121722846442 0.0234113712375
0 0.624531835206 0.100334448161 0.0112359550562 0.0200668896321
0 0.641853932584 0.105351170569 0.0140449438202 0.0301003344482
0 0.798689138577 0.175585284281 0.0168539325843 0.0301003344482
0 0.834737827715 0.142140468227 0.0102996254682 0.0367892976589
0 0.813202247191 0.123745819398 0.0121722846442 0.0200668896321
0 0.798220973783 0.132943143813 0.0159176029963 0.0250836120401
0 0.744382022472 0.141304347826 0.0131086142322 0.0317725752508
0 0.764513108614 0.15635451505 0.0177902621723 0.0284280936455
0 0.773876404494 0.126254180602 0.00842696629213 0.0317725752508
0 0.785112359551 0.125418060201 0.0102996254682 0.0334448160535
0 0.74063670412 0.114548494983 0.0112359550562 0.0217391304348
0 0.75468164794 0.112040133779 0.0131086142322 0.0334448160535
0 0.710205992509 0.138795986622 0.0177902621723 0.0301003344482
0 0.65308988764 0.114548494983 0.00842696629213 0.0317725752508
0 0.477528089888 0.165551839465 0.0168539325843 0.0267558528428
0 0.811797752809 0.164715719064 0.0131086142322 0.0284280936455
0 0.852528089888 0.183946488294 0.0177902621723 0.0367892976589
0 0.870786516854 0.229933110368 0.0149812734082 0.0317725752508
0 0.88904494382 0.202341137124 0.0121722846442 0.0267558528428
0 0.895599250936 0.169732441472 0.0159176029963 0.0284280936455
0 0.85393258427 0.151337792642 0.0149812734082 0.0317725752508
0 0.895131086142 0.13127090301 0.00936329588015 0.0284280936455
0 0.930711610487 0.158026755853 0.0149812734082 0.0284280936455
0 0.925561797753 0.19397993311 0.0121722846442 0.0367892976589
0 0.672284644195 0.121237458194 0.0112359550562 0.0250836120401
0 0.871722846442 0.130434782609 0.0131086142322 0.0301003344482
0 0.87265917603 0.173076923077 0.0187265917603 0.0418060200669
