0 0.159728506787 0.465630114566 0.047963800905 0.0900163666121
0 0.339366515837 0.223404255319 0.014479638009 0.0343698854337
0 0.343438914027 0.184124386252 0.0135746606335 0.0343698854337
0 0.47963800905 0.221767594108 0.0180995475113 0.0343698854337
0 0.44479638009 0.219312602291 0.0171945701357 0.0327332242226
0 0.416742081448 0.21031096563 0.0135746606335 0.0278232405892
0 0.413574660633 0.18085106383 0.014479638009 0.0245499181669
0 0.423076923077 0.153027823241 0.0117647058824 0.0212765957447
0 0.445701357466 0.153027823241 0.0117647058824 0.0212765957447
0 0.450678733032 0.18085106383 0.014479638009 0.0310965630115
0 0.46742081448 0.187397708674 0.0153846153846 0.0310965630115
0 0.461990950226 0.130114566285 0.00995475113122 0.0245499181669
0 0.477375565611 0.150572831424 0.00995475113122 0.0229132569558
0 0.504977375566 0.149754500818 0.0126696832579 0.0245499181669
0 0.499095022624 0.121931260229 0.0117647058824 0.0180032733224
0 0.52036199095 0.124386252046 0.0108597285068 0.0261865793781
0 0.533936651584 0.187397708674 0.014479638009 0.0310965630115
0 0.5592760181 0.162029459902 0.014479638009 0.0261865793781
0 0.532126696833 0.153846153846 0.0126696832579 0.0229132569558
0 0.541176470588 0.127659574468 0.0108597285068 0.0196399345336
0 0.582352941176 0.169394435352 0.0153846153846 0.0278232405892
0 0.597737556561 0.143207855974 0.0135746606335 0.0278232405892
0 0.58371040724 0.112111292962 0.0108597285068 0.0212765957447
0 0.602714932127 0.121112929624 0.00904977375566 0.0229132569558
0 0.617194570136 0.145662847791 0.0126696832579 0.0360065466448
0 0.646153846154 0.141571194763 0.0126696832579 0.0310965630115
0 0.613122171946 0.117021276596 0.00814479638009 0.0245499181669
0 0.607239819005 0.103927986907 0.0126696832579 0.0212765957447
0 0.627601809955 0.10147299509 0.00995475113122 0.0196399345336
0 0.654298642534 0.104746317512 0.00904977375566 0.0261865793781
0 0.674208144796 0.124386252046 0.0108597285068 0.0196399345336
0 0.695022624434 0.12356792144 0.0108597285068 0.0212765957447
0 0.714479638009 0.142389525368 0.0135746606335 0.0261865793781
0 0.70407239819 0.162029459902 0.014479638009 0.0261865793781
0 0.661990950226 0.18821603928 0.0171945701357 0.0327332242226
0 0.619909502262 0.207037643208 0.0162895927602 0.0409165302782
0 0.632126696833 0.250409165303 0.0153846153846 0.0425531914894
0 0.569230769231 0.253682487725 0.0199095022624 0.0392798690671
0 0.601357466063 0.307692307692 0.0280542986425 0.0654664484452
0 0.549773755656 0.292144026187 0.0262443438914 0.0474631751227
0 0.514027149321 0.283960720131 0.0289592760181 0.0474631751227
0 0.672850678733 0.342880523732 0.0298642533937 0.0671031096563
0 0.661538461538 0.257774140753 0.0199095022624 0.0474631751227
0 0.666063348416 0.220130932897 0.0162895927602 0.0343698854337
0 0.695022624434 0.21031096563 0.014479638009 0.0310965630115
0 0.711764705882 0.228314238953 0.0190045248869 0.0409165302782
0 0.738009049774 0.175941080196 0.0135746606335 0.0343698854337
0 0.749773755656 0.157119476268 0.0135746606335 0.0294599018003
0 0.747963800905 0.126022913257 0.00995475113122 0.0229132569558
0 0.757466063348 0.127659574468 0.0126696832579 0.0261865793781
0 0.776923076923 0.135842880524 0.0117647058824 0.0327332242226
0 0.766063348416 0.183306055646 0.0153846153846 0.0360065466448
0 0.757466063348 0.340425531915 0.0253393665158 0.0589198036007
0 0.770588235294 0.26759410802 0.020814479638 0.050736497545
0 0.802714932127 0.274140752864 0.0199095022624 0.0409165302782
0 0.843438914027 0.306055646481 0.0199095022624 0.0458265139116
0 0.827601809955 0.366612111293 0.0262443438914 0.0556464811784
0 0.906334841629 0.337152209493 0.020814479638 0.0523731587561
0 0.916742081448 0.283142389525 0.0180995475113 0.0425531914894
0 0.865158371041 0.273322422259 0.0199095022624 0.0458265139116
0 0.873755656109 0.23240589198 0.0135746606335 0.0360065466448
0 0.884615384615 0.211129296236 0.0153846153846 0.0360065466448
0 0.897285067873 0.194762684124 0.0117647058824 0.0294599018003
0 0.899547511312 0.172667757774 0.0108597285068 0.0278232405892
0 0.906787330317 0.161211129296 0.0108597285068 0.0245499181669
0 0.930769230769 0.175941080196 0.0135746606335 0.0343698854337
0 0.938461538462 0.211947626841 0.0126696832579 0.0310965630115
0 0.919909502262 0.23977086743 0.00995475113122 0.0310965630115
0 0.926244343891 0.226677577741 0.0117647058824 0.0310965630115
0 0.837556561086 0.21767594108 0.0153846153846 0.0360065466448
0 0.841628959276 0.198036006547 0.014479638009 0.0294599018003
0 0.856108597285 0.184124386252 0.0126696832579 0.0278232405892
0 0.866063348416 0.157937806874 0.0126696832579 0.0343698854337
0 0.872850678733 0.148117839607 0.0135746606335 0.0245499181669
0 0.840271493213 0.152209492635 0.0135746606335 0.0327332242226
0 0.822171945701 0.175122749591 0.0117647058824 0.0261865793781
0 0.805429864253 0.200490998363 0.0126696832579 0.0343698854337
0 0.786425339367 0.20294599018 0.014479638009 0.0360065466448
0 0.789140271493 0.172667757774 0.0162895927602 0.0212765957447
