0 0.267070484581 0.228346456693 0.0209251101322 0.0393700787402
0 0.339207048458 0.248031496063 0.0220264317181 0.0433070866142
0 0.377202643172 0.248031496063 0.023127753304 0.0472440944882
0 0.367841409692 0.193897637795 0.0198237885463 0.0413385826772
0 0.39372246696 0.19094488189 0.0165198237885 0.0314960629921
0 0.387665198238 0.168307086614 0.0176211453744 0.0295275590551
0 0.409140969163 0.161417322835 0.0143171806167 0.0275590551181
0 0.443281938326 0.246062992126 0.023127753304 0.0433070866142
0 0.428414096916 0.209645669291 0.0198237885463 0.0334645669291
0 0.438325991189 0.168307086614 0.0154185022026 0.0374015748031
0 0.443832599119 0.139763779528 0.0132158590308 0.0275590551181
0 0.469713656388 0.202755905512 0.0165198237885 0.0393700787402
0 0.485682819383 0.248031496063 0.0352422907489 0.0669291338583
0 0.503303964758 0.21062992126 0.0198237885463 0.0472440944882
0 0.481828193833 0.17125984252 0.0165198237885 0.0354330708661
0 0.482378854626 0.149606299213 0.0154185022026 0.0314960629921
0 0.465859030837 0.139763779528 0.0154185022026 0.0275590551181
0 0.490088105727 0.130905511811 0.011013215859 0.0255905511811
0 0.512114537445 0.127952755906 0.011013215859 0.0236220472441
0 0.521475770925 0.180118110236 0.0187224669604 0.0334645669291
0 0.54845814978 0.183070866142 0.0220264317181 0.0433070866142
0 0.536894273128 0.155511811024 0.0143171806167 0.0275590551181
0 0.537995594714 0.130905511811 0.0143171806167 0.0255905511811
0 0.526431718062 0.121062992126 0.011013215859 0.0255905511811
0 0.546255506608 0.124015748031 0.0154185022026 0.0314960629921
0 0.568832599119 0.135826771654 0.0143171806167 0.0314960629921
0 0.580947136564 0.119094488189 0.0121145374449 0.0295275590551
0 0.595264317181 0.160433070866 0.0143171806167 0.0334645669291
0 0.581497797357 0.239173228346 0.0220264317181 0.0492125984252
0 0.617841409692 0.248031496063 0.0286343612335 0.0511811023622
0 0.626101321586 0.199803149606 0.0187224669604 0.0452755905512
0 0.637665198238 0.139763779528 0.0132158590308 0.0275590551181
0 0.623348017621 0.130905511811 0.0132158590308 0.0255905511811
0 0.604625550661 0.125984251969 0.0176211453744 0.0275590551181
0 0.606828193833 0.0974409448819 0.0132158590308 0.0255905511811
0 0.617290748899 0.106299212598 0.00991189427313 0.0236220472441
0 0.632158590308 0.112204724409 0.0132158590308 0.0236220472441
0 0.654735682819 0.106299212598 0.0121145374449 0.0354330708661
0 0.669052863436 0.110236220472 0.0143171806167 0.0275590551181
0 0.682268722467 0.10531496063 0.0121145374449 0.0295275590551
0 0.692731277533 0.11811023622 0.0132158590308 0.0314960629921
0 0.6640969163 0.187992125984 0.0198237885463 0.0452755905512
0 0.676211453744 0.217519685039 0.0198237885463 0.0492125984252
0 0.685022026432 0.266732283465 0.0308370044053 0.0570866141732
0 0.730726872247 0.135826771654 0.0165198237885 0.0314960629921
0 0.698237885463 0.163385826772 0.0154185022026 0.0354330708661
0 0.717511013216 0.19094488189 0.0209251101322 0.0433070866142
0 0.720264317181 0.235236220472 0.0198237885463 0.0452755905512
0 0.739537444934 0.258858267717 0.0253303964758 0.0531496062992
0 0.764317180617 0.265748031496 0.0242290748899 0.0472440944882
0 0.790748898678 0.27657480315 0.0264317180617 0.0531496062992
0 0.7890969163 0.206692913386 0.0187224669604 0.0393700787402
0 0.757709251101 0.187007874016 0.0154185022026 0.0393700787402
0 0.736233480176 0.181102362205 0.0165198237885 0.0393700787402
0 0.762114537445 0.14468503937 0.0154185022026 0.0374015748031
0 0.75 0.128937007874 0.0154185022026 0.0334645669291
0 0.776431718062 0.134842519685 0.0154185022026 0.0295275590551
0 0.799008810573 0.154527559055 0.0165198237885 0.0334645669291
0 0.796255506608 0.125 0.0154185022026 0.0255905511811
0 0.809471365639 0.133858267717 0.0132158590308 0.0354330708661
0 0.824339207048 0.128937007874 0.0143171806167 0.0295275590551
0 0.841960352423 0.165354330709 0.0143171806167 0.0314960629921
0 0.849118942731 0.191929133858 0.0154185022026 0.0413385826772
0 0.840859030837 0.22342519685 0.0187224669604 0.0452755905512
0 0.852973568282 0.293307086614 0.0297356828194 0.0748031496063
0 0.850220264317 0.148622047244 0.0154185022026 0.0295275590551
0 0.865088105727 0.172244094488 0.0165198237885 0.0334645669291
0 0.887665198238 0.222440944882 0.0198237885463 0.0393700787402
0 0.881057268722 0.14468503937 0.0176211453744 0.0374015748031
0 0.904185022026 0.176181102362 0.0176211453744 0.0374015748031
0 0.912444933921 0.149606299213 0.0143171806167 0.0314960629921
0 0.941079295154 0.16437007874 0.0143171806167 0.0334645669291
0 0.932268722467 0.189960629921 0.0143171806167 0.0295275590551
0 0.946035242291 0.208661417323 0.0132158590308 0.0354330708661
0 0.930616740088 0.226377952756 0.0176211453744 0.0354330708661
0 0.921255506608 0.242125984252 0.0187224669604 0.0511811023622
0 0.931718061674 0.277559055118 0.0198237885463 0.0590551181102
0 0.915198237885 0.334645669291 0.0264317180617 0.0748031496063
