0 0.113032984714 0.489208633094 0.0474658085278 0.115107913669
0 0.199919549477 0.313848920863 0.0201126307321 0.0521582733813
0 0.226468222043 0.305755395683 0.0217216411907 0.0611510791367
0 0.266291230893 0.250899280576 0.02252614642 0.0521582733813
0 0.306114239743 0.254496402878 0.0185036202735 0.0485611510791
0 0.325422365245 0.247302158273 0.0201126307321 0.0593525179856
0 0.311343523733 0.224820143885 0.0209171359614 0.0467625899281
0 0.347144006436 0.222122302158 0.016894609815 0.0521582733813
0 0.370072405471 0.280575539568 0.0241351568785 0.0611510791367
0 0.362831858407 0.20773381295 0.0176991150442 0.044964028777
0 0.38817377313 0.19964028777 0.0185036202735 0.0503597122302
0 0.396621078037 0.255395683453 0.0193081255028 0.0539568345324
0 0.428801287208 0.205035971223 0.0160901045857 0.0431654676259
0 0.425985518906 0.169964028777 0.016894609815 0.0377697841727
0 0.446098149638 0.163669064748 0.016894609815 0.0467625899281
0 0.467819790829 0.256294964029 0.0233306516492 0.0593525179856
0 0.436444086887 0.329136690647 0.0233306516492 0.0611510791367
0 0.49396621078 0.214928057554 0.0193081255028 0.0557553956835
0 0.485518905873 0.168165467626 0.0185036202735 0.044964028777
0 0.493563958166 0.156474820144 0.0136765888978 0.0359712230216
0 0.5164923572 0.170863309353 0.0209171359614 0.0503597122302
0 0.530571198713 0.239208633094 0.0249396621078 0.0575539568345
0 0.553097345133 0.14118705036 0.016894609815 0.0485611510791
0 0.561946902655 0.173561151079 0.016894609815 0.0413669064748
0 0.572405470636 0.210431654676 0.0217216411907 0.0539568345324
0 0.581255028158 0.178956834532 0.0185036202735 0.0485611510791
0 0.580048270314 0.137589928058 0.0176991150442 0.0413669064748
0 0.596138374899 0.118705035971 0.0160901045857 0.0467625899281
0 0.603378921963 0.196043165468 0.0160901045857 0.0503597122302
0 0.606194690265 0.161870503597 0.0152855993564 0.0359712230216
0 0.621882542237 0.204136690647 0.0176991150442 0.044964028777
0 0.631938857603 0.130395683453 0.0152855993564 0.0413669064748
0 0.652051488335 0.152877697842 0.0136765888978 0.0467625899281
0 0.659292035398 0.192446043165 0.016894609815 0.0431654676259
0 0.665728077233 0.140287769784 0.0152855993564 0.0467625899281
0 0.687851971038 0.138489208633 0.0128720836685 0.0395683453237
0 0.71399839099 0.158273381295 0.0152855993564 0.0431654676259
0 0.687851971038 0.179856115108 0.0160901045857 0.0395683453237
0 0.572405470636 0.356115107914 0.0233306516492 0.0791366906475
0 0.603781174578 0.390287769784 0.0281576830249 0.0755395683453
0 0.618664521319 0.311151079137 0.0257441673371 0.068345323741
0 0.655269509252 0.267086330935 0.0249396621078 0.0629496402878
0 0.661303298471 0.421762589928 0.0289621882542 0.0701438848921
0 0.709573612228 0.218525179856 0.0160901045857 0.044964028777
0 0.724054706356 0.271582733813 0.0209171359614 0.0539568345324
0 0.748189863234 0.307553956835 0.0209171359614 0.0575539568345
0 0.740547063556 0.244604316547 0.0217216411907 0.0575539568345
0 0.755430410298 0.210431654676 0.0160901045857 0.0467625899281
0 0.77554304103 0.214928057554 0.0176991150442 0.044964028777
0 0.807320997586 0.196942446043 0.0201126307321 0.044964028777
0 0.792839903459 0.270683453237 0.0201126307321 0.0629496402878
0 0.813757039421 0.312949640288 0.0233306516492 0.0611510791367
0 0.816170555109 0.232913669065 0.016894609815 0.044964028777
0 0.83185840708 0.223920863309 0.0144810941271 0.044964028777
0 0.867256637168 0.237410071942 0.0128720836685 0.0431654676259
0 0.728077232502 0.419964028777 0.0321802091714 0.0737410071942
0 0.793644408689 0.482913669065 0.0394207562349 0.106115107914
0 0.86564762671 0.523381294964 0.0386162510056 0.0935251798561
0 0.878117457763 0.463129496403 0.0297666934835 0.0773381294964
0 0.857200321802 0.352517985612 0.0185036202735 0.0575539568345
0 0.870474658085 0.335431654676 0.0193081255028 0.0593525179856
0 0.885760257442 0.283273381295 0.02252614642 0.0557553956835
0 0.900643604183 0.267985611511 0.0152855993564 0.0395683453237
0 0.907481898632 0.237410071942 0.0193081255028 0.0467625899281
0 0.936041834272 0.280575539568 0.0152855993564 0.0431654676259
0 0.948511665326 0.257194244604 0.0128720836685 0.0395683453237
0 0.930008045052 0.348021582734 0.0193081255028 0.0557553956835
0 0.948511665326 0.402877697842 0.0193081255028 0.0611510791367
0 0.952534191472 0.464928057554 0.0241351568785 0.0773381294964
0 0.974658085278 0.387589928058 0.016894609815 0.0521582733813
0 0.963797264682 0.339928057554 0.0160901045857 0.0467625899281
0 0.975462590507 0.321942446043 0.0136765888978 0.0431654676259
0 0.985921158488 0.294964028777 0.0185036202735 0.0467625899281
