0 0.0451127819549 0.434276206323 0.0281954887218 0.0599001663894
0 0.260338345865 0.269550748752 0.0187969924812 0.0299500831947
0 0.274906015038 0.267054908486 0.0178571428571 0.0382695507488
0 0.315789473684 0.24459234609 0.0187969924812 0.0432612312812
0 0.331766917293 0.219633943428 0.0187969924812 0.0366056572379
0 0.337406015038 0.251247920133 0.0206766917293 0.0366056572379
0 0.363721804511 0.287021630616 0.0206766917293 0.0415973377704
0 0.389097744361 0.291181364393 0.0225563909774 0.0465890183028
0 0.354323308271 0.257071547421 0.0169172932331 0.0316139767055
0 0.359492481203 0.223793677205 0.0216165413534 0.0415973377704
0 0.383928571429 0.185524126456 0.0178571428571 0.0349417637271
0 0.397086466165 0.214642262895 0.0178571428571 0.0332778702163
0 0.408364661654 0.178036605657 0.015977443609 0.0332778702163
0 0.419642857143 0.198835274542 0.015977443609 0.0415973377704
0 0.441259398496 0.195507487521 0.0178571428571 0.0382695507488
0 0.454887218045 0.222129783694 0.0225563909774 0.0382695507488
0 0.47227443609 0.232113144759 0.0253759398496 0.044925124792
0 0.476033834586 0.195507487521 0.0216165413534 0.0382695507488
0 0.460526315789 0.148918469218 0.0187969924812 0.0216306156406
0 0.475563909774 0.166389351082 0.0187969924812 0.0299500831947
0 0.515977443609 0.187188019967 0.0187969924812 0.0349417637271
0 0.531954887218 0.215474209651 0.0206766917293 0.044925124792
0 0.503289473684 0.13227953411 0.0122180451128 0.0249584026622
0 0.551221804511 0.15391014975 0.015977443609 0.0316139767055
0 0.578477443609 0.218801996672 0.0197368421053 0.044925124792
0 0.500939849624 0.294509151414 0.0263157894737 0.0565723793677
0 0.577067669173 0.29534109817 0.0300751879699 0.0648918469218
0 0.569078947368 0.124792013311 0.0140977443609 0.026622296173
0 0.587406015038 0.124792013311 0.0131578947368 0.0332778702163
0 0.584586466165 0.163893510815 0.0169172932331 0.0316139767055
0 0.600093984962 0.14309484193 0.015977443609 0.026622296173
0 0.618421052632 0.144758735441 0.0131578947368 0.026622296173
0 0.616541353383 0.116472545757 0.0112781954887 0.026622296173
0 0.649436090226 0.12146422629 0.0131578947368 0.0232945091514
0 0.644736842105 0.143926788686 0.015037593985 0.0249584026622
0 0.613251879699 0.198835274542 0.0178571428571 0.0316139767055
0 0.656954887218 0.179700499168 0.0169172932331 0.0332778702163
0 0.670112781955 0.198003327787 0.0206766917293 0.0366056572379
0 0.673872180451 0.153078202995 0.015037593985 0.0299500831947
0 0.681390977444 0.126455906822 0.015037593985 0.0332778702163
0 0.691729323308 0.147254575707 0.0169172932331 0.0316139767055
0 0.720864661654 0.166389351082 0.0169172932331 0.0366056572379
0 0.709586466165 0.153078202995 0.0112781954887 0.026622296173
0 0.699718045113 0.182196339434 0.0178571428571 0.0382695507488
0 0.626409774436 0.242928452579 0.0291353383459 0.0532445923461
0 0.612781954887 0.301164725458 0.031954887218 0.063227953411
0 0.661654135338 0.281198003328 0.0244360902256 0.0532445923461
0 0.704887218045 0.288685524126 0.0263157894737 0.0582362728785
0 0.725093984962 0.226289517471 0.0216165413534 0.0432612312812
0 0.735432330827 0.198835274542 0.0178571428571 0.0349417637271
0 0.74295112782 0.115640599002 0.015977443609 0.0316139767055
0 0.755639097744 0.135607321131 0.0169172932331 0.0349417637271
0 0.769736842105 0.128951747088 0.0131578947368 0.0316139767055
0 0.781484962406 0.14309484193 0.015977443609 0.026622296173
0 0.78007518797 0.171381031614 0.0187969924812 0.0366056572379
0 0.766447368421 0.167221297837 0.0140977443609 0.0316139767055
0 0.767857142857 0.20465890183 0.0206766917293 0.0432612312812
0 0.757988721805 0.240432612313 0.0234962406015 0.0515806988353
0 0.770206766917 0.280366056572 0.0272556390977 0.0582362728785
0 0.828007518797 0.208818635607 0.0225563909774 0.0482529118136
0 0.846334586466 0.321131447587 0.0328947368421 0.0565723793677
0 0.860902255639 0.237104825291 0.0225563909774 0.0482529118136
0 0.843045112782 0.195507487521 0.0187969924812 0.0415973377704
0 0.839285714286 0.153078202995 0.0169172932331 0.0332778702163
0 0.858552631579 0.159733777038 0.0140977443609 0.0432612312812
0 0.886748120301 0.162229617304 0.0140977443609 0.0316139767055
0 0.896146616541 0.158901830283 0.0103383458647 0.0216306156406
0 0.901315789474 0.182196339434 0.015037593985 0.0316139767055
0 0.893327067669 0.207986688852 0.0178571428571 0.0366056572379
0 0.908364661654 0.232945091514 0.0178571428571 0.0432612312812
0 0.920112781955 0.256239600666 0.0225563909774 0.0499168053245
