0 0.128880526811 0.345896147404 0.0244590780809 0.0452261306533
0 0.181561618062 0.485762144054 0.0489181561618 0.0904522613065
0 0.201787394167 0.408710217755 0.032925682032 0.0636515912898
0 0.198494825964 0.314070351759 0.0188146754468 0.0452261306533
0 0.227187206021 0.311557788945 0.0272812793979 0.0569514237856
0 0.246472248354 0.272194304858 0.0206961429915 0.0418760469012
0 0.261994355597 0.370184254606 0.0366886171214 0.0737018425461
0 0.356067732832 0.180067001675 0.0235183443086 0.0418760469012
0 0.430385700847 0.175041876047 0.0272812793979 0.0485762144054
0 0.549858889934 0.190954773869 0.0178739416745 0.0469011725293
0 0.678269049859 0.108877721943 0.0206961429915 0.0402010050251
0 0.76904985889 0.0753768844221 0.0178739416745 0.036850921273
0 0.710253998119 0.192629815745 0.0225776105362 0.0469011725293
0 0.830197554092 0.319095477387 0.0536218250235 0.102177554439
0 0.830667920978 0.267169179229 0.0413922859831 0.0753768844221
