0 0.0363288718929 0.418624161074 0.0363288718929 0.0721476510067
0 0.254780114723 0.279362416107 0.0162523900574 0.0318791946309
0 0.287284894837 0.270134228188 0.0181644359465 0.0369127516779
0 0.311663479924 0.276845637584 0.0152963671128 0.0302013422819
0 0.321701720841 0.244966442953 0.0143403441683 0.0335570469799
0 0.311185468451 0.224832214765 0.0162523900574 0.0234899328859
0 0.343212237094 0.277684563758 0.0172084130019 0.0352348993289
0 0.398183556405 0.292785234899 0.0258126195029 0.0486577181208
0 0.345602294455 0.220637583893 0.0162523900574 0.0318791946309
0 0.374282982792 0.207214765101 0.0143403441683 0.0318791946309
0 0.388145315488 0.205536912752 0.0172084130019 0.0453020134228
0 0.429254302103 0.218959731544 0.0172084130019 0.0318791946309
0 0.459369024857 0.223993288591 0.0143403441683 0.0285234899329
0 0.488527724665 0.224832214765 0.019120458891 0.0335570469799
0 0.500478011472 0.194630872483 0.0143403441683 0.0302013422819
0 0.484225621415 0.19211409396 0.0143403441683 0.0318791946309
0 0.454588910134 0.170302013423 0.0162523900574 0.0285234899329
0 0.445506692161 0.189597315436 0.0172084130019 0.0268456375839
0 0.429254302103 0.181208053691 0.0172084130019 0.0234899328859
0 0.456978967495 0.140100671141 0.0114722753346 0.0251677852349
0 0.480879541109 0.159395973154 0.0133843212237 0.0268456375839
0 0.48948374761 0.127516778523 0.00764818355641 0.0167785234899
0 0.478489483748 0.140100671141 0.0124282982792 0.0151006711409
0 0.512428298279 0.16610738255 0.0133843212237 0.0201342281879
0 0.522466539197 0.151845637584 0.0124282982792 0.0251677852349
0 0.542543021033 0.159395973154 0.0143403441683 0.0302013422819
0 0.553059273423 0.192953020134 0.0143403441683 0.0335570469799
0 0.542543021033 0.131711409396 0.0124282982792 0.0318791946309
0 0.565965583174 0.136744966443 0.0133843212237 0.0251677852349
0 0.570745697897 0.106543624161 0.0114722753346 0.0218120805369
0 0.586998087954 0.148489932886 0.0133843212237 0.0251677852349
0 0.583173996176 0.172818791946 0.0133843212237 0.0234899328859
0 0.590822179732 0.124161073826 0.0114722753346 0.0234899328859
0 0.627629063098 0.136744966443 0.0124282982792 0.0285234899329
0 0.616634799235 0.114093959732 0.0133843212237 0.0268456375839
0 0.612810707457 0.0914429530201 0.0114722753346 0.0218120805369
0 0.630019120459 0.0931208053691 0.0114722753346 0.0251677852349
0 0.646749521989 0.0998322147651 0.0105162523901 0.0318791946309
0 0.656309751434 0.107382550336 0.0124282982792 0.0268456375839
0 0.679254302103 0.119127516779 0.0124282982792 0.0302013422819
0 0.48326959847 0.306208053691 0.0239005736138 0.0520134228188
0 0.567399617591 0.286073825503 0.0239005736138 0.0553691275168
0 0.574569789675 0.239932885906 0.019120458891 0.0436241610738
0 0.616634799235 0.255033557047 0.0210325047801 0.0469798657718
0 0.597036328872 0.352348993289 0.027724665392 0.0604026845638
0 0.682600382409 0.328859060403 0.0286806883365 0.0570469798658
0 0.66586998088 0.253355704698 0.0219885277247 0.0436241610738
0 0.612810707457 0.207214765101 0.019120458891 0.0352348993289
0 0.663479923518 0.176174496644 0.0172084130019 0.0402684563758
0 0.675430210325 0.198825503356 0.0200764818356 0.0453020134228
0 0.70793499044 0.21644295302 0.0181644359465 0.0436241610738
0 0.715105162524 0.294463087248 0.0248565965583 0.0520134228188
0 0.785850860421 0.287751677852 0.0229445506692 0.0553691275168
0 0.765774378585 0.244966442953 0.0229445506692 0.0469798657718
0 0.757648183556 0.186241610738 0.0181644359465 0.0402684563758
0 0.711281070746 0.173657718121 0.0152963671128 0.0352348993289
0 0.690248565966 0.150167785235 0.0133843212237 0.0318791946309
0 0.736137667304 0.161912751678 0.0152963671128 0.0385906040268
0 0.715583173996 0.138422818792 0.0181644359465 0.0352348993289
0 0.710803059273 0.0973154362416 0.0162523900574 0.0369127516779
0 0.744263862333 0.116610738255 0.0143403441683 0.0285234899329
0 0.754780114723 0.143456375839 0.0162523900574 0.0285234899329
0 0.756692160612 0.116610738255 0.0143403441683 0.0251677852349
0 0.78154875717 0.119127516779 0.0143403441683 0.0302013422819
0 0.79206500956 0.110738255034 0.0124282982792 0.0302013422819
0 0.783460803059 0.161073825503 0.0162523900574 0.0369127516779
0 0.810229445507 0.181208053691 0.0181644359465 0.0369127516779
0 0.810229445507 0.128355704698 0.0124282982792 0.0318791946309
0 0.830783938815 0.119127516779 0.0133843212237 0.0268456375839
0 0.842256214149 0.128355704698 0.0114722753346 0.0318791946309
0 0.833173996176 0.156879194631 0.0124282982792 0.0352348993289
0 0.856596558317 0.182046979866 0.0152963671128 0.0419463087248
0 0.864722753346 0.151006711409 0.0162523900574 0.0402684563758
0 0.883365200765 0.133389261745 0.0114722753346 0.0251677852349
0 0.879063097514 0.152684563758 0.0105162523901 0.0302013422819
0 0.891969407266 0.181208053691 0.0133843212237 0.0369127516779
0 0.876673040153 0.213087248322 0.0152963671128 0.0402684563758
0 0.902963671128 0.16610738255 0.0124282982792 0.0335570469799
0 0.905831739962 0.131711409396 0.0124282982792 0.0352348993289
0 0.931644359465 0.28355704698 0.0181644359465 0.0536912751678
0 0.936424474187 0.186241610738 0.0143403441683 0.0335570469799
0 0.950286806883 0.154362416107 0.0133843212237 0.0335570469799
0 0.940726577438 0.152684563758 0.00764818355641 0.0234899328859
