0 0.219876416066 0.359519408503 0.038105046344 0.086876155268
0 0.175077239959 0.20887245841 0.0185375901133 0.0406654343808
0 0.368177136972 0.210720887246 0.038105046344 0.0591497227357
0 0.414006179197 0.189463955638 0.0226570545829 0.0646950092421
0 0.63079299691 0.215341959335 0.0257466529351 0.0351201478743
0 0.439237899073 0.144177449168 0.0133882595263 0.0221811460259
0 0.462409886715 0.141404805915 0.0144181256437 0.0240295748614
0 0.489186405767 0.140480591497 0.0123583934089 0.0258780036969
0 0.520597322348 0.128465804067 0.0175077239959 0.0277264325323
0 0.451081359423 0.171903881701 0.0144181256437 0.0221811460259
0 0.495365602472 0.19685767098 0.0144181256437 0.0277264325323
0 0.479402677652 0.192236598891 0.0175077239959 0.0295748613678
0 0.719361483007 0.198706099815 0.0154479917611 0.0425138632163
0 0.698764160659 0.174676524954 0.0154479917611 0.0351201478743
0 0.63903192585 0.12292051756 0.0133882595263 0.0277264325323
0 0.654994850669 0.128465804067 0.0123583934089 0.0351201478743
0 0.727085478888 0.154343807763 0.010298661174 0.0277264325323
0 0.73789907312 0.183918669131 0.0195674562307 0.0277264325323
0 0.774459320288 0.148798521257 0.0144181256437 0.0277264325323
0 0.811534500515 0.144177449168 0.0144181256437 0.0332717190388
0 0.790422245108 0.182994454713 0.0133882595263 0.0369685767098
0 0.827497425335 0.182070240296 0.0154479917611 0.0277264325323
0 0.808959835221 0.177449168207 0.0175077239959 0.0295748613678
0 0.868692070031 0.29112754159 0.0175077239959 0.0462107208872
0 0.932028836251 0.238447319778 0.0164778578785 0.0332717190388
0 0.899588053553 0.170979667283 0.0133882595263 0.0314232902033
0 0.934603501545 0.190388170055 0.0133882595263 0.0295748613678
0 0.975283213182 0.182070240296 0.0185375901133 0.0425138632163
