0 0.871842843779 0.121666666667 0.0112254443405 0.0266666666667
0 0.901777362021 0.1275 0.00935453695042 0.025
0 0.930776426567 0.140833333333 0.00748362956034 0.0216666666667
0 0.928905519177 0.155 0.0112254443405 0.0266666666667
0 0.919550982226 0.203333333333 0.0149672591207 0.0366666666667
0 0.922825070159 0.265 0.0177736202058 0.05
0 0.864826941066 0.149166666667 0.0140318054256 0.0316666666667
0 0.891487371375 0.178333333333 0.0130963517306 0.03
0 0.88119738073 0.195833333333 0.0149672591207 0.035
0 0.869036482694 0.216666666667 0.0149672591207 0.0433333333333
0 0.852198316183 0.186666666667 0.0130963517306 0.0366666666667
0 0.847521047708 0.15 0.0149672591207 0.0366666666667
0 0.83208606174 0.136666666667 0.0140318054256 0.0333333333333
0 0.750701590271 0.11 0.0102899906455 0.0266666666667
0 0.732927970065 0.116666666667 0.0121608980355 0.0266666666667
0 0.739476145931 0.1325 0.0140318054256 0.035
0 0.756782039289 0.136666666667 0.0112254443405 0.03
0 0.793732460243 0.1175 0.0102899906455 0.0283333333333
0 0.786248830683 0.130833333333 0.0121608980355 0.0316666666667
0 0.799345182413 0.175 0.0159027128157 0.0366666666667
0 0.814780168382 0.17 0.0130963517306 0.0366666666667
0 0.770346117867 0.219166666667 0.0177736202058 0.055
0 0.778765201123 0.289166666667 0.021515434986 0.0583333333333
0 0.734798877456 0.180833333333 0.0159027128157 0.0416666666667
0 0.703928905519 0.129166666667 0.0140318054256 0.0383333333333
0 0.688961646399 0.0983333333333 0.0121608980355 0.03
0 0.66417212348 0.126666666667 0.0130963517306 0.03
0 0.683348924228 0.145 0.0140318054256 0.0366666666667
0 0.682881197381 0.181666666667 0.0187090739008 0.0466666666667
0 0.698316183349 0.220833333333 0.021515434986 0.0483333333333
0 0.707202993452 0.285833333333 0.0243217960711 0.0516666666667
0 0.65855940131 0.249166666667 0.0205799812909 0.045
0 0.660898035547 0.205 0.0196445275959 0.0433333333333
0 0.644059869036 0.175 0.0159027128157 0.04
0 0.670252572498 0.330833333333 0.0289990645463 0.0616666666667
0 0.608980355472 0.1975 0.0187090739008 0.0416666666667
0 0.593077642657 0.251666666667 0.0205799812909 0.0466666666667
0 0.568755846586 0.24 0.0168381665108 0.0433333333333
0 0.56033676333 0.2925 0.0205799812909 0.055
0 0.608044901777 0.325 0.0280636108513 0.0566666666667
0 0.623479887746 0.0958333333333 0.0121608980355 0.0283333333333
0 0.638447146866 0.0991666666667 0.0102899906455 0.0216666666667
0 0.639850327409 0.1225 0.00935453695042 0.0283333333333
0 0.610851262862 0.115833333333 0.0112254443405 0.025
0 0.62067352666 0.1375 0.0140318054256 0.035
0 0.592142188962 0.0975 0.0112254443405 0.0283333333333
0 0.560804490178 0.105 0.0102899906455 0.0233333333333
0 0.584658559401 0.154166666667 0.0149672591207 0.0316666666667
0 0.548175865295 0.150833333333 0.0130963517306 0.035
0 0.525257249766 0.136666666667 0.0140318054256 0.03
0 0.45088868101 0.140833333333 0.00935453695042 0.0216666666667
0 0.454162768943 0.164166666667 0.0102899906455 0.025
0 0.478952291862 0.16 0.0112254443405 0.03
0 0.475210477081 0.143333333333 0.00935453695042 0.02
0 0.512628624883 0.168333333333 0.0149672591207 0.0266666666667
0 0.538821328344 0.191666666667 0.0149672591207 0.0366666666667
0 0.485968194574 0.195833333333 0.0140318054256 0.0316666666667
0 0.464920486436 0.189166666667 0.0130963517306 0.0316666666667
0 0.409260991581 0.16 0.00841908325538 0.02
0 0.430308699719 0.166666666667 0.0112254443405 0.03
0 0.38868101029 0.195 0.0121608980355 0.0266666666667
0 0.418615528531 0.215 0.0159027128157 0.0333333333333
0 0.448550046773 0.215833333333 0.0159027128157 0.0416666666667
0 0.435453695042 0.2725 0.021515434986 0.0516666666667
0 0.469597754911 0.244166666667 0.0187090739008 0.045
0 0.484097287184 0.290833333333 0.0196445275959 0.0516666666667
0 0.341908325538 0.216666666667 0.0159027128157 0.0333333333333
0 0.354536950421 0.229166666667 0.0168381665108 0.025
0 0.368568755847 0.245833333333 0.0187090739008 0.0316666666667
0 0.342376052385 0.279166666667 0.0149672591207 0.0383333333333
0 0.32834424696 0.264166666667 0.0168381665108 0.0416666666667
0 0.310570626754 0.239166666667 0.0130963517306 0.025
0 0.303086997194 0.254166666667 0.0168381665108 0.0316666666667
0 0.257249766137 0.281666666667 0.0130963517306 0.0233333333333
0 0.27923292797 0.2725 0.0140318054256 0.025
0 0.0594013096352 0.511666666667 0.0458372310571 0.106666666667
0 0.812909260992 0.133333333333 0.00935453695042 0.02
