0 0.201236917222 0.458609271523 0.0542340627973 0.0993377483444
0 0.259276879163 0.426324503311 0.0485252140818 0.104304635762
0 0.237392959087 0.238410596026 0.023786869648 0.046357615894
0 0.355851569933 0.269039735099 0.0190294957184 0.044701986755
0 0.374405328259 0.259933774834 0.0199809705043 0.0397350993377
0 0.426736441484 0.229304635762 0.0218839200761 0.0380794701987
0 0.449571836346 0.229304635762 0.0199809705043 0.0413907284768
0 0.44053282588 0.28559602649 0.0266412940057 0.044701986755
0 0.500951474786 0.292218543046 0.0409134157945 0.0645695364238
0 0.460038058991 0.187086092715 0.0180780209324 0.0364238410596
0 0.483349191246 0.192880794702 0.0190294957184 0.0413907284768
0 0.467174119886 0.155629139073 0.011417697431 0.0298013245033
0 0.476688867745 0.148178807947 0.0133206470029 0.0281456953642
0 0.484776403425 0.16142384106 0.0161750713606 0.0248344370861
0 0.493339676499 0.127483443709 0.0142721217888 0.0298013245033
0 0.514747859182 0.0711920529801 0.00951474785918 0.023178807947
0 0.528544243578 0.163907284768 0.0180780209324 0.0397350993377
0 0.540437678402 0.140728476821 0.0152235965747 0.0331125827815
0 0.568030447193 0.151490066225 0.0152235965747 0.0347682119205
0 0.54662226451 0.194536423841 0.0218839200761 0.0413907284768
0 0.596098953378 0.150662251656 0.0161750713606 0.0397350993377
0 0.671265461465 0.243377483444 0.0275927687916 0.0562913907285
0 0.726926736441 0.28559602649 0.0304471931494 0.0579470198675
0 0.775451950523 0.293046357616 0.0323501427212 0.0562913907285
0 0.693625118934 0.164735099338 0.0190294957184 0.0380794701987
0 0.72835394862 0.150662251656 0.0180780209324 0.0364238410596
0 0.757849666984 0.0604304635762 0.0161750713606 0.0347682119205
0 0.748810656518 0.16059602649 0.0152235965747 0.0331125827815
0 0.75880114177 0.144039735099 0.0180780209324 0.0298013245033
0 0.77164605138 0.173841059603 0.0171265461465 0.0430463576159
0 0.813986679353 0.188741721854 0.0180780209324 0.0364238410596
0 0.827783063749 0.12582781457 0.0152235965747 0.0364238410596
0 0.915794481446 0.0827814569536 0.0180780209324 0.0397350993377
0 0.888677450048 0.226821192053 0.0209324452902 0.046357615894
