0 0.0870098039216 0.577678571429 0.0547385620915 0.123214285714
0 0.183823529412 0.302678571429 0.0196078431373 0.0517857142857
0 0.212009803922 0.299107142857 0.0236928104575 0.0589285714286
0 0.254493464052 0.251785714286 0.0171568627451 0.0464285714286
0 0.294934640523 0.253571428571 0.0212418300654 0.0464285714286
0 0.295343137255 0.219642857143 0.0187908496732 0.0392857142857
0 0.318218954248 0.238392857143 0.0220588235294 0.0553571428571
0 0.339052287582 0.220535714286 0.0179738562092 0.0375
0 0.35089869281 0.207142857143 0.0138888888889 0.0357142857143
0 0.379901960784 0.199107142857 0.0147058823529 0.0375
0 0.377450980392 0.25625 0.016339869281 0.0446428571429
0 0.357434640523 0.277678571429 0.0187908496732 0.0589285714286
0 0.427696078431 0.323214285714 0.0220588235294 0.0571428571429
0 0.424428104575 0.198214285714 0.0187908496732 0.0428571428571
0 0.422794117647 0.175892857143 0.0171568627451 0.0339285714286
0 0.445261437908 0.170535714286 0.0130718954248 0.0375
0 0.456290849673 0.178571428571 0.0122549019608 0.0392857142857
0 0.462009803922 0.257142857143 0.0220588235294 0.0642857142857
0 0.490604575163 0.214285714286 0.0204248366013 0.0428571428571
0 0.470588235294 0.182142857143 0.0179738562092 0.0464285714286
0 0.484885620915 0.158928571429 0.015522875817 0.0428571428571
0 0.510212418301 0.175892857143 0.0171568627451 0.0410714285714
0 0.543709150327 0.229464285714 0.0171568627451 0.0482142857143
0 0.545343137255 0.140178571429 0.0138888888889 0.0446428571429
0 0.552696078431 0.160714285714 0.015522875817 0.0357142857143
0 0.568218954248 0.1375 0.015522875817 0.0392857142857
0 0.574346405229 0.208035714286 0.0196078431373 0.0446428571429
0 0.574346405229 0.182142857143 0.0179738562092 0.0392857142857
0 0.587826797386 0.129464285714 0.015522875817 0.0339285714286
0 0.595996732026 0.197321428571 0.015522875817 0.0410714285714
0 0.615196078431 0.207142857143 0.016339869281 0.0428571428571
0 0.598447712418 0.158928571429 0.0171568627451 0.0357142857143
0 0.621323529412 0.133035714286 0.0138888888889 0.0375
0 0.65114379085 0.148214285714 0.0147058823529 0.0392857142857
0 0.650735294118 0.186607142857 0.0106209150327 0.0375
0 0.65931372549 0.135714285714 0.0114379084967 0.0321428571429
0 0.682189542484 0.16875 0.0179738562092 0.0410714285714
0 0.684232026144 0.141964285714 0.0138888888889 0.0339285714286
0 0.705065359477 0.166071428571 0.0114379084967 0.0357142857143
0 0.689133986928 0.220535714286 0.015522875817 0.0482142857143
0 0.663807189542 0.244642857143 0.0204248366013 0.0607142857143
0 0.614787581699 0.311607142857 0.0236928104575 0.0517857142857
0 0.569444444444 0.346428571429 0.0277777777778 0.0607142857143
0 0.603758169935 0.382142857143 0.0277777777778 0.0714285714286
0 0.651552287582 0.419642857143 0.0285947712418 0.0607142857143
0 0.71568627451 0.415178571429 0.031045751634 0.0732142857143
0 0.72181372549 0.295535714286 0.0204248366013 0.0553571428571
0 0.748366013072 0.303571428571 0.0212418300654 0.0607142857143
0 0.737745098039 0.240178571429 0.0196078431373 0.0446428571429
0 0.738562091503 0.202678571429 0.016339869281 0.0375
0 0.765931372549 0.196428571429 0.0138888888889 0.0464285714286
0 0.775326797386 0.21875 0.0147058823529 0.0446428571429
0 0.786764705882 0.283928571429 0.0212418300654 0.0607142857143
0 0.809640522876 0.3125 0.0245098039216 0.0607142857143
0 0.81658496732 0.241071428571 0.0171568627451 0.0464285714286
0 0.805555555556 0.199107142857 0.016339869281 0.0553571428571
0 0.837418300654 0.227678571429 0.0147058823529 0.0410714285714
0 0.868055555556 0.244642857143 0.015522875817 0.0428571428571
0 0.874183006536 0.238392857143 0.0147058823529 0.0375
0 0.90114379085 0.241071428571 0.016339869281 0.0392857142857
0 0.897058823529 0.275 0.016339869281 0.0392857142857
0 0.884395424837 0.297321428571 0.0187908496732 0.0482142857143
0 0.859477124183 0.357142857143 0.0179738562092 0.0535714285714
0 0.870506535948 0.333035714286 0.0171568627451 0.0410714285714
0 0.884803921569 0.417857142857 0.0228758169935 0.0714285714286
0 0.862745098039 0.509821428571 0.0261437908497 0.0875
0 0.792075163399 0.483035714286 0.0351307189542 0.0946428571429
0 0.950571895425 0.496428571429 0.0204248366013 0.075
0 0.94362745098 0.402678571429 0.0228758169935 0.0696428571429
0 0.921568627451 0.349107142857 0.0212418300654 0.0625
0 0.928104575163 0.284821428571 0.0147058823529 0.0446428571429
0 0.944852941176 0.255357142857 0.015522875817 0.0464285714286
0 0.985702614379 0.280357142857 0.0171568627451 0.0464285714286
0 0.970588235294 0.322321428571 0.0130718954248 0.0339285714286
0 0.97181372549 0.383035714286 0.0171568627451 0.0553571428571
0 0.972222222222 0.348214285714 0.0147058823529 0.0357142857143
