0 0.189710610932 0.246168582375 0.021436227224 0.044061302682
0 0.302250803859 0.225095785441 0.0150053590568 0.0287356321839
0 0.34833869239 0.187739463602 0.0128617363344 0.0306513409962
0 0.420685959271 0.256704980843 0.016077170418 0.0383141762452
0 0.407288317256 0.196360153257 0.0150053590568 0.0325670498084
0 0.440514469453 0.224137931034 0.0171489817792 0.0268199233716
0 0.443193997856 0.170498084291 0.0117899249732 0.0306513409962
0 0.476956055734 0.17337164751 0.0171489817792 0.0402298850575
0 0.451232583065 0.134099616858 0.0128617363344 0.0229885057471
0 0.538049303323 0.182950191571 0.0150053590568 0.0325670498084
0 0.542336548767 0.159961685824 0.0150053590568 0.0287356321839
0 0.622186495177 0.115900383142 0.0117899249732 0.0287356321839
0 0.62486602358 0.300766283525 0.0235798499464 0.0613026819923
0 0.657556270096 0.362068965517 0.0310825294748 0.0689655172414
0 0.620042872454 0.2030651341 0.0182207931404 0.0421455938697
0 0.662379421222 0.210727969349 0.0192926045016 0.0383141762452
0 0.657556270096 0.174329501916 0.0139335476956 0.0268199233716
0 0.717041800643 0.0727969348659 0.0128617363344 0.0268199233716
0 0.719721329046 0.227011494253 0.0182207931404 0.0402298850575
0 0.661843515541 0.289272030651 0.0182207931404 0.0383141762452
0 0.792068595927 0.340038314176 0.0407288317256 0.0862068965517
0 0.81243301179 0.253831417625 0.0171489817792 0.0402298850575
0 0.855305466238 0.255747126437 0.0192926045016 0.0478927203065
0 0.921757770632 0.217432950192 0.0150053590568 0.036398467433
0 0.986602357985 0.235632183908 0.0225080385852 0.0689655172414
0 0.987674169346 0.318007662835 0.0203644158628 0.0804597701149
