0 0.105089538172 0.421008403361 0.0424128180961 0.0857142857143
0 0.298774740811 0.216806722689 0.0150801131008 0.036974789916
0 0.311969839774 0.232773109244 0.0188501413761 0.0352941176471
0 0.325164938737 0.246218487395 0.0188501413761 0.0420168067227
0 0.352968897267 0.246218487395 0.0235626767201 0.0420168067227
0 0.329877474081 0.188235294118 0.0169651272385 0.036974789916
0 0.336475023563 0.205882352941 0.0188501413761 0.0319327731092
0 0.359095193214 0.191596638655 0.0188501413761 0.0403361344538
0 0.3972667295 0.2 0.0160226201697 0.0336134453782
0 0.38548539114 0.249579831933 0.0188501413761 0.0453781512605
0 0.413760603205 0.247058823529 0.0245051837889 0.0504201680672
0 0.420358152686 0.210084033613 0.0188501413761 0.0436974789916
0 0.441564561734 0.227731092437 0.0235626767201 0.0420168067227
0 0.385014137606 0.205042016807 0.014137606032 0.0403361344538
0 0.485862393968 0.223529411765 0.0179076343073 0.036974789916
0 0.429783223374 0.166386554622 0.0150801131008 0.0336134453782
0 0.433553251649 0.143697478992 0.0188501413761 0.0352941176471
0 0.446748350613 0.170588235294 0.0150801131008 0.0319327731092
0 0.459943449576 0.158823529412 0.0131950989632 0.0319327731092
0 0.471253534402 0.143697478992 0.0150801131008 0.0352941176471
0 0.495287464656 0.179831932773 0.0160226201697 0.0336134453782
0 0.52356267672 0.18487394958 0.0160226201697 0.0336134453782
0 0.494816211122 0.152100840336 0.0131950989632 0.0285714285714
0 0.508953817154 0.146218487395 0.0131950989632 0.0268907563025
0 0.505655042413 0.117647058824 0.014137606032 0.0235294117647
0 0.52780395853 0.129411764706 0.0131950989632 0.0268907563025
0 0.545240339303 0.126890756303 0.014137606032 0.0285714285714
0 0.553722902922 0.18487394958 0.014137606032 0.036974789916
0 0.546182846371 0.167226890756 0.0122525918944 0.0252100840336
0 0.564561734213 0.153781512605 0.0131950989632 0.0319327731092
0 0.549952874647 0.147058823529 0.0122525918944 0.0218487394958
0 0.575871819039 0.127731092437 0.0131950989632 0.0302521008403
0 0.581526861451 0.11512605042 0.0113100848256 0.0252100840336
0 0.586239396795 0.16974789916 0.0188501413761 0.0336134453782
0 0.6178133836 0.156302521008 0.0160226201697 0.0302521008403
0 0.597078228087 0.134453781513 0.0179076343073 0.0302521008403
0 0.607917059378 0.114285714286 0.0113100848256 0.0235294117647
0 0.623939679548 0.125210084034 0.0150801131008 0.0319327731092
0 0.6616399623 0.123529411765 0.0150801131008 0.0252100840336
0 0.660697455231 0.103361344538 0.0131950989632 0.0285714285714
0 0.686145146089 0.126050420168 0.0150801131008 0.0302521008403
0 0.694156456173 0.110084033613 0.014137606032 0.0252100840336
0 0.714420358153 0.110924369748 0.0150801131008 0.0336134453782
0 0.69274269557 0.156302521008 0.0188501413761 0.036974789916
0 0.721960414703 0.158823529412 0.0169651272385 0.0386554621849
0 0.709707822809 0.18487394958 0.0188501413761 0.0403361344538
0 0.714891611687 0.217647058824 0.0197926484449 0.0453781512605
0 0.687087653157 0.235294117647 0.0226201696513 0.0470588235294
0 0.675777568332 0.196638655462 0.0188501413761 0.0436974789916
0 0.627709707823 0.234453781513 0.0226201696513 0.0487394957983
0 0.619698397738 0.200840336134 0.0179076343073 0.0352941176471
0 0.572573044298 0.239495798319 0.0273327049953 0.0521008403361
0 0.503770028275 0.279831932773 0.0311027332705 0.0588235294118
0 0.553251649387 0.297478991597 0.0339302544769 0.0705882352941
0 0.6027332705 0.331932773109 0.0254476908577 0.072268907563
0 0.66918001885 0.339495798319 0.0358152686145 0.0739495798319
0 0.727615457116 0.296638655462 0.0245051837889 0.0588235294118
0 0.764844486334 0.244537815126 0.0235626767201 0.0487394957983
0 0.754948162111 0.190756302521 0.0188501413761 0.0420168067227
0 0.755419415646 0.153781512605 0.014137606032 0.0252100840336
0 0.747879359095 0.131932773109 0.014137606032 0.0319327731092
0 0.773798303487 0.13781512605 0.0131950989632 0.0336134453782
0 0.789820923657 0.155462184874 0.0169651272385 0.0352941176471
0 0.80725730443 0.155462184874 0.0160226201697 0.0386554621849
0 0.793119698398 0.236134453782 0.0216776625825 0.0521008403361
0 0.820452403393 0.242857142857 0.0197926484449 0.0521008403361
0 0.787464655985 0.297478991597 0.0235626767201 0.0571428571429
0 0.745051837889 0.385714285714 0.0311027332705 0.0789915966387
0 0.80725730443 0.425210084034 0.0386427898209 0.0739495798319
0 0.84260131951 0.319327731092 0.0301602262017 0.0638655462185
0 0.871347785108 0.255462184874 0.0197926484449 0.0470588235294
0 0.887370405278 0.226890756303 0.0160226201697 0.0470588235294
0 0.888312912347 0.431092436975 0.0329877474081 0.0823529411765
0 0.909048067861 0.341176470588 0.0273327049953 0.0705882352941
0 0.918001885014 0.279831932773 0.0226201696513 0.0554621848739
0 0.931668237512 0.226890756303 0.0179076343073 0.053781512605
