0 0.16852367688 0.348080133556 0.0362116991643 0.0651085141903
0 0.157845868152 0.37061769616 0.0297121634169 0.0601001669449
0 0.259517177344 0.28714524207 0.0157845868152 0.0367278797997
0 0.309192200557 0.247913188648 0.0185701021356 0.0350584307179
0 0.296193129062 0.274624373957 0.016713091922 0.0350584307179
0 0.336118848654 0.28714524207 0.0222841225627 0.0400667779633
0 0.33426183844 0.217028380634 0.0129990714949 0.0267111853088
0 0.347260909935 0.218697829716 0.0148560817084 0.0267111853088
0 0.353760445682 0.247913188648 0.016713091922 0.0317195325543
0 0.382079851439 0.214524207012 0.0194986072423 0.0417362270451
0 0.408077994429 0.175292153589 0.0157845868152 0.0267111853088
0 0.423398328691 0.189482470785 0.0204271123491 0.0350584307179
0 0.426183844011 0.227879799666 0.0204271123491 0.0450751252087
0 0.452181987001 0.230383973289 0.0185701021356 0.0367278797997
0 0.471680594243 0.257929883139 0.0259981429898 0.0450751252087
0 0.44800371402 0.193656093489 0.0194986072423 0.0333889816361
0 0.453574744661 0.178631051753 0.0176415970288 0.0300500834725
0 0.465181058496 0.161101836394 0.0129990714949 0.0283806343907
0 0.480037140204 0.193656093489 0.0222841225627 0.0400667779633
0 0.514391829155 0.214524207012 0.0222841225627 0.0383973288815
0 0.483286908078 0.133555926544 0.0120705663881 0.0267111853088
0 0.508820798514 0.15776293823 0.0204271123491 0.0350584307179
0 0.538997214485 0.131051752922 0.0139275766017 0.0283806343907
0 0.556638811513 0.132721202003 0.0139275766017 0.0283806343907
0 0.550139275766 0.161936560935 0.0194986072423 0.0400667779633
0 0.566388115135 0.16694490818 0.0204271123491 0.0367278797997
0 0.570102135562 0.132721202003 0.016713091922 0.0317195325543
0 0.614670380687 0.14774624374 0.0204271123491 0.0350584307179
0 0.592850510678 0.123539232053 0.0157845868152 0.0300500834725
0 0.592386258124 0.101001669449 0.0148560817084 0.0283806343907
0 0.605385329619 0.0667779632721 0.0129990714949 0.0267111853088
0 0.632311977716 0.0767946577629 0.016713091922 0.0333889816361
0 0.663416898793 0.0709515859766 0.0157845868152 0.0283806343907
0 0.485608170845 0.306343906511 0.0297121634169 0.0517529215359
0 0.532497678737 0.353088480801 0.0269266480966 0.0484140233723
0 0.565459610028 0.248747913189 0.0204271123491 0.0467445742905
0 0.603528319406 0.272120200334 0.0222841225627 0.0500834724541
0 0.632776230269 0.208681135225 0.025069637883 0.0467445742905
0 0.659702878366 0.215358931553 0.0213556174559 0.0500834724541
0 0.662488393686 0.183639398998 0.0194986072423 0.0367278797997
0 0.686629526462 0.154424040067 0.0176415970288 0.0350584307179
0 0.692200557103 0.191151919866 0.0176415970288 0.0383973288815
0 0.685701021356 0.220367278798 0.0232126276695 0.0400667779633
0 0.654131847725 0.303005008347 0.0269266480966 0.0517529215359
0 0.593314763231 0.356427378965 0.0315691736305 0.0684474123539
0 0.66295264624 0.363939899833 0.0315691736305 0.0701168614357
0 0.727948003714 0.287979966611 0.0278551532033 0.0584307178631
0 0.751624883937 0.267111853088 0.0232126276695 0.0500834724541
0 0.742804085422 0.184474123539 0.0185701021356 0.0383973288815
0 0.722376973073 0.172787979967 0.0222841225627 0.0383973288815
0 0.744196843083 0.14774624374 0.0176415970288 0.0317195325543
0 0.736304549675 0.12938230384 0.0148560817084 0.0317195325543
0 0.754410399257 0.171118530885 0.0176415970288 0.0350584307179
0 0.764623955432 0.132721202003 0.0176415970288 0.0417362270451
0 0.777623026927 0.125208681135 0.0139275766017 0.0400667779633
0 0.790622098422 0.14858096828 0.0139275766017 0.0333889816361
0 0.80269266481 0.146076794658 0.0139275766017 0.0283806343907
0 0.786908077994 0.196160267112 0.0194986072423 0.0383973288815
0 0.802228412256 0.25041736227 0.0222841225627 0.0534223706177
0 0.782729805014 0.316360601002 0.0241411327762 0.0517529215359
0 0.819870009285 0.162771285476 0.0148560817084 0.0350584307179
0 0.829619312906 0.143572621035 0.0139275766017 0.0367278797997
0 0.843082636955 0.146911519199 0.016713091922 0.0300500834725
0 0.857938718663 0.152754590985 0.0148560817084 0.0350584307179
0 0.846796657382 0.176961602671 0.0204271123491 0.0434056761269
0 0.865831012071 0.244574290484 0.0194986072423 0.0417362270451
0 0.882079851439 0.181969949917 0.0204271123491 0.0467445742905
0 0.892293407614 0.139398998331 0.0129990714949 0.0283806343907
0 0.855617455896 0.132721202003 0.0120705663881 0.025041736227
0 0.922934076137 0.158597662771 0.0111420612813 0.0300500834725
0 0.91922005571 0.202003338898 0.016713091922 0.0400667779633
0 0.909470752089 0.28714524207 0.0232126276695 0.0534223706177
0 0.885793871866 0.175292153589 0.0148560817084 0.0400667779633
