0 0.149377593361 0.339122486289 0.0373443983402 0.0786106032907
0 0.320020746888 0.206581352834 0.0155601659751 0.0329067641682
0 0.374481327801 0.234003656307 0.0186721991701 0.036563071298
0 0.389004149378 0.209323583181 0.0145228215768 0.0274223034735
0 0.408713692946 0.263254113346 0.0186721991701 0.0402193784278
0 0.379668049793 0.188299817185 0.0145228215768 0.0329067641682
0 0.386410788382 0.167276051188 0.0134854771784 0.0237659963437
0 0.419605809129 0.17915904936 0.0134854771784 0.0219378427788
0 0.414419087137 0.213893967093 0.0134854771784 0.0292504570384
0 0.447614107884 0.210237659963 0.0176348547718 0.036563071298
0 0.445539419087 0.17550274223 0.0155601659751 0.0292504570384
0 0.422199170124 0.156307129799 0.0103734439834 0.0237659963437
0 0.470954356846 0.183729433272 0.0165975103734 0.0310786106033
0 0.464211618257 0.157221206581 0.0134854771784 0.0219378427788
0 0.479771784232 0.14533820841 0.0114107883817 0.0201096892139
0 0.470954356846 0.13071297989 0.0103734439834 0.0237659963437
0 0.492738589212 0.127970749543 0.0103734439834 0.0255941499086
0 0.508298755187 0.193784277879 0.0165975103734 0.0329067641682
0 0.495850622407 0.223034734918 0.0186721991701 0.036563071298
0 0.540456431535 0.194698354662 0.0165975103734 0.0310786106033
0 0.523340248963 0.166361974406 0.0134854771784 0.0292504570384
0 0.530601659751 0.148080438757 0.0134854771784 0.0255941499086
0 0.552385892116 0.129798903108 0.0114107883817 0.0255941499086
0 0.573132780083 0.115173674589 0.0114107883817 0.0255941499086
0 0.586099585062 0.166361974406 0.0145228215768 0.0329067641682
0 0.573651452282 0.152650822669 0.0124481327801 0.0310786106033
0 0.598029045643 0.131627056673 0.0155601659751 0.0292504570384
0 0.623443983402 0.140767824497 0.0124481327801 0.0255941499086
0 0.61255186722 0.109689213894 0.00933609958506 0.0219378427788
0 0.623443983402 0.122486288848 0.0103734439834 0.0219378427788
0 0.546680497925 0.169104204753 0.0124481327801 0.0274223034735
0 0.651970954357 0.147166361974 0.0134854771784 0.0237659963437
0 0.649377593361 0.106946983547 0.0103734439834 0.0237659963437
0 0.679979253112 0.123400365631 0.0114107883817 0.0237659963437
0 0.717842323651 0.115173674589 0.0124481327801 0.0219378427788
0 0.613589211618 0.246800731261 0.0238589211618 0.0511882998172
0 0.5622406639 0.265996343693 0.0248962655602 0.0493601462523
0 0.622925311203 0.303473491773 0.0300829875519 0.0475319926874
0 0.67479253112 0.360146252285 0.0321576763485 0.0621572212066
0 0.727178423237 0.308957952468 0.0269709543568 0.054844606947
0 0.751037344398 0.248628884826 0.0186721991701 0.0438756855576
0 0.679460580913 0.19012797075 0.0165975103734 0.0329067641682
0 0.710580912863 0.188299817185 0.0165975103734 0.0329067641682
0 0.703838174274 0.157221206581 0.0134854771784 0.0255941499086
0 0.717323651452 0.148994515539 0.0114107883817 0.0310786106033
0 0.73755186722 0.166361974406 0.0165975103734 0.0255941499086
0 0.738070539419 0.148994515539 0.0155601659751 0.0310786106033
0 0.756742738589 0.168190127971 0.0134854771784 0.0292504570384
0 0.746887966805 0.201096892139 0.0145228215768 0.0329067641682
0 0.78734439834 0.222120658135 0.0165975103734 0.0347349177331
0 0.782157676349 0.178244972578 0.0124481327801 0.0310786106033
0 0.783713692946 0.133455210238 0.0114107883817 0.0255941499086
0 0.80031120332 0.160877513711 0.0134854771784 0.0329067641682
0 0.829875518672 0.187385740402 0.0145228215768 0.0347349177331
0 0.846991701245 0.164533820841 0.0134854771784 0.036563071298
0 0.827800829876 0.263254113346 0.0186721991701 0.0438756855576
0 0.836099585062 0.223034734918 0.0145228215768 0.0292504570384
0 0.858921161826 0.314442413163 0.0228215767635 0.0511882998172
0 0.858921161826 0.263254113346 0.0186721991701 0.0438756855576
0 0.886929460581 0.249542961609 0.0145228215768 0.0383912248629
0 0.930497925311 0.331809872029 0.0207468879668 0.0457038391225
0 0.895746887967 0.203839122486 0.0155601659751 0.0383912248629
0 0.876037344398 0.176416819013 0.0134854771784 0.0347349177331
0 0.935165975104 0.240402193784 0.0114107883817 0.0383912248629
0 0.952800829876 0.215722120658 0.0176348547718 0.0329067641682
0 0.940352697095 0.195612431444 0.0134854771784 0.036563071298
0 0.9377593361 0.166361974406 0.0124481327801 0.0292504570384
