0 0.401185770751 0.245614035088 0.0217391304348 0.0421052631579
0 0.390316205534 0.241228070175 0.0158102766798 0.0333333333333
0 0.376482213439 0.202631578947 0.0237154150198 0.0473684210526
0 0.417490118577 0.2 0.0167984189723 0.0350877192982
0 0.431324110672 0.20350877193 0.0167984189723 0.0421052631579
0 0.450098814229 0.25 0.0247035573123 0.0543859649123
0 0.471343873518 0.211403508772 0.0197628458498 0.040350877193
0 0.432806324111 0.170175438596 0.0138339920949 0.0280701754386
0 0.412549407115 0.164035087719 0.0128458498024 0.0368421052632
0 0.462450592885 0.166666666667 0.0158102766798 0.0315789473684
0 0.498023715415 0.2 0.0217391304348 0.0385964912281
0 0.516304347826 0.222807017544 0.0207509881423 0.0421052631579
0 0.532608695652 0.199122807018 0.0197628458498 0.0508771929825
0 0.554347826087 0.167543859649 0.0177865612648 0.0368421052632
0 0.537055335968 0.15701754386 0.0148221343874 0.040350877193
0 0.529150197628 0.145614035088 0.0128458498024 0.0280701754386
0 0.495553359684 0.121929824561 0.0128458498024 0.0228070175439
0 0.486166007905 0.155263157895 0.0158102766798 0.0368421052632
0 0.465415019763 0.143859649123 0.0138339920949 0.0280701754386
0 0.491600790514 0.142105263158 0.0167984189723 0.0245614035088
0 0.559782608696 0.129824561404 0.00889328063241 0.0245614035088
0 0.575592885375 0.142105263158 0.0167984189723 0.0350877192982
0 0.601778656126 0.164912280702 0.0177865612648 0.0315789473684
0 0.600296442688 0.135964912281 0.0128458498024 0.0263157894737
0 0.599802371542 0.114912280702 0.0138339920949 0.0263157894737
0 0.623023715415 0.101754385965 0.0128458498024 0.0210526315789
0 0.622529644269 0.127192982456 0.0118577075099 0.0228070175439
0 0.64871541502 0.148245614035 0.0167984189723 0.0333333333333
0 0.655632411067 0.112280701754 0.0167984189723 0.0315789473684
0 0.690711462451 0.122807017544 0.0158102766798 0.0315789473684
0 0.704051383399 0.115789473684 0.0148221343874 0.0315789473684
0 0.625494071146 0.214035087719 0.0177865612648 0.0385964912281
0 0.606719367589 0.25701754386 0.0296442687747 0.0578947368421
0 0.561264822134 0.271052631579 0.0256916996047 0.0473684210526
0 0.63290513834 0.29649122807 0.0365612648221 0.0526315789474
0 0.682312252964 0.35701754386 0.0345849802372 0.0684210526316
0 0.758399209486 0.345614035088 0.050395256917 0.105263157895
0 0.742588932806 0.270175438596 0.0306324110672 0.0666666666667
0 0.756422924901 0.24298245614 0.0247035573123 0.0508771929825
0 0.756422924901 0.19649122807 0.0207509881423 0.0385964912281
0 0.744565217391 0.164912280702 0.0167984189723 0.0385964912281
0 0.725790513834 0.15350877193 0.0167984189723 0.0333333333333
0 0.717391304348 0.160526315789 0.0158102766798 0.0368421052632
0 0.715909090909 0.199122807018 0.0167984189723 0.0368421052632
0 0.678853754941 0.187719298246 0.0197628458498 0.0421052631579
0 0.758399209486 0.139473684211 0.0128458498024 0.0298245614035
0 0.782114624506 0.133333333333 0.0128458498024 0.0350877192982
0 0.792490118577 0.157894736842 0.0138339920949 0.0385964912281
0 0.802865612648 0.178070175439 0.0187747035573 0.040350877193
0 0.794960474308 0.210526315789 0.0167984189723 0.0385964912281
0 0.820652173913 0.274561403509 0.0227272727273 0.0508771929825
0 0.842885375494 0.222807017544 0.0158102766798 0.0385964912281
0 0.827075098814 0.183333333333 0.0158102766798 0.0438596491228
0 0.840415019763 0.161403508772 0.0187747035573 0.0385964912281
0 0.857213438735 0.184210526316 0.0148221343874 0.0350877192982
0 0.878458498024 0.176315789474 0.0158102766798 0.0333333333333
0 0.872035573123 0.261403508772 0.0207509881423 0.0526315789474
0 0.85918972332 0.318421052632 0.0247035573123 0.0614035087719
0 0.925395256917 0.320175438596 0.0266798418972 0.0543859649123
0 0.886363636364 0.243859649123 0.0177865612648 0.0456140350877
0 0.905138339921 0.220175438596 0.0158102766798 0.040350877193
0 0.896739130435 0.193859649123 0.0128458498024 0.0298245614035
0 0.937252964427 0.169298245614 0.0167984189723 0.0368421052632
0 0.940711462451 0.198245614035 0.0138339920949 0.0350877192982
0 0.945652173913 0.220175438596 0.0197628458498 0.0333333333333
0 0.930335968379 0.24649122807 0.0148221343874 0.040350877193
