0 0.522522522523 0.257495590829 0.032032032032 0.0634920634921
0 0.585585585586 0.225749559083 0.018018018018 0.0458553791887
0 0.452452452452 0.223985890653 0.016016016016 0.0388007054674
0 0.322322322322 0.216931216931 0.016016016016 0.031746031746
0 0.367367367367 0.197530864198 0.014014014014 0.0282186948854
0 0.371871871872 0.181657848325 0.015015015015 0.0282186948854
0 0.406906906907 0.173721340388 0.013013013013 0.0299823633157
0 0.438438438438 0.155202821869 0.012012012012 0.0246913580247
0 0.664164164164 0.222222222222 0.019019019019 0.042328042328
0 0.622622622623 0.196649029982 0.018018018018 0.0405643738977
0 0.714714714715 0.222222222222 0.018018018018 0.0388007054674
0 0.873373373373 0.273368606702 0.019019019019 0.0458553791887
0 0.924424424424 0.268959435626 0.015015015015 0.0440917107584
0 0.933433433433 0.230158730159 0.013013013013 0.037037037037
0 0.793293293293 0.216049382716 0.015015015015 0.037037037037
0 0.854354354354 0.199294532628 0.013013013013 0.0352733686067
0 0.921421421421 0.178130511464 0.013013013013 0.031746031746
0 0.934934934935 0.193121693122 0.016016016016 0.0299823633157
0 0.834334334334 0.177248677249 0.013013013013 0.0299823633157
0 0.84984984985 0.149029982363 0.012012012012 0.026455026455
0 0.872872872873 0.15873015873 0.012012012012 0.0282186948854
0 0.736236236236 0.178130511464 0.013013013013 0.0282186948854
0 0.766266266266 0.179894179894 0.015015015015 0.0352733686067
0 0.785785785786 0.171957671958 0.014014014014 0.0299823633157
0 0.804804804805 0.162257495591 0.012012012012 0.0282186948854
0 0.819319319319 0.139329805996 0.013013013013 0.031746031746
0 0.793293293293 0.138447971781 0.011011011011 0.026455026455
0 0.761761761762 0.138447971781 0.018018018018 0.0229276895944
0 0.723223223223 0.148148148148 0.013013013013 0.031746031746
0 0.738238238238 0.149029982363 0.013013013013 0.0299823633157
0 0.5 0.194885361552 0.019019019019 0.0335097001764
0 0.477977977978 0.197530864198 0.015015015015 0.0246913580247
0 0.45995995996 0.170194003527 0.013013013013 0.037037037037
0 0.471971971972 0.165784832451 0.013013013013 0.031746031746
0 0.466466466466 0.137566137566 0.012012012012 0.0246913580247
0 0.519019019019 0.164021164021 0.015015015015 0.031746031746
0 0.532532532533 0.210758377425 0.018018018018 0.0299823633157
0 0.492992992993 0.137566137566 0.015015015015 0.0282186948854
0 0.525025025025 0.127865961199 0.013013013013 0.026455026455
0 0.543043043043 0.169312169312 0.015015015015 0.0282186948854
0 0.574074074074 0.180776014109 0.015015015015 0.0299823633157
0 0.570570570571 0.125220458554 0.016016016016 0.0246913580247
0 0.596096096096 0.155202821869 0.013013013013 0.0246913580247
0 0.593093093093 0.137566137566 0.015015015015 0.0282186948854
0 0.701701701702 0.126102292769 0.01001001001 0.026455026455
0 0.618618618619 0.112874779541 0.012012012012 0.0352733686067
0 0.676176176176 0.10758377425 0.013013013013 0.031746031746
0 0.66016016016 0.144620811287 0.011011011011 0.0282186948854
0 0.654154154154 0.118165784832 0.017017017017 0.0246913580247
0 0.65965965966 0.187830687831 0.016016016016 0.026455026455
0 0.939439439439 0.171075837743 0.011011011011 0.0282186948854
0 0.895895895896 0.213403880071 0.014014014014 0.031746031746
0 0.877377377377 0.239858906526 0.015015015015 0.0388007054674
0 0.806306306306 0.205467372134 0.015015015015 0.0335097001764
0 0.705705705706 0.196649029982 0.018018018018 0.0405643738977
0 0.431431431431 0.175485008818 0.014014014014 0.026455026455
0 0.561561561562 0.156084656085 0.014014014014 0.026455026455
0 0.69019019019 0.175485008818 0.013013013013 0.0299823633157
