0 0.84243902439 0.112436115843 0.0107317073171 0.0272572402044
0 0.867804878049 0.123509369676 0.00878048780488 0.0221465076661
0 0.900487804878 0.144804088586 0.00975609756098 0.0238500851789
0 0.930243902439 0.150766609881 0.00878048780488 0.0221465076661
0 0.915609756098 0.296422487223 0.0224390243902 0.0579216354344
0 0.768292682927 0.284497444634 0.0224390243902 0.0579216354344
0 0.794634146341 0.267461669506 0.0185365853659 0.0545144804089
0 0.830243902439 0.296422487223 0.0253658536585 0.0647359454855
0 0.73756097561 0.322827938671 0.0292682926829 0.0732538330494
0 0.678048780488 0.302385008518 0.0273170731707 0.0664395229983
0 0.654634146341 0.213798977853 0.0175609756098 0.0425894378194
0 0.621951219512 0.248722316865 0.020487804878 0.0477001703578
0 0.608292682927 0.144804088586 0.0126829268293 0.0340715502555
0 0.564390243902 0.175468483816 0.0126829268293 0.0340715502555
0 0.565365853659 0.125212947189 0.0107317073171 0.0289608177172
0 0.583414634146 0.120102214651 0.00975609756098 0.0255536626917
0 0.510243902439 0.124361158433 0.00975609756098 0.0238500851789
0 0.534634146341 0.121805792164 0.0117073170732 0.0289608177172
0 0.414634146341 0.159284497445 0.0117073170732 0.0255536626917
0 0.456097560976 0.218909710392 0.0165853658537 0.0357751277683
0 0.358536585366 0.195059625213 0.0126829268293 0.0289608177172
0 0.383902439024 0.218057921635 0.0146341463415 0.0340715502555
0 0.389268292683 0.262350936968 0.0156097560976 0.0374787052811
0 0.477073170732 0.327086882453 0.0253658536585 0.0477001703578
0 0.532682926829 0.323679727428 0.0234146341463 0.0511073253833
0 0.171219512195 0.482964224872 0.0360975609756 0.076660988075
0 0.0936585365854 0.315161839864 0.0175609756098 0.0374787052811
0 0.383902439024 0.20272572402 0.0165853658537 0.0238500851789
