0 0.0507921714818 0.377906976744 0.0288909599254 0.0614617940199
0 0.252096924511 0.286544850498 0.0177073625349 0.031561461794
0 0.273066169618 0.272425249169 0.0167753960857 0.0332225913621
0 0.318266542404 0.253322259136 0.0177073625349 0.031561461794
0 0.312674743709 0.220930232558 0.0177073625349 0.0299003322259
0 0.33504193849 0.220099667774 0.0177073625349 0.031561461794
0 0.342963653308 0.279900332226 0.0167753960857 0.0348837209302
0 0.349487418453 0.257475083056 0.0167753960857 0.0365448504983
0 0.396551724138 0.28903654485 0.0177073625349 0.046511627907
0 0.370922646785 0.220099667774 0.0149114631873 0.031561461794
0 0.407269338304 0.225083056478 0.0167753960857 0.0348837209302
0 0.3825722274 0.200996677741 0.0139794967381 0.0265780730897
0 0.404473438956 0.175249169435 0.0149114631873 0.0282392026578
0 0.442218080149 0.145348837209 0.0102516309413 0.0215946843854
0 0.468313140727 0.168604651163 0.0139794967381 0.0249169435216
0 0.454799627213 0.201827242525 0.0149114631873 0.031561461794
0 0.453867660764 0.238372093023 0.0205032618826 0.0348837209302
0 0.430568499534 0.224252491694 0.0167753960857 0.0365448504983
0 0.42311276794 0.198504983389 0.0167753960857 0.031561461794
0 0.442684063374 0.1926910299 0.0130475302889 0.0232558139535
0 0.466449207829 0.146179401993 0.0102516309413 0.0232558139535
0 0.475302889096 0.142026578073 0.0111835973905 0.0249169435216
0 0.486486486486 0.197674418605 0.0167753960857 0.0398671096346
0 0.536346691519 0.195182724252 0.0158434296365 0.0348837209302
0 0.528424976701 0.165282392027 0.0149114631873 0.031561461794
0 0.525163094129 0.136212624585 0.0177073625349 0.0332225913621
0 0.550792171482 0.117940199336 0.0130475302889 0.0299003322259
0 0.542870456664 0.142857142857 0.0139794967381 0.0299003322259
0 0.565703634669 0.15780730897 0.0149114631873 0.0398671096346
0 0.595992544268 0.142026578073 0.0158434296365 0.0382059800664
0 0.57688723206 0.132890365449 0.0149114631873 0.0332225913621
0 0.59412861137 0.10049833887 0.0121155638397 0.0282392026578
0 0.609972041007 0.123754152824 0.0139794967381 0.0249169435216
0 0.620223671948 0.0980066445183 0.0121155638397 0.0265780730897
0 0.64072693383 0.11877076412 0.0121155638397 0.031561461794
0 0.634669151911 0.106312292359 0.0111835973905 0.0265780730897
0 0.664492078285 0.114617940199 0.0111835973905 0.0232558139535
0 0.68219944082 0.101328903654 0.0111835973905 0.0299003322259
0 0.470177073625 0.299003322259 0.0251630941286 0.0498338870432
0 0.551258154706 0.297342192691 0.0232991612302 0.0531561461794
0 0.559179869525 0.235880398671 0.0186393289842 0.0365448504983
0 0.599720410065 0.211794019934 0.0214352283318 0.0382059800664
0 0.602050326188 0.259966777409 0.0205032618826 0.0481727574751
0 0.657502329916 0.268272425249 0.0214352283318 0.0448504983389
0 0.663094128611 0.341362126246 0.027027027027 0.0614617940199
0 0.595526561044 0.337209302326 0.0260950605778 0.063122923588
0 0.663560111836 0.207641196013 0.0186393289842 0.0431893687708
0 0.639794967381 0.181063122924 0.0158434296365 0.0365448504983
0 0.670549860205 0.148671096346 0.0158434296365 0.031561461794
0 0.682665424045 0.187707641196 0.0177073625349 0.0431893687708
0 0.708760484623 0.142026578073 0.0139794967381 0.031561461794
0 0.732991612302 0.18438538206 0.0158434296365 0.0398671096346
0 0.685927306617 0.230066445183 0.0186393289842 0.0382059800664
0 0.714818266542 0.292358803987 0.0260950605778 0.0598006644518
0 0.774464119292 0.279900332226 0.0205032618826 0.0481727574751
0 0.755358807083 0.217607973422 0.0177073625349 0.0431893687708
0 0.803355079217 0.249169435216 0.0186393289842 0.0498338870432
0 0.742311276794 0.111295681063 0.0102516309413 0.0299003322259
0 0.72972972973 0.124584717608 0.00931966449208 0.0265780730897
0 0.739049394222 0.147840531561 0.0130475302889 0.0299003322259
0 0.756756756757 0.135382059801 0.0149114631873 0.0348837209302
0 0.767940354147 0.160299003322 0.0149114631873 0.031561461794
0 0.772600186393 0.120431893688 0.0111835973905 0.0348837209302
0 0.78844361603 0.133720930233 0.0111835973905 0.0249169435216
0 0.803355079217 0.135382059801 0.0130475302889 0.0249169435216
0 0.810810810811 0.170265780731 0.0149114631873 0.0348837209302
0 0.788909599254 0.18023255814 0.0139794967381 0.0348837209302
0 0.835507921715 0.190199335548 0.0177073625349 0.0382059800664
0 0.8238583411 0.140365448505 0.0111835973905 0.031561461794
0 0.852283317801 0.127906976744 0.0102516309413 0.0299003322259
0 0.862068965517 0.227574750831 0.0167753960857 0.0398671096346
0 0.882106244175 0.199335548173 0.0121155638397 0.0332225913621
0 0.914725069897 0.191029900332 0.0158434296365 0.0398671096346
0 0.920782851817 0.27657807309 0.0205032618826 0.0415282392027
0 0.919850885368 0.15780730897 0.0130475302889 0.0299003322259
0 0.88769804287 0.133720930233 0.0139794967381 0.0282392026578
0 0.890027958993 0.171096345515 0.0130475302889 0.0265780730897
0 0.874184529357 0.173588039867 0.0111835973905 0.0249169435216
0 0.731593662628 0.155315614618 0.0130475302889 0.0282392026578
