0 0.201122544434 0.437810945274 0.0542563143124 0.0995024875622
0 0.264265668849 0.26368159204 0.021515434986 0.0331674958541
0 0.296071094481 0.26368159204 0.021515434986 0.0398009950249
0 0.304957904584 0.248756218905 0.0168381665108 0.0265339966833
0 0.32460243218 0.2728026534 0.022450888681 0.0348258706468
0 0.360149672591 0.257048092869 0.0243217960711 0.0431177446103
0 0.38868101029 0.261194029851 0.021515434986 0.0414593698176
0 0.414405986904 0.257048092869 0.022450888681 0.0431177446103
0 0.340972871843 0.209784411277 0.0196445275959 0.0315091210614
0 0.366697848457 0.213930348259 0.0168381665108 0.0331674958541
0 0.388213283442 0.224709784411 0.0168381665108 0.0348258706468
0 0.378391019645 0.182421227197 0.0177736202058 0.0331674958541
0 0.409260991581 0.178275290216 0.0159027128157 0.028192371476
0 0.417680074836 0.194029850746 0.0177736202058 0.0331674958541
0 0.438260056127 0.195688225539 0.0159027128157 0.0331674958541
0 0.449485500468 0.223880597015 0.021515434986 0.0398009950249
0 0.478952291862 0.224709784411 0.022450888681 0.0381426202322
0 0.448550046773 0.15671641791 0.0159027128157 0.028192371476
0 0.475210477081 0.168325041459 0.0168381665108 0.0315091210614
0 0.488306828812 0.191542288557 0.0149672591207 0.0348258706468
0 0.494855004677 0.135157545605 0.0130963517306 0.0248756218905
0 0.512628624883 0.195688225539 0.0130963517306 0.0364842454395
0 0.527595884004 0.157545605307 0.0149672591207 0.0265339966833
0 0.529934518241 0.203150912106 0.0177736202058 0.0414593698176
0 0.55098222638 0.246268656716 0.022450888681 0.0547263681592
0 0.495790458372 0.296019900498 0.0243217960711 0.0514096185738
0 0.543498596819 0.315091210614 0.0318054256314 0.0597014925373
0 0.55472404116 0.15671641791 0.0149672591207 0.0315091210614
0 0.572029934518 0.168325041459 0.0177736202058 0.0348258706468
0 0.569223573433 0.145936981758 0.0121608980355 0.0232172470978
0 0.566884939196 0.125207296849 0.0149672591207 0.0248756218905
0 0.505144995323 0.145936981758 0.0130963517306 0.0232172470978
0 0.589803554724 0.149253731343 0.0140318054256 0.0298507462687
0 0.590739008419 0.120232172471 0.0140318054256 0.028192371476
0 0.610383536015 0.155887230514 0.0159027128157 0.0331674958541
0 0.61506080449 0.120232172471 0.0140318054256 0.0315091210614
0 0.621141253508 0.114427860697 0.0130963517306 0.0331674958541
0 0.641721234799 0.115257048093 0.0130963517306 0.028192371476
0 0.644995322732 0.139303482587 0.0159027128157 0.0331674958541
0 0.66978484565 0.123548922056 0.0149672591207 0.028192371476
0 0.699251637044 0.148424543947 0.0159027128157 0.0315091210614
0 0.699719363891 0.179104477612 0.0149672591207 0.0398009950249
0 0.706735266604 0.21144278607 0.0196445275959 0.044776119403
0 0.66417212348 0.213101160862 0.022450888681 0.0480928689884
0 0.667446211413 0.180762852405 0.0196445275959 0.0431177446103
0 0.619738072965 0.198175787728 0.0177736202058 0.0414593698176
0 0.628624883068 0.243781094527 0.022450888681 0.0530679933665
0 0.682881197381 0.250414593698 0.022450888681 0.0464344941957
0 0.61880261927 0.325870646766 0.0346117867166 0.0547263681592
0 0.722170252572 0.292703150912 0.0261927034612 0.0547263681592
0 0.712347988775 0.152570480929 0.0177736202058 0.0331674958541
0 0.746492048644 0.115257048093 0.0112254443405 0.028192371476
0 0.765668849392 0.125207296849 0.0140318054256 0.028192371476
0 0.757249766137 0.137645107794 0.0159027128157 0.0298507462687
0 0.736202057998 0.162520729685 0.0168381665108 0.0331674958541
0 0.732927970065 0.191542288557 0.0233863423761 0.0414593698176
0 0.759120673527 0.237147595357 0.0252572497661 0.0597014925373
0 0.774555659495 0.280265339967 0.0243217960711 0.0530679933665
0 0.770346117867 0.163349917081 0.0177736202058 0.0348258706468
0 0.782507015903 0.196517412935 0.0177736202058 0.0414593698176
0 0.789055191768 0.148424543947 0.0140318054256 0.0315091210614
0 0.809635173059 0.168325041459 0.0177736202058 0.0315091210614
0 0.834892422825 0.149253731343 0.0121608980355 0.0331674958541
0 0.856875584659 0.157545605307 0.0149672591207 0.0331674958541
0 0.842843779233 0.174129353234 0.0187090739008 0.0398009950249
0 0.827876520112 0.210613598673 0.0205799812909 0.0431177446103
0 0.859214218896 0.261194029851 0.021515434986 0.0580431177446
0 0.847053320861 0.315091210614 0.0252572497661 0.0630182421227
0 0.919083255379 0.266998341625 0.0177736202058 0.0530679933665
0 0.919550982226 0.238805970149 0.0187090739008 0.0398009950249
0 0.89429373246 0.206467661692 0.0168381665108 0.0414593698176
0 0.882132834425 0.164179104478 0.0130963517306 0.0331674958541
0 0.893826005613 0.155887230514 0.0140318054256 0.0331674958541
0 0.905986903648 0.186567164179 0.0140318054256 0.0348258706468
