0 0.841416100873 0.206335616438 0.0145489815713 0.0359589041096
0 0.83462657614 0.230308219178 0.0164888457808 0.0359589041096
0 0.866634335597 0.28595890411 0.0203685741998 0.0479452054795
0 0.889912706111 0.225171232877 0.0145489815713 0.0359589041096
0 0.930164888458 0.240582191781 0.011639185257 0.0325342465753
0 0.929679922405 0.282534246575 0.0164888457808 0.041095890411
0 0.910766246363 0.346746575342 0.0213385063046 0.0565068493151
0 0.841416100873 0.342465753425 0.0242483026188 0.0479452054795
0 0.79388942774 0.315924657534 0.0242483026188 0.0667808219178
0 0.758971871969 0.256849315068 0.0184287099903 0.0445205479452
0 0.727449078565 0.294520547945 0.0213385063046 0.0582191780822
0 0.730843840931 0.181506849315 0.0164888457808 0.041095890411
0 0.662948593598 0.198630136986 0.0145489815713 0.0376712328767
0 0.639185257032 0.247431506849 0.015518913676 0.0462328767123
0 0.679437439379 0.260273972603 0.0242483026188 0.0479452054795
0 0.593598448109 0.239726027397 0.0174587778855 0.0445205479452
0 0.583414161009 0.180650684932 0.0145489815713 0.0359589041096
0 0.622211445199 0.143835616438 0.0106692531523 0.027397260274
0 0.50824442289 0.15154109589 0.011639185257 0.0291095890411
0 0.498545101843 0.190068493151 0.0135790494665 0.0376712328767
0 0.543161978661 0.196917808219 0.015518913676 0.041095890411
0 0.488360814743 0.228595890411 0.0184287099903 0.0462328767123
0 0.419495635306 0.222602739726 0.0145489815713 0.0342465753425
0 0.435499515034 0.225171232877 0.0174587778855 0.0428082191781
0 0.396702230844 0.251712328767 0.0193986420951 0.0445205479452
0 0.340446168768 0.21147260274 0.0135790494665 0.0256849315068
0 0.341901066925 0.252568493151 0.0184287099903 0.0393835616438
