0 0.0713367609254 0.30487804878 0.0218508997429 0.0509977827051
0 0.350899742931 0.222838137472 0.0154241645244 0.0332594235033
0 0.358611825193 0.19512195122 0.012853470437 0.0266075388027
0 0.353470437018 0.182926829268 0.0154241645244 0.0288248337029
0 0.424807197943 0.205099778271 0.0167095115681 0.0376940133038
0 0.45822622108 0.218403547672 0.0167095115681 0.0376940133038
0 0.49293059126 0.220620842572 0.0192802056555 0.0376940133038
0 0.494858611825 0.176274944568 0.0154241645244 0.0332594235033
0 0.459511568123 0.182926829268 0.0167095115681 0.0332594235033
0 0.43059125964 0.175166297118 0.0179948586118 0.0266075388027
0 0.438946015424 0.152993348115 0.0141388174807 0.0266075388027
0 0.476863753213 0.149667405765 0.012853470437 0.0288248337029
0 0.487146529563 0.152993348115 0.012853470437 0.0221729490022
0 0.512853470437 0.154101995565 0.0154241645244 0.0243902439024
0 0.550771208226 0.188470066519 0.0167095115681 0.0266075388027
0 0.575835475578 0.168514412417 0.0154241645244 0.0266075388027
0 0.607326478149 0.167405764967 0.0141388174807 0.0288248337029
0 0.51735218509 0.139689578714 0.00899742930591 0.0221729490022
0 0.52763496144 0.138580931264 0.0115681233933 0.0288248337029
0 0.51028277635 0.121951219512 0.012853470437 0.0221729490022
0 0.536632390746 0.121951219512 0.0115681233933 0.0266075388027
0 0.548200514139 0.158536585366 0.0141388174807 0.0243902439024
0 0.548200514139 0.136363636364 0.0115681233933 0.0243902439024
0 0.557197943445 0.123059866962 0.0141388174807 0.0243902439024
0 0.580334190231 0.146341463415 0.0115681233933 0.0266075388027
0 0.608611825193 0.145232815965 0.0141388174807 0.0288248337029
0 0.599614395887 0.111973392461 0.0115681233933 0.0243902439024
0 0.613110539846 0.123059866962 0.0154241645244 0.0288248337029
0 0.622750642674 0.107538802661 0.00899742930591 0.0243902439024
0 0.637532133676 0.140798226164 0.012853470437 0.0288248337029
0 0.65616966581 0.148558758315 0.0141388174807 0.0266075388027
0 0.647172236504 0.10088691796 0.00899742930591 0.0243902439024
0 0.6735218509 0.107538802661 0.0102827763496 0.0243902439024
0 0.697300771208 0.127494456763 0.0115681233933 0.0288248337029
0 0.70501285347 0.110864745011 0.0115681233933 0.0221729490022
0 0.730077120823 0.115299334812 0.012853470437 0.0221729490022
0 0.738431876607 0.145232815965 0.0141388174807 0.0332594235033
0 0.723650385604 0.165188470067 0.0154241645244 0.0332594235033
0 0.665809768638 0.140798226164 0.012853470437 0.0288248337029
0 0.535347043702 0.267184035477 0.0244215938303 0.0509977827051
0 0.568123393316 0.305986696231 0.0205655526992 0.0532150776053
0 0.618894601542 0.310421286031 0.0347043701799 0.0576496674058
0 0.587403598972 0.252771618625 0.0205655526992 0.0443458980044
0 0.64588688946 0.205099778271 0.0192802056555 0.0421286031042
0 0.679948586118 0.217294900222 0.0205655526992 0.0443458980044
0 0.677377892031 0.187361419069 0.0154241645244 0.0288248337029
0 0.71529562982 0.210643015521 0.0167095115681 0.039911308204
0 0.769922879177 0.156319290466 0.0154241645244 0.0332594235033
0 0.767994858612 0.125277161863 0.0141388174807 0.0332594235033
0 0.779562982005 0.127494456763 0.0115681233933 0.0243902439024
0 0.800771208226 0.137472283814 0.012853470437 0.0310421286031
0 0.791131105398 0.185144124169 0.0141388174807 0.0332594235033
0 0.809768637532 0.20288248337 0.0154241645244 0.0509977827051
0 0.814910025707 0.167405764967 0.0154241645244 0.0288248337029
0 0.831619537275 0.192904656319 0.0154241645244 0.039911308204
0 0.849614395887 0.177383592018 0.012853470437 0.0310421286031
0 0.862467866324 0.158536585366 0.0154241645244 0.0332594235033
0 0.737789203085 0.233924611973 0.0179948586118 0.0421286031042
0 0.683161953728 0.268292682927 0.0218508997429 0.039911308204
0 0.636246786632 0.266075388027 0.0231362467866 0.0443458980044
0 0.699228791774 0.321507760532 0.0308483290488 0.0665188470067
0 0.766066838046 0.348115299335 0.0282776349614 0.0576496674058
0 0.810411311054 0.276053215078 0.0192802056555 0.0509977827051
0 0.82969151671 0.259423503326 0.0218508997429 0.0487804878049
0 0.852185089974 0.360310421286 0.0282776349614 0.0643015521064
0 0.868251928021 0.307095343681 0.0192802056555 0.0554323725055
0 0.88881748072 0.280487804878 0.0192802056555 0.0421286031042
0 0.863110539846 0.223946784922 0.0167095115681 0.0310421286031
0 0.933804627249 0.366962305987 0.0218508997429 0.059866962306
0 0.953727506427 0.280487804878 0.0205655526992 0.0465631929047
0 0.946658097686 0.241685144124 0.0141388174807 0.039911308204
0 0.962082262211 0.210643015521 0.0141388174807 0.0310421286031
0 0.957583547558 0.185144124169 0.012853470437 0.0288248337029
0 0.926735218509 0.174057649667 0.012853470437 0.0243902439024
0 0.915809768638 0.19955654102 0.0115681233933 0.0310421286031
0 0.899100257069 0.229490022173 0.0167095115681 0.0421286031042
0 0.876606683805 0.192904656319 0.012853470437 0.0354767184035
0 0.891388174807 0.165188470067 0.0115681233933 0.0243902439024
0 0.899100257069 0.191796008869 0.0115681233933 0.0243902439024
