0 0.0776744186047 0.363123993559 0.04 0.0789049919485
0 0.275348837209 0.196457326892 0.0186046511628 0.0354267310789
0 0.299534883721 0.202898550725 0.0186046511628 0.0418679549114
0 0.310697674419 0.188405797101 0.0223255813953 0.0450885668277
0 0.406511627907 0.175523349436 0.0260465116279 0.061191626409
0 0.48976744186 0.178743961353 0.0306976744186 0.0579710144928
0 0.50511627907 0.159420289855 0.0223255813953 0.0547504025765
0 0.540930232558 0.149758454106 0.0232558139535 0.0450885668277
0 0.570697674419 0.164251207729 0.0251162790698 0.0515297906602
0 0.572558139535 0.281803542673 0.0306976744186 0.061191626409
0 0.628372093023 0.25845410628 0.0344186046512 0.0660225442834
0 0.681860465116 0.286634460548 0.0446511627907 0.0901771336554
0 0.787441860465 0.227053140097 0.0288372093023 0.0644122383253
0 0.599069767442 0.242351046699 0.0241860465116 0.0499194847021
