0 0.114690721649 0.547058823529 0.0438144329897 0.0676470588235
0 0.207903780069 0.352941176471 0.0154639175258 0.0264705882353
0 0.243556701031 0.375735294118 0.0197594501718 0.0367647058824
0 0.281357388316 0.377941176471 0.0180412371134 0.0382352941176
0 0.271907216495 0.324264705882 0.0180412371134 0.0308823529412
0 0.323024054983 0.369852941176 0.020618556701 0.0397058823529
0 0.339776632302 0.352941176471 0.016323024055 0.0323529411765
0 0.372852233677 0.347794117647 0.0154639175258 0.0308823529412
0 0.341065292096 0.308088235294 0.0137457044674 0.0279411764706
0 0.397766323024 0.354411764706 0.0189003436426 0.0352941176471
0 0.444158075601 0.352205882353 0.0189003436426 0.0367647058824
0 0.397336769759 0.311764705882 0.0146048109966 0.0235294117647
0 0.378436426117 0.284558823529 0.0128865979381 0.0220588235294
0 0.396907216495 0.286764705882 0.0120274914089 0.0205882352941
0 0.421391752577 0.291911764706 0.0111683848797 0.0279411764706
0 0.420103092784 0.261029411765 0.0137457044674 0.025
0 0.435996563574 0.269117647059 0.0128865979381 0.0264705882353
0 0.463917525773 0.285294117647 0.0154639175258 0.0294117647059
0 0.453178694158 0.251470588235 0.0128865979381 0.0235294117647
0 0.462199312715 0.241176470588 0.0120274914089 0.0205882352941
0 0.513745704467 0.286029411765 0.0171821305842 0.0308823529412
0 0.502577319588 0.334558823529 0.0171821305842 0.0308823529412
0 0.460481099656 0.325 0.0154639175258 0.0294117647059
0 0.42912371134 0.321323529412 0.016323024055 0.0279411764706
0 0.512457044674 0.248529411765 0.0146048109966 0.0294117647059
0 0.528350515464 0.258823529412 0.0120274914089 0.0264705882353
0 0.54381443299 0.255147058824 0.0137457044674 0.0308823529412
0 0.574312714777 0.288970588235 0.0128865979381 0.0338235294118
0 0.558419243986 0.233823529412 0.0137457044674 0.0294117647059
0 0.576030927835 0.220588235294 0.0128865979381 0.0235294117647
0 0.580756013746 0.266176470588 0.0120274914089 0.0294117647059
0 0.587628865979 0.252941176471 0.0103092783505 0.0205882352941
0 0.602233676976 0.257352941176 0.0120274914089 0.0294117647059
0 0.605670103093 0.234558823529 0.0120274914089 0.025
0 0.611254295533 0.210294117647 0.0128865979381 0.0235294117647
0 0.627147766323 0.221323529412 0.0137457044674 0.0220588235294
0 0.642182130584 0.229411764706 0.0111683848797 0.0264705882353
0 0.64175257732 0.258088235294 0.0154639175258 0.0279411764706
0 0.668384879725 0.246323529412 0.0137457044674 0.0279411764706
0 0.664518900344 0.220588235294 0.00945017182131 0.0205882352941
0 0.679553264605 0.233823529412 0.0120274914089 0.0323529411765
0 0.702749140893 0.224264705882 0.0103092783505 0.0279411764706
0 0.460481099656 0.432352941176 0.0292096219931 0.0558823529412
0 0.538659793814 0.365441176471 0.0257731958763 0.0485294117647
0 0.521048109966 0.458823529412 0.0283505154639 0.0470588235294
0 0.588487972509 0.470588235294 0.03264604811 0.0558823529412
0 0.587199312715 0.408088235294 0.0266323024055 0.0397058823529
0 0.599656357388 0.349264705882 0.0189003436426 0.0397058823529
0 0.64647766323 0.357352941176 0.0180412371134 0.0382352941176
0 0.662371134021 0.388235294118 0.0240549828179 0.0470588235294
0 0.692439862543 0.379411764706 0.020618556701 0.0382352941176
0 0.641323024055 0.499264705882 0.0300687285223 0.0602941176471
0 0.707474226804 0.564705882353 0.0300687285223 0.0617647058824
0 0.823453608247 0.5 0.0266323024055 0.0529411764706
0 0.78264604811 0.452205882353 0.0257731958763 0.0485294117647
0 0.72293814433 0.428676470588 0.0317869415808 0.0514705882353
0 0.687714776632 0.328676470588 0.0214776632302 0.0338235294118
0 0.637886597938 0.322058823529 0.0197594501718 0.0264705882353
0 0.671391752577 0.2875 0.0180412371134 0.0338235294118
0 0.707474226804 0.263235294118 0.0146048109966 0.0294117647059
0 0.746993127148 0.270588235294 0.0146048109966 0.0294117647059
0 0.740549828179 0.251470588235 0.0137457044674 0.0235294117647
0 0.71735395189 0.308823529412 0.020618556701 0.0352941176471
0 0.771048109966 0.268382352941 0.0128865979381 0.025
0 0.768041237113 0.236029411765 0.0154639175258 0.0308823529412
0 0.790807560137 0.250735294118 0.0128865979381 0.0279411764706
0 0.783075601375 0.290441176471 0.0146048109966 0.0308823529412
0 0.810996563574 0.252205882353 0.0137457044674 0.0279411764706
0 0.833333333333 0.282352941176 0.0154639175258 0.0323529411765
0 0.824742268041 0.304411764706 0.0137457044674 0.0294117647059
0 0.821735395189 0.373529411765 0.0197594501718 0.05
0 0.829037800687 0.347058823529 0.0189003436426 0.0411764705882
0 0.849226804124 0.322058823529 0.016323024055 0.0352941176471
0 0.867697594502 0.289705882353 0.0154639175258 0.0294117647059
0 0.855670103093 0.263235294118 0.0120274914089 0.0294117647059
0 0.877577319588 0.283088235294 0.0111683848797 0.0367647058824
0 0.887886597938 0.266911764706 0.0111683848797 0.0308823529412
0 0.908934707904 0.286764705882 0.0137457044674 0.0323529411765
0 0.905498281787 0.333823529412 0.0137457044674 0.0352941176471
0 0.871993127148 0.386764705882 0.020618556701 0.0441176470588
0 0.872422680412 0.355147058824 0.0197594501718 0.0338235294118
0 0.923969072165 0.336764705882 0.0180412371134 0.0382352941176
0 0.953608247423 0.380147058824 0.0171821305842 0.0367647058824
0 0.92439862543 0.483088235294 0.0189003436426 0.0514705882353
0 0.85910652921 0.480882352941 0.0309278350515 0.0588235294118
0 0.953608247423 0.314705882353 0.0137457044674 0.0205882352941
0 0.952319587629 0.286764705882 0.0111683848797 0.0264705882353
