0 0.242765273312 0.410133843212 0.0546623794212 0.116634799235
0 0.302786709539 0.246653919694 0.0225080385852 0.0420650095602
0 0.334405144695 0.21223709369 0.0192926045016 0.0420650095602
0 0.405144694534 0.215105162524 0.0192926045016 0.0439770554493
0 0.422829581994 0.18068833652 0.0182207931404 0.0325047801147
0 0.405144694534 0.167304015296 0.0150053590568 0.0325047801147
0 0.44640943194 0.216061185468 0.0203644158628 0.0458891013384
0 0.474812433012 0.237093690249 0.0257234726688 0.0497131931166
0 0.494640943194 0.292543021033 0.0289389067524 0.057361376673
0 0.566988210075 0.289674952199 0.0300107181136 0.0669216061185
0 0.555198285102 0.258126195029 0.0235798499464 0.038240917782
0 0.553054662379 0.189292543021 0.0192926045016 0.038240917782
0 0.443193997856 0.151051625239 0.0139335476956 0.0267686424474
0 0.456055734191 0.146271510516 0.0117899249732 0.0248565965583
0 0.450696677385 0.179732313576 0.0117899249732 0.0305927342256
0 0.484458735263 0.174952198853 0.0150053590568 0.0286806883365
0 0.465702036442 0.185468451243 0.016077170418 0.0267686424474
0 0.481243301179 0.152963671128 0.0128617363344 0.0229445506692
0 0.510718113612 0.172084130019 0.0182207931404 0.038240917782
0 0.509646302251 0.144359464627 0.0117899249732 0.0286806883365
0 0.533762057878 0.146271510516 0.0150053590568 0.0286806883365
0 0.542872454448 0.129063097514 0.0117899249732 0.0248565965583
0 0.527867095391 0.12810707457 0.0117899249732 0.0229445506692
0 0.558949624866 0.152963671128 0.0139335476956 0.0305927342256
0 0.58896034298 0.154875717017 0.016077170418 0.0344168260038
0 0.622186495177 0.127151051625 0.0139335476956 0.0248565965583
0 0.650053590568 0.145315487572 0.016077170418 0.0305927342256
0 0.673633440514 0.093690248566 0.016077170418 0.0344168260038
0 0.632904608789 0.209369024857 0.0225080385852 0.0516252390057
0 0.61629153269 0.250478011472 0.0257234726688 0.0458891013384
0 0.624330117899 0.300191204589 0.0289389067524 0.0650095602294
0 0.653804930332 0.28776290631 0.0235798499464 0.0516252390057
0 0.663451232583 0.218929254302 0.0171489817792 0.0439770554493
0 0.660235798499 0.190248565966 0.0192926045016 0.0363288718929
0 0.711146838156 0.24378585086 0.0225080385852 0.0554493307839
0 0.692926045016 0.184512428298 0.0225080385852 0.0401529636711
0 0.728295819936 0.188336520076 0.0182207931404 0.0363288718929
0 0.733118971061 0.135755258126 0.0150053590568 0.0344168260038
0 0.749196141479 0.15965583174 0.0171489817792 0.0401529636711
0 0.763129689175 0.188336520076 0.0171489817792 0.0401529636711
0 0.783494105038 0.144359464627 0.0150053590568 0.0363288718929
0 0.780814576635 0.226577437859 0.0225080385852 0.0478011472275
0 0.800643086817 0.203632887189 0.0171489817792 0.0363288718929
0 0.808145766345 0.181644359465 0.0150053590568 0.0344168260038
0 0.827438370847 0.176864244742 0.0192926045016 0.0401529636711
0 0.846195069668 0.203632887189 0.0182207931404 0.0401529636711
0 0.862272240086 0.195028680688 0.0139335476956 0.0344168260038
0 0.820471596999 0.226577437859 0.0203644158628 0.0439770554493
0 0.811897106109 0.262906309751 0.0225080385852 0.0478011472275
0 0.802250803859 0.300191204589 0.02679528403 0.057361376673
0 0.846730975348 0.331739961759 0.0257234726688 0.0592734225621
0 0.864415862808 0.2982791587 0.0225080385852 0.0497131931166
0 0.879421221865 0.235181644359 0.0203644158628 0.0535372848948
0 0.887995712755 0.203632887189 0.0139335476956 0.0401529636711
0 0.897642015005 0.200764818356 0.0139335476956 0.038240917782
0 0.923365487674 0.246653919694 0.0182207931404 0.0535372848948
0 0.915862808146 0.301147227533 0.02679528403 0.0630975143403
0 0.902465166131 0.374760994264 0.0235798499464 0.0611854684512
0 0.927652733119 0.441682600382 0.0353697749196 0.0764818355641
