0 0.197525206233 0.400974025974 0.0522456461962 0.0909090909091
0 0.274977085243 0.263798701299 0.0183318056829 0.0340909090909
0 0.296058661778 0.272727272727 0.0183318056829 0.0357142857143
0 0.295142071494 0.241883116883 0.0201649862511 0.0357142857143
0 0.346471127406 0.271915584416 0.0201649862511 0.0373376623377
0 0.370302474794 0.279220779221 0.0238313473877 0.0422077922078
0 0.366177818515 0.198863636364 0.0174152153987 0.0308441558442
0 0.388634280477 0.224025974026 0.0201649862511 0.0422077922078
0 0.401924839597 0.175324675325 0.019248395967 0.0292207792208
0 0.425756186984 0.18262987013 0.0174152153987 0.0373376623377
0 0.439505041247 0.228084415584 0.0174152153987 0.0438311688312
0 0.469294225481 0.232954545455 0.0238313473877 0.0438311688312
0 0.450504124656 0.188311688312 0.0174152153987 0.0357142857143
0 0.46471127406 0.138798701299 0.0109990834097 0.0211038961039
0 0.471127406049 0.155844155844 0.012832263978 0.0292207792208
0 0.478001833181 0.193181818182 0.0174152153987 0.0357142857143
0 0.487626031164 0.196428571429 0.0183318056829 0.0357142857143
0 0.517873510541 0.196428571429 0.0201649862511 0.0422077922078
0 0.51099908341 0.155032467532 0.0137488542621 0.0308441558442
0 0.505499541705 0.132305194805 0.0100824931256 0.0211038961039
0 0.538038496792 0.137175324675 0.0146654445463 0.0243506493506
0 0.551787351054 0.128246753247 0.0109990834097 0.025974025974
0 0.558203483043 0.141233766234 0.0146654445463 0.0292207792208
0 0.576535288726 0.142045454545 0.0146654445463 0.0243506493506
0 0.581576535289 0.125811688312 0.0119156736939 0.0275974025974
0 0.591200733272 0.106331168831 0.012832263978 0.0211038961039
0 0.611365719523 0.109577922078 0.012832263978 0.0275974025974
0 0.58845096242 0.176136363636 0.0164986251146 0.0308441558442
0 0.608157653529 0.147727272727 0.0155820348304 0.0292207792208
0 0.635655362053 0.140422077922 0.0155820348304 0.0308441558442
0 0.638405132906 0.109577922078 0.0119156736939 0.0243506493506
0 0.665444546288 0.109577922078 0.0146654445463 0.0275974025974
0 0.685609532539 0.116883116883 0.0146654445463 0.0292207792208
0 0.495875343721 0.297077922078 0.025664527956 0.0551948051948
0 0.534830430797 0.323051948052 0.0302474793767 0.0551948051948
0 0.561411549038 0.267045454545 0.0247479376719 0.0503246753247
0 0.603116406966 0.219967532468 0.0201649862511 0.0405844155844
0 0.616865261228 0.249188311688 0.0238313473877 0.0470779220779
0 0.583868010999 0.323051948052 0.0311640696609 0.0584415584416
0 0.65261228231 0.208603896104 0.0219981668194 0.0405844155844
0 0.648487626031 0.176136363636 0.0174152153987 0.0405844155844
0 0.675527039413 0.160714285714 0.0146654445463 0.0324675324675
0 0.698441796517 0.1875 0.0201649862511 0.0373376623377
0 0.721356553621 0.173701298701 0.0183318056829 0.0324675324675
0 0.720898258478 0.20211038961 0.0155820348304 0.0405844155844
0 0.721356553621 0.25 0.025664527956 0.0551948051948
0 0.700733272227 0.237012987013 0.0210815765353 0.0487012987013
0 0.689275893676 0.32224025974 0.0329972502291 0.0633116883117
0 0.733730522456 0.367694805195 0.0339138405133 0.0795454545455
0 0.788267644363 0.388798701299 0.0329972502291 0.0762987012987
0 0.888175985335 0.429383116883 0.0421631530706 0.0827922077922
0 0.825389550871 0.299512987013 0.0284142988084 0.0568181818182
0 0.759395050412 0.275974025974 0.0265811182401 0.0584415584416
0 0.749312557287 0.213474025974 0.0229147571036 0.0438311688312
0 0.76993583868 0.200487012987 0.0201649862511 0.0438311688312
0 0.744729605866 0.142045454545 0.0174152153987 0.0340909090909
0 0.732813932172 0.125 0.0174152153987 0.0324675324675
0 0.757103574702 0.133928571429 0.012832263978 0.0340909090909
0 0.774977085243 0.142045454545 0.0155820348304 0.0340909090909
0 0.801099908341 0.147727272727 0.0183318056829 0.0324675324675
0 0.820348304308 0.141233766234 0.0146654445463 0.0324675324675
0 0.835472043996 0.128246753247 0.0137488542621 0.0324675324675
0 0.846012832264 0.150162337662 0.0146654445463 0.0308441558442
0 0.839596700275 0.168019480519 0.012832263978 0.0373376623377
0 0.820348304308 0.202922077922 0.0183318056829 0.0487012987013
0 0.798808432631 0.257305194805 0.0229147571036 0.0535714285714
0 0.851970669111 0.25487012987 0.0247479376719 0.0519480519481
0 0.894592117324 0.308441558442 0.0348304307974 0.0681818181818
0 0.905591200733 0.262987012987 0.0219981668194 0.0454545454545
0 0.917506874427 0.221590909091 0.0183318056829 0.0470779220779
0 0.918423464711 0.162337662338 0.0109990834097 0.0292207792208
0 0.872135655362 0.200487012987 0.019248395967 0.0340909090909
0 0.877635197067 0.170454545455 0.019248395967 0.038961038961
0 0.86067827681 0.132305194805 0.012832263978 0.0275974025974
