0 0.0391264786169 0.245114006515 0.0127388535032 0.0374592833876
0 0.195632393085 0.201954397394 0.0200181983621 0.0390879478827
0 0.207006369427 0.345276872964 0.0391264786169 0.0879478827362
0 0.313466787989 0.168566775244 0.0227479526843 0.0407166123779
0 0.295268425842 0.219055374593 0.01728844404 0.0244299674267
0 0.384895359418 0.194625407166 0.0200181983621 0.0439739413681
0 0.411282984531 0.219055374593 0.0218380345769 0.0439739413681
0 0.416742493176 0.178338762215 0.0163785259327 0.0342019543974
0 0.433121019108 0.144951140065 0.0218380345769 0.042345276873
0 0.610100090992 0.102605863192 0.0136487716106 0.0293159609121
0 0.649226569609 0.118078175896 0.0154686078253 0.0309446254072
0 0.634667879891 0.139250814332 0.0118289353958 0.0276872964169
0 0.646496815287 0.145765472313 0.01728844404 0.0244299674267
0 0.752957233849 0.142508143322 0.0118289353958 0.0309446254072
0 0.767970882621 0.144951140065 0.0181983621474 0.0358306188925
0 0.864877161056 0.188925081433 0.0136487716106 0.0358306188925
0 0.937670609645 0.193811074919 0.0154686078253 0.0358306188925
0 0.885805277525 0.239413680782 0.01728844404 0.0456026058632
0 0.919017288444 0.245114006515 0.0200181983621 0.0472312703583
0 0.818926296633 0.25651465798 0.0218380345769 0.0472312703583
