0 0.171452702703 0.461925287356 0.0456081081081 0.0818965517241
0 0.236064189189 0.33908045977 0.0160472972973 0.0316091954023
0 0.268581081081 0.341235632184 0.0219594594595 0.0387931034483
0 0.293074324324 0.309626436782 0.0185810810811 0.0359195402299
0 0.299831081081 0.362787356322 0.0185810810811 0.0416666666667
0 0.34839527027 0.363505747126 0.0244932432432 0.0402298850575
0 0.367820945946 0.325431034483 0.0160472972973 0.0330459770115
0 0.366554054054 0.290948275862 0.0185810810811 0.0330459770115
0 0.406672297297 0.255028735632 0.0160472972973 0.0272988505747
0 0.417652027027 0.26867816092 0.0160472972973 0.0287356321839
0 0.436233108108 0.257902298851 0.0143581081081 0.0215517241379
0 0.446790540541 0.263649425287 0.0118243243243 0.0272988505747
0 0.418918918919 0.298132183908 0.0152027027027 0.0272988505747
0 0.394847972973 0.336925287356 0.0177364864865 0.0330459770115
0 0.417652027027 0.330459770115 0.0211148648649 0.0344827586207
0 0.447635135135 0.303879310345 0.0185810810811 0.0301724137931
0 0.453969594595 0.334770114943 0.0228040540541 0.0373563218391
0 0.483952702703 0.300287356322 0.0168918918919 0.0287356321839
0 0.481841216216 0.260775862069 0.0160472972973 0.0272988505747
0 0.474662162162 0.241379310345 0.0135135135135 0.0229885057471
0 0.481841216216 0.237068965517 0.0160472972973 0.0229885057471
0 0.507601351351 0.262931034483 0.0168918918919 0.0287356321839
0 0.519425675676 0.255747126437 0.0152027027027 0.0258620689655
0 0.532094594595 0.237068965517 0.0168918918919 0.0258620689655
0 0.550675675676 0.252873563218 0.0168918918919 0.0344827586207
0 0.529560810811 0.274425287356 0.0152027027027 0.0287356321839
0 0.516047297297 0.311063218391 0.0202702702703 0.0330459770115
0 0.580236486486 0.214798850575 0.0118243243243 0.0215517241379
0 0.584037162162 0.234195402299 0.0126689189189 0.0229885057471
0 0.589949324324 0.272988505747 0.0160472972973 0.0316091954023
0 0.621199324324 0.222701149425 0.0109797297297 0.0258620689655
0 0.629222972973 0.201149425287 0.0101351351351 0.0229885057471
0 0.619510135135 0.25 0.0126689189189 0.0258620689655
0 0.644003378378 0.216954022989 0.00929054054054 0.0229885057471
0 0.650760135135 0.242097701149 0.0109797297297 0.0215517241379
0 0.6875 0.210488505747 0.0118243243243 0.0215517241379
0 0.69214527027 0.229166666667 0.0109797297297 0.0215517241379
0 0.703969594595 0.219827586207 0.0143581081081 0.0258620689655
0 0.686655405405 0.275143678161 0.0152027027027 0.0272988505747
0 0.722550675676 0.250718390805 0.0160472972973 0.0330459770115
0 0.753378378378 0.245689655172 0.0118243243243 0.0316091954023
0 0.762668918919 0.221982758621 0.0135135135135 0.0272988505747
0 0.784628378378 0.249281609195 0.0118243243243 0.0215517241379
0 0.801942567568 0.23275862069 0.0126689189189 0.0287356321839
0 0.803209459459 0.263649425287 0.0135135135135 0.0387931034483
0 0.831503378378 0.244971264368 0.0126689189189 0.0301724137931
0 0.863175675676 0.255028735632 0.0135135135135 0.0244252873563
0 0.883023648649 0.263649425287 0.0109797297297 0.0301724137931
0 0.894847972973 0.255028735632 0.0143581081081 0.0272988505747
0 0.921452702703 0.283764367816 0.0168918918919 0.0359195402299
0 0.961570945946 0.280890804598 0.0143581081081 0.0301724137931
0 0.95777027027 0.310344827586 0.0168918918919 0.0344827586207
0 0.952280405405 0.350574712644 0.0160472972973 0.0344827586207
0 0.941300675676 0.39224137931 0.0211148648649 0.0459770114943
0 0.933277027027 0.46408045977 0.0287162162162 0.0488505747126
0 0.865287162162 0.434626436782 0.0244932432432 0.0560344827586
0 0.878378378378 0.405890804598 0.0253378378378 0.0416666666667
0 0.889358108108 0.340517241379 0.0185810810811 0.0402298850575
0 0.912162162162 0.317528735632 0.0168918918919 0.0316091954023
0 0.873310810811 0.302442528736 0.0185810810811 0.0330459770115
0 0.833192567568 0.303879310345 0.0177364864865 0.0416666666667
0 0.616976351351 0.325431034483 0.0211148648649 0.0330459770115
0 0.665118243243 0.349137931034 0.0194256756757 0.0373563218391
0 0.649915540541 0.306034482759 0.0194256756757 0.0344827586207
0 0.698057432432 0.324712643678 0.0228040540541 0.0373563218391
0 0.711148648649 0.349137931034 0.0219594594595 0.0431034482759
0 0.831503378378 0.361350574713 0.0211148648649 0.0445402298851
0 0.812922297297 0.405890804598 0.0295608108108 0.0502873563218
0 0.760557432432 0.404454022989 0.0295608108108 0.0617816091954
0 0.683699324324 0.371408045977 0.0244932432432 0.0445402298851
0 0.627533783784 0.423850574713 0.0337837837838 0.0545977011494
0 0.668496621622 0.459770114943 0.0363175675676 0.066091954023
0 0.726773648649 0.507902298851 0.0396959459459 0.0761494252874
0 0.828547297297 0.488505747126 0.035472972973 0.051724137931
0 0.597128378378 0.42025862069 0.0287162162162 0.0387931034483
0 0.561233108108 0.400143678161 0.0278716216216 0.0416666666667
0 0.519003378378 0.381465517241 0.03125 0.0560344827586
0 0.739864864865 0.280890804598 0.0152027027027 0.0301724137931
0 0.766891891892 0.266522988506 0.0168918918919 0.0272988505747
0 0.784628378378 0.279454022989 0.0168918918919 0.0272988505747
