0 0.182075471698 0.461794019934 0.0490566037736 0.0863787375415
0 0.26179245283 0.261627906977 0.0141509433962 0.0249169435216
0 0.274528301887 0.265780730897 0.0132075471698 0.0299003322259
0 0.325943396226 0.245016611296 0.0160377358491 0.0348837209302
0 0.339150943396 0.249169435216 0.0141509433962 0.0265780730897
0 0.355660377358 0.257475083056 0.0169811320755 0.0299003322259
0 0.367452830189 0.289867109635 0.0179245283019 0.0382059800664
0 0.39858490566 0.292358803987 0.0179245283019 0.0431893687708
0 0.332547169811 0.21096345515 0.0122641509434 0.0232558139535
0 0.346226415094 0.21096345515 0.0132075471698 0.0299003322259
0 0.360377358491 0.225913621262 0.0150943396226 0.0265780730897
0 0.403773584906 0.217607973422 0.0169811320755 0.0332225913621
0 0.387264150943 0.191860465116 0.0122641509434 0.0249169435216
0 0.368396226415 0.190199335548 0.0122641509434 0.0282392026578
0 0.417924528302 0.190199335548 0.0132075471698 0.0282392026578
0 0.452358490566 0.189368770764 0.0141509433962 0.0265780730897
0 0.475471698113 0.229235880399 0.0188679245283 0.0398671096346
0 0.458018867925 0.21926910299 0.0160377358491 0.0299003322259
0 0.465566037736 0.14950166113 0.0122641509434 0.0199335548173
0 0.491509433962 0.129568106312 0.00943396226415 0.0232558139535
0 0.483018867925 0.171926910299 0.0169811320755 0.0249169435216
0 0.517452830189 0.181063122924 0.0141509433962 0.0299003322259
0 0.535377358491 0.205980066445 0.0179245283019 0.0398671096346
0 0.52358490566 0.159468438538 0.011320754717 0.0232558139535
0 0.558018867925 0.163621262458 0.0122641509434 0.0249169435216
0 0.57358490566 0.145348837209 0.011320754717 0.0182724252492
0 0.588679245283 0.163621262458 0.0150943396226 0.0282392026578
0 0.616509433962 0.147840531561 0.0141509433962 0.0265780730897
0 0.605188679245 0.137873754153 0.0103773584906 0.0265780730897
0 0.574528301887 0.116279069767 0.0132075471698 0.0232558139535
0 0.617452830189 0.114617940199 0.0103773584906 0.0199335548173
0 0.604716981132 0.116279069767 0.011320754717 0.0166112956811
0 0.646226415094 0.137873754153 0.011320754717 0.0265780730897
0 0.655660377358 0.117940199336 0.011320754717 0.0232558139535
0 0.685849056604 0.123754152824 0.0150943396226 0.031561461794
0 0.512735849057 0.299833887043 0.0235849056604 0.0448504983389
0 0.557547169811 0.296511627907 0.0245283018868 0.0481727574751
0 0.558962264151 0.248338870432 0.0216981132075 0.0415282392027
0 0.61320754717 0.348837209302 0.0301886792453 0.0498338870432
0 0.632075471698 0.245016611296 0.0188679245283 0.0415282392027
0 0.686320754717 0.25415282392 0.0216981132075 0.0431893687708
0 0.727358490566 0.294850498339 0.0207547169811 0.0415282392027
0 0.775471698113 0.27657807309 0.0207547169811 0.0481727574751
0 0.859433962264 0.304817275748 0.0188679245283 0.0481727574751
0 0.662735849057 0.197674418605 0.0160377358491 0.0299003322259
0 0.667452830189 0.177740863787 0.0141509433962 0.0232558139535
0 0.699056603774 0.145348837209 0.011320754717 0.0215946843854
0 0.718396226415 0.150332225914 0.0103773584906 0.0215946843854
0 0.725943396226 0.171096345515 0.0160377358491 0.0332225913621
0 0.706603773585 0.195182724252 0.0169811320755 0.0282392026578
0 0.721226415094 0.220099667774 0.0179245283019 0.0348837209302
0 0.740566037736 0.200166112957 0.0150943396226 0.0348837209302
0 0.769811320755 0.228405315615 0.0169811320755 0.0348837209302
0 0.778773584906 0.204318936877 0.0141509433962 0.0398671096346
0 0.778773584906 0.161129568106 0.0122641509434 0.0265780730897
0 0.760849056604 0.139534883721 0.0160377358491 0.0332225913621
0 0.734433962264 0.116279069767 0.0122641509434 0.0232558139535
0 0.774056603774 0.117940199336 0.0141509433962 0.0265780730897
0 0.789622641509 0.135382059801 0.011320754717 0.0249169435216
0 0.807547169811 0.169435215947 0.0132075471698 0.0299003322259
0 0.846226415094 0.208471760797 0.0132075471698 0.0382059800664
0 0.847641509434 0.151993355482 0.0122641509434 0.0249169435216
0 0.866037735849 0.151162790698 0.0132075471698 0.0365448504983
0 0.895754716981 0.171096345515 0.0141509433962 0.0365448504983
0 0.927830188679 0.25415282392 0.0160377358491 0.046511627907
0 0.914150943396 0.220099667774 0.0150943396226 0.031561461794
0 0.933490566038 0.225083056478 0.0179245283019 0.0348837209302
0 0.854245283019 0.196843853821 0.0216981132075 0.0382059800664
0 0.854716981132 0.267441860465 0.022641509434 0.046511627907
0 0.901886792453 0.155315614618 0.0150943396226 0.031561461794
0 0.630188679245 0.204318936877 0.0207547169811 0.0431893687708
