0 0.279287722587 0.399659863946 0.0487347703843 0.122448979592
0 0.364104967198 0.517857142857 0.0609184629803 0.134353741497
0 0.362230552952 0.201530612245 0.0234301780694 0.0561224489796
0 0.417057169634 0.201530612245 0.0131208997188 0.0323129251701
0 0.43908153702 0.203231292517 0.0159325210872 0.0357142857143
0 0.448922211809 0.229591836735 0.0168697282099 0.0442176870748
0 0.471415182755 0.224489795918 0.0187441424555 0.0442176870748
0 0.580131208997 0.248299319728 0.0168697282099 0.0442176870748
0 0.622774133083 0.242346938776 0.0215557638238 0.0561224489796
0 0.573570759138 0.117346938776 0.0112464854733 0.0272108843537
0 0.60121836926 0.108843537415 0.0103092783505 0.0238095238095
0 0.630271790066 0.124149659864 0.0103092783505 0.0238095238095
