0 0.0789215686275 0.448186528497 0.0460784313725 0.101899827288
0 0.284803921569 0.250431778929 0.0225490196078 0.027633851468
0 0.33431372549 0.215025906736 0.021568627451 0.0397236614853
0 0.388725490196 0.20207253886 0.0186274509804 0.0345423143351
0 0.368137254902 0.220207253886 0.0225490196078 0.0431778929188
0 0.403431372549 0.233160621762 0.0205882352941 0.0379965457686
0 0.412745098039 0.199481865285 0.0176470588235 0.0328151986183
0 0.420588235294 0.156303972366 0.0156862745098 0.0328151986183
0 0.453921568627 0.145077720207 0.0156862745098 0.027633851468
0 0.467647058824 0.155440414508 0.0137254901961 0.0345423143351
0 0.485294117647 0.156303972366 0.0137254901961 0.0293609671848
0 0.495098039216 0.163212435233 0.0137254901961 0.0328151986183
0 0.534803921569 0.160621761658 0.0186274509804 0.0379965457686
0 0.558333333333 0.186528497409 0.0205882352941 0.0379965457686
0 0.58431372549 0.107944732297 0.0137254901961 0.0293609671848
0 0.619607843137 0.120034542314 0.0137254901961 0.0293609671848
0 0.656862745098 0.111398963731 0.0137254901961 0.0259067357513
0 0.471568627451 0.19170984456 0.0196078431373 0.0379965457686
0 0.44362745098 0.215025906736 0.0186274509804 0.0362694300518
0 0.598529411765 0.227979274611 0.0245098039216 0.0379965457686
0 0.636764705882 0.224525043178 0.028431372549 0.0518134715026
0 0.666176470588 0.240932642487 0.0264705882353 0.0500863557858
0 0.700980392157 0.195164075993 0.021568627451 0.0414507772021
0 0.733823529412 0.151122625216 0.0166666666667 0.0362694300518
0 0.805392156863 0.289291882556 0.0245098039216 0.0673575129534
0 0.899509803922 0.332469775475 0.028431372549 0.0639032815199
0 0.915196078431 0.280656303972 0.0264705882353 0.0500863557858
0 0.89362745098 0.240932642487 0.0186274509804 0.0431778929188
0 0.921568627451 0.236614853195 0.0196078431373 0.0345423143351
0 0.901470588235 0.20207253886 0.0147058823529 0.0379965457686
0 0.947058823529 0.200345423143 0.0137254901961 0.0310880829016
0 0.945098039216 0.164075993092 0.0117647058824 0.0310880829016
