0 0.0650242326333 0.311533052039 0.0201938610662 0.0407876230661
0 0.0872374798061 0.294655414909 0.0177705977383 0.0323488045007
0 0.199919224556 0.226441631505 0.0201938610662 0.0365682137834
0 0.243537964459 0.287623066104 0.0266558966074 0.0492264416315
0 0.226978998384 0.426160337553 0.048465266559 0.10970464135
0 0.353392568659 0.272151898734 0.0379644588045 0.0576652601969
0 0.305331179321 0.159634317862 0.0193861066236 0.0351617440225
0 0.34450726979 0.146976090014 0.0169628432956 0.0351617440225
0 0.369951534733 0.146976090014 0.016155088853 0.0323488045007
0 0.413166397415 0.101265822785 0.0169628432956 0.0393811533052
0 0.457996768982 0.102672292546 0.0177705977383 0.0365682137834
0 0.514943457189 0.208157524613 0.0201938610662 0.042194092827
0 0.542407108239 0.196202531646 0.0185783521809 0.0379746835443
0 0.533925686591 0.175105485232 0.0177705977383 0.0351617440225
0 0.570274636511 0.107594936709 0.0193861066236 0.0407876230661
0 0.598546042003 0.0864978902954 0.0145395799677 0.0267229254571
