0 0.11170212766 0.245283018868 0.0191489361702 0.0415094339623
0 0.215957446809 0.385849056604 0.0553191489362 0.115094339623
0 0.415957446809 0.228301886792 0.0212765957447 0.0415094339623
0 0.400531914894 0.207547169811 0.0202127659574 0.0415094339623
0 0.389893617021 0.178301886792 0.0159574468085 0.0320754716981
0 0.397872340426 0.153773584906 0.0148936170213 0.0283018867925
0 0.433510638298 0.169811320755 0.0202127659574 0.0377358490566
0 0.428723404255 0.208490566038 0.0148936170213 0.0358490566038
0 0.487234042553 0.220754716981 0.0212765957447 0.0452830188679
0 0.484042553191 0.153773584906 0.0170212765957 0.0396226415094
0 0.532978723404 0.195283018868 0.0212765957447 0.0433962264151
0 0.458510638298 0.167924528302 0.0148936170213 0.0301886792453
0 0.588829787234 0.11320754717 0.013829787234 0.0301886792453
0 0.61170212766 0.235849056604 0.0234042553191 0.0452830188679
0 0.645744680851 0.239622641509 0.0234042553191 0.0490566037736
0 0.723404255319 0.150943396226 0.0170212765957 0.0377358490566
0 0.731914893617 0.170754716981 0.0148936170213 0.0358490566038
0 0.750531914894 0.159433962264 0.0159574468085 0.0471698113208
0 0.763829787234 0.188679245283 0.0191489361702 0.0377358490566
0 0.793085106383 0.169811320755 0.0159574468085 0.0339622641509
0 0.793085106383 0.146226415094 0.0117021276596 0.0283018867925
0 0.824468085106 0.160377358491 0.0148936170213 0.0301886792453
0 0.823404255319 0.203773584906 0.0212765957447 0.0415094339623
0 0.857446808511 0.266981132075 0.0212765957447 0.0509433962264
0 0.882446808511 0.335849056604 0.0436170212766 0.11320754717
0 0.904255319149 0.258490566038 0.0234042553191 0.0566037735849
0 0.945212765957 0.26320754717 0.0202127659574 0.0471698113208
0 0.95585106383 0.22358490566 0.0159574468085 0.0433962264151
0 0.968617021277 0.190566037736 0.0159574468085 0.0377358490566
