0 0.203733121525 0.447257383966 0.0452740270056 0.084388185654
0 0.338363780778 0.213080168776 0.0158856235107 0.0351617440225
0 0.327243844321 0.212376933896 0.0127084988086 0.0309423347398
0 0.274424146148 0.257383966245 0.0150913423352 0.0309423347398
0 0.263701350278 0.258790436006 0.0111199364575 0.0253164556962
0 0.29189833201 0.263713080169 0.0182684670373 0.0351617440225
0 0.310166799047 0.278481012658 0.0135027799841 0.0337552742616
0 0.320095313741 0.284810126582 0.0206513105639 0.0351617440225
0 0.37370929309 0.257383966245 0.0182684670373 0.042194092827
0 0.391977760127 0.279184247539 0.0214455917395 0.0464135021097
0 0.393566322478 0.225738396624 0.0198570293884 0.0379746835443
0 0.402700555997 0.189873417722 0.0158856235107 0.0337552742616
0 0.416997617156 0.176511954993 0.0142970611597 0.0295358649789
0 0.439634630659 0.154008438819 0.0135027799841 0.0267229254571
0 0.448768864178 0.169479606188 0.0158856235107 0.0295358649789
0 0.456314535346 0.143459915612 0.0135027799841 0.028129395218
0 0.480142970612 0.138537271449 0.0135027799841 0.0295358649789
0 0.486894360604 0.127988748242 0.00953137410643 0.0225035161744
0 0.511914217633 0.126582278481 0.0135027799841 0.0225035161744
0 0.509928514694 0.145569620253 0.0158856235107 0.0295358649789
0 0.470611596505 0.196905766526 0.011914217633 0.0337552742616
0 0.501191421763 0.190576652602 0.0174741858618 0.0351617440225
0 0.438046068308 0.215893108298 0.0166799046863 0.0379746835443
0 0.461874503574 0.228551336146 0.0214455917395 0.0464135021097
0 0.536536934075 0.185654008439 0.0166799046863 0.0365682137834
0 0.550436854647 0.158931082982 0.0127084988086 0.028129395218
0 0.566719618745 0.164556962025 0.0166799046863 0.0393811533052
0 0.560365369341 0.133614627286 0.0135027799841 0.0309423347398
0 0.580222398729 0.108298171589 0.011914217633 0.0253164556962
0 0.579030976966 0.148382559775 0.0127084988086 0.0379746835443
0 0.604050833995 0.120253164557 0.011914217633 0.0267229254571
0 0.610007942812 0.14135021097 0.0142970611597 0.0351617440225
0 0.637807783956 0.115330520394 0.0142970611597 0.0253164556962
0 0.656870532168 0.113924050633 0.0142970611597 0.028129395218
0 0.64416203336 0.165963431786 0.0174741858618 0.042194092827
0 0.683478951549 0.155414908579 0.0135027799841 0.0323488045007
0 0.690627482129 0.180731364276 0.0166799046863 0.0464135021097
0 0.647339158062 0.222222222222 0.0190627482129 0.0534458509142
0 0.602859412232 0.215189873418 0.022239872915 0.0478199718706
0 0.566322478157 0.258087201125 0.0254169976172 0.0576652601969
0 0.530976965846 0.308720112518 0.0293884034948 0.0548523206751
0 0.492454328832 0.313642756681 0.0270055599682 0.0478199718706
0 0.647339158062 0.262306610408 0.0238284352661 0.0548523206751
0 0.716044479746 0.154711673699 0.0166799046863 0.0365682137834
0 0.737490071485 0.144163150492 0.0135027799841 0.0351617440225
0 0.758538522637 0.131504922644 0.0142970611597 0.0295358649789
0 0.748610007943 0.161744022504 0.0182684670373 0.0337552742616
0 0.728752978554 0.1870604782 0.0214455917395 0.0393811533052
0 0.712470214456 0.217299578059 0.0206513105639 0.0379746835443
0 0.694598888006 0.314345991561 0.032565528197 0.0773558368495
0 0.717633042097 0.291139240506 0.0214455917395 0.0618846694796
0 0.749801429706 0.216596343179 0.0190627482129 0.0393811533052
0 0.772438443209 0.210267229255 0.0182684670373 0.0323488045007
0 0.781969817315 0.155414908579 0.011914217633 0.0351617440225
0 0.797458300238 0.13994374121 0.0142970611597 0.0323488045007
0 0.815329626688 0.153305203938 0.0150913423352 0.0337552742616
0 0.799444003177 0.176511954993 0.0166799046863 0.0379746835443
0 0.831612390786 0.144866385373 0.0127084988086 0.0309423347398
0 0.857823669579 0.142756680731 0.0158856235107 0.0351617440225
0 0.835583796664 0.18776371308 0.0158856235107 0.0407876230661
0 0.814535345512 0.209563994374 0.0150913423352 0.0365682137834
0 0.823669579031 0.226441631505 0.0190627482129 0.0450070323488
0 0.783161239079 0.284810126582 0.0254169976172 0.0548523206751
0 0.752184273233 0.338959212377 0.0285941223193 0.0731364275668
0 0.872915011914 0.193389592124 0.0158856235107 0.0407876230661
0 0.868546465449 0.215189873418 0.0150913423352 0.042194092827
0 0.853455123114 0.223628691983 0.0198570293884 0.0506329113924
0 0.899920571882 0.26511954993 0.0206513105639 0.0520393811533
0 0.853852263701 0.304500703235 0.0254169976172 0.0604781997187
