0 0.175452399685 0.373611111111 0.0330448465775 0.0694444444444
0 0.22423288749 0.318055555556 0.029897718332 0.0527777777778
0 0.199449252557 0.290972222222 0.021243115657 0.0513888888889
0 0.180173092054 0.294444444444 0.0251770259638 0.0472222222222
0 0.280487804878 0.244444444444 0.0180959874115 0.0361111111111
0 0.297797010228 0.23125 0.0180959874115 0.0375
0 0.318253343824 0.245138888889 0.021243115657 0.0486111111111
0 0.34500393391 0.249305555556 0.0196695515342 0.0458333333333
0 0.396144767899 0.220833333333 0.021243115657 0.0472222222222
0 0.417781274587 0.238888888889 0.029897718332 0.0472222222222
0 0.359559402046 0.433333333333 0.0409126671912 0.0888888888889
0 0.379622344611 0.378472222222 0.044846577498 0.0791666666667
0 0.347757671125 0.5375 0.0535011801731 0.108333333333
