0 0.142726440988 0.340722495895 0.0292772186642 0.0607553366174
0 0.277676120769 0.26026272578 0.0173833485819 0.0344827586207
0 0.293687099726 0.273399014778 0.0201280878317 0.0344827586207
0 0.299176578225 0.247126436782 0.0182982616651 0.0377668308703
0 0.33440073193 0.275041050903 0.0192131747484 0.0443349753695
0 0.36505032022 0.287356321839 0.0182982616651 0.0394088669951
0 0.368709972553 0.253694581281 0.0182982616651 0.0279146141215
0 0.386093321134 0.186371100164 0.0128087831656 0.0311986863711
0 0.400274473925 0.194581280788 0.0137236962489 0.0279146141215
0 0.404849039341 0.171592775041 0.0137236962489 0.0279146141215
0 0.422232387923 0.172413793103 0.0155535224154 0.0328407224959
0 0.424977127173 0.200328407225 0.0155535224154 0.0295566502463
0 0.444647758463 0.228243021346 0.0182982616651 0.0361247947455
0 0.452881976212 0.197044334975 0.0182982616651 0.0262725779967
0 0.451509606587 0.158456486043 0.0155535224154 0.0311986863711
0 0.471637694419 0.168308702791 0.0137236962489 0.0279146141215
0 0.47758462946 0.151888341544 0.00914913083257 0.0246305418719
0 0.483989021043 0.192118226601 0.0182982616651 0.0394088669951
0 0.475297346752 0.224137931034 0.0192131747484 0.0377668308703
0 0.510064043916 0.168308702791 0.0173833485819 0.0344827586207
0 0.510521500457 0.144499178982 0.0109789569991 0.0229885057471
0 0.50274473925 0.125615763547 0.0118938700823 0.0246305418719
0 0.545745654163 0.120689655172 0.0137236962489 0.0279146141215
0 0.532936870997 0.187192118227 0.0173833485819 0.0361247947455
0 0.540256175663 0.179802955665 0.0137236962489 0.0279146141215
0 0.569990850869 0.174876847291 0.0164684354986 0.0344827586207
0 0.560841720037 0.133004926108 0.0109789569991 0.0295566502463
0 0.577767612077 0.148604269294 0.0137236962489 0.0311986863711
0 0.585544373285 0.135467980296 0.00914913083257 0.0213464696223
0 0.578225068618 0.119047619048 0.00914913083257 0.0180623973727
0 0.58417200366 0.106732348112 0.0137236962489 0.0262725779967
0 0.608874656908 0.147783251232 0.0155535224154 0.0328407224959
0 0.611161939616 0.110016420361 0.0146386093321 0.0295566502463
0 0.63494967978 0.136288998358 0.0146386093321 0.0262725779967
0 0.639524245197 0.112479474548 0.0109789569991 0.0246305418719
0 0.629460201281 0.1026272578 0.0109789569991 0.0279146141215
0 0.658279963403 0.105911330049 0.0118938700823 0.0279146141215
0 0.693504117109 0.105090311987 0.0109789569991 0.0328407224959
0 0.676578225069 0.152709359606 0.0155535224154 0.0328407224959
0 0.694419030192 0.176518883415 0.0146386093321 0.0377668308703
0 0.648215919488 0.182266009852 0.0210430009149 0.0394088669951
0 0.667886550778 0.211001642036 0.0219579139982 0.0410509031199
0 0.607959743824 0.211001642036 0.0247026532479 0.0443349753695
0 0.568618481244 0.247126436782 0.0210430009149 0.0443349753695
0 0.532936870997 0.330049261084 0.032021957914 0.055829228243
0 0.535681610247 0.27750410509 0.0210430009149 0.0394088669951
0 0.492680695334 0.290640394089 0.0265324794145 0.0591133004926
0 0.619396157365 0.26026272578 0.0219579139982 0.047619047619
0 0.623970722781 0.294745484401 0.0256175663312 0.0509031198686
0 0.661482159195 0.32183908046 0.0347666971638 0.0689655172414
0 0.706312900274 0.25697865353 0.0292772186642 0.0574712643678
0 0.694876486734 0.223316912972 0.0210430009149 0.0394088669951
0 0.720951509607 0.210180623974 0.0201280878317 0.0426929392447
0 0.730558096981 0.172413793103 0.0173833485819 0.0328407224959
0 0.740164684355 0.150246305419 0.0128087831656 0.0279146141215
0 0.731930466606 0.114942528736 0.0146386093321 0.0328407224959
0 0.758920402562 0.128899835796 0.0173833485819 0.0311986863711
0 0.773101555352 0.141215106732 0.0146386093321 0.0361247947455
0 0.769899359561 0.197044334975 0.0173833485819 0.0525451559934
0 0.746569075938 0.215927750411 0.0201280878317 0.047619047619
0 0.758005489478 0.287356321839 0.0247026532479 0.0623973727422
0 0.735132662397 0.371100164204 0.0393412625801 0.0755336617406
0 0.804208600183 0.408866995074 0.0475754803294 0.072249589491
0 0.892955169259 0.402298850575 0.0384263494968 0.072249589491
0 0.894784995425 0.294745484401 0.0237877401647 0.0607553366174
0 0.899817017383 0.249589490969 0.0173833485819 0.0459770114943
0 0.911253430924 0.21921182266 0.0201280878317 0.0344827586207
0 0.917200365965 0.252052545156 0.0137236962489 0.0443349753695
0 0.858645928637 0.251231527094 0.0210430009149 0.0426929392447
0 0.849496797804 0.296387520525 0.032021957914 0.064039408867
0 0.798719121683 0.250410509031 0.0201280878317 0.0509031198686
0 0.816102470265 0.210180623974 0.0201280878317 0.0591133004926
0 0.798719121683 0.146141215107 0.0164684354986 0.0361247947455
0 0.82570905764 0.144499178982 0.0137236962489 0.0295566502463
0 0.820677035682 0.128899835796 0.0109789569991 0.0279146141215
0 0.847209515096 0.144499178982 0.0146386093321 0.0295566502463
0 0.859103385178 0.131362889984 0.0128087831656 0.0295566502463
0 0.851326623971 0.174876847291 0.0137236962489 0.0311986863711
0 0.873284537969 0.174876847291 0.0137236962489 0.0344827586207
0 0.879688929552 0.159277504105 0.0118938700823 0.0295566502463
0 0.915370539799 0.161740558292 0.0100640439158 0.0279146141215
0 0.86230558097 0.208538587849 0.0173833485819 0.0328407224959
