0 0.214930270714 0.34126984127 0.0164068908942 0.033189033189
0 0.2403609516 0.376623376623 0.019688269073 0.04329004329
0 0.278917145201 0.369408369408 0.019688269073 0.04329004329
0 0.271944216571 0.307359307359 0.0155865463495 0.031746031746
0 0.316652994258 0.364357864358 0.0213289581624 0.038961038961
0 0.302296964725 0.336219336219 0.0188679245283 0.037518037518
0 0.340032813782 0.295093795094 0.0172272354389 0.033189033189
0 0.341263330599 0.334776334776 0.0164068908942 0.034632034632
0 0.366694011485 0.327561327561 0.0164068908942 0.034632034632
0 0.394175553733 0.344155844156 0.0205086136177 0.041847041847
0 0.388843314192 0.304473304473 0.0164068908942 0.034632034632
0 0.373256767842 0.264790764791 0.0147662018048 0.030303030303
0 0.389663658737 0.271284271284 0.0147662018048 0.031746031746
0 0.419606234619 0.308080808081 0.0188679245283 0.036075036075
0 0.413043478261 0.251082251082 0.0155865463495 0.031746031746
0 0.433141919606 0.263347763348 0.0147662018048 0.033189033189
0 0.452420016407 0.24025974026 0.0155865463495 0.030303030303
0 0.456931911403 0.272005772006 0.0147662018048 0.030303030303
0 0.45816242822 0.307359307359 0.0172272354389 0.02886002886
0 0.483182936833 0.324675324675 0.0180475799836 0.037518037518
0 0.436423297785 0.33189033189 0.019688269073 0.04329004329
0 0.517227235439 0.3556998557 0.0237899917966 0.0533910533911
0 0.446677604594 0.414141414141 0.0287120590648 0.0577200577201
0 0.486874487285 0.264790764791 0.0155865463495 0.033189033189
0 0.503281378179 0.277777777778 0.0172272354389 0.038961038961
0 0.534454470878 0.286435786436 0.0172272354389 0.036075036075
0 0.52953240361 0.249639249639 0.0155865463495 0.031746031746
0 0.542247744053 0.226551226551 0.0114848236259 0.025974025974
0 0.557834290402 0.221500721501 0.0114848236259 0.021645021645
0 0.55742411813 0.243145743146 0.01394585726 0.027417027417
0 0.563576702215 0.265512265512 0.0147662018048 0.034632034632
0 0.580803937654 0.248196248196 0.0164068908942 0.02886002886
0 0.584085315833 0.224386724387 0.0131255127153 0.030303030303
0 0.593929450369 0.209956709957 0.0147662018048 0.030303030303
0 0.610336341263 0.221500721501 0.0147662018048 0.036075036075
0 0.61853978671 0.246031746032 0.0147662018048 0.027417027417
0 0.623051681706 0.226551226551 0.0155865463495 0.02886002886
0 0.642329778507 0.212121212121 0.0164068908942 0.02886002886
0 0.643970467596 0.240981240981 0.0147662018048 0.02886002886
0 0.660377358491 0.26911976912 0.0180475799836 0.036075036075
0 0.661197703035 0.240981240981 0.0164068908942 0.031746031746
0 0.682116488925 0.22582972583 0.01394585726 0.030303030303
0 0.685808039377 0.255411255411 0.0164068908942 0.034632034632
0 0.580393765381 0.334776334776 0.0205086136177 0.04329004329
0 0.619360131255 0.301587301587 0.019688269073 0.046176046176
0 0.595159967186 0.365079365079 0.025430680886 0.0519480519481
0 0.529942575882 0.407647907648 0.0344544708778 0.0562770562771
0 0.575471698113 0.454545454545 0.0352748154225 0.0750360750361
0 0.625922887613 0.473304473304 0.0360951599672 0.0692640692641
0 0.639868744873 0.372294372294 0.0278917145201 0.049062049062
0 0.629204265792 0.350649350649 0.0164068908942 0.034632034632
0 0.671452009844 0.3556998557 0.0205086136177 0.044733044733
0 0.671041837572 0.321789321789 0.0229696472518 0.037518037518
0 0.708367514356 0.2886002886 0.0155865463495 0.034632034632
0 0.732157506153 0.256132756133 0.0123051681706 0.030303030303
0 0.725594749795 0.24531024531 0.01394585726 0.023088023088
0 0.742411812961 0.238095238095 0.0147662018048 0.034632034632
0 0.755127153404 0.285714285714 0.0172272354389 0.040404040404
0 0.773174733388 0.248196248196 0.0155865463495 0.037518037518
0 0.760869565217 0.248196248196 0.0123051681706 0.02886002886
0 0.80311730927 0.272005772006 0.0147662018048 0.030303030303
0 0.819524200164 0.256854256854 0.0131255127153 0.034632034632
0 0.798605414274 0.304473304473 0.0172272354389 0.040404040404
0 0.821575061526 0.314574314574 0.0172272354389 0.037518037518
0 0.828137817884 0.344877344877 0.0205086136177 0.046176046176
0 0.845775225595 0.375901875902 0.019688269073 0.0562770562771
0 0.855209187859 0.341991341991 0.0188679245283 0.040404040404
0 0.86751435603 0.318903318903 0.0172272354389 0.037518037518
0 0.838392124692 0.287157287157 0.0147662018048 0.031746031746
0 0.856439704676 0.251082251082 0.0131255127153 0.034632034632
0 0.878999179655 0.290764790765 0.0172272354389 0.041847041847
0 0.725594749795 0.417027417027 0.0270713699754 0.049062049062
0 0.694421657096 0.487734487734 0.0385561936013 0.0750360750361
0 0.767432321575 0.430014430014 0.0270713699754 0.0577200577201
0 0.794913863823 0.364357864358 0.0180475799836 0.0505050505051
0 0.812141099262 0.530303030303 0.0377358490566 0.0735930735931
0 0.831419196062 0.468975468975 0.0270713699754 0.0606060606061
0 0.896636587367 0.489898989899 0.0278917145201 0.0707070707071
0 0.90073831009 0.328282828283 0.0164068908942 0.044733044733
0 0.922887612797 0.3556998557 0.0180475799836 0.044733044733
0 0.915504511895 0.308080808081 0.0131255127153 0.030303030303
0 0.920426579163 0.281385281385 0.0147662018048 0.023088023088
