0 0.941721132898 0.23786407767 0.0185185185185 0.0407766990291
0 0.736383442266 0.225242718447 0.0196078431373 0.0466019417476
0 0.675381263617 0.168932038835 0.0152505446623 0.0427184466019
0 0.675381263617 0.219417475728 0.0174291938998 0.0466019417476
0 0.630718954248 0.215533980583 0.0196078431373 0.0427184466019
0 0.62962962963 0.261165048544 0.0196078431373 0.0407766990291
0 0.675381263617 0.290291262136 0.0217864923747 0.0446601941748
0 0.63834422658 0.311650485437 0.0261437908497 0.0640776699029
0 0.63779956427 0.118446601942 0.0141612200436 0.031067961165
0 0.587145969499 0.0572815533981 0.00871459694989 0.021359223301
0 0.552832244009 0.167961165049 0.0141612200436 0.0330097087379
0 0.544117647059 0.181553398058 0.016339869281 0.0368932038835
0 0.471132897603 0.135922330097 0.0119825708061 0.0271844660194
0 0.486928104575 0.171844660194 0.0130718954248 0.0330097087379
0 0.410130718954 0.207766990291 0.016339869281 0.0349514563107
0 0.452614379085 0.219417475728 0.0185185185185 0.031067961165
0 0.462962962963 0.18640776699 0.0152505446623 0.031067961165
0 0.32788671024 0.217475728155 0.0152505446623 0.0388349514563
