0 0.186991869919 0.380610412926 0.0406504065041 0.0754039497307
0 0.297256097561 0.21723518851 0.015243902439 0.0359066427289
0 0.306402439024 0.239676840215 0.0172764227642 0.0377019748654
0 0.323170731707 0.245062836625 0.0182926829268 0.0412926391382
0 0.346036585366 0.249551166966 0.0172764227642 0.0359066427289
0 0.354166666667 0.203770197487 0.0172764227642 0.0341113105925
0 0.342479674797 0.184021543986 0.0121951219512 0.0233393177738
0 0.378556910569 0.201077199282 0.0172764227642 0.032315978456
0 0.380081300813 0.244165170557 0.0182926829268 0.0359066427289
0 0.413109756098 0.24236983842 0.0193089430894 0.0359066427289
0 0.413617886179 0.1921005386 0.0121951219512 0.0287253141831
0 0.41412601626 0.160682226212 0.0111788617886 0.0233393177738
0 0.440548780488 0.167863554758 0.015243902439 0.0341113105925
0 0.466971544715 0.171454219031 0.015243902439 0.0341113105925
0 0.469004065041 0.149012567325 0.015243902439 0.0251346499102
0 0.487804878049 0.14631956912 0.0142276422764 0.0269299820467
0 0.486280487805 0.171454219031 0.015243902439 0.0341113105925
0 0.484756097561 0.215439856373 0.0142276422764 0.0394973070018
0 0.451727642276 0.222621184919 0.0172764227642 0.0287253141831
0 0.497459349593 0.133752244165 0.0132113821138 0.0233393177738
0 0.525406504065 0.135547576302 0.0142276422764 0.0305206463196
0 0.505589430894 0.173249551167 0.0132113821138 0.0269299820467
0 0.523882113821 0.171454219031 0.015243902439 0.0305206463196
0 0.530995934959 0.180430879713 0.015243902439 0.0305206463196
0 0.493902439024 0.28276481149 0.0223577235772 0.048473967684
0 0.547764227642 0.281867145422 0.0243902439024 0.0538599640934
0 0.565040650407 0.248653500898 0.0223577235772 0.048473967684
0 0.595020325203 0.330341113106 0.0274390243902 0.0538599640934
0 0.622459349593 0.245062836625 0.0233739837398 0.048473967684
0 0.63262195122 0.216337522442 0.0193089430894 0.0341113105925
0 0.623475609756 0.150807899461 0.0111788617886 0.0251346499102
0 0.590447154472 0.175942549372 0.0142276422764 0.0287253141831
0 0.555894308943 0.184021543986 0.0142276422764 0.0305206463196
0 0.553861788618 0.162477558348 0.0142276422764 0.0269299820467
0 0.57012195122 0.153500897666 0.0121951219512 0.0233393177738
0 0.549796747967 0.14631956912 0.0121951219512 0.0197486535009
0 0.556402439024 0.131059245961 0.015243902439 0.0251346499102
0 0.587398373984 0.122980251346 0.0142276422764 0.0341113105925
0 0.606707317073 0.126570915619 0.0142276422764 0.0305206463196
0 0.624491869919 0.124775583483 0.0111788617886 0.0269299820467
0 0.633130081301 0.11131059246 0.0121951219512 0.0251346499102
0 0.667174796748 0.107719928187 0.0111788617886 0.0251346499102
0 0.659044715447 0.137342908438 0.0132113821138 0.0233393177738
0 0.692073170732 0.122980251346 0.0121951219512 0.0233393177738
0 0.695630081301 0.106822262118 0.00914634146341 0.0197486535009
0 0.719512195122 0.106822262118 0.010162601626 0.0197486535009
0 0.667682926829 0.181328545781 0.0142276422764 0.0287253141831
0 0.694105691057 0.201077199282 0.020325203252 0.0287253141831
0 0.704268292683 0.175044883303 0.0121951219512 0.0233393177738
0 0.751524390244 0.138240574506 0.0132113821138 0.032315978456
0 0.67581300813 0.271095152603 0.0223577235772 0.0502692998205
0 0.699695121951 0.310592459605 0.0274390243902 0.0538599640934
0 0.730691056911 0.299820466786 0.0223577235772 0.0466786355476
0 0.748983739837 0.390484739677 0.0284552845528 0.0700179533214
0 0.783028455285 0.308797127469 0.0213414634146 0.0538599640934
0 0.768800813008 0.23249551167 0.0193089430894 0.0377019748654
0 0.737296747967 0.221723518851 0.0193089430894 0.0341113105925
0 0.758638211382 0.197486535009 0.015243902439 0.032315978456
0 0.735772357724 0.194793536804 0.0162601626016 0.0269299820467
0 0.793699186992 0.143626570916 0.0121951219512 0.0287253141831
0 0.80081300813 0.165170556553 0.0142276422764 0.0359066427289
0 0.806402439024 0.215439856373 0.015243902439 0.032315978456
0 0.80843495935 0.255834829443 0.0193089430894 0.048473967684
0 0.856199186992 0.293536804309 0.0213414634146 0.0520646319569
0 0.822154471545 0.414721723519 0.0264227642276 0.0682226211849
0 0.873983739837 0.261220825853 0.0182926829268 0.0412926391382
0 0.88262195122 0.231597845601 0.0172764227642 0.0394973070018
0 0.931910569106 0.219030520646 0.0162601626016 0.0430879712747
0 0.928353658537 0.289946140036 0.0193089430894 0.0412926391382
0 0.927845528455 0.334829443447 0.0223577235772 0.0556552962298
0 0.905487804878 0.413824057451 0.0325203252033 0.0736086175943
