0 0.195736434109 0.476151315789 0.0445736434109 0.0838815789474
0 0.334786821705 0.260690789474 0.0261627906977 0.0411184210526
0 0.442829457364 0.271381578947 0.0232558139535 0.0394736842105
0 0.492248062016 0.330592105263 0.0348837209302 0.0625
0 0.460271317829 0.194901315789 0.0174418604651 0.0378289473684
0 0.433139534884 0.213815789474 0.0193798449612 0.0328947368421
0 0.488372093023 0.180098684211 0.0251937984496 0.0345394736842
0 0.472868217054 0.148026315789 0.015503875969 0.0263157894737
0 0.496124031008 0.139802631579 0.0135658914729 0.0296052631579
0 0.546027131783 0.134868421053 0.0164728682171 0.0296052631579
0 0.573643410853 0.143092105263 0.015503875969 0.0263157894737
0 0.53730620155 0.210526315789 0.0164728682171 0.0328947368421
0 0.592054263566 0.15625 0.0174418604651 0.0296052631579
0 0.68023255814 0.246710526316 0.0213178294574 0.0427631578947
0 0.740794573643 0.259868421053 0.0281007751938 0.0493421052632
0 0.803294573643 0.269736842105 0.0290697674419 0.0526315789474
0 0.709786821705 0.148848684211 0.0125968992248 0.03125
0 0.734496124031 0.155427631579 0.015503875969 0.0345394736842
0 0.771802325581 0.113486842105 0.0164728682171 0.0296052631579
0 0.824127906977 0.128289473684 0.0125968992248 0.0296052631579
0 0.826550387597 0.169407894737 0.0174418604651 0.0361842105263
0 0.899224806202 0.212993421053 0.0232558139535 0.0411184210526
0 0.887112403101 0.490953947368 0.0552325581395 0.120065789474
0 0.375 0.260690789474 0.0213178294574 0.0411184210526
0 0.465600775194 0.231907894737 0.031976744186 0.0526315789474
