0 0.340210355987 0.196202531646 0.0186084142395 0.0436005625879
0 0.377427184466 0.203938115331 0.0218446601942 0.0365682137834
0 0.392799352751 0.179324894515 0.0169902912621 0.0295358649789
0 0.423948220065 0.175105485232 0.0161812297735 0.0323488045007
0 0.446601941748 0.179324894515 0.0177993527508 0.0379746835443
0 0.452669902913 0.153305203938 0.0121359223301 0.0309423347398
0 0.466828478964 0.146976090014 0.0145631067961 0.0295358649789
0 0.475323624595 0.170182841069 0.0137540453074 0.0309423347398
0 0.481796116505 0.208157524613 0.0186084142395 0.0393811533052
0 0.491100323625 0.170886075949 0.0145631067961 0.0379746835443
0 0.493122977346 0.137130801688 0.0137540453074 0.0267229254571
0 0.504854368932 0.144163150492 0.0129449838188 0.0295358649789
0 0.521035598706 0.182137834037 0.0177993527508 0.0407876230661
0 0.53357605178 0.168776371308 0.0137540453074 0.0365682137834
0 0.527912621359 0.135021097046 0.0169902912621 0.0365682137834
0 0.56432038835 0.188466947961 0.0202265372168 0.0365682137834
0 0.559466019417 0.148382559775 0.0137540453074 0.0267229254571
0 0.567961165049 0.125879043601 0.0129449838188 0.0267229254571
0 0.580501618123 0.150492264416 0.0169902912621 0.0337552742616
0 0.592637540453 0.125879043601 0.0137540453074 0.0323488045007
0 0.609223300971 0.132208157525 0.0145631067961 0.028129395218
0 0.614886731392 0.161040787623 0.0145631067961 0.0267229254571
0 0.652103559871 0.152601969058 0.0145631067961 0.0351617440225
0 0.646844660194 0.132911392405 0.0121359223301 0.0267229254571
0 0.633090614887 0.10900140647 0.0105177993528 0.0239099859353
0 0.670307443366 0.125879043601 0.0137540453074 0.0267229254571
0 0.699029126214 0.132208157525 0.0145631067961 0.0253164556962
0 0.692961165049 0.114627285513 0.0137540453074 0.0239099859353
0 0.732200647249 0.119549929677 0.0145631067961 0.028129395218
0 0.604368932039 0.238396624473 0.0226537216828 0.0520393811533
0 0.637540453074 0.215189873418 0.0258899676375 0.0478199718706
0 0.676375404531 0.189873417722 0.0194174757282 0.042194092827
0 0.683656957929 0.228551336146 0.0226537216828 0.0548523206751
0 0.732200647249 0.239099859353 0.0210355987055 0.0506329113924
0 0.728964401294 0.199718706048 0.0177993527508 0.0450070323488
0 0.711974110032 0.180028129395 0.0145631067961 0.0337552742616
0 0.753640776699 0.175105485232 0.0153721682848 0.0407876230661
0 0.748381877023 0.149789029536 0.0145631067961 0.0351617440225
0 0.776699029126 0.138537271449 0.0161812297735 0.0323488045007
0 0.794498381877 0.176511954993 0.0194174757282 0.0464135021097
0 0.806229773463 0.163150492264 0.0186084142395 0.042194092827
0 0.812297734628 0.216596343179 0.0226537216828 0.0450070323488
0 0.838187702265 0.191983122363 0.0161812297735 0.0407876230661
0 0.830906148867 0.163150492264 0.0177993527508 0.0365682137834
0 0.843851132686 0.143459915612 0.0161812297735 0.0309423347398
0 0.857605177994 0.178621659634 0.0145631067961 0.0337552742616
0 0.877022653722 0.142756680731 0.0145631067961 0.0323488045007
0 0.909385113269 0.155414908579 0.0129449838188 0.0267229254571
0 0.884708737864 0.203938115331 0.0169902912621 0.042194092827
0 0.904530744337 0.232770745429 0.0242718446602 0.0464135021097
0 0.934870550162 0.18776371308 0.0169902912621 0.0351617440225
0 0.958333333333 0.227144866385 0.0186084142395 0.0379746835443
0 0.960355987055 0.179324894515 0.0129449838188 0.0295358649789
0 0.896844660194 0.271448663854 0.0218446601942 0.0506329113924
0 0.71925566343 0.310829817159 0.0485436893204 0.084388185654
