0 0.305633802817 0.177924217463 0.0178403755869 0.0428336079077
0 0.363849765258 0.196046128501 0.0159624413146 0.0362438220758
0 0.392018779343 0.185337726524 0.0178403755869 0.0345963756178
0 0.410328638498 0.191103789127 0.0150234741784 0.0362438220758
0 0.40234741784 0.219110378913 0.0159624413146 0.0296540362438
0 0.393427230047 0.289950576606 0.0225352112676 0.0461285008237
0 0.355868544601 0.306425041186 0.0244131455399 0.0395387149918
0 0.447887323944 0.183690280066 0.0169014084507 0.0378912685338
0 0.458215962441 0.20510708402 0.0206572769953 0.0345963756178
0 0.476056338028 0.189456342669 0.0169014084507 0.0362438220758
0 0.490610328638 0.200988467875 0.0178403755869 0.0395387149918
0 0.457746478873 0.232289950577 0.0197183098592 0.0395387149918
0 0.485915492958 0.234761120264 0.0215962441315 0.0378912685338
0 0.575117370892 0.140856672158 0.0159624413146 0.0313014827018
0 0.49014084507 0.303953871499 0.0300469483568 0.0477759472817
0 0.613145539906 0.244645799012 0.0225352112676 0.0477759472817
0 0.711267605634 0.191103789127 0.0215962441315 0.0461285008237
0 0.760093896714 0.210049423394 0.0215962441315 0.0477759472817
0 0.966197183099 0.109555189456 0.0150234741784 0.0345963756178
