0 0.240706319703 0.254414125201 0.0204460966543 0.0497592295345
0 0.263011152416 0.210272873194 0.0185873605948 0.0417335473515
0 0.285780669145 0.208667736758 0.0195167286245 0.0449438202247
0 0.323884758364 0.217495987159 0.0195167286245 0.0401284109149
0 0.351765799257 0.210272873194 0.0232342007435 0.0449438202247
0 0.359665427509 0.185393258427 0.0223048327138 0.0401284109149
0 0.405204460967 0.166131621188 0.0260223048327 0.0529695024077
0 0.381505576208 0.20304975923 0.0232342007435 0.0401284109149
0 0.374535315985 0.268057784912 0.0334572490706 0.0674157303371
0 0.443773234201 0.207062600321 0.0269516728625 0.0513643659711
0 0.55343866171 0.200642054575 0.025092936803 0.0545746388443
0 0.605483271375 0.252006420546 0.0269516728625 0.0545746388443
0 0.629182156134 0.241573033708 0.0185873605948 0.0497592295345
