0 0.184518451845 0.460610932476 0.043204320432 0.0787781350482
0 0.167866786679 0.278135048232 0.024302430243 0.0450160771704
0 0.266876687669 0.268488745981 0.020702070207 0.0418006430868
0 0.307380738074 0.224276527331 0.015301530153 0.0305466237942
0 0.32403240324 0.233922829582 0.016201620162 0.0337620578778
0 0.343384338434 0.225080385852 0.015301530153 0.0353697749196
0 0.357785778578 0.194533762058 0.022502250225 0.0385852090032
0 0.388838883888 0.195337620579 0.014401440144 0.0273311897106
0 0.380288028803 0.210610932476 0.015301530153 0.0353697749196
0 0.416741674167 0.218649517685 0.019801980198 0.0353697749196
0 0.468946894689 0.206591639871 0.014401440144 0.040192926045
0 0.461296129613 0.186495176849 0.011701170117 0.032154340836
0 0.476597659766 0.185691318328 0.018901890189 0.0369774919614
0 0.585058505851 0.103697749196 0.01800180018 0.040192926045
0 0.605310531053 0.0570739549839 0.013501350135 0.0305466237942
0 0.638163816382 0.141479099678 0.012601260126 0.0257234726688
0 0.653465346535 0.143890675241 0.012601260126 0.0209003215434
0 0.655265526553 0.120578778135 0.010801080108 0.0257234726688
0 0.659765976598 0.0771704180064 0.00900090009001 0.0192926045016
0 0.725472547255 0.0827974276527 0.010801080108 0.024115755627
0 0.731773177318 0.0819935691318 0.012601260126 0.0257234726688
0 0.746624662466 0.0779742765273 0.00990099009901 0.0273311897106
0 0.758325832583 0.0715434083601 0.00990099009901 0.0176848874598
0 0.76102610261 0.0908360128617 0.013501350135 0.0209003215434
0 0.746624662466 0.14308681672 0.013501350135 0.0289389067524
0 0.821332133213 0.254823151125 0.020702070207 0.0434083601286
0 0.888838883888 0.263665594855 0.018901890189 0.032154340836
0 0.916291629163 0.260450160772 0.01800180018 0.0418006430868
0 0.86498649865 0.191318327974 0.016201620162 0.0353697749196
0 0.935643564356 0.190514469453 0.015301530153 0.0337620578778
