0 0.18410700236 0.480582524272 0.0456333595594 0.0818307905687
0 0.337922895358 0.226768377254 0.021243115657 0.0429958391123
0 0.381589299764 0.23092926491 0.0283241542093 0.0402219140083
0 0.403225806452 0.202496532594 0.021243115657 0.0388349514563
0 0.440991345397 0.22052704577 0.0180959874115 0.0360610263523
0 0.463021243116 0.22746185853 0.0228166797797 0.0471567267684
0 0.51140833989 0.186546463245 0.0220298977183 0.0429958391123
0 0.568056648308 0.165048543689 0.0204563335956 0.0443828016644
0 0.595987411487 0.106796116505 0.0102281667978 0.0221914008322
0 0.560582218725 0.246185852982 0.0259638080252 0.0457697642164
0 0.621951219512 0.235090152566 0.0259638080252 0.0485436893204
0 0.651455546814 0.214979195562 0.0236034618411 0.0471567267684
0 0.667584579072 0.25173370319 0.0291109362707 0.0568654646325
0 0.704563335956 0.228848821082 0.0259638080252 0.0554785020804
0 0.75845790716 0.273231622746 0.0267505900865 0.0610263522885
0 0.721872541306 0.156033287101 0.0228166797797 0.0402219140083
0 0.757671125098 0.168515950069 0.0173092053501 0.0429958391123
0 0.794256490952 0.170596393897 0.0196695515342 0.0471567267684
0 0.806845003934 0.353675450763 0.0369787568843 0.0748959778086
0 0.828874901652 0.319001386963 0.0322580645161 0.0721220527046
0 0.886703383163 0.368932038835 0.0314712824548 0.0721220527046
0 0.889457120378 0.297503467406 0.0259638080252 0.0651872399445
0 0.819826907946 0.219140083218 0.0220298977183 0.0388349514563
0 0.834382376082 0.174757281553 0.014948859166 0.0388349514563
0 0.887490165224 0.178918169209 0.0157356412274 0.0332871012483
0 0.866247049567 0.23092926491 0.0188827694729 0.0457697642164
0 0.846970889064 0.162968099861 0.0180959874115 0.0374479889043
0 0.915814319434 0.235090152566 0.0188827694729 0.0485436893204
