0 0.71235721703 0.302218114603 0.0332294911734 0.0646950092421
0 0.596053997923 0.227356746765 0.0207684319834 0.0443622920518
0 0.623052959502 0.219038817006 0.0228452751817 0.0425138632163
0 0.657840083074 0.186691312384 0.0176531671859 0.0369685767098
0 0.682242990654 0.221811460259 0.018691588785 0.0406654343808
0 0.722222222222 0.224584103512 0.0197300103842 0.0388170055453
0 0.713395638629 0.191312384473 0.018691588785 0.0351201478743
0 0.697819314642 0.175600739372 0.018691588785 0.0332717190388
0 0.738317757009 0.175600739372 0.0166147455867 0.0332717190388
0 0.727933541018 0.140480591497 0.01246105919 0.0332717190388
0 0.745067497404 0.145101663586 0.0134994807892 0.0240295748614
0 0.763759086189 0.132162661738 0.0134994807892 0.0277264325323
0 0.317757009346 0.214417744917 0.0166147455867 0.0258780036969
0 0.370197300104 0.193160813309 0.0134994807892 0.0314232902033
0 0.375908618899 0.175600739372 0.0145379023884 0.0258780036969
0 0.420041536864 0.172828096118 0.0155763239875 0.0314232902033
0 0.43717549325 0.174676524954 0.01246105919 0.0277264325323
0 0.444963655244 0.156192236599 0.0134994807892 0.0240295748614
0 0.441848390447 0.137707948244 0.0134994807892 0.0203327171904
0 0.471443406023 0.134011090573 0.01246105919 0.0203327171904
0 0.47455867082 0.158040665434 0.01246105919 0.0277264325323
0 0.458463136033 0.166358595194 0.0134994807892 0.0221811460259
0 0.469366562825 0.203327171904 0.0166147455867 0.0369685767098
0 0.474039460021 0.190388170055 0.0134994807892 0.0221811460259
0 0.52544132918 0.182070240296 0.0166147455867 0.0314232902033
0 0.558151609553 0.185767097967 0.0155763239875 0.0314232902033
0 0.48701973001 0.146950092421 0.0145379023884 0.0277264325323
0 0.498442367601 0.127541589649 0.0103842159917 0.0184842883549
0 0.52544132918 0.12292051756 0.01246105919 0.0203327171904
0 0.532191069574 0.119223659889 0.00726895119418 0.0203327171904
0 0.529075804777 0.154343807763 0.0134994807892 0.0240295748614
0 0.536863966771 0.147874306839 0.01246105919 0.0258780036969
0 0.545690550363 0.136783733826 0.0114226375909 0.0221811460259
0 0.578400830737 0.138632162662 0.0103842159917 0.0258780036969
0 0.584631360332 0.12292051756 0.01246105919 0.0240295748614
0 0.597611630322 0.134011090573 0.0114226375909 0.0203327171904
0 0.615784008307 0.103512014787 0.0103842159917 0.0221811460259
0 0.630841121495 0.130314232902 0.0114226375909 0.0240295748614
0 0.634475597092 0.157116451017 0.0145379023884 0.0258780036969
0 0.660436137072 0.142329020333 0.0103842159917 0.0258780036969
0 0.654724818276 0.124768946396 0.00934579439252 0.0203327171904
0 0.660955347871 0.113678373383 0.00934579439252 0.0203327171904
0 0.678089304258 0.109057301294 0.0103842159917 0.0258780036969
0 0.709241952233 0.121996303142 0.0103842159917 0.0221811460259
0 0.685877466251 0.147874306839 0.0134994807892 0.0184842883549
0 0.778816199377 0.152495378928 0.01246105919 0.0314232902033
0 0.795430944964 0.15988909427 0.01246105919 0.0277264325323
0 0.80062305296 0.133086876155 0.0103842159917 0.0221811460259
0 0.814641744548 0.158964879852 0.0114226375909 0.0295748613678
0 0.80062305296 0.201478743068 0.0145379023884 0.0295748613678
0 0.816718587747 0.199630314233 0.0134994807892 0.0295748613678
0 0.835410176532 0.172828096118 0.0114226375909 0.0351201478743
0 0.828660436137 0.136783733826 0.01246105919 0.0258780036969
0 0.857736240914 0.139556377079 0.0103842159917 0.0314232902033
0 0.865524402908 0.200554528651 0.0114226375909 0.0388170055453
0 0.879543094496 0.270794824399 0.0145379023884 0.0425138632163
0 0.88785046729 0.230129390018 0.0145379023884 0.0462107208872
0 0.898234683281 0.206099815157 0.01246105919 0.0314232902033
0 0.940809968847 0.223659889094 0.01246105919 0.0369685767098
0 0.941329179647 0.189463955638 0.0114226375909 0.0203327171904
0 0.917445482866 0.176524953789 0.0134994807892 0.0314232902033
0 0.944963655244 0.170979667283 0.0103842159917 0.0240295748614
0 0.896677050883 0.15988909427 0.0114226375909 0.0277264325323
