0 0.328274760383 0.217753120666 0.0143769968051 0.0360610263523
0 0.338258785942 0.232316227462 0.0151757188498 0.0291262135922
0 0.424920127796 0.270457697642 0.0223642172524 0.0416088765603
0 0.492412140575 0.0776699029126 0.0119808306709 0.0249653259362
0 0.515575079872 0.0929264909847 0.0151757188498 0.0221914008322
0 0.485623003195 0.20665742025 0.0159744408946 0.0388349514563
0 0.509984025559 0.197642163662 0.0119808306709 0.0291262135922
0 0.533546325879 0.190707350902 0.017571884984 0.0374479889043
0 0.563099041534 0.174063800277 0.0159744408946 0.0346740638003
0 0.561900958466 0.124133148405 0.0135782747604 0.0263522884882
0 0.905750798722 0.107489597781 0.0143769968051 0.0263522884882
