0 0.112560386473 0.262027491409 0.0164251207729 0.0292096219931
0 0.194685990338 0.440721649485 0.0376811594203 0.0773195876289
0 0.341062801932 0.249140893471 0.0173913043478 0.0343642611684
0 0.342995169082 0.215635738832 0.0154589371981 0.0292096219931
0 0.391787439614 0.195017182131 0.0144927536232 0.03264604811
0 0.376811594203 0.26116838488 0.0231884057971 0.0343642611684
0 0.407729468599 0.276632302405 0.0173913043478 0.0378006872852
0 0.413526570048 0.240549828179 0.0154589371981 0.0309278350515
0 0.447342995169 0.200171821306 0.0135265700483 0.0292096219931
0 0.487922705314 0.21735395189 0.0193236714976 0.0429553264605
0 0.480193236715 0.16323024055 0.0135265700483 0.0274914089347
0 0.462801932367 0.14089347079 0.0115942028986 0.020618556701
0 0.50193236715 0.129725085911 0.00869565217391 0.0189003436426
0 0.521739130435 0.133161512027 0.0115942028986 0.0223367697595
0 0.513043478261 0.179553264605 0.0135265700483 0.03264604811
0 0.541062801932 0.205326460481 0.0173913043478 0.03264604811
0 0.582608695652 0.194158075601 0.0173913043478 0.0240549828179
0 0.619806763285 0.134879725086 0.0125603864734 0.0257731958763
0 0.605797101449 0.139175257732 0.0115942028986 0.0274914089347
0 0.567149758454 0.131443298969 0.0135265700483 0.0257731958763
0 0.549275362319 0.116838487973 0.0125603864734 0.0240549828179
0 0.570048309179 0.254295532646 0.0154589371981 0.0446735395189
0 0.638164251208 0.251718213058 0.0202898550725 0.0395189003436
0 0.64347826087 0.208762886598 0.0173913043478 0.03264604811
0 0.659903381643 0.195017182131 0.0154589371981 0.03264604811
0 0.66231884058 0.266323024055 0.0202898550725 0.0446735395189
0 0.714009661836 0.225945017182 0.0173913043478 0.0395189003436
0 0.701449275362 0.205326460481 0.0115942028986 0.03264604811
0 0.731884057971 0.151202749141 0.0125603864734 0.0274914089347
0 0.748792270531 0.268900343643 0.0193236714976 0.0498281786942
0 0.814492753623 0.307560137457 0.0173913043478 0.0481099656357
0 0.845410628019 0.324742268041 0.0212560386473 0.0446735395189
0 0.833333333333 0.237972508591 0.0144927536232 0.0292096219931
0 0.863285024155 0.278350515464 0.0164251207729 0.0412371134021
0 0.912077294686 0.350515463918 0.0212560386473 0.0652920962199
0 0.928019323671 0.308419243986 0.0164251207729 0.0395189003436
0 0.927053140097 0.242268041237 0.0125603864734 0.0274914089347
0 0.928985507246 0.285223367698 0.0183574879227 0.0343642611684
0 0.885507246377 0.219931271478 0.0125603864734 0.0378006872852
0 0.84154589372 0.201030927835 0.0154589371981 0.0343642611684
0 0.828019323671 0.182989690722 0.0115942028986 0.03264604811
