0 0.285285285285 0.235849056604 0.03003003003 0.0463121783877
0 0.418418418418 0.230703259005 0.02002002002 0.0394511149228
0 0.457957957958 0.234991423671 0.021021021021 0.0377358490566
0 0.571071071071 0.19897084048 0.019019019019 0.0343053173242
0 0.570570570571 0.167238421955 0.016016016016 0.0291595197256
0 0.631631631632 0.268439108062 0.02002002002 0.0497427101201
0 0.634634634635 0.228130360206 0.02002002002 0.0377358490566
0 0.686186186186 0.230703259005 0.025025025025 0.0428816466552
0 0.68018018018 0.182675814751 0.017017017017 0.0428816466552
0 0.95045045045 0.240137221269 0.019019019019 0.041166380789
