0 0.321391484943 0.20479704797 0.0176531671859 0.029520295203
0 0.358774662513 0.200184501845 0.0155763239875 0.0313653136531
0 0.376427829699 0.190036900369 0.0134994807892 0.0258302583026
0 0.410176531672 0.175276752768 0.0145379023884 0.0258302583026
0 0.420041536864 0.179889298893 0.0134994807892 0.0313653136531
0 0.42471443406 0.165129151292 0.01246105919 0.0239852398524
0 0.43717549325 0.161439114391 0.01246105919 0.0239852398524
0 0.46261682243 0.155904059041 0.0134994807892 0.0166051660517
0 0.482866043614 0.151291512915 0.0145379023884 0.0332103321033
0 0.467289719626 0.182656826568 0.0166147455867 0.0258302583026
0 0.466770508827 0.211254612546 0.0197300103842 0.0276752767528
0 0.447040498442 0.24815498155 0.0197300103842 0.0276752767528
0 0.5 0.125461254613 0.0114226375909 0.0221402214022
0 0.4994807892 0.191881918819 0.018691588785 0.0369003690037
0 0.520768431983 0.186346863469 0.0155763239875 0.0221402214022
0 0.536863966771 0.128228782288 0.0103842159917 0.020295202952
0 0.53738317757 0.15036900369 0.0134994807892 0.0276752767528
0 0.564901349948 0.137453874539 0.01246105919 0.0239852398524
0 0.571651090343 0.151291512915 0.0134994807892 0.0221402214022
0 0.552959501558 0.183579335793 0.0155763239875 0.0313653136531
0 0.576843198339 0.186346863469 0.0155763239875 0.029520295203
0 0.598130841121 0.15036900369 0.0145379023884 0.020295202952
0 0.581516095535 0.130996309963 0.01246105919 0.0221402214022
0 0.611630321911 0.106088560886 0.0103842159917 0.020295202952
0 0.640706126687 0.122693726937 0.0103842159917 0.020295202952
0 0.636552440291 0.136531365314 0.01246105919 0.0221402214022
0 0.653686396677 0.147601476015 0.0114226375909 0.0221402214022
0 0.66303219107 0.115313653137 0.0114226375909 0.020295202952
0 0.668743509865 0.125461254613 0.0103842159917 0.0184501845018
0 0.703530633437 0.128228782288 0.00934579439252 0.0166051660517
0 0.673416407061 0.144833948339 0.0114226375909 0.0166051660517
0 0.626168224299 0.180811808118 0.0145379023884 0.0221402214022
0 0.585150571132 0.170664206642 0.0176531671859 0.020295202952
0 0.572170301142 0.232472324723 0.0228452751817 0.0442804428044
0 0.635514018692 0.20110701107 0.018691588785 0.0405904059041
0 0.655244029076 0.238007380074 0.0207684319834 0.0369003690037
0 0.660436137072 0.184501845018 0.0166147455867 0.0332103321033
0 0.696780893043 0.180811808118 0.0145379023884 0.0221402214022
0 0.711838006231 0.15405904059 0.0134994807892 0.0276752767528
0 0.714953271028 0.235239852399 0.0197300103842 0.0424354243542
0 0.722222222222 0.189114391144 0.0155763239875 0.0350553505535
0 0.734164070613 0.173431734317 0.0145379023884 0.0369003690037
0 0.743509865005 0.15405904059 0.01246105919 0.0239852398524
0 0.764278296989 0.14667896679 0.0103842159917 0.0166051660517
0 0.788681204569 0.14667896679 0.0134994807892 0.0276752767528
0 0.798026998962 0.131918819188 0.00934579439252 0.0239852398524
0 0.805815160955 0.154981549815 0.0145379023884 0.029520295203
0 0.793873312565 0.178044280443 0.0134994807892 0.0239852398524
0 0.768951194185 0.185424354244 0.0155763239875 0.0350553505535
0 0.756490134995 0.310885608856 0.0363447559709 0.0682656826568
0 0.80062305296 0.208487084871 0.0145379023884 0.0405904059041
0 0.813603322949 0.203874538745 0.0155763239875 0.0350553505535
0 0.829179646937 0.178966789668 0.0134994807892 0.029520295203
0 0.827102803738 0.158671586716 0.0114226375909 0.0221402214022
0 0.854101765317 0.15036900369 0.0114226375909 0.0276752767528
0 0.866043613707 0.0977859778598 0.01246105919 0.029520295203
0 0.888888888889 0.159594095941 0.0103842159917 0.0239852398524
0 0.857217030114 0.213099630996 0.0134994807892 0.0276752767528
0 0.883177570093 0.238007380074 0.0134994807892 0.0369003690037
0 0.8753894081 0.272140221402 0.0166147455867 0.0387453874539
0 0.917964693666 0.181734317343 0.01246105919 0.0276752767528
0 0.938213914849 0.213099630996 0.0155763239875 0.0350553505535
0 0.921599169263 0.267527675277 0.0155763239875 0.0369003690037
0 0.935098650052 0.249077490775 0.0176531671859 0.0332103321033
