0 0.0424588086185 0.359375 0.0291508238276 0.0535714285714
0 0.0595690747782 0.366071428571 0.0253485424588 0.0446428571429
0 0.388466413181 0.200892857143 0.02154626109 0.0401785714286
0 0.430291508238 0.258928571429 0.0291508238276 0.0535714285714
0 0.458174904943 0.2265625 0.0240811153359 0.0513392857143
0 0.570975918885 0.1328125 0.0240811153359 0.0334821428571
0 0.638149556401 0.0970982142857 0.0190114068441 0.0379464285714
0 0.705323193916 0.177455357143 0.0190114068441 0.0424107142857
0 0.647655259823 0.334821428571 0.0354879594423 0.0580357142857
0 0.595057034221 0.252232142857 0.0291508238276 0.0491071428571
