0 0.203211009174 0.479541734861 0.0504587155963 0.10147299509
0 0.395871559633 0.479541734861 0.0706422018349 0.147299509002
0 0.273853211009 0.229132569558 0.0192660550459 0.0392798690671
0 0.304128440367 0.216039279869 0.0174311926606 0.0360065466448
0 0.329357798165 0.180032733224 0.0165137614679 0.0392798690671
0 0.328440366972 0.236497545008 0.0183486238532 0.0310965630115
0 0.322935779817 0.216039279869 0.0146788990826 0.0294599018003
0 0.351834862385 0.193944353519 0.0192660550459 0.0343698854337
0 0.362844036697 0.243862520458 0.0211009174312 0.0392798690671
0 0.380733944954 0.201309328969 0.0183486238532 0.0392798690671
0 0.375229357798 0.16612111293 0.0146788990826 0.0310965630115
0 0.407339449541 0.256955810147 0.0238532110092 0.0458265139116
0 0.407798165138 0.213584288052 0.0192660550459 0.0409165302782
0 0.440825688073 0.20294599018 0.0247706422018 0.0360065466448
0 0.432110091743 0.130114566285 0.0183486238532 0.0278232405892
0 0.466972477064 0.11620294599 0.0146788990826 0.0327332242226
0 0.479816513761 0.144844517185 0.0146788990826 0.0343698854337
0 0.475229357798 0.153846153846 0.0165137614679 0.0294599018003
0 0.495871559633 0.189852700491 0.0247706422018 0.0327332242226
0 0.472935779817 0.184124386252 0.0211009174312 0.0343698854337
0 0.507339449541 0.151391162029 0.0146788990826 0.0310965630115
0 0.495871559633 0.112111292962 0.0119266055046 0.0245499181669
0 0.517889908257 0.127659574468 0.0137614678899 0.0327332242226
0 0.529816513761 0.126841243863 0.0119266055046 0.0245499181669
0 0.545412844037 0.126022913257 0.0119266055046 0.0294599018003
0 0.550458715596 0.16612111293 0.0165137614679 0.0310965630115
0 0.596788990826 0.114566284779 0.0155963302752 0.0327332242226
0 0.609174311927 0.117021276596 0.0110091743119 0.0278232405892
0 0.617431192661 0.103109656301 0.0110091743119 0.0196399345336
0 0.642201834862 0.108019639935 0.0146788990826 0.0294599018003
0 0.649082568807 0.132569558101 0.0155963302752 0.0294599018003
0 0.672935779817 0.117021276596 0.0137614678899 0.0278232405892
0 0.703669724771 0.111292962357 0.0146788990826 0.0294599018003
0 0.625229357798 0.172667757774 0.0137614678899 0.0310965630115
0 0.591743119266 0.152209492635 0.0256880733945 0.0261865793781
0 0.557339449541 0.229950900164 0.0229357798165 0.0474631751227
0 0.540366972477 0.208674304419 0.0201834862385 0.0409165302782
0 0.604128440367 0.243862520458 0.0266055045872 0.0523731587561
0 0.688073394495 0.279050736498 0.0238532110092 0.0572831423895
0 0.719724770642 0.320785597381 0.0284403669725 0.0556464811784
0 0.746330275229 0.329787234043 0.0321100917431 0.063829787234
0 0.781651376147 0.300327332242 0.0238532110092 0.0572831423895
0 0.90504587156 0.385433715221 0.0284403669725 0.050736497545
0 0.822018348624 0.265957446809 0.0238532110092 0.0474631751227
0 0.755963302752 0.243862520458 0.0201834862385 0.0425531914894
0 0.720642201835 0.231587561375 0.0211009174312 0.037643207856
0 0.676605504587 0.216857610475 0.0229357798165 0.0441898527005
0 0.712844036697 0.193126022913 0.0183486238532 0.0360065466448
0 0.702752293578 0.168576104746 0.0165137614679 0.0360065466448
0 0.729357798165 0.171031096563 0.0146788990826 0.037643207856
0 0.743577981651 0.198854337152 0.0174311926606 0.037643207856
0 0.788532110092 0.23240589198 0.0174311926606 0.0392798690671
0 0.770183486239 0.155482815057 0.0155963302752 0.0294599018003
0 0.789449541284 0.156301145663 0.0137614678899 0.0278232405892
0 0.795871559633 0.137479541735 0.0137614678899 0.0196399345336
0 0.81880733945 0.20294599018 0.0192660550459 0.0327332242226
0 0.838990825688 0.157119476268 0.0155963302752 0.0360065466448
0 0.85 0.147299509002 0.0119266055046 0.0261865793781
0 0.861467889908 0.175122749591 0.0165137614679 0.0360065466448
0 0.880275229358 0.270867430442 0.0174311926606 0.037643207856
0 0.934403669725 0.256955810147 0.0174311926606 0.0425531914894
0 0.919266055046 0.207855973813 0.0201834862385 0.0425531914894
0 0.914220183486 0.176759410802 0.0174311926606 0.0294599018003
0 0.936697247706 0.165302782324 0.0110091743119 0.0360065466448
0 0.900917431193 0.199672667758 0.0128440366972 0.0425531914894
0 0.890825688073 0.189852700491 0.0128440366972 0.0392798690671
