0 0.437288135593 0.21015936255 0.0180790960452 0.0418326693227
0 0.486440677966 0.146414342629 0.025988700565 0.0418326693227
0 0.506214689266 0.128486055777 0.0203389830508 0.0378486055777
0 0.541807909605 0.141434262948 0.0214689265537 0.0398406374502
0 0.611299435028 0.147410358566 0.0271186440678 0.0398406374502
0 0.658757062147 0.132470119522 0.0248587570621 0.0418326693227
0 0.671751412429 0.145418326693 0.0214689265537 0.0478087649402
0 0.730508474576 0.271912350598 0.025988700565 0.0458167330677
0 0.819209039548 0.244023904382 0.0248587570621 0.0378486055777
0 0.823728813559 0.284860557769 0.0293785310734 0.0597609561753
0 0.85988700565 0.240039840637 0.0225988700565 0.0498007968127
0 0.914124293785 0.247011952191 0.0271186440678 0.0517928286853
0 0.910734463277 0.341633466135 0.0338983050847 0.0657370517928
