0 0.0643939393939 0.448333333333 0.0435606060606 0.08
0 0.251420454545 0.288333333333 0.0142045454545 0.0266666666667
0 0.289772727273 0.273333333333 0.0151515151515 0.0366666666667
0 0.307291666667 0.2625 0.0160984848485 0.0383333333333
0 0.332859848485 0.263333333333 0.0160984848485 0.03
0 0.347537878788 0.295833333333 0.0170454545455 0.0316666666667
0 0.33428030303 0.220833333333 0.0151515151515 0.0316666666667
0 0.349431818182 0.218333333333 0.0094696969697 0.0266666666667
0 0.359375 0.2175 0.0123106060606 0.0283333333333
0 0.375946969697 0.205833333333 0.0132575757576 0.025
0 0.401041666667 0.211666666667 0.0179924242424 0.03
0 0.432291666667 0.270833333333 0.0198863636364 0.0416666666667
0 0.431818181818 0.2175 0.0132575757576 0.0283333333333
0 0.427556818182 0.186666666667 0.0123106060606 0.0233333333333
0 0.411931818182 0.18 0.0132575757576 0.0266666666667
0 0.461647727273 0.221666666667 0.0160984848485 0.0366666666667
0 0.442234848485 0.204166666667 0.0132575757576 0.0283333333333
0 0.46875 0.194166666667 0.0151515151515 0.0283333333333
0 0.46259469697 0.173333333333 0.0123106060606 0.0266666666667
0 0.455965909091 0.145833333333 0.0123106060606 0.0216666666667
0 0.473958333333 0.159166666667 0.00852272727273 0.025
0 0.484848484848 0.165 0.0113636363636 0.0233333333333
0 0.489109848485 0.136666666667 0.00852272727273 0.02
0 0.519886363636 0.161666666667 0.0132575757576 0.0266666666667
0 0.52178030303 0.211666666667 0.0189393939394 0.0333333333333
0 0.49384469697 0.224166666667 0.0179924242424 0.0316666666667
0 0.507102272727 0.196666666667 0.0123106060606 0.0266666666667
0 0.555871212121 0.1575 0.0113636363636 0.025
0 0.53740530303 0.136666666667 0.0123106060606 0.0233333333333
0 0.5625 0.118333333333 0.0132575757576 0.0266666666667
0 0.574337121212 0.180833333333 0.0160984848485 0.0283333333333
0 0.583333333333 0.153333333333 0.0132575757576 0.0233333333333
0 0.593276515152 0.1275 0.0104166666667 0.0216666666667
0 0.592803030303 0.105833333333 0.0113636363636 0.0216666666667
0 0.624526515152 0.140833333333 0.0160984848485 0.0316666666667
0 0.627840909091 0.100833333333 0.0113636363636 0.025
0 0.644412878788 0.1175 0.0142045454545 0.025
0 0.644412878788 0.101666666667 0.0104166666667 0.02
0 0.679450757576 0.119166666667 0.0142045454545 0.025
0 0.699337121212 0.1 0.0142045454545 0.03
0 0.491003787879 0.299166666667 0.0198863636364 0.045
0 0.545928030303 0.311666666667 0.0217803030303 0.0466666666667
0 0.568181818182 0.256666666667 0.0151515151515 0.0366666666667
0 0.613162878788 0.22 0.0160984848485 0.0333333333333
0 0.616003787879 0.265 0.0198863636364 0.0366666666667
0 0.608428030303 0.338333333333 0.0236742424242 0.05
0 0.676609848485 0.339166666667 0.0236742424242 0.0483333333333
0 0.664299242424 0.255 0.0217803030303 0.05
0 0.656723484848 0.204166666667 0.0198863636364 0.0416666666667
0 0.663825757576 0.1775 0.0151515151515 0.0383333333333
0 0.694602272727 0.179166666667 0.0179924242424 0.035
0 0.69696969697 0.145833333333 0.0151515151515 0.0283333333333
0 0.71259469697 0.145833333333 0.0123106060606 0.0316666666667
0 0.741950757576 0.121666666667 0.0142045454545 0.03
0 0.75 0.1375 0.0132575757576 0.0283333333333
0 0.714962121212 0.280833333333 0.0227272727273 0.0416666666667
0 0.703598484848 0.230833333333 0.0208333333333 0.0383333333333
0 0.749526515152 0.199166666667 0.0142045454545 0.0316666666667
0 0.75946969697 0.174166666667 0.0132575757576 0.0316666666667
0 0.774147727273 0.136666666667 0.0142045454545 0.0233333333333
0 0.75615530303 0.123333333333 0.0142045454545 0.0233333333333
0 0.788825757576 0.124166666667 0.0113636363636 0.0283333333333
0 0.80303030303 0.1425 0.0132575757576 0.0283333333333
0 0.821022727273 0.125 0.0132575757576 0.03
0 0.827178030303 0.165 0.0142045454545 0.0333333333333
0 0.803977272727 0.18 0.0189393939394 0.0333333333333
0 0.836647727273 0.139166666667 0.0123106060606 0.0216666666667
0 0.854166666667 0.154166666667 0.0132575757576 0.0283333333333
0 0.874053030303 0.135833333333 0.0132575757576 0.0283333333333
0 0.864583333333 0.186666666667 0.0151515151515 0.0333333333333
0 0.875473484848 0.235833333333 0.0142045454545 0.0383333333333
0 0.892045454545 0.199166666667 0.0132575757576 0.0316666666667
0 0.899621212121 0.173333333333 0.0113636363636 0.0266666666667
0 0.902935606061 0.145 0.0104166666667 0.02
0 0.937026515152 0.160833333333 0.0104166666667 0.025
0 0.934185606061 0.203333333333 0.0160984848485 0.03
0 0.907196969697 0.169166666667 0.00757575757576 0.0216666666667
0 0.814867424242 0.249166666667 0.0179924242424 0.045
0 0.791666666667 0.294166666667 0.0208333333333 0.0516666666667
0 0.774147727273 0.229166666667 0.0217803030303 0.0483333333333
