0 0.195606694561 0.36797752809 0.0460251046025 0.0992509363296
0 0.267259414226 0.230337078652 0.015690376569 0.0299625468165
0 0.328974895397 0.250936329588 0.0198744769874 0.0449438202247
0 0.369246861925 0.195692883895 0.0167364016736 0.0280898876404
0 0.38859832636 0.170411985019 0.015690376569 0.0224719101124
0 0.385460251046 0.195692883895 0.0115062761506 0.0280898876404
0 0.435146443515 0.147940074906 0.0146443514644 0.0262172284644
0 0.440376569038 0.172284644195 0.0146443514644 0.0337078651685
0 0.482217573222 0.14138576779 0.0188284518828 0.0280898876404
0 0.503138075314 0.135767790262 0.0146443514644 0.0280898876404
0 0.519874476987 0.130149812734 0.010460251046 0.0243445692884
0 0.512029288703 0.149812734082 0.0135983263598 0.0337078651685
0 0.538179916318 0.133895131086 0.0135983263598 0.0243445692884
0 0.451359832636 0.206928838951 0.0177824267782 0.0355805243446
0 0.374476987448 0.258426966292 0.0209205020921 0.0374531835206
0 0.435669456067 0.22191011236 0.0219665271967 0.0393258426966
0 0.411610878661 0.269662921348 0.0261506276151 0.0449438202247
0 0.492154811715 0.217228464419 0.0177824267782 0.0374531835206
0 0.577928870293 0.125468164794 0.0135983263598 0.0299625468165
0 0.585774058577 0.128277153558 0.0125523012552 0.0318352059925
0 0.600418410042 0.111423220974 0.0125523012552 0.0243445692884
0 0.594665271967 0.139513108614 0.0115062761506 0.0243445692884
0 0.517259414226 0.173220973783 0.015690376569 0.0318352059925
0 0.621338912134 0.12734082397 0.00836820083682 0.0262172284644
0 0.629707112971 0.11797752809 0.010460251046 0.0224719101124
0 0.565376569038 0.189138576779 0.0219665271967 0.0299625468165
0 0.576359832636 0.157303370787 0.0125523012552 0.0224719101124
0 0.548117154812 0.295880149813 0.0271966527197 0.0486891385768
0 0.580543933054 0.236891385768 0.0188284518828 0.0355805243446
0 0.644351464435 0.153558052434 0.0188284518828 0.0299625468165
0 0.661087866109 0.116104868914 0.0146443514644 0.0337078651685
0 0.675209205021 0.121722846442 0.0177824267782 0.0449438202247
0 0.69089958159 0.129213483146 0.0135983263598 0.0337078651685
0 0.620292887029 0.222846441948 0.0167364016736 0.0337078651685
0 0.641736401674 0.243445692884 0.0219665271967 0.0449438202247
0 0.660564853556 0.191947565543 0.015690376569 0.0430711610487
0 0.67730125523 0.217228464419 0.0198744769874 0.0374531835206
0 0.682008368201 0.266853932584 0.0188284518828 0.0430711610487
0 0.695083682008 0.174157303371 0.0177824267782 0.0299625468165
0 0.708158995816 0.137640449438 0.0188284518828 0.0355805243446
0 0.728556485356 0.147003745318 0.0115062761506 0.0318352059925
0 0.715481171548 0.233146067416 0.0209205020921 0.0393258426966
0 0.738493723849 0.194756554307 0.0188284518828 0.0337078651685
0 0.76359832636 0.166666666667 0.0167364016736 0.0337078651685
0 0.742677824268 0.234082397004 0.0230125523013 0.0449438202247
0 0.741108786611 0.267790262172 0.0219665271967 0.0449438202247
0 0.762552301255 0.255617977528 0.0167364016736 0.0430711610487
0 0.798640167364 0.138576779026 0.0135983263598 0.0262172284644
0 0.779288702929 0.160112359551 0.0167364016736 0.0355805243446
0 0.791317991632 0.162921348315 0.015690376569 0.0337078651685
0 0.798117154812 0.216292134831 0.0188284518828 0.0393258426966
0 0.790794979079 0.286516853933 0.0251046025105 0.0524344569288
0 0.823221757322 0.144194756554 0.0167364016736 0.0337078651685
0 0.838389121339 0.145131086142 0.00941422594142 0.0205992509363
0 0.836820083682 0.163857677903 0.0125523012552 0.0205992509363
0 0.830543933054 0.195692883895 0.0188284518828 0.0318352059925
0 0.854079497908 0.266853932584 0.0282426778243 0.0468164794007
0 0.830020920502 0.302434456929 0.0240585774059 0.0430711610487
0 0.860355648536 0.200374531835 0.0198744769874 0.0374531835206
0 0.872384937238 0.179775280899 0.0125523012552 0.0299625468165
0 0.882322175732 0.159176029963 0.0115062761506 0.0262172284644
0 0.90690376569 0.160112359551 0.0125523012552 0.0280898876404
0 0.950836820084 0.178838951311 0.0146443514644 0.0243445692884
0 0.939330543933 0.207865168539 0.010460251046 0.0337078651685
0 0.928870292887 0.238764044944 0.0209205020921 0.0393258426966
0 0.92050209205 0.293071161049 0.0230125523013 0.0543071161049
0 0.922594142259 0.366104868914 0.0230125523013 0.0505617977528
0 0.490585774059 0.179775280899 0.0188284518828 0.0299625468165
0 0.47960251046 0.160112359551 0.015690376569 0.0318352059925
0 0.809623430962 0.156367041199 0.0146443514644 0.0430711610487
0 0.746338912134 0.14606741573 0.0115062761506 0.0224719101124
