0 0.328537170264 0.213490959666 0.0143884892086 0.0319888734353
0 0.358513189448 0.207232267038 0.013589128697 0.0305980528512
0 0.383693045564 0.304589707928 0.0239808153477 0.0417246175243
0 0.476019184652 0.157162726008 0.0119904076739 0.019471488178
0 0.50479616307 0.200278164117 0.0167865707434 0.0333796940195
0 0.566746602718 0.11752433936 0.0111910471623 0.0236439499305
0 0.571143085532 0.17454798331 0.0167865707434 0.0347705146036
0 0.870503597122 0.0966620305981 0.0127897681855 0.0264255910987
0 0.908872901679 0.13769123783 0.0111910471623 0.0278164116829
0 0.814148681055 0.395688456189 0.0295763389289 0.0737134909597
