0 0.0257985257985 0.424895688456 0.023751023751 0.0514603616134
0 0.238738738739 0.333101529903 0.015561015561 0.0347705146036
0 0.267813267813 0.344923504868 0.018018018018 0.0389429763561
0 0.293202293202 0.302503477051 0.01638001638 0.029207232267
0 0.29484029484 0.358831710709 0.018018018018 0.0389429763561
0 0.342751842752 0.363699582754 0.020475020475 0.0375521557719
0 0.362407862408 0.289290681502 0.017199017199 0.0333796940195
0 0.383701883702 0.344923504868 0.015561015561 0.0333796940195
0 0.377559377559 0.324061196106 0.01638001638 0.0361613351878
0 0.40131040131 0.253824756606 0.014742014742 0.0264255910987
0 0.475839475839 0.237134909597 0.01638001638 0.0264255910987
0 0.465192465192 0.239916550765 0.013104013104 0.0264255910987
0 0.477067977068 0.260083449235 0.017199017199 0.0278164116829
0 0.498361998362 0.265646731572 0.017199017199 0.0333796940195
0 0.522932022932 0.24826147427 0.015561015561 0.0208623087622
0 0.522522522523 0.270514603616 0.014742014742 0.0319888734353
0 0.556511056511 0.221835883171 0.010647010647 0.0208623087622
0 0.578214578215 0.224617524339 0.01638001638 0.0264255910987
0 0.555692055692 0.243393602225 0.013923013923 0.0222531293463
0 0.566748566749 0.255910987483 0.018018018018 0.0305980528512
0 0.556920556921 0.275382475661 0.01638001638 0.0305980528512
0 0.52457002457 0.30528511822 0.017199017199 0.0347705146036
0 0.476658476658 0.300417246175 0.01638001638 0.0305980528512
0 0.448812448812 0.303894297636 0.019656019656 0.029207232267
0 0.45085995086 0.337969401947 0.022113022113 0.0361613351878
0 0.418509418509 0.338664812239 0.019656019656 0.0319888734353
0 0.419737919738 0.297635605007 0.018837018837 0.0305980528512
0 0.432841932842 0.257997218359 0.012285012285 0.0180806675939
0 0.608517608518 0.218358831711 0.013104013104 0.0250347705146
0 0.616298116298 0.201668984701 0.010647010647 0.0222531293463
0 0.63104013104 0.216968011127 0.013923013923 0.0222531293463
0 0.660933660934 0.21488178025 0.00982800982801 0.0208623087622
0 0.648239148239 0.24826147427 0.015561015561 0.029207232267
0 0.676494676495 0.227399165508 0.013104013104 0.0264255910987
0 0.690008190008 0.224617524339 0.010647010647 0.0264255910987
0 0.677723177723 0.267732962448 0.020475020475 0.0347705146036
0 0.610974610975 0.246870653686 0.01638001638 0.029207232267
0 0.747747747748 0.222531293463 0.011466011466 0.0305980528512
0 0.785831285831 0.226703755216 0.015561015561 0.0305980528512
0 0.780507780508 0.249652294854 0.013104013104 0.0208623087622
0 0.751023751024 0.263560500695 0.014742014742 0.0347705146036
0 0.767813267813 0.278859527121 0.018837018837 0.0375521557719
0 0.720720720721 0.284422809458 0.018018018018 0.0347705146036
0 0.708026208026 0.262169680111 0.013923013923 0.029207232267
0 0.813267813268 0.242698191933 0.011466011466 0.0208623087622
0 0.845208845209 0.255215577191 0.014742014742 0.0264255910987
0 0.864045864046 0.261474269819 0.013104013104 0.0250347705146
0 0.87714987715 0.252433936022 0.014742014742 0.029207232267
0 0.899262899263 0.282336578581 0.013104013104 0.0278164116829
0 0.940212940213 0.279554937413 0.011466011466 0.0250347705146
0 0.936527436527 0.305980528512 0.013923013923 0.0305980528512
0 0.876330876331 0.314325452017 0.014742014742 0.0361613351878
0 0.857903357903 0.287899860918 0.013923013923 0.0305980528512
0 0.818181818182 0.298331015299 0.01638001638 0.0347705146036
0 0.841932841933 0.303894297636 0.01638001638 0.0403337969402
0 0.814086814087 0.337273991655 0.018018018018 0.0319888734353
0 0.806715806716 0.360917941586 0.018018018018 0.0403337969402
0 0.867731367731 0.347009735744 0.018837018837 0.0375521557719
0 0.929975429975 0.349791376912 0.015561015561 0.029207232267
0 0.920556920557 0.389429763561 0.021294021294 0.0500695410292
0 0.864455364455 0.401251738526 0.022113022113 0.0458970792768
0 0.905814905815 0.451321279555 0.019656019656 0.0486787204451
0 0.84438984439 0.450625869263 0.02457002457 0.0389429763561
0 0.789926289926 0.400556328234 0.022113022113 0.0389429763561
0 0.743243243243 0.390820584145 0.022113022113 0.0445062586926
0 0.694103194103 0.338664812239 0.022113022113 0.0375521557719
0 0.667485667486 0.366481223922 0.026208026208 0.0431154381085
0 0.65561015561 0.332406119611 0.017199017199 0.0333796940195
0 0.640458640459 0.306675938804 0.018018018018 0.0347705146036
0 0.601556101556 0.321974965229 0.020475020475 0.0375521557719
0 0.507371007371 0.385257301808 0.022113022113 0.0556328233658
0 0.545864045864 0.366481223922 0.023751023751 0.0458970792768
0 0.547092547093 0.396383866481 0.02457002457 0.0500695410292
0 0.586404586405 0.409596662031 0.02457002457 0.0403337969402
0 0.61466011466 0.420723226704 0.030303030303 0.0542420027816
0 0.666666666667 0.451321279555 0.029484029484 0.0598052851182
0 0.714987714988 0.493045897079 0.036036036036 0.076495132128
0 0.835380835381 0.504867872045 0.031122031122 0.0667593880389
