0 0.0661290322581 0.246153846154 0.0204301075269 0.0423076923077
0 0.0983870967742 0.255769230769 0.0225806451613 0.0423076923077
0 0.211290322581 0.252884615385 0.0247311827957 0.0519230769231
0 0.293010752688 0.229807692308 0.0247311827957 0.0557692307692
0 0.311827956989 0.225961538462 0.0215053763441 0.0442307692308
0 0.351612903226 0.189423076923 0.0150537634409 0.0326923076923
0 0.398387096774 0.211538461538 0.0290322580645 0.0576923076923
0 0.416129032258 0.196153846154 0.0193548387097 0.05
0 0.439784946237 0.255769230769 0.0258064516129 0.0461538461538
0 0.445698924731 0.223076923077 0.0204301075269 0.0423076923077
0 0.453225806452 0.175 0.0182795698925 0.0384615384615
0 0.462365591398 0.135576923077 0.0172043010753 0.0365384615385
0 0.489247311828 0.161538461538 0.0193548387097 0.0384615384615
0 0.490322580645 0.216346153846 0.0193548387097 0.0480769230769
0 0.559139784946 0.180769230769 0.0172043010753 0.0346153846154
0 0.546774193548 0.169230769231 0.0161290322581 0.0346153846154
0 0.631720430108 0.116346153846 0.0161290322581 0.0326923076923
0 0.629032258065 0.2125 0.0236559139785 0.0519230769231
0 0.61935483871 0.254807692308 0.0258064516129 0.0519230769231
0 0.638172043011 0.302884615385 0.0354838709677 0.0711538461538
0 0.671505376344 0.218269230769 0.0225806451613 0.0480769230769
0 0.667204301075 0.182692307692 0.0225806451613 0.0461538461538
0 0.702688172043 0.156730769231 0.0204301075269 0.0403846153846
0 0.753225806452 0.161538461538 0.0225806451613 0.0384615384615
0 0.732795698925 0.215384615385 0.0225806451613 0.0423076923077
0 0.671505376344 0.288461538462 0.0225806451613 0.05
0 0.681182795699 0.3625 0.0333333333333 0.075
0 0.808602150538 0.2875 0.0279569892473 0.0596153846154
0 0.802688172043 0.236538461538 0.0225806451613 0.0461538461538
0 0.848924731183 0.309615384615 0.0290322580645 0.0615384615385
0 0.866129032258 0.282692307692 0.0247311827957 0.0461538461538
0 0.927956989247 0.231730769231 0.0258064516129 0.0442307692308
0 0.905913978495 0.354807692308 0.0247311827957 0.075
0 0.922043010753 0.379807692308 0.0290322580645 0.0634615384615
