0 0.107109448082 0.295833333333 0.0233863423761 0.0483333333333
0 0.133769878391 0.3025 0.0261927034612 0.0516666666667
0 0.327876520112 0.224166666667 0.0159027128157 0.0283333333333
0 0.351262862488 0.223333333333 0.0196445275959 0.03
0 0.353601496726 0.258333333333 0.0205799812909 0.04
0 0.378391019645 0.236666666667 0.0196445275959 0.0366666666667
0 0.391487371375 0.285833333333 0.0252572497661 0.0516666666667
0 0.362020579981 0.3075 0.0243217960711 0.045
0 0.383536014967 0.185833333333 0.0130963517306 0.0316666666667
0 0.397100093545 0.185 0.0159027128157 0.0333333333333
0 0.421889616464 0.188333333333 0.0149672591207 0.0333333333333
0 0.44901777362 0.184166666667 0.0168381665108 0.0383333333333
0 0.461178671656 0.200833333333 0.0168381665108 0.0316666666667
0 0.467726847521 0.233333333333 0.022450888681 0.05
0 0.474742750234 0.196666666667 0.0177736202058 0.0366666666667
0 0.490177736202 0.153333333333 0.0187090739008 0.0333333333333
0 0.521047708138 0.173333333333 0.0187090739008 0.0366666666667
0 0.551449953227 0.159166666667 0.0177736202058 0.0316666666667
0 0.493451824135 0.299166666667 0.0289990645463 0.0516666666667
0 0.575771749298 0.131666666667 0.0177736202058 0.0333333333333
0 0.589803554724 0.160833333333 0.021515434986 0.0416666666667
0 0.627221702526 0.199166666667 0.0196445275959 0.0383333333333
0 0.619270346118 0.250833333333 0.0243217960711 0.0516666666667
0 0.655753040225 0.273333333333 0.0299345182413 0.0566666666667
0 0.660898035547 0.2075 0.021515434986 0.0416666666667
0 0.685687558466 0.223333333333 0.0261927034612 0.05
0 0.695509822264 0.1625 0.0196445275959 0.0383333333333
0 0.733863423761 0.2025 0.0233863423761 0.0416666666667
0 0.769410664172 0.1675 0.0196445275959 0.0416666666667
0 0.754443405051 0.243333333333 0.021515434986 0.0466666666667
0 0.709541627689 0.279166666667 0.0252572497661 0.055
0 0.759120673527 0.3125 0.0289990645463 0.055
0 0.836763330215 0.325833333333 0.0308699719364 0.0616666666667
0 0.921421889616 0.2325 0.0243217960711 0.0483333333333
