0 0.178101503759 0.489148580968 0.0460526315789 0.0801335559265
0 0.263627819549 0.243739565943 0.015977443609 0.0333889816361
0 0.302631578947 0.251252086811 0.015037593985 0.0317195325543
0 0.31719924812 0.262103505843 0.0197368421053 0.0400667779633
0 0.322368421053 0.236227045075 0.0169172932331 0.0317195325543
0 0.328477443609 0.212020033389 0.015977443609 0.0300500834725
0 0.360902255639 0.222871452421 0.0187969924812 0.0383973288815
0 0.356672932331 0.206176961603 0.0140977443609 0.0283806343907
0 0.352913533835 0.262103505843 0.0216165413534 0.0467445742905
0 0.396616541353 0.257929883139 0.0206766917293 0.0484140233723
0 0.40272556391 0.21285475793 0.015977443609 0.0350584307179
0 0.387687969925 0.186143572621 0.015977443609 0.0317195325543
0 0.381109022556 0.180300500835 0.0103383458647 0.0267111853088
0 0.431860902256 0.25041736227 0.0234962406015 0.0467445742905
0 0.419642857143 0.183639398998 0.0178571428571 0.0367278797997
0 0.458646616541 0.180300500835 0.0187969924812 0.0367278797997
0 0.480263157895 0.225375626043 0.0206766917293 0.0434056761269
0 0.494830827068 0.196160267112 0.0234962406015 0.0383973288815
0 0.481672932331 0.159432387312 0.0178571428571 0.0350584307179
0 0.468984962406 0.141068447412 0.015037593985 0.025041736227
0 0.491541353383 0.131051752922 0.0131578947368 0.025041736227
0 0.503759398496 0.14774624374 0.0187969924812 0.0383973288815
0 0.53007518797 0.156093489149 0.0187969924812 0.0317195325543
0 0.535244360902 0.191986644407 0.0216165413534 0.0400667779633
0 0.557330827068 0.15776293823 0.0169172932331 0.0383973288815
0 0.56954887218 0.143572621035 0.0169172932331 0.0300500834725
0 0.569078947368 0.118530884808 0.0140977443609 0.0300500834725
0 0.587406015038 0.161936560935 0.0169172932331 0.0333889816361
0 0.595864661654 0.137729549249 0.0131578947368 0.0283806343907
0 0.590695488722 0.116861435726 0.0103383458647 0.0200333889816
0 0.617481203008 0.140233722871 0.0169172932331 0.0300500834725
0 0.613251879699 0.12020033389 0.0140977443609 0.0267111853088
0 0.646616541353 0.109348914858 0.0169172932331 0.0317195325543
0 0.634868421053 0.128547579299 0.015977443609 0.0333889816361
0 0.671052631579 0.131051752922 0.0112781954887 0.0317195325543
0 0.523966165414 0.298831385643 0.031015037594 0.0667779632721
0 0.562030075188 0.242904841402 0.0225563909774 0.0550918196995
0 0.572838345865 0.285475792988 0.031015037594 0.0667779632721
0 0.635808270677 0.253756260434 0.0291353383459 0.0601001669449
0 0.634868421053 0.300500834725 0.0272556390977 0.0601001669449
0 0.635338345865 0.198664440735 0.0244360902256 0.0467445742905
0 0.66212406015 0.175292153589 0.0197368421053 0.0434056761269
0 0.667293233083 0.200333889816 0.0187969924812 0.0467445742905
0 0.680921052632 0.243739565943 0.0291353383459 0.0634390651085
0 0.699718045113 0.214524207012 0.0234962406015 0.0584307178631
0 0.701597744361 0.182804674457 0.0234962406015 0.0417362270451
0 0.690789473684 0.13856427379 0.0169172932331 0.0400667779633
0 0.705357142857 0.137729549249 0.015977443609 0.0383973288815
0 0.72462406015 0.163606010017 0.0187969924812 0.0400667779633
0 0.744830827068 0.187813021703 0.015977443609 0.0450751252087
0 0.749530075188 0.136060100167 0.015977443609 0.0417362270451
0 0.738721804511 0.119365609349 0.0169172932331 0.0350584307179
0 0.767857142857 0.131886477462 0.0169172932331 0.0367278797997
0 0.772086466165 0.156093489149 0.0197368421053 0.0383973288815
0 0.781484962406 0.182804674457 0.0216165413534 0.0484140233723
0 0.784304511278 0.225375626043 0.0234962406015 0.0500834724541
0 0.772556390977 0.258764607679 0.0281954887218 0.0567612687813
0 0.708176691729 0.276293823038 0.031015037594 0.0617696160267
0 0.845864661654 0.300500834725 0.0281954887218 0.0601001669449
0 0.795112781955 0.140233722871 0.0169172932331 0.0367278797997
0 0.806390977444 0.160267111853 0.0169172932331 0.0333889816361
0 0.827537593985 0.195325542571 0.0197368421053 0.0467445742905
0 0.851033834586 0.227879799666 0.0253759398496 0.0550918196995
0 0.845864661654 0.168614357262 0.0187969924812 0.0367278797997
0 0.841635338346 0.131051752922 0.015977443609 0.0350584307179
0 0.857612781955 0.151085141903 0.015977443609 0.0417362270451
0 0.885338345865 0.175292153589 0.0131578947368 0.0400667779633
0 0.896146616541 0.200333889816 0.0178571428571 0.0467445742905
0 0.920582706767 0.232888146912 0.0216165413534 0.0517529215359
0 0.933270676692 0.257095158598 0.0225563909774 0.0534223706177
0 0.90507518797 0.191986644407 0.0131578947368 0.0267111853088
0 0.896146616541 0.160267111853 0.0122180451128 0.0367278797997
