0 0.0684007707129 0.329124579125 0.0154142581888 0.0353535353535
0 0.107899807322 0.309764309764 0.0211946050096 0.040404040404
0 0.160404624277 0.27861952862 0.0298651252408 0.0521885521886
0 0.245664739884 0.234006734007 0.0308285163776 0.0538720538721
0 0.200385356455 0.48063973064 0.0481695568401 0.0993265993266
0 0.351637764933 0.259259259259 0.0173410404624 0.040404040404
0 0.370905587669 0.260942760943 0.0231213872832 0.043771043771
0 0.428227360308 0.215488215488 0.0221579961464 0.040404040404
0 0.454238921002 0.239898989899 0.0202312138728 0.0420875420875
0 0.435452793834 0.272727272727 0.0308285163776 0.047138047138
0 0.486512524085 0.319023569024 0.0346820809249 0.0555555555556
0 0.571290944123 0.293771043771 0.0346820809249 0.0622895622896
0 0.543352601156 0.195286195286 0.0211946050096 0.03367003367
0 0.503371868979 0.185185185185 0.02408477842 0.037037037037
0 0.465317919075 0.145622895623 0.0154142581888 0.0319865319865
0 0.464836223507 0.188552188552 0.0183044315992 0.03367003367
0 0.450867052023 0.179292929293 0.019267822736 0.0286195286195
0 0.633911368015 0.126262626263 0.019267822736 0.037037037037
0 0.705202312139 0.13468013468 0.019267822736 0.043771043771
0 0.731695568401 0.1632996633 0.0202312138728 0.043771043771
0 0.732658959538 0.13468013468 0.014450867052 0.03367003367
0 0.756743737958 0.0984848484848 0.0202312138728 0.0420875420875
0 0.815992292871 0.164983164983 0.0211946050096 0.043771043771
0 0.827552986513 0.0875420875421 0.0173410404624 0.037037037037
0 0.893545279383 0.210437710438 0.0221579961464 0.047138047138
0 0.973506743738 0.117845117845 0.0202312138728 0.037037037037
