0 0.0640535372849 0.286449399657 0.0248565965583 0.0514579759863
0 0.276768642447 0.214408233276 0.0181644359465 0.0377358490566
0 0.304015296367 0.216981132075 0.0133843212237 0.0291595197256
0 0.320745697897 0.220411663808 0.0143403441683 0.0360205831904
0 0.352294455067 0.222126929674 0.0200764818356 0.0394511149228
0 0.365678776291 0.259005145798 0.0219885277247 0.0445969125214
0 0.347036328872 0.17409948542 0.0152963671128 0.032590051458
0 0.367112810707 0.186963979417 0.0152963671128 0.0308747855918
0 0.367112810707 0.165523156089 0.0152963671128 0.0291595197256
0 0.384321223709 0.198113207547 0.0172084130019 0.0394511149228
0 0.401529636711 0.239279588336 0.0229445506692 0.0360205831904
0 0.42447418738 0.2512864494 0.0210325047801 0.0428816466552
0 0.411567877629 0.204116638079 0.0181644359465 0.0343053173242
0 0.396749521989 0.168096054889 0.0172084130019 0.0308747855918
0 0.42447418738 0.183533447684 0.0152963671128 0.0377358490566
0 0.417304015296 0.154373927959 0.0162523900574 0.0308747855918
0 0.447896749522 0.184391080617 0.0162523900574 0.0360205831904
0 0.459369024857 0.200686106346 0.0181644359465 0.0377358490566
0 0.444550669216 0.153516295026 0.0133843212237 0.032590051458
0 0.476099426386 0.146655231561 0.0152963671128 0.032590051458
0 0.467495219885 0.139794168096 0.0152963671128 0.0291595197256
0 0.470363288719 0.189536878216 0.0172084130019 0.032590051458
0 0.520554493308 0.170668953688 0.0181644359465 0.0394511149228
0 0.553059273423 0.185248713551 0.0162523900574 0.0377358490566
0 0.55879541109 0.161234991424 0.0162523900574 0.0308747855918
0 0.49378585086 0.150943396226 0.0143403441683 0.0343053173242
0 0.51051625239 0.132075471698 0.0133843212237 0.0308747855918
0 0.524378585086 0.1243567753 0.0124282982792 0.0291595197256
0 0.545411089866 0.143224699828 0.0143403441683 0.0291595197256
0 0.531070745698 0.162092624357 0.0143403441683 0.0291595197256
0 0.553537284895 0.120926243568 0.0152963671128 0.0291595197256
0 0.580305927342 0.168953687822 0.019120458891 0.0394511149228
0 0.591778202677 0.162092624357 0.0133843212237 0.0291595197256
0 0.592256214149 0.108919382504 0.0105162523901 0.0222984562607
0 0.599904397706 0.134648370497 0.0124282982792 0.0257289879931
0 0.617112810707 0.132933104631 0.0162523900574 0.0360205831904
0 0.627629063098 0.109777015437 0.0105162523901 0.0205831903945
0 0.642447418738 0.11320754717 0.0133843212237 0.0343053173242
0 0.641491395793 0.146655231561 0.0172084130019 0.032590051458
0 0.648661567878 0.17667238422 0.0200764818356 0.0377358490566
0 0.666347992352 0.109777015437 0.0114722753346 0.0274442538593
0 0.674952198853 0.120926243568 0.0133843212237 0.0291595197256
0 0.698852772467 0.120068610635 0.0133843212237 0.0343053173242
0 0.723709369025 0.144082332762 0.019120458891 0.0343053173242
0 0.741395793499 0.141509433962 0.0124282982792 0.032590051458
0 0.732313575526 0.185248713551 0.019120458891 0.0377358490566
0 0.698374760994 0.171526586621 0.0143403441683 0.0343053173242
0 0.678776290631 0.216981132075 0.019120458891 0.0428816466552
0 0.606596558317 0.209262435678 0.0181644359465 0.0445969125214
0 0.587476099426 0.224699828473 0.0219885277247 0.0480274442539
0 0.629063097514 0.249571183533 0.0210325047801 0.0566037735849
0 0.698374760994 0.257289879931 0.0239005736138 0.0548885077187
0 0.713193116635 0.240137221269 0.019120458891 0.041166380789
0 0.704110898662 0.32332761578 0.0315487571702 0.073756432247
0 0.760038240918 0.358490566038 0.0305927342256 0.065180102916
0 0.78776290631 0.279588336192 0.0267686424474 0.0617495711835
0 0.750956022945 0.259005145798 0.0239005736138 0.0480274442539
0 0.793021032505 0.204974271012 0.0181644359465 0.0360205831904
0 0.830783938815 0.255574614065 0.0229445506692 0.0514579759863
0 0.767208413002 0.135506003431 0.00860420650096 0.0240137221269
0 0.772944550669 0.148370497427 0.0124282982792 0.0291595197256
0 0.788240917782 0.165523156089 0.0143403441683 0.0291595197256
0 0.799235181644 0.129502572899 0.0114722753346 0.0291595197256
0 0.814053537285 0.13807890223 0.0105162523901 0.0257289879931
0 0.815009560229 0.193825042882 0.0162523900574 0.0343053173242
0 0.822657743786 0.164665523156 0.0124282982792 0.0308747855918
0 0.836520076482 0.16295025729 0.0133843212237 0.0377358490566
0 0.852772466539 0.145797598628 0.0114722753346 0.0308747855918
0 0.862810707457 0.168953687822 0.0181644359465 0.0394511149228
0 0.838910133843 0.220411663808 0.0239005736138 0.0394511149228
0 0.852772466539 0.230703259005 0.0172084130019 0.0360205831904
0 0.887667304015 0.227272727273 0.0181644359465 0.0428816466552
0 0.923040152964 0.271012006861 0.0200764818356 0.0480274442539
0 0.928776290631 0.228987993139 0.0143403441683 0.0394511149228
0 0.898183556405 0.193825042882 0.0124282982792 0.0343053173242
0 0.893403441683 0.161234991424 0.0143403441683 0.0308747855918
0 0.932600382409 0.179245283019 0.0105162523901 0.0257289879931
0 0.932600382409 0.206689536878 0.0143403441683 0.032590051458
0 0.92017208413 0.361063464837 0.027724665392 0.0703259005146
