0 0.09537299339 0.341625207297 0.0207743153919 0.0331674958541
0 0.255901794145 0.198175787728 0.0188857412653 0.028192371476
0 0.409820585458 0.207296849088 0.0264400377715 0.0431177446103
0 0.493389990557 0.304311774461 0.0273843248347 0.0547263681592
0 0.545797922568 0.328358208955 0.0226628895184 0.0431177446103
0 0.616147308782 0.259535655058 0.0217186024551 0.0414593698176
0 0.544853635505 0.123548922056 0.0132200188857 0.028192371476
0 0.559962228517 0.130182421227 0.0132200188857 0.0248756218905
0 0.773371104816 0.310945273632 0.0207743153919 0.0514096185738
0 0.913597733711 0.135986733002 0.014164305949 0.0265339966833
0 0.940037771483 0.145107794362 0.014164305949 0.028192371476
