0 0.119666048237 0.565181518152 0.0519480519481 0.110561056106
0 0.253246753247 0.273927392739 0.0166975881262 0.03300330033
0 0.282003710575 0.24504950495 0.0204081632653 0.0313531353135
0 0.309369202226 0.257425742574 0.0176252319109 0.042904290429
0 0.383580705009 0.183168316832 0.0157699443414 0.023102310231
0 0.41094619666 0.190594059406 0.0185528756957 0.0313531353135
0 0.432282003711 0.180693069307 0.0148423005566 0.0313531353135
0 0.425324675325 0.204620462046 0.0194805194805 0.042904290429
0 0.399814471243 0.230198019802 0.0166975881262 0.0346534653465
0 0.384508348794 0.268151815182 0.0194805194805 0.0445544554455
0 0.359925788497 0.265676567657 0.0204081632653 0.036303630363
0 0.453153988868 0.228547854785 0.0194805194805 0.0412541254125
0 0.477736549165 0.229372937294 0.0185528756957 0.042904290429
0 0.46892393321 0.157590759076 0.0139146567718 0.0313531353135
0 0.474025974026 0.171617161716 0.0148423005566 0.03300330033
0 0.507421150278 0.182343234323 0.0185528756957 0.0346534653465
0 0.505565862709 0.135313531353 0.0111317254174 0.023102310231
0 0.518089053803 0.150165016502 0.0139146567718 0.026402640264
0 0.531539888683 0.146864686469 0.0185528756957 0.026402640264
0 0.558905380334 0.127062706271 0.0176252319109 0.026402640264
0 0.5853432282 0.13696369637 0.0185528756957 0.03300330033
0 0.596474953618 0.11798679868 0.0166975881262 0.0280528052805
0 0.599257884972 0.0973597359736 0.012987012987 0.016501650165
0 0.619202226345 0.0981848184818 0.00834879406308 0.0247524752475
0 0.64332096475 0.0981848184818 0.0102040816327 0.0214521452145
0 0.665120593692 0.102310231023 0.0111317254174 0.029702970297
0 0.701762523191 0.112211221122 0.0102040816327 0.026402640264
0 0.646567717996 0.13696369637 0.00927643784787 0.029702970297
0 0.616419294991 0.142739273927 0.0139146567718 0.0280528052805
0 0.579313543599 0.173267326733 0.0194805194805 0.03300330033
0 0.53107606679 0.19801980198 0.0194805194805 0.036303630363
0 0.545454545455 0.17904290429 0.0148423005566 0.0280528052805
0 0.758812615955 0.120462046205 0.0148423005566 0.029702970297
0 0.770871985158 0.125412541254 0.012987012987 0.029702970297
0 0.781539888683 0.144389438944 0.0176252319109 0.0412541254125
0 0.804730983302 0.144389438944 0.0139146567718 0.0379537953795
0 0.832560296846 0.141089108911 0.0120593692022 0.0313531353135
0 0.843692022263 0.135313531353 0.0139146567718 0.039603960396
0 0.863172541744 0.140264026403 0.0120593692022 0.03300330033
0 0.900278293135 0.13696369637 0.0120593692022 0.029702970297
0 0.93413729128 0.155115511551 0.0111317254174 0.026402640264
0 0.888218923933 0.166666666667 0.0176252319109 0.042904290429
0 0.861317254174 0.173267326733 0.0176252319109 0.03300330033
0 0.824211502783 0.206270627063 0.0194805194805 0.042904290429
0 0.781539888683 0.196369636964 0.0194805194805 0.042904290429
0 0.758348794063 0.21204620462 0.0176252319109 0.0478547854785
0 0.730519480519 0.199669966997 0.0176252319109 0.039603960396
0 0.697124304267 0.172442244224 0.0176252319109 0.0412541254125
0 0.686456400742 0.155940594059 0.0166975881262 0.0346534653465
0 0.653988868275 0.183168316832 0.0166975881262 0.039603960396
0 0.676716141002 0.197194719472 0.0157699443414 0.0445544554455
0 0.617346938776 0.211221122112 0.0194805194805 0.042904290429
0 0.564935064935 0.25 0.0185528756957 0.0412541254125
0 0.617346938776 0.252475247525 0.0213358070501 0.036303630363
0 0.564471243043 0.29702970297 0.0269016697588 0.049504950495
0 0.506493506494 0.288778877888 0.0241187384045 0.046204620462
0 0.632189239332 0.291254125413 0.0231910946197 0.0445544554455
0 0.7073283859 0.226897689769 0.0194805194805 0.0412541254125
0 0.698051948052 0.301155115512 0.0287569573284 0.0511551155116
0 0.731447124304 0.247524752475 0.0213358070501 0.046204620462
0 0.752319109462 0.333333333333 0.0296846011132 0.0726072607261
0 0.786178107607 0.268151815182 0.0231910946197 0.0511551155116
0 0.80426716141 0.236798679868 0.0185528756957 0.0412541254125
0 0.812152133581 0.382838283828 0.0380333951763 0.0627062706271
0 0.834415584416 0.306105610561 0.0231910946197 0.0610561056106
0 0.865491651206 0.25495049505 0.0204081632653 0.0478547854785
0 0.876159554731 0.214521452145 0.0157699443414 0.042904290429
0 0.92439703154 0.203795379538 0.0157699443414 0.0379537953795
0 0.915584415584 0.229372937294 0.0185528756957 0.036303630363
0 0.928107606679 0.254125412541 0.0176252319109 0.03300330033
0 0.911410018553 0.29702970297 0.0250463821892 0.0528052805281
0 0.882189239332 0.352310231023 0.0278293135436 0.0610561056106
0 0.755565862709 0.147689768977 0.0176252319109 0.0313531353135
