0 0.21594068582 0.308388157895 0.0240963855422 0.0476973684211
0 0.370250231696 0.212171052632 0.0268767377201 0.0526315789474
0 0.389712696942 0.194901315789 0.0157553290083 0.03125
0 0.428637627433 0.261513157895 0.0231696014829 0.0460526315789
0 0.457831325301 0.222039473684 0.0185356811863 0.0361842105263
0 0.47312326228 0.191611842105 0.0120481927711 0.0279605263158
0 0.499073215941 0.181743421053 0.0139017608897 0.03125
0 0.491658943466 0.148848684211 0.0139017608897 0.03125
0 0.485171455051 0.168585526316 0.0101946246525 0.0246710526316
0 0.532437442076 0.132401315789 0.0194624652456 0.0444078947368
0 0.573215940686 0.129934210526 0.0120481927711 0.0197368421053
0 0.488415199259 0.299342105263 0.0203892493049 0.0427631578947
0 0.694161260426 0.180098684211 0.014828544949 0.03125
0 0.630213160334 0.240953947368 0.0240963855422 0.0509868421053
