0 0.0987940630798 0.442307692308 0.0343228200371 0.0785953177258
0 0.157699443414 0.39381270903 0.0296846011132 0.061872909699
0 0.187847866419 0.497491638796 0.0473098330241 0.0953177257525
0 0.135435992579 0.326923076923 0.025974025974 0.0518394648829
0 0.0913729128015 0.331939799331 0.0194805194805 0.0384615384615
0 0.103432282004 0.324414715719 0.0213358070501 0.0468227424749
0 0.346011131725 0.180602006689 0.0185528756957 0.0367892976589
0 0.430426716141 0.163879598662 0.0222634508349 0.0434782608696
0 0.513450834879 0.064381270903 0.0139146567718 0.0284280936455
0 0.65306122449 0.266722408027 0.0556586270872 0.102006688963
0 0.665584415584 0.107023411371 0.0176252319109 0.0468227424749
0 0.746289424861 0.124581939799 0.0231910946197 0.0451505016722
0 0.79452690167 0.25 0.0417439703154 0.0886287625418
