0 0.208708708709 0.466608084359 0.041041041041 0.0826010544815
0 0.295795795796 0.228471001757 0.013013013013 0.0281195079086
0 0.314314314314 0.228471001757 0.014014014014 0.0281195079086
0 0.349349349349 0.217926186292 0.014014014014 0.0281195079086
0 0.366366366366 0.189806678383 0.014014014014 0.02460456942
0 0.348348348348 0.151142355009 0.014014014014 0.0316344463972
0 0.384384384384 0.156414762742 0.01001001001 0.0210896309315
0 0.390890890891 0.206502636204 0.019019019019 0.0298769771529
0 0.4004004004 0.238137082601 0.016016016016 0.0404217926186
0 0.417917917918 0.249560632689 0.017017017017 0.0316344463972
0 0.362862862863 0.254833040422 0.021021021021 0.0386643233743
0 0.415415415415 0.213532513181 0.018018018018 0.0369068541301
0 0.423423423423 0.156414762742 0.01001001001 0.0210896309315
0 0.458958958959 0.214411247803 0.019019019019 0.0386643233743
0 0.473473473473 0.193321616872 0.014014014014 0.0281195079086
0 0.463463463463 0.166080843585 0.012012012012 0.0263620386643
0 0.457957957958 0.141476274165 0.00900900900901 0.0158172231986
0 0.476476476476 0.130931458699 0.012012012012 0.0263620386643
0 0.490990990991 0.162565905097 0.017017017017 0.0298769771529
0 0.517517517518 0.179261862917 0.016016016016 0.0316344463972
0 0.55005005005 0.181898066784 0.017017017017 0.0333919156415
0 0.542542542543 0.15992970123 0.012012012012 0.02460456942
0 0.516516516517 0.132688927944 0.01001001001 0.0193321616872
0 0.501501501502 0.123901581722 0.012012012012 0.0228471001757
0 0.491491491491 0.140597539543 0.012012012012 0.02460456942
0 0.569069069069 0.177504393673 0.015015015015 0.02460456942
0 0.565065065065 0.149384885764 0.015015015015 0.0316344463972
0 0.58958958959 0.111599297012 0.00800800800801 0.0193321616872
0 0.593093093093 0.153778558875 0.013013013013 0.0228471001757
0 0.617117117117 0.142355008787 0.013013013013 0.0316344463972
0 0.634134134134 0.15992970123 0.013013013013 0.0281195079086
0 0.63013013013 0.1230228471 0.011011011011 0.0210896309315
0 0.604604604605 0.124780316344 0.01001001001 0.0210896309315
0 0.609109109109 0.109841827768 0.00700700700701 0.0158172231986
0 0.644144144144 0.113356766257 0.00900900900901 0.0228471001757
0 0.654154154154 0.115114235501 0.00900900900901 0.0228471001757
0 0.682682682683 0.105448154657 0.01001001001 0.0210896309315
0 0.574074074074 0.227592267135 0.021021021021 0.0333919156415
0 0.61961961962 0.244288224956 0.018018018018 0.0421792618629
0 0.62012012012 0.211775043937 0.021021021021 0.0333919156415
0 0.665665665666 0.23374340949 0.02002002002 0.0386643233743
0 0.707207207207 0.191564147627 0.017017017017 0.0386643233743
0 0.73973973974 0.176625659051 0.016016016016 0.0333919156415
0 0.733233233233 0.146748681898 0.011011011011 0.0333919156415
0 0.759259259259 0.132688927944 0.011011011011 0.0228471001757
0 0.73973973974 0.235500878735 0.014014014014 0.0386643233743
0 0.766266266266 0.238137082601 0.021021021021 0.0404217926186
0 0.774774774775 0.212653778559 0.012012012012 0.0281195079086
0 0.793793793794 0.21704745167 0.014014014014 0.0333919156415
0 0.791791791792 0.16783831283 0.014014014014 0.0263620386643
0 0.783783783784 0.144991212654 0.014014014014 0.0298769771529
0 0.767767767768 0.125659050967 0.012012012012 0.0228471001757
0 0.808308308308 0.132688927944 0.00900900900901 0.0228471001757
0 0.823823823824 0.139718804921 0.012012012012 0.0263620386643
0 0.827827827828 0.178383128295 0.014014014014 0.0263620386643
0 0.839339339339 0.164323374341 0.013013013013 0.0263620386643
0 0.853353353353 0.149384885764 0.011011011011 0.0316344463972
0 0.866866866867 0.171353251318 0.014014014014 0.0333919156415
0 0.865865865866 0.20913884007 0.016016016016 0.0351493848858
0 0.848848848849 0.239894551845 0.022022022022 0.0439367311072
0 0.778278278278 0.30316344464 0.025025025025 0.0579964850615
0 0.911911911912 0.333919156415 0.022022022022 0.0562390158172
0 0.883383383383 0.231985940246 0.017017017017 0.0421792618629
0 0.925425425425 0.252196836555 0.015015015015 0.0404217926186
0 0.916416416416 0.231985940246 0.015015015015 0.0386643233743
0 0.936936936937 0.203866432337 0.012012012012 0.0281195079086
0 0.939439439439 0.176625659051 0.00900900900901 0.0263620386643
0 0.954454454454 0.179261862917 0.011011011011 0.0281195079086
0 0.917417417417 0.156414762742 0.013013013013 0.0351493848858
0 0.913413413413 0.189806678383 0.00900900900901 0.0281195079086
0 0.903403403403 0.181898066784 0.011011011011 0.0263620386643
0 0.888888888889 0.165202108963 0.012012012012 0.0316344463972
