0 0.203928905519 0.440099833611 0.044901777362 0.0981697171381
0 0.239476145931 0.362728785358 0.0374181478017 0.0931780366057
0 0.276426566885 0.203826955075 0.0196445275959 0.0382695507488
0 0.33395696913 0.287853577371 0.0187090739008 0.0366056572379
0 0.352666043031 0.258735440932 0.0130963517306 0.0349417637271
0 0.4340505145 0.284525790349 0.022450888681 0.0399334442596
0 0.385406922357 0.193011647255 0.0130963517306 0.026622296173
0 0.423760523854 0.225457570715 0.0149672591207 0.0282861896839
0 0.44714686623 0.229617304493 0.0149672591207 0.0299500831947
0 0.450420954163 0.192179700499 0.0121608980355 0.0316139767055
0 0.474275023386 0.20465890183 0.0149672591207 0.026622296173
0 0.526192703461 0.212146422629 0.0177736202058 0.0349417637271
0 0.481290926099 0.166389351082 0.0159027128157 0.0232945091514
0 0.475210477081 0.181364392679 0.0130963517306 0.0232945091514
0 0.455565949486 0.155574043261 0.0130963517306 0.0216306156406
0 0.471000935454 0.154742096506 0.0121608980355 0.0199667221298
0 0.485500467727 0.135607321131 0.00935453695042 0.0216306156406
0 0.511225444341 0.164725457571 0.0102899906455 0.0199667221298
0 0.531805425631 0.14309484193 0.0159027128157 0.0299500831947
0 0.559869036483 0.15391014975 0.0121608980355 0.0249584026622
0 0.581852198316 0.163893510815 0.0112254443405 0.0282861896839
0 0.573900841908 0.113976705491 0.0102899906455 0.0249584026622
0 0.631431244153 0.0723793677205 0.0112254443405 0.0249584026622
0 0.482226379794 0.327787021631 0.0252572497661 0.0465890183028
0 0.602899906455 0.25540765391 0.0196445275959 0.0415973377704
0 0.661365762395 0.250415973378 0.022450888681 0.044925124792
0 0.71889616464 0.287853577371 0.021515434986 0.0465890183028
0 0.7736202058 0.309484193012 0.022450888681 0.0465890183028
0 0.698783910196 0.18302828619 0.0168381665108 0.0366056572379
0 0.687090739008 0.160565723794 0.0140318054256 0.0382695507488
0 0.689429373246 0.10149750416 0.0130963517306 0.0299500831947
0 0.72076707203 0.0732113144759 0.0140318054256 0.026622296173
0 0.755846585594 0.11231281198 0.0130963517306 0.0282861896839
0 0.748362956034 0.133111480865 0.0149672591207 0.0332778702163
0 0.73199251637 0.167221297837 0.0121608980355 0.0282861896839
0 0.71515434986 0.155574043261 0.0140318054256 0.0282861896839
0 0.757249766137 0.173044925125 0.0140318054256 0.026622296173
0 0.800280636109 0.187188019967 0.0159027128157 0.0349417637271
0 0.814312441534 0.133111480865 0.0102899906455 0.0299500831947
0 0.851730589336 0.200499168053 0.0159027128157 0.0382695507488
0 0.874649204864 0.232945091514 0.0149672591207 0.0432612312812
