0 0.25 0.237201365188 0.0213358070501 0.037542662116
0 0.312152133581 0.21843003413 0.0213358070501 0.0409556313993
0 0.326530612245 0.240614334471 0.0204081632653 0.0409556313993
0 0.328849721707 0.182593856655 0.0157699443414 0.037542662116
0 0.343228200371 0.174914675768 0.0185528756957 0.0460750853242
0 0.357606679035 0.233788395904 0.0250463821892 0.0443686006826
0 0.386827458256 0.268771331058 0.0241187384045 0.0460750853242
0 0.38172541744 0.232935153584 0.0231910946197 0.0358361774744
0 0.39332096475 0.18771331058 0.0204081632653 0.037542662116
0 0.376159554731 0.162116040956 0.0176252319109 0.037542662116
0 0.37987012987 0.150170648464 0.0139146567718 0.0273037542662
0 0.420686456401 0.152730375427 0.0194805194805 0.0392491467577
0 0.438311688312 0.151023890785 0.0194805194805 0.0358361774744
0 0.451762523191 0.194539249147 0.0222634508349 0.0443686006826
0 0.467996289425 0.206484641638 0.0213358070501 0.0477815699659
0 0.476345083488 0.140784982935 0.0176252319109 0.0324232081911
0 0.470315398887 0.165529010239 0.0185528756957 0.0341296928328
0 0.486549165121 0.184300341297 0.0176252319109 0.037542662116
0 0.522263450835 0.169795221843 0.0222634508349 0.0358361774744
0 0.47866419295 0.101535836177 0.012987012987 0.0290102389078
0 0.523654916512 0.127986348123 0.0176252319109 0.0443686006826
0 0.54452690167 0.128839590444 0.0222634508349 0.042662116041
0 0.557977736549 0.116894197952 0.0157699443414 0.0324232081911
0 0.55612244898 0.0861774744027 0.0139146567718 0.0324232081911
0 0.577922077922 0.0878839590444 0.0148423005566 0.0290102389078
0 0.598330241187 0.127133105802 0.0185528756957 0.0358361774744
0 0.601113172542 0.0998293515358 0.0148423005566 0.0255972696246
0 0.632189239332 0.0998293515358 0.0157699443414 0.0324232081911
0 0.641929499072 0.0853242320819 0.012987012987 0.0273037542662
0 0.67254174397 0.0930034129693 0.0185528756957 0.0290102389078
0 0.574675324675 0.142491467577 0.0213358070501 0.0392491467577
0 0.502319109462 0.264505119454 0.0250463821892 0.0580204778157
0 0.545454545455 0.211604095563 0.0241187384045 0.0546075085324
0 0.571428571429 0.258532423208 0.0278293135436 0.0665529010239
0 0.600185528757 0.247440273038 0.025974025974 0.0546075085324
0 0.606215213358 0.324232081911 0.0343228200371 0.0716723549488
0 0.648423005566 0.238907849829 0.025974025974 0.0580204778157
0 0.620593692022 0.157849829352 0.0185528756957 0.042662116041
0 0.65306122449 0.167235494881 0.0204081632653 0.0443686006826
0 0.692949907236 0.156996587031 0.0185528756957 0.0409556313993
0 0.686920222635 0.12457337884 0.0176252319109 0.037542662116
0 0.702690166976 0.113481228669 0.0176252319109 0.0392491467577
0 0.715677179963 0.148464163823 0.0176252319109 0.0409556313993
0 0.70547309833 0.28156996587 0.0287569573284 0.0546075085324
0 0.705009276438 0.225255972696 0.0296846011132 0.0511945392491
0 0.752782931354 0.203924914676 0.0250463821892 0.0563139931741
0 0.745361781076 0.290102389078 0.0287569573284 0.0580204778157
0 0.833487940631 0.276450511945 0.0269016697588 0.0648464163823
0 0.836734693878 0.238907849829 0.0204081632653 0.0477815699659
0 0.833487940631 0.183447098976 0.0213358070501 0.042662116041
0 0.798701298701 0.154436860068 0.0185528756957 0.0460750853242
0 0.775510204082 0.184300341297 0.0166975881262 0.0443686006826
0 0.737476808905 0.159556313993 0.0185528756957 0.0324232081911
0 0.725417439703 0.0981228668942 0.0148423005566 0.0324232081911
0 0.736549165121 0.132252559727 0.0204081632653 0.0290102389078
0 0.756029684601 0.103242320819 0.0148423005566 0.0324232081911
0 0.770408163265 0.122866894198 0.0139146567718 0.0307167235495
0 0.817254174397 0.10409556314 0.0166975881262 0.0341296928328
0 0.837662337662 0.126279863481 0.0148423005566 0.037542662116
0 0.877551020408 0.15614334471 0.0185528756957 0.0392491467577
0 0.906307977737 0.244880546075 0.0241187384045 0.0563139931741
0 0.899814471243 0.191979522184 0.0166975881262 0.0460750853242
0 0.879406307978 0.132252559727 0.0166975881262 0.0358361774744
