0 0.13453815261 0.35401459854 0.0341365461847 0.0656934306569
0 0.298694779116 0.217153284672 0.0150602409639 0.0328467153285
0 0.307730923695 0.238138686131 0.0170682730924 0.0346715328467
0 0.336345381526 0.237226277372 0.0140562248996 0.036496350365
0 0.349899598394 0.201642335766 0.0130522088353 0.0346715328467
0 0.33483935743 0.17700729927 0.0150602409639 0.029197080292
0 0.361947791165 0.23996350365 0.0190763052209 0.0419708029197
0 0.390060240964 0.252737226277 0.0190763052209 0.0346715328467
0 0.3890562249 0.188868613139 0.0150602409639 0.0346715328467
0 0.418172690763 0.184306569343 0.0150602409639 0.0328467153285
0 0.423694779116 0.203467153285 0.0140562248996 0.0346715328467
0 0.433232931727 0.226277372263 0.0190763052209 0.043795620438
0 0.456827309237 0.213503649635 0.0160642570281 0.029197080292
0 0.423694779116 0.144160583942 0.0100401606426 0.0255474452555
0 0.462851405622 0.164233576642 0.0160642570281 0.0328467153285
0 0.471887550201 0.141423357664 0.0140562248996 0.0310218978102
0 0.488453815261 0.176094890511 0.0150602409639 0.0346715328467
0 0.504518072289 0.204379562044 0.0130522088353 0.029197080292
0 0.49297188755 0.146897810219 0.0140562248996 0.0273722627737
0 0.49046184739 0.135948905109 0.0130522088353 0.0200729927007
0 0.5 0.125 0.0120481927711 0.0237226277372
0 0.516064257028 0.137773722628 0.0120481927711 0.0237226277372
0 0.527108433735 0.122262773723 0.0120481927711 0.0255474452555
0 0.52359437751 0.171532846715 0.0150602409639 0.036496350365
0 0.552710843373 0.155109489051 0.0150602409639 0.021897810219
0 0.557228915663 0.176094890511 0.0160642570281 0.0346715328467
0 0.551706827309 0.137773722628 0.0110441767068 0.0200729927007
0 0.558232931727 0.120437956204 0.0140562248996 0.0255474452555
0 0.585341365462 0.115875912409 0.0120481927711 0.0310218978102
0 0.592871485944 0.104927007299 0.0110441767068 0.0237226277372
0 0.607931726908 0.104927007299 0.0130522088353 0.0237226277372
0 0.599899598394 0.133211678832 0.0130522088353 0.021897810219
0 0.588353413655 0.171532846715 0.0160642570281 0.0328467153285
0 0.582329317269 0.230839416058 0.0180722891566 0.0419708029197
0 0.556726907631 0.289233576642 0.031124497992 0.0529197080292
0 0.495481927711 0.282846715328 0.0251004016064 0.0583941605839
0 0.601907630522 0.329379562044 0.0210843373494 0.0675182481752
0 0.622489959839 0.249087591241 0.0200803212851 0.0456204379562
0 0.627510040161 0.206204379562 0.0160642570281 0.0328467153285
0 0.619979919679 0.143248175182 0.0130522088353 0.0273722627737
0 0.625502008032 0.120437956204 0.0120481927711 0.0255474452555
0 0.633534136546 0.10401459854 0.0120481927711 0.021897810219
0 0.668674698795 0.101277372263 0.0100401606426 0.0273722627737
0 0.666164658635 0.132299270073 0.0110441767068 0.0273722627737
0 0.669176706827 0.177919708029 0.0130522088353 0.0346715328467
0 0.668674698795 0.283759124088 0.0200803212851 0.0602189781022
0 0.696285140562 0.314781021898 0.0271084337349 0.0602189781022
0 0.722891566265 0.292883211679 0.0220883534137 0.0456204379562
0 0.710843373494 0.227189781022 0.0180722891566 0.0346715328467
0 0.707329317269 0.177919708029 0.0170682730924 0.0346715328467
0 0.708835341365 0.155109489051 0.0140562248996 0.0255474452555
0 0.684738955823 0.115875912409 0.0120481927711 0.0273722627737
0 0.692269076305 0.0967153284672 0.0110441767068 0.0182481751825
0 0.70983935743 0.10401459854 0.0120481927711 0.0255474452555
0 0.748995983936 0.126824817518 0.0140562248996 0.0310218978102
0 0.779618473896 0.136861313869 0.0150602409639 0.0328467153285
0 0.751004016064 0.165145985401 0.0160642570281 0.0346715328467
0 0.758032128514 0.17700729927 0.0160642570281 0.0328467153285
0 0.801204819277 0.181569343066 0.0160642570281 0.0346715328467
0 0.802208835341 0.213503649635 0.0180722891566 0.0401459854015
0 0.759036144578 0.249087591241 0.0220883534137 0.0419708029197
0 0.774096385542 0.306569343066 0.0220883534137 0.0620437956204
0 0.743975903614 0.394160583942 0.0281124497992 0.0729927007299
0 0.824297188755 0.410583941606 0.0281124497992 0.0620437956204
0 0.896084337349 0.415145985401 0.0271084337349 0.0748175182482
0 0.914658634538 0.33302919708 0.0240963855422 0.0565693430657
0 0.927208835341 0.291058394161 0.0170682730924 0.0456204379562
0 0.868473895582 0.267335766423 0.0200803212851 0.0456204379562
0 0.839859437751 0.303832116788 0.0230923694779 0.0602189781022
0 0.814759036145 0.256386861314 0.0210843373494 0.0529197080292
0 0.88202811245 0.222627737226 0.0170682730924 0.036496350365
0 0.925200803213 0.221715328467 0.0190763052209 0.0456204379562
0 0.827309236948 0.16697080292 0.0160642570281 0.0237226277372
