0 0.228229665072 0.392491467577 0.0507177033493 0.098976109215
0 0.533014354067 0.200511945392 0.0248803827751 0.0460750853242
0 0.587081339713 0.17662116041 0.0200956937799 0.0392491467577
0 0.623444976077 0.209044368601 0.0200956937799 0.0529010238908
0 0.658373205742 0.25 0.0287081339713 0.0597269624573
0 0.675598086124 0.226962457338 0.0172248803828 0.037542662116
0 0.673205741627 0.190273037543 0.0143540669856 0.0324232081911
0 0.713397129187 0.215017064846 0.0181818181818 0.0477815699659
0 0.744497607656 0.20819112628 0.0153110047847 0.037542662116
0 0.741626794258 0.279010238908 0.0306220095694 0.0529010238908
0 0.797607655502 0.268771331058 0.022009569378 0.0563139931741
0 0.821531100478 0.273037542662 0.022009569378 0.0477815699659
0 0.75023923445 0.379692832765 0.0344497607656 0.080204778157
0 0.839234449761 0.37457337884 0.0267942583732 0.0767918088737
0 0.905263157895 0.45819112628 0.0478468899522 0.0870307167235
