0 0.425925925926 0.276649746193 0.0253411306043 0.0456852791878
0 0.454678362573 0.220812182741 0.0185185185185 0.0355329949239
0 0.423489278752 0.219966159052 0.0165692007797 0.0338409475465
0 0.403021442495 0.199661590525 0.0146198830409 0.0304568527919
0 0.343567251462 0.231810490694 0.0165692007797 0.0270727580372
0 0.316276803119 0.232656514382 0.0165692007797 0.0287648054146
0 0.4761208577 0.165820642978 0.0165692007797 0.0304568527919
0 0.477582846004 0.189509306261 0.0175438596491 0.0304568527919
0 0.491228070175 0.210659898477 0.0175438596491 0.0321489001692
0 0.534600389864 0.213197969543 0.0185185185185 0.0338409475465
0 0.527290448343 0.147208121827 0.0136452241715 0.0270727580372
0 0.558479532164 0.147208121827 0.0136452241715 0.0270727580372
0 0.588693957115 0.159898477157 0.0136452241715 0.0287648054146
0 0.596978557505 0.153976311337 0.0126705653021 0.0203045685279
0 0.604288499025 0.267343485618 0.0214424951267 0.0439932318105
0 0.656920077973 0.266497461929 0.0214424951267 0.0490693739425
0 0.674951267057 0.215736040609 0.0185185185185 0.0389170896785
0 0.661306042885 0.185279187817 0.0185185185185 0.0389170896785
0 0.728557504873 0.0820642978003 0.0165692007797 0.0287648054146
0 0.746588693957 0.153976311337 0.0136452241715 0.0338409475465
0 0.767056530214 0.0862944162437 0.0116959064327 0.0236886632826
0 0.781676413255 0.165820642978 0.0136452241715 0.0304568527919
0 0.797270955166 0.187817258883 0.0136452241715 0.0338409475465
0 0.767543859649 0.238578680203 0.0204678362573 0.0406091370558
0 0.729532163743 0.266497461929 0.0224171539961 0.0456852791878
0 0.796783625731 0.276649746193 0.0263157894737 0.0524534686971
0 0.827485380117 0.0964467005076 0.0136452241715 0.0270727580372
0 0.856725146199 0.0981387478849 0.0136452241715 0.0270727580372
0 0.858674463938 0.184433164129 0.0175438596491 0.0338409475465
0 0.844541910331 0.212351945854 0.0185185185185 0.0389170896785
0 0.817251461988 0.186971235195 0.0146198830409 0.0287648054146
0 0.890350877193 0.225042301184 0.0165692007797 0.0372250423012
0 0.980994152047 0.154822335025 0.0165692007797 0.0456852791878
