0 0.157360406091 0.45018115942 0.0609137055838 0.125
0 0.37614213198 0.23097826087 0.0192893401015 0.0380434782609
0 0.393401015228 0.231884057971 0.0253807106599 0.0507246376812
0 0.374111675127 0.191123188406 0.0213197969543 0.0380434782609
0 0.397969543147 0.164855072464 0.0203045685279 0.036231884058
0 0.427918781726 0.169384057971 0.0192893401015 0.0344202898551
0 0.434010152284 0.198369565217 0.0192893401015 0.0380434782609
0 0.445177664975 0.247282608696 0.0274111675127 0.0416666666667
0 0.419796954315 0.227355072464 0.0213197969543 0.0380434782609
0 0.468020304569 0.235507246377 0.0223350253807 0.0434782608696
0 0.469035532995 0.188405797101 0.0182741116751 0.036231884058
0 0.465989847716 0.157608695652 0.0182741116751 0.0326086956522
0 0.454314720812 0.153079710145 0.0152284263959 0.0344202898551
0 0.43807106599 0.142210144928 0.0152284263959 0.0307971014493
0 0.484771573604 0.142210144928 0.0131979695431 0.0344202898551
0 0.495431472081 0.120471014493 0.010152284264 0.0235507246377
0 0.533502538071 0.157608695652 0.0172588832487 0.0326086956522
0 0.502538071066 0.199275362319 0.0203045685279 0.0471014492754
0 0.532487309645 0.196557971014 0.0192893401015 0.0416666666667
0 0.553807106599 0.160326086957 0.0172588832487 0.0380434782609
0 0.573096446701 0.138586956522 0.0172588832487 0.0344202898551
0 0.531979695431 0.135869565217 0.0121827411168 0.0253623188406
0 0.584771573604 0.169384057971 0.0203045685279 0.0416666666667
0 0.583756345178 0.107789855072 0.0142131979695 0.0271739130435
0 0.604060913706 0.130434782609 0.0182741116751 0.036231884058
0 0.618274111675 0.143115942029 0.0162436548223 0.0326086956522
0 0.621827411168 0.120471014493 0.0152284263959 0.0271739130435
0 0.604568527919 0.100543478261 0.0131979695431 0.0235507246377
0 0.656345177665 0.0996376811594 0.0192893401015 0.0326086956522
0 0.660406091371 0.134963768116 0.0172588832487 0.0344202898551
0 0.685279187817 0.119565217391 0.0142131979695 0.0326086956522
0 0.7 0.117753623188 0.0131979695431 0.0289855072464
0 0.637563451777 0.219202898551 0.0203045685279 0.0434782608696
0 0.607614213198 0.254528985507 0.0314720812183 0.0670289855072
0 0.556852791878 0.273550724638 0.0253807106599 0.0471014492754
0 0.623350253807 0.298007246377 0.0284263959391 0.0561594202899
0 0.693908629442 0.321557971014 0.0335025380711 0.0561594202899
0 0.72385786802 0.283514492754 0.0324873096447 0.070652173913
0 0.752284263959 0.241847826087 0.0223350253807 0.0489130434783
0 0.748730964467 0.204710144928 0.0213197969543 0.0471014492754
0 0.728426395939 0.171195652174 0.0192893401015 0.0416666666667
0 0.713197969543 0.155797101449 0.0152284263959 0.0434782608696
0 0.703553299492 0.20018115942 0.0203045685279 0.0452898550725
0 0.692385786802 0.166666666667 0.0203045685279 0.0398550724638
0 0.679187817259 0.182065217391 0.0203045685279 0.0452898550725
0 0.740101522843 0.134057971014 0.0203045685279 0.036231884058
0 0.76345177665 0.145833333333 0.0182741116751 0.0344202898551
0 0.786802030457 0.129528985507 0.0203045685279 0.0416666666667
0 0.786802030457 0.157608695652 0.0182741116751 0.0398550724638
0 0.774111675127 0.186594202899 0.0213197969543 0.0471014492754
0 0.81116751269 0.245471014493 0.0243654822335 0.0561594202899
0 0.783756345178 0.233695652174 0.0263959390863 0.0434782608696
0 0.832487309645 0.333333333333 0.0284263959391 0.0688405797101
0 0.832487309645 0.233695652174 0.0182741116751 0.0471014492754
0 0.818781725888 0.173913043478 0.0192893401015 0.0398550724638
0 0.839086294416 0.157608695652 0.0172588832487 0.0507246376812
0 0.857360406091 0.19384057971 0.0152284263959 0.036231884058
0 0.873604060914 0.180253623188 0.0131979695431 0.0344202898551
0 0.894416243655 0.20018115942 0.0162436548223 0.0344202898551
0 0.891878172589 0.232789855072 0.0213197969543 0.0416666666667
0 0.883756345178 0.266304347826 0.0213197969543 0.054347826087
0 0.919289340102 0.321557971014 0.0253807106599 0.0561594202899
0 0.946192893401 0.218297101449 0.0162436548223 0.0489130434783
0 0.940101522843 0.166666666667 0.0162436548223 0.0434782608696
