0 0.933438155136 0.2104283054 0.0157232704403 0.0446927374302
0 0.576519916143 0.325884543762 0.0482180293501 0.100558659218
0 0.534067085954 0.187150837989 0.0199161425577 0.0465549348231
0 0.498427672956 0.191806331471 0.0199161425577 0.0335195530726
0 0.493186582809 0.157355679702 0.0199161425577 0.0428305400372
0 0.462788259958 0.130353817505 0.017819706499 0.0335195530726
0 0.438155136268 0.162011173184 0.0146750524109 0.0297951582868
0 0.416142557652 0.162011173184 0.0146750524109 0.0297951582868
0 0.385744234801 0.253258845438 0.0230607966457 0.048417132216
0 0.351153039832 0.27374301676 0.0377358490566 0.0744878957169
0 0.339622641509 0.22905027933 0.0251572327044 0.0446927374302
0 0.267819706499 0.211359404097 0.0241090146751 0.0465549348231
0 0.192348008386 0.256052141527 0.0303983228512 0.0502793296089
