0 0.0669330669331 0.310498220641 0.027972027972 0.0622775800712
0 0.0874125874126 0.277580071174 0.024975024975 0.0533807829181
0 0.204795204795 0.229537366548 0.023976023976 0.0533807829181
0 0.259240759241 0.213523131673 0.018981018981 0.0462633451957
0 0.28021978022 0.239323843416 0.022977022977 0.0480427046263
0 0.306193806194 0.231316725979 0.020979020979 0.0462633451957
0 0.315184815185 0.408362989324 0.046953046953 0.108540925267
0 0.376623376623 0.435943060498 0.045954045954 0.0925266903915
0 0.404595404595 0.232206405694 0.023976023976 0.0480427046263
0 0.443056943057 0.248220640569 0.024975024975 0.0444839857651
