0 0.0749027237354 0.301038062284 0.0252918287938 0.0484429065744
0 0.313229571984 0.23875432526 0.0194552529183 0.0415224913495
0 0.345817120623 0.192041522491 0.0165369649805 0.0311418685121
0 0.346789883268 0.217128027682 0.0145914396887 0.0294117647059
0 0.412937743191 0.209342560554 0.0165369649805 0.0415224913495
0 0.446011673152 0.216262975779 0.0184824902724 0.038062283737
0 0.459143968872 0.181660899654 0.0155642023346 0.0346020761246
0 0.4703307393 0.232698961938 0.0184824902724 0.0432525951557
0 0.480544747082 0.18598615917 0.0175097276265 0.0363321799308
0 0.497081712062 0.161764705882 0.0155642023346 0.0328719723183
0 0.515564202335 0.168685121107 0.0136186770428 0.0328719723183
0 0.524319066148 0.132352941176 0.00972762645914 0.0259515570934
0 0.532101167315 0.14446366782 0.011673151751 0.0259515570934
0 0.540369649805 0.132352941176 0.0107003891051 0.0259515570934
0 0.550097276265 0.191176470588 0.0165369649805 0.0432525951557
0 0.582684824903 0.118512110727 0.011673151751 0.0259515570934
0 0.583657587549 0.179065743945 0.0155642023346 0.0294117647059
0 0.591926070039 0.155709342561 0.0145914396887 0.0276816608997
0 0.600680933852 0.131487889273 0.00875486381323 0.0242214532872
0 0.618677042802 0.112456747405 0.00778210116732 0.0242214532872
0 0.627918287938 0.122837370242 0.0107003891051 0.0207612456747
0 0.642509727626 0.115051903114 0.0107003891051 0.022491349481
0 0.630836575875 0.156574394464 0.0145914396887 0.0294117647059
0 0.652723735409 0.13062283737 0.00972762645914 0.0190311418685
0 0.66439688716 0.11937716263 0.00972762645914 0.0242214532872
0 0.676070038911 0.124567474048 0.011673151751 0.0242214532872
0 0.694552529183 0.147058823529 0.011673151751 0.0242214532872
0 0.524319066148 0.291522491349 0.0214007782101 0.0467128027682
0 0.589007782101 0.239619377163 0.022373540856 0.0432525951557
0 0.592412451362 0.28892733564 0.0214007782101 0.0553633217993
0 0.614299610895 0.312283737024 0.0262645914397 0.0640138408304
0 0.626459143969 0.215397923875 0.0175097276265 0.0432525951557
0 0.637159533074 0.256055363322 0.0214007782101 0.0484429065744
0 0.668287937743 0.22491349481 0.0175097276265 0.0449826989619
0 0.661478599222 0.272491349481 0.0214007782101 0.0467128027682
0 0.661964980545 0.186851211073 0.0165369649805 0.038062283737
0 0.66780155642 0.347750865052 0.0282101167315 0.076124567474
0 0.704766536965 0.398788927336 0.0398832684825 0.0570934256055
0 0.704280155642 0.200692041522 0.0194552529183 0.0415224913495
0 0.717412451362 0.224048442907 0.0204280155642 0.0467128027682
0 0.73686770428 0.18598615917 0.0145914396887 0.0363321799308
0 0.7796692607 0.146193771626 0.0126459143969 0.0294117647059
0 0.775778210117 0.193771626298 0.0165369649805 0.0276816608997
0 0.780642023346 0.225778546713 0.0204280155642 0.0397923875433
0 0.790369649805 0.16955017301 0.0145914396887 0.038062283737
0 0.812256809339 0.205882352941 0.0136186770428 0.0346020761246
0 0.825875486381 0.18598615917 0.0136186770428 0.0328719723183
0 0.798151750973 0.295847750865 0.0204280155642 0.0553633217993
0 0.806906614786 0.275951557093 0.0184824902724 0.0432525951557
0 0.803501945525 0.354671280277 0.0311284046693 0.0622837370242
0 0.839007782101 0.31401384083 0.022373540856 0.0570934256055
0 0.843385214008 0.160034602076 0.011673151751 0.0328719723183
0 0.848249027237 0.198096885813 0.0155642023346 0.0363321799308
0 0.864785992218 0.193771626298 0.0136186770428 0.0346020761246
0 0.877431906615 0.160899653979 0.0136186770428 0.0311418685121
0 0.854085603113 0.239619377163 0.0175097276265 0.0397923875433
0 0.875486381323 0.256055363322 0.0155642023346 0.0449826989619
0 0.858463035019 0.291522491349 0.0204280155642 0.0467128027682
0 0.890077821012 0.223183391003 0.0155642023346 0.038062283737
0 0.895428015564 0.166089965398 0.0107003891051 0.0311418685121
0 0.931420233463 0.173875432526 0.0145914396887 0.0294117647059
0 0.937256809339 0.207612456747 0.0145914396887 0.0276816608997
0 0.931906614786 0.245674740484 0.0194552529183 0.0449826989619
0 0.921206225681 0.280276816609 0.0194552529183 0.0484429065744
0 0.899805447471 0.272491349481 0.0175097276265 0.0432525951557
0 0.908073929961 0.320934256055 0.0243190661479 0.0536332179931
0 0.894455252918 0.386678200692 0.0262645914397 0.0813148788927
0 0.752431906615 0.138408304498 0.0107003891051 0.0311418685121
0 0.755836575875 0.164359861592 0.0136186770428 0.0346020761246
0 0.423638132296 0.18339100346 0.0126459143969 0.0311418685121
0 0.450389105058 0.167820069204 0.0155642023346 0.0311418685121
0 0.502431906615 0.13062283737 0.0107003891051 0.022491349481
0 0.507295719844 0.139273356401 0.0107003891051 0.022491349481
