0 0.103035878565 0.433278418451 0.0257589696412 0.0626029654036
0 0.122355105796 0.343492586491 0.0239190432383 0.0477759472817
0 0.14397424103 0.338550247117 0.0193192272309 0.0411861614498
0 0.191352345906 0.275123558484 0.0220791168353 0.0362438220758
0 0.166053357866 0.384678747941 0.0285188592456 0.0675453047776
0 0.179852805888 0.492586490939 0.0450781968721 0.0823723228995
0 0.364765409384 0.177100494234 0.0137994480221 0.0345963756178
0 0.41858325667 0.173805601318 0.0147194112236 0.0378912685338
0 0.662833486661 0.109555189456 0.017479300828 0.0411861614498
0 0.742870285189 0.123558484349 0.0211591536339 0.0494233937397
0 0.751149954002 0.271004942339 0.0524379024839 0.107084019769
0 0.777828886845 0.279242174629 0.0469181232751 0.0741350906096
0 0.55611775529 0.0576606260297 0.015639374425 0.0263591433278
