0 0.101224489796 0.546979865772 0.0457142857143 0.114093959732
0 0.208979591837 0.268456375839 0.0179591836735 0.0536912751678
0 0.22 0.280201342282 0.0204081632653 0.0536912751678
0 0.266530612245 0.239932885906 0.0187755102041 0.0469798657718
0 0.284081632653 0.244127516779 0.0212244897959 0.0520134228188
0 0.298775510204 0.214765100671 0.0195918367347 0.0536912751678
0 0.32693877551 0.236577181208 0.0187755102041 0.0637583892617
0 0.341632653061 0.208053691275 0.0171428571429 0.0469798657718
0 0.356734693878 0.194630872483 0.0163265306122 0.0369127516779
0 0.365306122449 0.259228187919 0.0236734693878 0.0520134228188
0 0.387346938776 0.239932885906 0.0187755102041 0.0436241610738
0 0.382448979592 0.187080536913 0.0155102040816 0.0419463087248
0 0.421632653061 0.196308724832 0.0171428571429 0.0436241610738
0 0.428979591837 0.170302013423 0.0155102040816 0.0419463087248
0 0.43306122449 0.295302013423 0.0236734693878 0.0536912751678
0 0.464489795918 0.243288590604 0.0212244897959 0.0536912751678
0 0.447346938776 0.166946308725 0.0130612244898 0.0318791946309
0 0.47306122449 0.171140939597 0.0187755102041 0.0402684563758
0 0.48693877551 0.155201342282 0.0187755102041 0.0352348993289
0 0.490204081633 0.206375838926 0.0187755102041 0.0402684563758
0 0.51387755102 0.172818791946 0.0204081632653 0.0436241610738
0 0.521224489796 0.15855704698 0.0122448979592 0.0352348993289
0 0.549387755102 0.22567114094 0.0163265306122 0.0453020134228
0 0.563673469388 0.21644295302 0.0171428571429 0.0402684563758
0 0.550204081633 0.135067114094 0.014693877551 0.0318791946309
0 0.55387755102 0.159395973154 0.0155102040816 0.0369127516779
0 0.576734693878 0.135067114094 0.0171428571429 0.0352348993289
0 0.577551020408 0.171979865772 0.0155102040816 0.0385906040268
0 0.595102040816 0.119127516779 0.014693877551 0.0335570469799
0 0.602448979592 0.156040268456 0.014693877551 0.0335570469799
0 0.607755102041 0.178691275168 0.0155102040816 0.0419463087248
0 0.618367346939 0.19966442953 0.0171428571429 0.0436241610738
0 0.626530612245 0.13255033557 0.0138775510204 0.0369127516779
0 0.653469387755 0.150167785235 0.0138775510204 0.0385906040268
0 0.657142857143 0.182046979866 0.0130612244898 0.0352348993289
0 0.655918367347 0.245805369128 0.0220408163265 0.0587248322148
0 0.608979591837 0.295302013423 0.0212244897959 0.0570469798658
0 0.571020408163 0.333053691275 0.025306122449 0.0620805369128
0 0.602857142857 0.369127516779 0.0269387755102 0.0637583892617
0 0.657142857143 0.397651006711 0.029387755102 0.0637583892617
0 0.715510204082 0.421140939597 0.0302040816327 0.0671140939597
0 0.79387755102 0.444630872483 0.0318367346939 0.0939597315436
0 0.870612244898 0.495805369128 0.0318367346939 0.0822147651007
0 0.881632653061 0.414429530201 0.0228571428571 0.0671140939597
0 0.662857142857 0.130033557047 0.014693877551 0.0352348993289
0 0.687755102041 0.140100671141 0.0138775510204 0.0385906040268
0 0.710612244898 0.156040268456 0.0138775510204 0.0402684563758
0 0.694285714286 0.213926174497 0.0171428571429 0.0486577181208
0 0.722040816327 0.256711409396 0.0236734693878 0.0503355704698
0 0.739591836735 0.228187919463 0.0195918367347 0.0436241610738
0 0.747346938776 0.194630872483 0.0155102040816 0.0369127516779
0 0.769387755102 0.184563758389 0.0155102040816 0.0402684563758
0 0.777959183673 0.204697986577 0.0163265306122 0.0469798657718
0 0.752244897959 0.290268456376 0.0220408163265 0.0536912751678
0 0.797142857143 0.244127516779 0.0187755102041 0.0520134228188
0 0.806530612245 0.192953020134 0.0163265306122 0.0402684563758
0 0.820816326531 0.226510067114 0.0171428571429 0.0369127516779
0 0.814285714286 0.295302013423 0.0187755102041 0.0604026845638
0 0.841632653061 0.213926174497 0.0179591836735 0.0385906040268
0 0.871020408163 0.231543624161 0.014693877551 0.0369127516779
0 0.892653061224 0.230704697987 0.0138775510204 0.0453020134228
0 0.902040816327 0.259228187919 0.014693877551 0.0419463087248
0 0.931428571429 0.269295302013 0.014693877551 0.0419463087248
0 0.951020408163 0.244127516779 0.014693877551 0.0419463087248
0 0.984489795918 0.262583892617 0.014693877551 0.0385906040268
0 0.975918367347 0.314597315436 0.0155102040816 0.0520134228188
0 0.975102040816 0.362416107383 0.0171428571429 0.0536912751678
0 0.941632653061 0.380033557047 0.0220408163265 0.0654362416107
0 0.92693877551 0.325503355705 0.0155102040816 0.0570469798658
0 0.88612244898 0.294463087248 0.0171428571429 0.0486577181208
0 0.861224489796 0.338087248322 0.0212244897959 0.0486577181208
0 0.868979591837 0.318791946309 0.0220408163265 0.0503355704698
0 0.96 0.437919463087 0.0244897959184 0.0637583892617
