0 0.240706319703 0.431967213115 0.0483271375465 0.106557377049
0 0.274628252788 0.267213114754 0.0195167286245 0.0327868852459
0 0.297862453532 0.275409836066 0.0139405204461 0.0360655737705
0 0.299256505576 0.245081967213 0.0167286245353 0.0180327868852
0 0.3406133829 0.290983606557 0.0232342007435 0.0409836065574
0 0.377788104089 0.295081967213 0.0176579925651 0.0360655737705
0 0.380111524164 0.254918032787 0.0223048327138 0.0213114754098
0 0.351765799257 0.247540983607 0.0195167286245 0.0262295081967
0 0.446096654275 0.227049180328 0.0148698884758 0.0311475409836
0 0.386617100372 0.186885245902 0.0130111524164 0.0229508196721
0 0.405669144981 0.195081967213 0.0157992565056 0.0229508196721
0 0.421003717472 0.182786885246 0.0148698884758 0.027868852459
0 0.453996282528 0.190163934426 0.0102230483271 0.0295081967213
0 0.471654275093 0.189344262295 0.0176579925651 0.0344262295082
0 0.467472118959 0.240163934426 0.0185873605948 0.0409836065574
0 0.504646840149 0.301639344262 0.0241635687732 0.055737704918
0 0.53717472119 0.326229508197 0.0223048327138 0.055737704918
0 0.601765799257 0.348360655738 0.0232342007435 0.0540983606557
0 0.693773234201 0.325409836066 0.025092936803 0.0573770491803
0 0.755111524164 0.337704918033 0.0288104089219 0.0655737704918
0 0.815055762082 0.406557377049 0.0315985130112 0.072131147541
0 0.883828996283 0.377868852459 0.0334572490706 0.0672131147541
0 0.907992565056 0.318032786885 0.0278810408922 0.055737704918
0 0.834107806691 0.314754098361 0.025092936803 0.0524590163934
0 0.782527881041 0.274590163934 0.0185873605948 0.044262295082
0 0.73280669145 0.254098360656 0.025092936803 0.0524590163934
0 0.613847583643 0.265573770492 0.0176579925651 0.0459016393443
0 0.591078066914 0.245081967213 0.0185873605948 0.044262295082
0 0.519981412639 0.210655737705 0.0157992565056 0.0377049180328
0 0.496747211896 0.204918032787 0.021375464684 0.0360655737705
0 0.480483271375 0.158196721311 0.0185873605948 0.0344262295082
0 0.625 0.210655737705 0.0176579925651 0.0377049180328
0 0.66031598513 0.215573770492 0.0176579925651 0.0344262295082
0 0.710966542751 0.240983606557 0.0167286245353 0.0393442622951
0 0.668215613383 0.175409836066 0.0148698884758 0.0327868852459
0 0.703066914498 0.188524590164 0.0139405204461 0.0393442622951
0 0.730483271375 0.20737704918 0.0204460966543 0.0377049180328
0 0.771840148699 0.222131147541 0.0157992565056 0.044262295082
0 0.808085501859 0.244262295082 0.0176579925651 0.0426229508197
0 0.866171003717 0.26393442623 0.0223048327138 0.0524590163934
0 0.922862453532 0.267213114754 0.0204460966543 0.0491803278689
0 0.514405204461 0.127049180328 0.0120817843866 0.0213114754098
0 0.525557620818 0.166393442623 0.0157992565056 0.027868852459
0 0.550185873606 0.18606557377 0.0130111524164 0.0377049180328
0 0.537639405204 0.132786885246 0.0157992565056 0.0295081967213
0 0.563197026022 0.126229508197 0.0130111524164 0.0295081967213
0 0.579460966543 0.168032786885 0.0157992565056 0.0344262295082
0 0.591078066914 0.139344262295 0.0148698884758 0.0262295081967
0 0.614312267658 0.151639344262 0.0167286245353 0.0311475409836
0 0.597583643123 0.109016393443 0.0148698884758 0.0311475409836
0 0.622211895911 0.104918032787 0.0102230483271 0.0229508196721
0 0.645446096654 0.136885245902 0.0139405204461 0.0344262295082
0 0.671468401487 0.109016393443 0.0102230483271 0.0245901639344
0 0.703531598513 0.10737704918 0.0130111524164 0.027868852459
0 0.73280669145 0.138524590164 0.0157992565056 0.0377049180328
0 0.761152416357 0.152459016393 0.0130111524164 0.0295081967213
0 0.769516728625 0.131967213115 0.0111524163569 0.0311475409836
0 0.782527881041 0.17868852459 0.0167286245353 0.0393442622951
0 0.814126394052 0.154918032787 0.0148698884758 0.027868852459
0 0.837360594796 0.122131147541 0.0148698884758 0.0245901639344
0 0.829925650558 0.147540983607 0.0167286245353 0.0229508196721
0 0.824814126394 0.201639344262 0.0176579925651 0.0426229508197
0 0.857342007435 0.166393442623 0.0120817843866 0.0344262295082
0 0.870817843866 0.134426229508 0.0130111524164 0.0295081967213
0 0.873605947955 0.215573770492 0.0167286245353 0.0409836065574
0 0.925650557621 0.22131147541 0.0130111524164 0.0393442622951
0 0.89405204461 0.177868852459 0.0148698884758 0.0377049180328
0 0.931226765799 0.163114754098 0.0148698884758 0.027868852459
0 0.901022304833 0.153278688525 0.0157992565056 0.0311475409836
0 0.720260223048 0.173770491803 0.0130111524164 0.0327868852459
0 0.693308550186 0.172950819672 0.0130111524164 0.0344262295082
