0 0.0777058279371 0.355284552846 0.0462534690102 0.069918699187
0 0.275670675301 0.187804878049 0.0222016651249 0.0373983739837
0 0.298334875116 0.19756097561 0.0175763182239 0.0471544715447
0 0.313598519889 0.179674796748 0.0240518038853 0.0439024390244
0 0.40703052729 0.164227642276 0.0277520814061 0.0585365853659
0 0.450046253469 0.178861788618 0.0342275670675 0.0682926829268
0 0.492599444958 0.162601626016 0.0360777058279 0.0617886178862
0 0.549491211841 0.171544715447 0.0259019426457 0.0536585365854
0 0.542090656799 0.146341463415 0.0259019426457 0.0520325203252
0 0.549028677151 0.284552845528 0.0323774283071 0.0650406504065
0 0.600370027752 0.177235772358 0.0314523589269 0.0617886178862
0 0.631822386679 0.240650406504 0.0370027752081 0.0585365853659
0 0.68038852914 0.280487804878 0.0471785383904 0.10243902439
0 0.764107308048 0.207317073171 0.0351526364477 0.0666666666667
