0 0.0607655502392 0.498319327731 0.0392344497608 0.0789915966387
0 0.288516746411 0.233613445378 0.0181818181818 0.0336134453782
0 0.288516746411 0.263865546218 0.0162679425837 0.036974789916
0 0.303349282297 0.264705882353 0.0191387559809 0.0386554621849
0 0.354545454545 0.261344537815 0.0239234449761 0.0386554621849
0 0.342583732057 0.210084033613 0.0153110047847 0.0336134453782
0 0.356459330144 0.209243697479 0.0162679425837 0.0386554621849
0 0.369377990431 0.221848739496 0.0172248803828 0.036974789916
0 0.4004784689 0.279831932773 0.022009569378 0.0420168067227
0 0.38995215311 0.274789915966 0.0200956937799 0.0521008403361
0 0.412918660287 0.213445378151 0.0181818181818 0.036974789916
0 0.3995215311 0.179831932773 0.0162679425837 0.0336134453782
0 0.387081339713 0.18487394958 0.0162679425837 0.036974789916
0 0.423923444976 0.189075630252 0.0172248803828 0.0352941176471
0 0.455502392344 0.17731092437 0.0153110047847 0.0352941176471
0 0.468421052632 0.22268907563 0.0200956937799 0.0453781512605
0 0.495215311005 0.221848739496 0.0239234449761 0.0403361344538
0 0.471770334928 0.157142857143 0.0172248803828 0.0352941176471
0 0.476076555024 0.136134453782 0.0143540669856 0.0268907563025
0 0.503349282297 0.157142857143 0.0172248803828 0.0319327731092
0 0.494258373206 0.126890756303 0.0124401913876 0.0218487394958
0 0.487081339713 0.179831932773 0.0172248803828 0.036974789916
0 0.523444976077 0.180672268908 0.0172248803828 0.0352941176471
0 0.53971291866 0.194117647059 0.0248803827751 0.0420168067227
0 0.54976076555 0.157142857143 0.0162679425837 0.0319327731092
0 0.574162679426 0.139495798319 0.0133971291866 0.0302521008403
0 0.575598086124 0.110924369748 0.0162679425837 0.0302521008403
0 0.580861244019 0.163025210084 0.0172248803828 0.0302521008403
0 0.6004784689 0.116806722689 0.0143540669856 0.0319327731092
0 0.607177033493 0.133613445378 0.0162679425837 0.0252100840336
0 0.627272727273 0.115966386555 0.0124401913876 0.0302521008403
0 0.633014354067 0.136134453782 0.0162679425837 0.0302521008403
0 0.659330143541 0.119327731092 0.0153110047847 0.036974789916
0 0.696650717703 0.11512605042 0.0133971291866 0.0285714285714
0 0.703349282297 0.141176470588 0.0172248803828 0.036974789916
0 0.724401913876 0.139495798319 0.0172248803828 0.036974789916
0 0.685645933014 0.16974789916 0.0181818181818 0.0302521008403
0 0.671770334928 0.200840336134 0.0191387559809 0.0386554621849
0 0.638277511962 0.199159663866 0.022966507177 0.0487394957983
0 0.590909090909 0.220168067227 0.0258373205742 0.053781512605
0 0.591866028708 0.283193277311 0.0277511961722 0.0554621848739
0 0.522966507177 0.291596638655 0.0258373205742 0.0487394957983
0 0.621531100478 0.256302521008 0.0277511961722 0.0554621848739
0 0.64976076555 0.3 0.0363636363636 0.0588235294118
0 0.696172248804 0.247899159664 0.0296650717703 0.0554621848739
0 0.72009569378 0.211764705882 0.022009569378 0.0436974789916
0 0.722009569378 0.175630252101 0.0162679425837 0.0352941176471
0 0.738755980861 0.168907563025 0.0172248803828 0.0352941176471
0 0.763157894737 0.185714285714 0.0200956937799 0.0420168067227
0 0.787081339713 0.197478991597 0.022009569378 0.0453781512605
0 0.78038277512 0.157983193277 0.0162679425837 0.0302521008403
0 0.766028708134 0.141176470588 0.0143540669856 0.0268907563025
0 0.766985645933 0.111764705882 0.0143540669856 0.0285714285714
0 0.781339712919 0.121848739496 0.0143540669856 0.0319327731092
0 0.791387559809 0.136974789916 0.0153110047847 0.0352941176471
0 0.812918660287 0.159663865546 0.022009569378 0.0336134453782
0 0.829186602871 0.12268907563 0.0181818181818 0.0302521008403
0 0.831578947368 0.144537815126 0.0153110047847 0.0302521008403
0 0.848325358852 0.144537815126 0.0162679425837 0.0302521008403
0 0.858851674641 0.174789915966 0.0162679425837 0.0336134453782
0 0.865071770335 0.155462184874 0.0153110047847 0.0352941176471
0 0.84976076555 0.20756302521 0.0191387559809 0.0420168067227
0 0.771770334928 0.252941176471 0.0258373205742 0.0487394957983
0 0.741148325359 0.283193277311 0.0277511961722 0.0621848739496
0 0.788516746411 0.298319327731 0.0306220095694 0.0521008403361
0 0.863157894737 0.289075630252 0.0287081339713 0.053781512605
0 0.882296650718 0.228571428571 0.0248803827751 0.0504201680672
0 0.911961722488 0.20756302521 0.022966507177 0.0420168067227
0 0.90956937799 0.167226890756 0.0143540669856 0.0352941176471
0 0.913875598086 0.149579831933 0.0153110047847 0.0268907563025
0 0.947368421053 0.233613445378 0.022966507177 0.0403361344538
0 0.941148325359 0.27731092437 0.0239234449761 0.053781512605
