0 0.100079113924 0.59634551495 0.0450949367089 0.119601328904
0 0.23457278481 0.262458471761 0.0181962025316 0.046511627907
0 0.242484177215 0.263289036545 0.0181962025316 0.0448504983389
0 0.285601265823 0.236710963455 0.0174050632911 0.0415282392027
0 0.317642405063 0.211794019934 0.0181962025316 0.0448504983389
0 0.314477848101 0.235880398671 0.0150316455696 0.0398671096346
0 0.340585443038 0.227574750831 0.0181962025316 0.0398671096346
0 0.355221518987 0.205149501661 0.0142405063291 0.0415282392027
0 0.370648734177 0.198504983389 0.0150316455696 0.031561461794
0 0.42167721519 0.176079734219 0.0126582278481 0.0332225913621
0 0.426028481013 0.167774086379 0.0166139240506 0.0398671096346
0 0.404667721519 0.237541528239 0.0181962025316 0.046511627907
0 0.37539556962 0.263289036545 0.0181962025316 0.0514950166113
0 0.439873417722 0.194352159468 0.0142405063291 0.0398671096346
0 0.446202531646 0.296511627907 0.0221518987342 0.0548172757475
0 0.480617088608 0.235049833887 0.0213607594937 0.0481727574751
0 0.474287974684 0.140365448505 0.0134493670886 0.031561461794
0 0.48378164557 0.167774086379 0.0166139240506 0.0431893687708
0 0.499208860759 0.151162790698 0.0126582278481 0.0365448504983
0 0.530063291139 0.162790697674 0.0158227848101 0.0365448504983
0 0.517800632911 0.165282392027 0.0181962025316 0.0415282392027
0 0.505142405063 0.209302325581 0.0181962025316 0.0398671096346
0 0.559731012658 0.136212624585 0.0150316455696 0.0398671096346
0 0.569620253165 0.158637873754 0.0158227848101 0.0382059800664
0 0.582278481013 0.137873754153 0.0126582278481 0.0431893687708
0 0.601265822785 0.127906976744 0.0142405063291 0.0332225913621
0 0.611550632911 0.151162790698 0.0142405063291 0.0299003322259
0 0.64003164557 0.129568106312 0.0142405063291 0.0332225913621
0 0.667721518987 0.12707641196 0.0189873417722 0.0348837209302
0 0.655063291139 0.14950166113 0.0126582278481 0.0398671096346
0 0.662974683544 0.18023255814 0.0142405063291 0.0348837209302
0 0.695015822785 0.135382059801 0.0181962025316 0.031561461794
0 0.695015822785 0.156976744186 0.0150316455696 0.0415282392027
0 0.719936708861 0.152823920266 0.0142405063291 0.0332225913621
0 0.60996835443 0.209302325581 0.0158227848101 0.0398671096346
0 0.617484177215 0.28073089701 0.0229430379747 0.0498338870432
0 0.579905063291 0.333056478405 0.0174050632911 0.0448504983389
0 0.666930379747 0.232558139535 0.0189873417722 0.046511627907
0 0.690268987342 0.21511627907 0.0166139240506 0.0415282392027
0 0.612341772152 0.367940199336 0.0268987341772 0.0514950166113
0 0.664161392405 0.39950166113 0.0229430379747 0.0647840531561
0 0.721123417722 0.275747508306 0.0197784810127 0.0431893687708
0 0.742879746835 0.228405315615 0.0189873417722 0.0448504983389
0 0.755537974684 0.195182724252 0.0142405063291 0.0348837209302
0 0.777294303797 0.182724252492 0.0150316455696 0.0365448504983
0 0.811708860759 0.196013289037 0.0189873417722 0.0531561461794
0 0.795094936709 0.246677740864 0.0189873417722 0.0548172757475
0 0.819620253165 0.21926910299 0.0142405063291 0.0332225913621
0 0.829509493671 0.210132890365 0.0166139240506 0.0415282392027
0 0.753955696203 0.291528239203 0.0189873417722 0.0514950166113
0 0.721914556962 0.402823920266 0.0261075949367 0.0614617940199
0 0.79667721519 0.458471760797 0.0253164556962 0.0830564784053
0 0.801819620253 0.304817275748 0.0213607594937 0.0514950166113
0 0.862737341772 0.234219269103 0.0166139240506 0.0431893687708
0 0.902294303797 0.221760797342 0.0118670886076 0.0382059800664
0 0.903085443038 0.257475083056 0.0134493670886 0.0332225913621
0 0.865901898734 0.343023255814 0.0213607594937 0.0548172757475
0 0.891613924051 0.292358803987 0.0174050632911 0.0398671096346
0 0.888449367089 0.39950166113 0.0221518987342 0.0481727574751
0 0.867484177215 0.507475083056 0.0292721518987 0.0880398671096
0 0.951740506329 0.436046511628 0.0253164556962 0.0714285714286
0 0.928797468354 0.268272425249 0.0142405063291 0.0481727574751
0 0.947784810127 0.242524916944 0.0126582278481 0.046511627907
0 0.981012658228 0.259136212625 0.0126582278481 0.0431893687708
0 0.928006329114 0.318936877076 0.0174050632911 0.046511627907
0 0.973892405063 0.310631229236 0.0205696202532 0.0498338870432
0 0.95371835443 0.370431893688 0.0197784810127 0.0598006644518
0 0.972310126582 0.357142857143 0.0158227848101 0.0531561461794
0 0.591376582278 0.199335548173 0.0134493670886 0.0332225913621
0 0.53125 0.225913621262 0.0197784810127 0.0431893687708
0 0.618275316456 0.176079734219 0.0166139240506 0.0431893687708
