0 0.268509840675 0.255016722408 0.0159325210872 0.0351170568562
0 0.278819119025 0.248327759197 0.0159325210872 0.0351170568562
0 0.291471415183 0.268394648829 0.0224929709466 0.0451505016722
0 0.33786316776 0.269230769231 0.0215557638238 0.0468227424749
0 0.377694470478 0.234113712375 0.0281162136832 0.056856187291
0 0.393158388004 0.213210702341 0.0196813495783 0.0384615384615
0 0.378631677601 0.178929765886 0.0149953139644 0.0334448160535
0 0.403467666354 0.188127090301 0.0159325210872 0.0351170568562
0 0.428303655108 0.175585284281 0.0168697282099 0.0367892976589
0 0.415182755389 0.163879598662 0.0149953139644 0.0334448160535
0 0.442830365511 0.228260869565 0.0234301780694 0.0418060200669
0 0.470946579194 0.220735785953 0.0253045923149 0.0468227424749
0 0.453139643861 0.178929765886 0.0159325210872 0.0367892976589
0 0.468603561387 0.173076923077 0.0168697282099 0.0384615384615
0 0.482193064667 0.178929765886 0.0178069353327 0.0434782608696
0 0.5 0.189799331104 0.0178069353327 0.0418060200669
0 0.531396438613 0.191471571906 0.020618556701 0.0418060200669
0 0.545923149016 0.176421404682 0.0178069353327 0.0384615384615
0 0.571227741331 0.173913043478 0.0178069353327 0.0334448160535
0 0.529053420806 0.13127090301 0.0140581068416 0.0284280936455
0 0.515932521087 0.151337792642 0.0178069353327 0.0317725752508
0 0.50328022493 0.124581939799 0.0149953139644 0.0284280936455
0 0.481724461106 0.346153846154 0.0337394564199 0.0535117056856
0 0.557638238051 0.117056856187 0.0149953139644 0.0301003344482
0 0.567947516401 0.130434782609 0.0131208997188 0.0334448160535
0 0.585285848172 0.132943143813 0.0178069353327 0.0351170568562
0 0.59793814433 0.0961538461538 0.0112464854733 0.0217391304348
0 0.615276476101 0.141304347826 0.0178069353327 0.0317725752508
0 0.620899718838 0.101170568562 0.0121836925961 0.0250836120401
0 0.634020618557 0.102842809365 0.0121836925961 0.0250836120401
0 0.646672914714 0.128762541806 0.0149953139644 0.0301003344482
0 0.670103092784 0.100334448161 0.0131208997188 0.0301003344482
0 0.699625117151 0.0961538461538 0.0178069353327 0.0351170568562
0 0.583880037488 0.238294314381 0.0281162136832 0.0518394648829
0 0.568884723524 0.295986622074 0.0299906279288 0.0602006688963
0 0.613402061856 0.335284280936 0.0346766635426 0.0652173913043
0 0.629334582943 0.239966555184 0.0253045923149 0.0484949832776
0 0.619025304592 0.198996655518 0.0196813495783 0.0468227424749
0 0.658388003749 0.216555183946 0.0234301780694 0.0484949832776
0 0.654170571696 0.171404682274 0.020618556701 0.0484949832776
0 0.678069353327 0.157190635452 0.0178069353327 0.0434782608696
0 0.704311152765 0.173076923077 0.0215557638238 0.0451505016722
0 0.731958762887 0.19983277592 0.020618556701 0.0418060200669
0 0.755857544517 0.133779264214 0.0140581068416 0.0367892976589
0 0.748828491097 0.116220735786 0.0131208997188 0.0284280936455
0 0.771790065604 0.129598662207 0.0159325210872 0.0351170568562
0 0.783036551078 0.151337792642 0.0178069353327 0.0418060200669
0 0.754920337395 0.216555183946 0.0234301780694 0.0451505016722
0 0.716963448922 0.250836120401 0.0262417994377 0.0635451505017
0 0.684629803187 0.301839464883 0.0402999062793 0.0719063545151
0 0.745548266167 0.316889632107 0.0402999062793 0.0886287625418
0 0.767572633552 0.272575250836 0.0318650421743 0.0702341137124
0 0.79053420806 0.20652173913 0.0253045923149 0.0518394648829
0 0.813495782568 0.235785953177 0.0262417994377 0.0602006688963
0 0.835051546392 0.208193979933 0.0224929709466 0.0484949832776
0 0.808341143393 0.142976588629 0.0140581068416 0.0351170568562
0 0.832239925023 0.141304347826 0.0168697282099 0.0317725752508
0 0.835988753515 0.120401337793 0.0112464854733 0.0301003344482
0 0.853327085286 0.163879598662 0.0159325210872 0.0401337792642
0 0.858950328022 0.147993311037 0.0121836925961 0.0284280936455
0 0.870196813496 0.121237458194 0.0140581068416 0.0351170568562
0 0.911902530459 0.136287625418 0.0149953139644 0.0317725752508
0 0.929709465792 0.147157190635 0.0112464854733 0.0267558528428
0 0.896907216495 0.163879598662 0.0187441424555 0.0334448160535
0 0.886597938144 0.19983277592 0.0168697282099 0.0384615384615
0 0.865042174321 0.248327759197 0.0224929709466 0.0551839464883
0 0.838331771321 0.304347826087 0.0234301780694 0.0702341137124
0 0.812089971884 0.372909698997 0.0402999062793 0.0802675585284
0 0.89878163074 0.378762541806 0.0356138706654 0.0852842809365
0 0.91893158388 0.256688963211 0.0253045923149 0.0551839464883
0 0.923149015933 0.22491638796 0.0187441424555 0.0418060200669
0 0.933926897844 0.202341137124 0.0196813495783 0.0367892976589
0 0.900656044986 0.346153846154 0.0281162136832 0.0468227424749
