0 0.209834469328 0.471502590674 0.0438169425511 0.0794473229706
0 0.306231742941 0.238341968912 0.0185004868549 0.0414507772021
0 0.324245374878 0.182210708117 0.0136319376826 0.0224525043178
0 0.339337877313 0.210708117444 0.0107108081792 0.0310880829016
0 0.410905550146 0.163212435233 0.0116845180136 0.0189982728843
0 0.42599805258 0.174438687392 0.0126582278481 0.0241796200345
0 0.437682570594 0.22884283247 0.0204479065239 0.0293609671848
0 0.449853943525 0.180483592401 0.0194741966894 0.0293609671848
0 0.452775073028 0.146804835924 0.0136319376826 0.027633851468
0 0.495131450828 0.211571675302 0.0204479065239 0.0328151986183
0 0.489289191821 0.329015544041 0.0223953261928 0.0328151986183
0 0.559396299903 0.313471502591 0.0243427458617 0.0535405872193
0 0.598344693281 0.32469775475 0.0223953261928 0.0552677029361
0 0.636319376826 0.348013816926 0.0262901655307 0.0500863557858
0 0.642161635833 0.247841105354 0.0185004868549 0.0362694300518
0 0.581791626095 0.247841105354 0.0204479065239 0.0431778929188
0 0.660662122687 0.310017271157 0.0204479065239 0.0362694300518
0 0.701071080818 0.256476683938 0.0214216163583 0.0362694300518
0 0.681110029211 0.214162348877 0.016553067186 0.0345423143351
0 0.627069133398 0.203799654577 0.0175267770204 0.0345423143351
0 0.659201557936 0.183937823834 0.0155793573515 0.0362694300518
0 0.585686465433 0.177892918826 0.016553067186 0.027633851468
0 0.520934761441 0.17530224525 0.0214216163583 0.0328151986183
0 0.499513145083 0.161485319516 0.0175267770204 0.0293609671848
0 0.47711781889 0.147668393782 0.0136319376826 0.0259067357513
0 0.523855890944 0.103626943005 0.0116845180136 0.027633851468
0 0.585199610516 0.112262521589 0.0136319376826 0.0310880829016
0 0.566699123661 0.146804835924 0.0155793573515 0.0345423143351
0 0.625608568647 0.141623488774 0.0126582278481 0.0310880829016
0 0.601265822785 0.122625215889 0.014605647517 0.027633851468
0 0.607108081792 0.0604490500864 0.0126582278481 0.0241796200345
0 0.655793573515 0.10621761658 0.0126582278481 0.0224525043178
0 0.683544303797 0.102763385147 0.0116845180136 0.0224525043178
0 0.699123661149 0.120898100173 0.0116845180136 0.020725388601
0 0.666991236611 0.121761658031 0.00973709834469 0.0259067357513
0 0.636319376826 0.120034542314 0.014605647517 0.0259067357513
0 0.52288218111 0.136442141623 0.0175267770204 0.0241796200345
0 0.538461538462 0.139896373057 0.0116845180136 0.0241796200345
0 0.776046738072 0.13816925734 0.0116845180136 0.0241796200345
0 0.756085686465 0.158031088083 0.0107108081792 0.0328151986183
0 0.77458617332 0.189982728843 0.0126582278481 0.0310880829016
0 0.772638753651 0.27115716753 0.0223953261928 0.0449050086356
0 0.812074001947 0.254749568221 0.0194741966894 0.0328151986183
0 0.805258033106 0.216753022453 0.0136319376826 0.0397236614853
0 0.821324245375 0.221070811744 0.016553067186 0.0414507772021
0 0.805744888023 0.184801381693 0.0185004868549 0.0241796200345
0 0.917721518987 0.169257340242 0.014605647517 0.0310880829016
0 0.937195715677 0.20207253886 0.0107108081792 0.0310880829016
0 0.893378773126 0.195164075993 0.0185004868549 0.0241796200345
0 0.865628042843 0.210708117444 0.0194741966894 0.0310880829016
0 0.847614410906 0.206390328152 0.0126582278481 0.0431778929188
0 0.870983446933 0.293609671848 0.0204479065239 0.0449050086356
0 0.893378773126 0.232297063903 0.014605647517 0.0466321243523
0 0.916260954236 0.253886010363 0.0155793573515 0.0414507772021
0 0.912366114898 0.363557858377 0.0253164556962 0.0500863557858
0 0.852482960078 0.37219343696 0.0204479065239 0.0466321243523
0 0.79406037001 0.397236614853 0.0301850048685 0.0518134715026
0 0.887049659202 0.445595854922 0.031158714703 0.0656303972366
0 0.737585199611 0.181347150259 0.016553067186 0.0379965457686
0 0.616358325219 0.105354058722 0.0116845180136 0.027633851468
0 0.833008763389 0.196027633851 0.014605647517 0.0362694300518
0 0.827166504382 0.174438687392 0.014605647517 0.0310880829016
0 0.877799415774 0.1597582038 0.0126582278481 0.0328151986183
0 0.867088607595 0.185664939551 0.0126582278481 0.0328151986183
0 0.546738072055 0.1701208981 0.016553067186 0.0328151986183
0 0.710321324245 0.173575129534 0.014605647517 0.0259067357513
