0 0.202623906706 0.421052631579 0.0495626822157 0.0950764006791
0 0.260447035957 0.268251273345 0.0213799805637 0.0407470288625
0 0.289115646259 0.249575551783 0.0184645286686 0.0373514431239
0 0.316812439261 0.249575551783 0.0213799805637 0.0339558573854
0 0.310981535471 0.219015280136 0.0213799805637 0.0305602716469
0 0.33527696793 0.21986417657 0.0213799805637 0.0390492359932
0 0.327502429543 0.268251273345 0.019436345967 0.0407470288625
0 0.347424684159 0.274193548387 0.0242954324587 0.0458404074703
0 0.377065111759 0.270797962649 0.025267249757 0.0424448217317
0 0.409620991254 0.279286926995 0.0262390670554 0.0526315789474
0 0.431000971817 0.247877758913 0.0204081632653 0.0339558573854
0 0.425170068027 0.21986417657 0.0184645286686 0.0390492359932
0 0.384353741497 0.201188455008 0.0184645286686 0.0390492359932
0 0.409620991254 0.176570458404 0.0165208940719 0.0339558573854
0 0.425170068027 0.181663837012 0.0204081632653 0.0407470288625
0 0.467444120505 0.226655348048 0.0233236151603 0.0526315789474
0 0.454324586978 0.156196943973 0.0204081632653 0.0407470288625
0 0.466472303207 0.144312393888 0.0155490767736 0.0339558573854
0 0.480077745384 0.155348047538 0.0174927113703 0.0390492359932
0 0.482993197279 0.203735144312 0.019436345967 0.0339558573854
0 0.51166180758 0.182512733447 0.0204081632653 0.0390492359932
0 0.506316812439 0.121392190153 0.0116618075802 0.025466893039
0 0.512633624879 0.133276740238 0.0126336248785 0.0288624787776
0 0.526239067055 0.151103565365 0.0165208940719 0.0305602716469
0 0.545675413022 0.189303904924 0.0204081632653 0.0424448217317
0 0.552478134111 0.146010186757 0.0184645286686 0.0373514431239
0 0.595724003887 0.159592529711 0.0155490767736 0.0305602716469
0 0.611273080661 0.154499151104 0.0116618075802 0.0271646859083
0 0.615646258503 0.123938879457 0.0106899902818 0.0237691001698
0 0.625850340136 0.134125636672 0.0155490767736 0.0271646859083
0 0.601068999028 0.101867572156 0.0165208940719 0.0271646859083
0 0.655490767736 0.106960950764 0.0145772594752 0.0271646859083
0 0.666180758017 0.122241086587 0.0165208940719 0.0271646859083
0 0.649659863946 0.168930390492 0.0204081632653 0.0424448217317
0 0.688532555879 0.163837011885 0.0204081632653 0.0424448217317
0 0.669582118562 0.216468590832 0.0233236151603 0.0424448217317
0 0.634596695821 0.248726655348 0.0213799805637 0.0492359932088
0 0.626336248785 0.216468590832 0.022351797862 0.0458404074703
0 0.575315840622 0.24363327674 0.025267249757 0.0424448217317
0 0.560252672498 0.300509337861 0.0301263362488 0.0543293718166
0 0.525267249757 0.277589134126 0.0281827016521 0.0458404074703
0 0.675413022352 0.322580645161 0.0369290573372 0.0713073005093
0 0.654518950437 0.273344651952 0.0301263362488 0.0577249575552
0 0.708940719145 0.230050933786 0.0242954324587 0.0424448217317
0 0.715257531584 0.18675721562 0.0213799805637 0.044142614601
0 0.713799805637 0.285229202037 0.0320699708455 0.0611205432937
0 0.750242954325 0.239388794567 0.0291545189504 0.0543293718166
0 0.745383867833 0.193548387097 0.0213799805637 0.0407470288625
0 0.736151603499 0.152801358234 0.0145772594752 0.0305602716469
0 0.750242954325 0.152801358234 0.019436345967 0.0407470288625
0 0.767249757046 0.175721561969 0.0184645286686 0.0390492359932
0 0.790573372206 0.182512733447 0.0204081632653 0.0424448217317
0 0.780855199223 0.15025466893 0.0184645286686 0.0322580645161
0 0.773566569485 0.117996604414 0.0136054421769 0.0322580645161
0 0.795918367347 0.143463497453 0.0174927113703 0.0288624787776
0 0.803206997085 0.12818336163 0.0165208940719 0.0356536502547
0 0.838192419825 0.137521222411 0.0165208940719 0.0475382003396
0 0.810981535471 0.173174872666 0.0184645286686 0.0373514431239
0 0.830417881438 0.1740237691 0.0126336248785 0.0322580645161
0 0.855199222546 0.179117147708 0.019436345967 0.0356536502547
0 0.84693877551 0.206281833616 0.0165208940719 0.0356536502547
0 0.828474246842 0.225806451613 0.0262390670554 0.0611205432937
0 0.784256559767 0.282682512733 0.0291545189504 0.0594227504244
0 0.791059280855 0.340407470289 0.0408163265306 0.0696095076401
0 0.861030126336 0.286078098472 0.0291545189504 0.0662139219015
0 0.873663751215 0.237691001698 0.025267249757 0.0509337860781
0 0.885325558795 0.212224108659 0.0174927113703 0.0475382003396
0 0.892128279883 0.185908319185 0.019436345967 0.0390492359932
0 0.8824101069 0.146859083192 0.0174927113703 0.0390492359932
0 0.921282798834 0.269100169779 0.0233236151603 0.0560271646859
