0 0.314173228346 0.22399445215 0.0141732283465 0.0346740638003
0 0.283464566929 0.253814147018 0.0157480314961 0.0305131761442
0 0.294094488189 0.247572815534 0.011811023622 0.0291262135922
0 0.305118110236 0.257975034674 0.0149606299213 0.0360610263523
0 0.33188976378 0.274618585298 0.0196850393701 0.0388349514563
0 0.331102362205 0.218446601942 0.0149606299213 0.0346740638003
0 0.412204724409 0.264909847434 0.0196850393701 0.0416088765603
0 0.406299212598 0.256588072122 0.0188976377953 0.0416088765603
0 0.406299212598 0.223300970874 0.0173228346457 0.0305131761442
0 0.435826771654 0.238557558946 0.0165354330709 0.0360610263523
0 0.477165354331 0.229542302358 0.0173228346457 0.0429958391123
0 0.417716535433 0.194174757282 0.0165354330709 0.0305131761442
0 0.406299212598 0.191400832178 0.0110236220472 0.0221914008322
0 0.406299212598 0.170596393897 0.0125984251969 0.0249653259362
0 0.424409448819 0.165742024965 0.0125984251969 0.0319001386963
0 0.479527559055 0.18932038835 0.0141732283465 0.0346740638003
0 0.452362204724 0.145631067961 0.011811023622 0.0277392510402
0 0.46968503937 0.156033287101 0.011811023622 0.0346740638003
0 0.485039370079 0.139389736477 0.0125984251969 0.0291262135922
0 0.49842519685 0.130374479889 0.0110236220472 0.0249653259362
0 0.524409448819 0.194174757282 0.0173228346457 0.0332871012483
0 0.518503937008 0.147711511789 0.0149606299213 0.0291262135922
0 0.522440944882 0.135922330097 0.0133858267717 0.0277392510402
0 0.545275590551 0.161581137309 0.0165354330709 0.0319001386963
0 0.495275590551 0.298890429958 0.0220472440945 0.0485436893204
0 0.538188976378 0.306518723994 0.0244094488189 0.0471567267684
0 0.577165354331 0.232316227462 0.0157480314961 0.0402219140083
0 0.607480314961 0.237170596394 0.0196850393701 0.0416088765603
0 0.563779527559 0.140083217753 0.0125984251969 0.0332871012483
0 0.589763779528 0.111650485437 0.0110236220472 0.0263522884882
0 0.579133858268 0.115117891817 0.011811023622 0.0277392510402
0 0.589763779528 0.145631067961 0.0141732283465 0.0277392510402
0 0.596456692913 0.162274618585 0.0102362204724 0.0249653259362
0 0.611417322835 0.200416088766 0.0165354330709 0.0429958391123
0 0.616141732283 0.142857142857 0.0133858267717 0.0332871012483
0 0.622440944882 0.129680998613 0.011811023622 0.0235783633842
0 0.649212598425 0.115811373093 0.011811023622 0.0291262135922
0 0.670472440945 0.113730929265 0.0133858267717 0.0332871012483
0 0.691338582677 0.154646324549 0.0125984251969 0.0319001386963
0 0.658661417323 0.208737864078 0.0196850393701 0.0402219140083
0 0.650787401575 0.174757281553 0.0133858267717 0.0277392510402
0 0.664173228346 0.309292649098 0.0244094488189 0.0665742024965
0 0.651181102362 0.252427184466 0.0204724409449 0.0471567267684
0 0.711811023622 0.285020804438 0.0251968503937 0.0540915395284
0 0.743307086614 0.363384188627 0.0251968503937 0.0665742024965
0 0.781496062992 0.264909847434 0.0196850393701 0.0527045769764
0 0.856692913386 0.291262135922 0.0204724409449 0.0471567267684
0 0.704724409449 0.22052704577 0.0220472440945 0.0416088765603
0 0.714566929134 0.183079056865 0.0165354330709 0.0332871012483
0 0.734645669291 0.19278779473 0.0173228346457 0.0388349514563
0 0.754724409449 0.221220527046 0.0149606299213 0.0374479889043
0 0.727165354331 0.156726768377 0.011811023622 0.0305131761442
0 0.752755905512 0.149098474341 0.0125984251969 0.0263522884882
0 0.77125984252 0.123439667129 0.011811023622 0.0249653259362
0 0.760236220472 0.172676837725 0.0133858267717 0.0346740638003
0 0.783858267717 0.152565880721 0.011811023622 0.0305131761442
0 0.796456692913 0.142857142857 0.011811023622 0.0305131761442
0 0.785433070866 0.126213592233 0.011811023622 0.0221914008322
0 0.783070866142 0.193481276006 0.0149606299213 0.0457697642164
0 0.807086614173 0.171983356449 0.0141732283465 0.0360610263523
0 0.822047244094 0.157420249653 0.0125984251969 0.0319001386963
0 0.83031496063 0.132454923717 0.0133858267717 0.0263522884882
0 0.863385826772 0.142857142857 0.0133858267717 0.0332871012483
0 0.813385826772 0.22399445215 0.0173228346457 0.0429958391123
0 0.838582677165 0.202496532594 0.0157480314961 0.0388349514563
0 0.840157480315 0.167822468793 0.0125984251969 0.0332871012483
0 0.867322834646 0.216366158114 0.0181102362205 0.0527045769764
0 0.895275590551 0.245492371706 0.0204724409449 0.0471567267684
0 0.88031496063 0.18932038835 0.0141732283465 0.0319001386963
0 0.429921259843 0.322468793343 0.0346456692913 0.0762829403606
