0 0.0907127429806 0.267307692308 0.0215982721382 0.05
0 0.152807775378 0.246153846154 0.0205183585313 0.0423076923077
0 0.177645788337 0.233653846154 0.024838012959 0.0519230769231
0 0.313174946004 0.235576923077 0.0215982721382 0.0442307692308
0 0.361231101512 0.193269230769 0.0161987041037 0.0365384615385
0 0.431425485961 0.268269230769 0.0205183585313 0.0442307692308
0 0.416846652268 0.205769230769 0.0194384449244 0.0384615384615
0 0.448164146868 0.234615384615 0.0215982721382 0.0346153846154
0 0.446544276458 0.184615384615 0.0205183585313 0.0384615384615
0 0.48596112311 0.179807692308 0.0215982721382 0.0365384615385
0 0.460583153348 0.144230769231 0.0161987041037 0.0269230769231
0 0.546436285097 0.193269230769 0.0194384449244 0.0326923076923
0 0.551295896328 0.172115384615 0.0183585313175 0.0326923076923
0 0.627429805616 0.324038461538 0.0259179265659 0.0673076923077
0 0.671706263499 0.341346153846 0.0302375809935 0.0788461538462
0 0.638228941685 0.265384615385 0.0215982721382 0.0423076923077
0 0.672786177106 0.2875 0.0237580993521 0.0519230769231
0 0.629049676026 0.222115384615 0.0226781857451 0.0442307692308
0 0.667386609071 0.174038461538 0.0194384449244 0.0442307692308
0 0.672246220302 0.225 0.0205183585313 0.0461538461538
0 0.732181425486 0.2375 0.0215982721382 0.0442307692308
0 0.813714902808 0.257692307692 0.024838012959 0.05
0 0.869330453564 0.270192307692 0.0215982721382 0.0557692307692
0 0.633909287257 0.128846153846 0.0151187904968 0.0346153846154
0 0.933045356371 0.247115384615 0.0172786177106 0.0403846153846
