0 0.149940968123 0.390269151139 0.0401416765053 0.0724637681159
0 0.294569067296 0.255693581781 0.0200708382527 0.0351966873706
0 0.331759149941 0.274327122153 0.0212514757969 0.0351966873706
0 0.424439197166 0.27950310559 0.0224321133412 0.0455486542443
0 0.419716646989 0.21635610766 0.0200708382527 0.0351966873706
0 0.380755608028 0.208074534161 0.0200708382527 0.0351966873706
0 0.44746162928 0.218426501035 0.0165289256198 0.0351966873706
0 0.444510035419 0.193581780538 0.0153482880756 0.0269151138716
0 0.427981109799 0.172877846791 0.0177095631641 0.0310559006211
0 0.442739079103 0.16149068323 0.0165289256198 0.0331262939959
0 0.468122786305 0.201863354037 0.0200708382527 0.0434782608696
0 0.480519480519 0.134575569358 0.0165289256198 0.0331262939959
0 0.492325855962 0.175983436853 0.0212514757969 0.0372670807453
0 0.513577331759 0.215320910973 0.0188902007084 0.0414078674948
0 0.518890200708 0.155279503106 0.0153482880756 0.0289855072464
0 0.531286894923 0.133540372671 0.0141676505313 0.0269151138716
0 0.548996458087 0.131469979296 0.0141676505313 0.0351966873706
0 0.574970484061 0.159420289855 0.0141676505313 0.0331262939959
0 0.564935064935 0.110766045549 0.012987012987 0.0269151138716
0 0.585005903188 0.136645962733 0.012987012987 0.0289855072464
0 0.599763872491 0.144927536232 0.0141676505313 0.0331262939959
0 0.594451003542 0.0983436853002 0.0106257378985 0.0186335403727
0 0.612750885478 0.121118012422 0.0165289256198 0.0310559006211
0 0.685950413223 0.109730848861 0.0141676505313 0.0331262939959
0 0.474616292798 0.326086956522 0.0306965761511 0.0517598343685
0 0.538370720189 0.298136645963 0.0283353010626 0.0703933747412
0 0.56080283353 0.237060041408 0.025974025974 0.0434782608696
0 0.600944510035 0.3033126294 0.0283353010626 0.064182194617
0 0.611570247934 0.20082815735 0.0212514757969 0.0496894409938
0 0.655253837072 0.26397515528 0.025974025974 0.055900621118
0 0.708972845336 0.287784679089 0.0247933884298 0.0538302277433
0 0.766824085006 0.313664596273 0.0247933884298 0.055900621118
0 0.655844155844 0.202898550725 0.0247933884298 0.0414078674948
0 0.680047225502 0.198757763975 0.0165289256198 0.0372670807453
0 0.691263282172 0.18115942029 0.0224321133412 0.0434782608696
0 0.681227863046 0.160455486542 0.0212514757969 0.0310559006211
0 0.711924439197 0.140786749482 0.0188902007084 0.0372670807453
0 0.741440377804 0.152173913043 0.0165289256198 0.0310559006211
0 0.750885478158 0.178053830228 0.0212514757969 0.0414078674948
0 0.739079102715 0.11801242236 0.0165289256198 0.0289855072464
0 0.802243211334 0.134575569358 0.0153482880756 0.0289855072464
0 0.788665879575 0.193581780538 0.0212514757969 0.047619047619
0 0.844155844156 0.183229813665 0.0165289256198 0.0393374741201
0 0.861275088548 0.234989648033 0.0224321133412 0.0434782608696
0 0.883116883117 0.189440993789 0.0188902007084 0.0434782608696
0 0.913813459268 0.188405797101 0.0188902007084 0.0372670807453
0 0.95867768595 0.129399585921 0.0165289256198 0.0393374741201
