0 0.325984251969 0.2171145686 0.0173228346457 0.026874115983
0 0.353149606299 0.219943422914 0.0165354330709 0.029702970297
0 0.385039370079 0.309759547383 0.0267716535433 0.048090523338
0 0.484645669291 0.20297029703 0.0181102362205 0.035360678925
0 0.566141732283 0.171145685997 0.0188976377953 0.033946251768
0 0.559448818898 0.117397454031 0.0165354330709 0.025459688826
0 0.498818897638 0.154879773692 0.011811023622 0.024045261669
0 0.806299212598 0.402404526167 0.0330708661417 0.0777934936351
0 0.867322834646 0.100424328147 0.0165354330709 0.02828854314
0 0.899606299213 0.14639321075 0.011811023622 0.029702970297
