0 0.05426716141 0.556291390728 0.0528756957328 0.105960264901
0 0.257421150278 0.271523178808 0.0139146567718 0.0331125827815
0 0.274118738404 0.274834437086 0.0176252319109 0.0364238410596
0 0.2926716141 0.269039735099 0.0213358070501 0.0380794701987
0 0.314471243043 0.278973509934 0.0185528756957 0.0347682119205
0 0.339981447124 0.276490066225 0.0213358070501 0.0364238410596
0 0.308441558442 0.236754966887 0.0176252319109 0.0298013245033
0 0.341372912801 0.229304635762 0.0166975881262 0.0347682119205
0 0.365491651206 0.220198675497 0.0166975881262 0.0331125827815
0 0.398423005566 0.293874172185 0.0250463821892 0.0546357615894
0 0.377087198516 0.21440397351 0.0157699443414 0.0347682119205
0 0.385899814471 0.202814569536 0.0148423005566 0.0248344370861
0 0.41094619666 0.225993377483 0.0166975881262 0.0380794701987
0 0.444341372913 0.228476821192 0.0204081632653 0.0364238410596
0 0.465213358071 0.238410596026 0.0194805194805 0.046357615894
0 0.461038961039 0.195364238411 0.0166975881262 0.0331125827815
0 0.437847866419 0.201986754967 0.0185528756957 0.0298013245033
0 0.426252319109 0.17880794702 0.0176252319109 0.0331125827815
0 0.40306122449 0.17880794702 0.0120593692022 0.0264900662252
0 0.453617810761 0.163079470199 0.0148423005566 0.0215231788079
0 0.448979591837 0.144867549669 0.00927643784787 0.0248344370861
0 0.474025974026 0.168874172185 0.012987012987 0.0264900662252
0 0.470315398887 0.148178807947 0.00927643784787 0.0182119205298
0 0.481447124304 0.137417218543 0.00927643784787 0.0198675496689
0 0.50185528757 0.168874172185 0.0148423005566 0.023178807947
0 0.527365491651 0.14321192053 0.0157699443414 0.0281456953642
0 0.541743970315 0.162251655629 0.0148423005566 0.0364238410596
0 0.566326530612 0.175496688742 0.0157699443414 0.0364238410596
0 0.574211502783 0.153973509934 0.0111317254174 0.0298013245033
0 0.554730983302 0.114238410596 0.0111317254174 0.0264900662252
0 0.579313543599 0.127483443709 0.0120593692022 0.023178807947
0 0.615027829314 0.146523178808 0.0166975881262 0.0380794701987
0 0.589981447124 0.104304635762 0.012987012987 0.023178807947
0 0.605751391466 0.125 0.0111317254174 0.0215231788079
0 0.615955473098 0.10761589404 0.0111317254174 0.023178807947
0 0.632653061224 0.125 0.012987012987 0.0248344370861
0 0.638218923933 0.10761589404 0.0148423005566 0.023178807947
0 0.66280148423 0.120033112583 0.0139146567718 0.0281456953642
0 0.684601113173 0.104304635762 0.012987012987 0.0331125827815
0 0.480519480519 0.308774834437 0.0241187384045 0.0546357615894
0 0.541280148423 0.290562913907 0.0324675324675 0.0645695364238
0 0.50974025974 0.225165562914 0.0194805194805 0.0397350993377
0 0.485621521336 0.217715231788 0.0176252319109 0.0380794701987
0 0.563543599258 0.248344370861 0.0213358070501 0.046357615894
0 0.602504638219 0.219370860927 0.0231910946197 0.044701986755
0 0.613172541744 0.255794701987 0.0222634508349 0.044701986755
0 0.594155844156 0.359271523179 0.0343228200371 0.0662251655629
0 0.668831168831 0.343543046358 0.0371057513915 0.0778145695364
0 0.652133580705 0.257450331126 0.0241187384045 0.0513245033113
0 0.659554730983 0.210264900662 0.0222634508349 0.0430463576159
0 0.652133580705 0.180463576159 0.0185528756957 0.0397350993377
0 0.681354359926 0.152317880795 0.0194805194805 0.0331125827815
0 0.698051948052 0.17880794702 0.0176252319109 0.0430463576159
0 0.693413729128 0.147350993377 0.0157699443414 0.0298013245033
0 0.706400742115 0.139900662252 0.0139146567718 0.0347682119205
0 0.699907235622 0.225165562914 0.0231910946197 0.046357615894
0 0.711502782931 0.284768211921 0.0241187384045 0.0562913907285
0 0.775974025974 0.298841059603 0.0287569573284 0.0579470198675
0 0.755565862709 0.235927152318 0.0213358070501 0.0546357615894
0 0.732838589981 0.201158940397 0.0222634508349 0.044701986755
0 0.734230055659 0.170529801325 0.0176252319109 0.0397350993377
0 0.742578849722 0.140728476821 0.0176252319109 0.0397350993377
0 0.730055658627 0.129966887417 0.0148423005566 0.044701986755
0 0.744434137291 0.110099337748 0.0157699443414 0.0347682119205
0 0.757421150278 0.12582781457 0.0176252319109 0.0364238410596
0 0.756493506494 0.166390728477 0.0157699443414 0.0380794701987
0 0.788497217069 0.140728476821 0.012987012987 0.0331125827815
0 0.788497217069 0.122516556291 0.0148423005566 0.0264900662252
0 0.803339517625 0.130794701987 0.0148423005566 0.0331125827815
0 0.794990723562 0.17798013245 0.0185528756957 0.0380794701987
0 0.811224489796 0.173841059603 0.0120593692022 0.0331125827815
0 0.823283858998 0.139900662252 0.0157699443414 0.0347682119205
0 0.836270871985 0.186258278146 0.0157699443414 0.0413907284768
0 0.843228200371 0.157284768212 0.0166975881262 0.0364238410596
0 0.855287569573 0.221026490066 0.0185528756957 0.0413907284768
0 0.880797773655 0.202814569536 0.0157699443414 0.0314569536424
0 0.910482374768 0.288907284768 0.0213358070501 0.0579470198675
0 0.915584415584 0.198675496689 0.0166975881262 0.0397350993377
0 0.923469387755 0.167218543046 0.0139146567718 0.0331125827815
0 0.884972170686 0.171357615894 0.0148423005566 0.0347682119205
0 0.894248608534 0.139072847682 0.0166975881262 0.0331125827815
0 0.855287569573 0.145695364238 0.0166975881262 0.0298013245033
0 0.86038961039 0.129139072848 0.0139146567718 0.0298013245033
