0 0.207599629286 0.402640264026 0.0370713623726 0.0858085808581
0 0.253012048193 0.267326732673 0.0203892493049 0.039603960396
0 0.288229842447 0.269801980198 0.0222428174235 0.0412541254125
0 0.27062094532 0.267326732673 0.014828544949 0.026402640264
0 0.312789620019 0.234323432343 0.017608897127 0.036303630363
0 0.339202965709 0.247524752475 0.0203892493049 0.036303630363
0 0.347544022243 0.232673267327 0.014828544949 0.036303630363
0 0.345227062095 0.20297029703 0.0139017608897 0.029702970297
0 0.36515291937 0.244224422442 0.0185356811863 0.042904290429
0 0.381371640408 0.269801980198 0.0231696014829 0.0445544554455
0 0.400370713624 0.28300330033 0.0259499536608 0.0511551155116
0 0.366543095459 0.17904290429 0.0139017608897 0.0313531353135
0 0.380444856348 0.187293729373 0.0157553290083 0.0379537953795
0 0.398980537535 0.216171617162 0.017608897127 0.036303630363
0 0.422613531047 0.183168316832 0.014828544949 0.039603960396
0 0.436515291937 0.187293729373 0.0203892493049 0.0412541254125
0 0.458758109361 0.242574257426 0.0240963855422 0.0561056105611
0 0.476830398517 0.200495049505 0.017608897127 0.0346534653465
0 0.469416126043 0.165841584158 0.0157553290083 0.0247524752475
0 0.455977757183 0.145214521452 0.014828544949 0.023102310231
0 0.481000926784 0.130363036304 0.014828544949 0.026402640264
0 0.51297497683 0.165841584158 0.0157553290083 0.0313531353135
0 0.499073215941 0.198844884488 0.0213160333642 0.0379537953795
0 0.523169601483 0.202145214521 0.0213160333642 0.0412541254125
0 0.550046339203 0.157590759076 0.0157553290083 0.0412541254125
0 0.576923076923 0.16501650165 0.017608897127 0.03300330033
0 0.562094531974 0.154290429043 0.0157553290083 0.0313531353135
0 0.565801668211 0.126237623762 0.0139017608897 0.0346534653465
0 0.603336422614 0.147689768977 0.014828544949 0.0280528052805
0 0.605653382762 0.123762376238 0.0120481927711 0.023102310231
0 0.607043558851 0.108910891089 0.0111214087118 0.019801980198
0 0.583873957368 0.127062706271 0.0129749768304 0.029702970297
0 0.634383688601 0.13201320132 0.017608897127 0.029702970297
0 0.641797961075 0.116336633663 0.0120481927711 0.0214521452145
0 0.673308619092 0.121287128713 0.017608897127 0.0313531353135
0 0.569972196478 0.213696369637 0.0259499536608 0.0445544554455
0 0.50046339203 0.290429042904 0.0259499536608 0.0561056105611
0 0.556997219648 0.282178217822 0.0315106580167 0.0627062706271
0 0.610750695088 0.305280528053 0.0278035217794 0.0594059405941
0 0.599629286376 0.28300330033 0.0222428174235 0.0445544554455
0 0.618628359592 0.21204620462 0.0287303058387 0.0478547854785
0 0.655236329935 0.178217821782 0.0203892493049 0.036303630363
0 0.660333642261 0.217821782178 0.0231696014829 0.042904290429
0 0.659870250232 0.273102310231 0.0278035217794 0.0610561056106
0 0.691380908248 0.223597359736 0.0222428174235 0.0511551155116
0 0.696941612604 0.181518151815 0.0203892493049 0.042904290429
0 0.701112140871 0.149339933993 0.017608897127 0.0313531353135
0 0.710843373494 0.265676567657 0.0315106580167 0.0627062706271
0 0.744670991659 0.317656765677 0.0287303058387 0.0577557755776
0 0.749304911956 0.239273927393 0.0250231696015 0.0594059405941
0 0.835959221501 0.292904290429 0.0278035217794 0.0643564356436
0 0.71686746988 0.17904290429 0.017608897127 0.0379537953795
0 0.74281742354 0.193894389439 0.017608897127 0.0346534653465
0 0.739110287303 0.165841584158 0.0157553290083 0.0280528052805
0 0.758109360519 0.155115511551 0.014828544949 0.036303630363
0 0.746987951807 0.129537953795 0.0129749768304 0.0313531353135
0 0.774328081557 0.156765676568 0.0157553290083 0.03300330033
0 0.789620018536 0.159240924092 0.0203892493049 0.0379537953795
0 0.766913809082 0.193069306931 0.0250231696015 0.046204620462
0 0.818350324374 0.207095709571 0.0222428174235 0.0379537953795
0 0.832715477294 0.188943894389 0.0157553290083 0.0313531353135
0 0.835495829472 0.1699669967 0.0139017608897 0.026402640264
0 0.825301204819 0.146864686469 0.0120481927711 0.026402640264
0 0.890639481001 0.274752475248 0.0259499536608 0.0544554455446
0 0.836886005561 0.261551155116 0.0222428174235 0.0412541254125
0 0.876737720111 0.193069306931 0.0203892493049 0.036303630363
0 0.875347544022 0.163366336634 0.0139017608897 0.023102310231
0 0.885542168675 0.155940594059 0.0120481927711 0.0346534653465
