0 0.0305798252581 0.415502793296 0.0230341540905 0.0516759776536
0 0.230738681493 0.334497206704 0.0150913423352 0.0349162011173
0 0.25615567911 0.36312849162 0.0182684670373 0.0418994413408
0 0.285146942017 0.299581005587 0.0158856235107 0.0321229050279
0 0.32922954726 0.350558659218 0.0198570293884 0.036312849162
0 0.351469420175 0.33030726257 0.0166799046863 0.0293296089385
0 0.35226370135 0.290502793296 0.0166799046863 0.0307262569832
0 0.382843526608 0.254888268156 0.0142970611597 0.0265363128492
0 0.398729150119 0.270251396648 0.0142970611597 0.0293296089385
0 0.401906274821 0.293994413408 0.0127084988086 0.0265363128492
0 0.378872120731 0.321927374302 0.0174741858618 0.0321229050279
0 0.40031771247 0.333798882682 0.0174741858618 0.0335195530726
0 0.42176330421 0.246508379888 0.0127084988086 0.0237430167598
0 0.424940428912 0.296787709497 0.0158856235107 0.0321229050279
0 0.447180301827 0.336592178771 0.0190627482129 0.0335195530726
0 0.438443208896 0.259078212291 0.0142970611597 0.0265363128492
0 0.461080222399 0.296089385475 0.0150913423352 0.0279329608939
0 0.466640190627 0.263966480447 0.011914217633 0.0223463687151
0 0.456711675933 0.23812849162 0.0111199364575 0.0209497206704
0 0.517474185862 0.236033519553 0.010325655282 0.0195530726257
0 0.500397140588 0.263966480447 0.0127084988086 0.0223463687151
0 0.529785544083 0.263268156425 0.0142970611597 0.0265363128492
0 0.547656870532 0.280726256983 0.0150913423352 0.0279329608939
0 0.525019857029 0.347765363128 0.022239872915 0.0474860335196
0 0.494042891183 0.316340782123 0.0174741858618 0.0265363128492
0 0.547259729944 0.225558659218 0.0111199364575 0.0209497206704
0 0.561953931692 0.221368715084 0.0135027799841 0.0209497206704
0 0.57108816521 0.253491620112 0.0111199364575 0.0265363128492
0 0.586179507546 0.245810055866 0.0127084988086 0.0251396648045
0 0.589753772836 0.218575418994 0.011914217633 0.0265363128492
0 0.595710881652 0.20530726257 0.0111199364575 0.0223463687151
0 0.612390786338 0.215782122905 0.0111199364575 0.0237430167598
0 0.623510722796 0.226955307263 0.0127084988086 0.0209497206704
0 0.641382049245 0.210195530726 0.010325655282 0.0209497206704
0 0.661636219222 0.226955307263 0.0142970611597 0.0293296089385
0 0.682684670373 0.221368715084 0.011914217633 0.0237430167598
0 0.689038919778 0.251396648045 0.0135027799841 0.0335195530726
0 0.661239078634 0.26187150838 0.0150913423352 0.0265363128492
0 0.624305003971 0.243715083799 0.0111199364575 0.0209497206704
0 0.617553613979 0.290502793296 0.0135027799841 0.0251396648045
0 0.586576648133 0.328212290503 0.0150913423352 0.0279329608939
0 0.596505162828 0.352653631285 0.0206513105639 0.0432960893855
0 0.598093725179 0.414106145251 0.0238284352661 0.0516759776536
0 0.642573471009 0.36312849162 0.022239872915 0.0391061452514
0 0.671167593328 0.345670391061 0.0190627482129 0.0405027932961
0 0.663224781573 0.430865921788 0.0254169976172 0.0516759776536
0 0.532962668785 0.394553072626 0.0254169976172 0.0460893854749
0 0.698570293884 0.462290502793 0.0309769658459 0.0698324022346
0 0.713661636219 0.393156424581 0.0214455917395 0.0460893854749
0 0.772835583797 0.405027932961 0.0254169976172 0.0446927374302
0 0.803018268467 0.493715083799 0.0270055599682 0.054469273743
0 0.823669579031 0.424581005587 0.022239872915 0.0502793296089
0 0.892374900715 0.459497206704 0.0230341540905 0.0474860335196
0 0.878872120731 0.390363128492 0.0198570293884 0.0377094972067
0 0.841540905481 0.365921787709 0.0198570293884 0.0502793296089
0 0.792692613185 0.358938547486 0.0206513105639 0.0418994413408
0 0.796664019063 0.32751396648 0.0174741858618 0.0321229050279
0 0.822478157268 0.302374301676 0.0166799046863 0.0349162011173
0 0.798252581414 0.296787709497 0.0142970611597 0.0321229050279
0 0.752978554408 0.280726256983 0.0142970611597 0.0307262569832
0 0.710087370929 0.28561452514 0.0142970611597 0.0293296089385
0 0.723590150913 0.259078212291 0.0142970611597 0.0349162011173
0 0.730341540905 0.235335195531 0.011914217633 0.0237430167598
0 0.743050039714 0.230446927374 0.011914217633 0.0251396648045
0 0.745035742653 0.252793296089 0.0142970611597 0.0279329608939
0 0.760524225576 0.235335195531 0.011914217633 0.0265363128492
0 0.769658459095 0.244413407821 0.0111199364575 0.0279329608939
0 0.795472597299 0.263268156425 0.0135027799841 0.0237430167598
0 0.82208101668 0.25 0.0127084988086 0.0251396648045
0 0.830420969023 0.271648044693 0.011914217633 0.0293296089385
0 0.838363780778 0.263268156425 0.0135027799841 0.0265363128492
0 0.851469420175 0.250698324022 0.0111199364575 0.0321229050279
0 0.87370929309 0.280726256983 0.0142970611597 0.036312849162
0 0.861795075457 0.316340782123 0.0127084988086 0.0321229050279
0 0.85583796664 0.340782122905 0.0150913423352 0.036312849162
0 0.891183478952 0.319134078212 0.0127084988086 0.0321229050279
0 0.909054805401 0.340782122905 0.0150913423352 0.036312849162
0 0.909451945989 0.293296089385 0.0142970611597 0.0279329608939
0 0.908260524226 0.275139664804 0.011914217633 0.0251396648045
0 0.454328832407 0.405726256983 0.0238284352661 0.0516759776536
