0 0.151467089611 0.305516265912 0.0237906423473 0.04243281471
0 0.190325138779 0.270155586987 0.020618556701 0.039603960396
0 0.195083267248 0.236916548798 0.0190325138779 0.035360678925
0 0.216891356067 0.248231966054 0.0277557494052 0.0551626591231
0 0.244647105472 0.250353606789 0.0261697065821 0.0537482319661
0 0.274781919112 0.25459688826 0.0229976209358 0.036775106082
0 0.26645519429 0.287128712871 0.0348929421094 0.0509193776521
0 0.236716891356 0.220650636492 0.0182394924663 0.033946251768
0 0.315622521808 0.203677510608 0.020618556701 0.036775106082
0 0.399682791435 0.248939179632 0.0253766851705 0.045261669024
