0 0.218689788054 0.444719471947 0.0539499036609 0.117161716172
0 0.26493256262 0.435643564356 0.0520231213873 0.115511551155
0 0.324181117534 0.278052805281 0.02408477842 0.0478547854785
0 0.378612716763 0.257425742574 0.0250481695568 0.046204620462
0 0.424373795761 0.232673267327 0.0202312138728 0.046204620462
0 0.444123314066 0.283828382838 0.0250481695568 0.042904290429
0 0.4908477842 0.313531353135 0.0298651252408 0.0627062706271
0 0.46387283237 0.225247524752 0.0221579961464 0.0445544554455
0 0.465317919075 0.18399339934 0.0211946050096 0.0412541254125
0 0.489884393064 0.194719471947 0.0202312138728 0.042904290429
0 0.55105973025 0.19801980198 0.0211946050096 0.039603960396
0 0.464354527938 0.0990099009901 0.0134874759152 0.03300330033
0 0.495664739884 0.0767326732673 0.0163776493256 0.0313531353135
0 0.548651252408 0.132838283828 0.0163776493256 0.0346534653465
0 0.568882466281 0.146864686469 0.0163776493256 0.036303630363
0 0.594894026975 0.150165016502 0.0202312138728 0.036303630363
0 0.67774566474 0.248349834983 0.0279383429672 0.0610561056106
0 0.736994219653 0.28300330033 0.0308285163776 0.0676567656766
0 0.711946050096 0.148514851485 0.019267822736 0.039603960396
0 0.732177263969 0.143564356436 0.019267822736 0.039603960396
0 0.75289017341 0.150165016502 0.0183044315992 0.036303630363
0 0.774566473988 0.139438943894 0.0173410404624 0.0412541254125
0 0.803468208092 0.155940594059 0.019267822736 0.0412541254125
0 0.823699421965 0.171617161716 0.0211946050096 0.046204620462
0 0.842003853565 0.122937293729 0.0173410404624 0.0346534653465
0 0.910886319846 0.235148514851 0.0260115606936 0.0544554455446
0 0.850674373796 0.316831683168 0.0327552986513 0.0627062706271
