0 0.871230643847 0.262699564586 0.00977995110024 0.0290275761974
0 0.895680521597 0.299709724238 0.0130399348003 0.033381712627
0 0.906682966585 0.334542815675 0.0138549307253 0.0362844702467
0 0.915240423798 0.322931785196 0.0114099429503 0.0304789550073
0 0.931540342298 0.309143686502 0.0114099429503 0.0290275761974
0 0.931132844336 0.356313497823 0.0154849225754 0.0391872278665
0 0.905460472698 0.407837445573 0.0211898940505 0.0522496371553
0 0.903422982885 0.462989840348 0.0268948655257 0.0609579100145
0 0.880603096985 0.33671988389 0.0154849225754 0.0435413642961
0 0.876528117359 0.367924528302 0.0187449062755 0.0478955007257
0 0.859820700896 0.394775036284 0.0228198859006 0.0580551523948
0 0.845965770171 0.449201741655 0.0277098614507 0.0566037735849
0 0.820293398533 0.521044992743 0.0285248573757 0.0638606676343
0 0.790138549307 0.431059506531 0.0220048899756 0.0493468795356
0 0.811328443358 0.375907111756 0.0203748981255 0.0493468795356
0 0.81336593317 0.345428156749 0.0179299103504 0.0377358490566
0 0.818663406683 0.314949201742 0.0171149144254 0.0377358490566
0 0.811328443358 0.278664731495 0.0122249388753 0.0290275761974
0 0.840668296659 0.269956458636 0.0105949470253 0.0290275761974
0 0.841483292584 0.317851959361 0.0138549307253 0.0377358490566
0 0.849633251834 0.288098693759 0.0122249388753 0.0362844702467
0 0.857783211084 0.283018867925 0.0122249388753 0.0319303338171
0 0.753056234719 0.242380261248 0.0114099429503 0.0290275761974
0 0.760798696007 0.270682148041 0.0122249388753 0.0275761973875
0 0.770986145069 0.292452830189 0.0130399348003 0.033381712627
0 0.780358598207 0.251088534107 0.0122249388753 0.0290275761974
0 0.789731051345 0.262699564586 0.0130399348003 0.0319303338171
0 0.742461287694 0.261973875181 0.0130399348003 0.0362844702467
0 0.70293398533 0.257619738752 0.0122249388753 0.0304789550073
0 0.726976365118 0.297532656023 0.0130399348003 0.0319303338171
0 0.704971475143 0.304789550073 0.0179299103504 0.0377358490566
0 0.733903830481 0.415820029028 0.0252648736756 0.0537010159652
0 0.690709046455 0.362844702467 0.0187449062755 0.0435413642961
0 0.646699266504 0.351233671988 0.0187449062755 0.0435413642961
0 0.658924205379 0.377358490566 0.0268948655257 0.055152394775
0 0.670741646292 0.459361393324 0.0309698451508 0.0653120464441
0 0.707416462918 0.494194484761 0.0358598207009 0.0740203193033
0 0.678484107579 0.280116110305 0.0171149144254 0.0348330914369
0 0.674409127954 0.222786647315 0.0105949470253 0.0275761973875
0 0.677261613692 0.239477503628 0.0114099429503 0.0261248185776
0 0.695191524042 0.231494920174 0.0114099429503 0.0246734397678
0 0.629991850041 0.219883889695 0.0114099429503 0.0246734397678
0 0.609209453953 0.215529753266 0.0105949470253 0.0246734397678
0 0.560309698452 0.235849056604 0.0105949470253 0.0246734397678
0 0.578239608802 0.238026124819 0.00896495517522 0.0232220609579
0 0.584759576202 0.266328011611 0.0122249388753 0.0304789550073
0 0.59902200489 0.233671988389 0.0114099429503 0.0261248185776
0 0.599837000815 0.260522496372 0.0114099429503 0.0304789550073
0 0.641401792991 0.237300435414 0.0114099429503 0.033381712627
0 0.640179299104 0.256168359942 0.0105949470253 0.0304789550073
0 0.632844335778 0.307692307692 0.0154849225754 0.0348330914369
0 0.603504482478 0.340348330914 0.0187449062755 0.0478955007257
0 0.614914425428 0.373004354136 0.0220048899756 0.0580551523948
0 0.544824775876 0.280116110305 0.0171149144254 0.0348330914369
0 0.562754686227 0.296081277213 0.0154849225754 0.0377358490566
0 0.513447432763 0.27793904209 0.0162999185004 0.0304789550073
0 0.518337408313 0.255442670537 0.0114099429503 0.0290275761974
0 0.511002444988 0.328737300435 0.0195599022005 0.0420899854862
0 0.539119804401 0.39114658926 0.0220048899756 0.0478955007257
0 0.551344743276 0.416545718433 0.0285248573757 0.0522496371553
0 0.40912795436 0.283744557329 0.0130399348003 0.0304789550073
0 0.41075794621 0.311320754717 0.0130399348003 0.033381712627
0 0.449470252649 0.27358490566 0.0122249388753 0.0304789550073
0 0.470252648737 0.251088534107 0.00977995110024 0.0261248185776
0 0.476772616137 0.278664731495 0.0114099429503 0.0319303338171
0 0.473512632437 0.313497822932 0.0130399348003 0.0348330914369
0 0.435615321923 0.320754716981 0.0154849225754 0.0406386066763
0 0.449062754686 0.352685050798 0.0211898940505 0.0435413642961
0 0.387530562347 0.343251088534 0.0154849225754 0.0362844702467
0 0.408720456398 0.351959361393 0.0154849225754 0.044992743106
0 0.395680521597 0.264150943396 0.0105949470253 0.0261248185776
0 0.359005704971 0.308417997097 0.0138549307253 0.033381712627
0 0.339038304808 0.370101596517 0.0211898940505 0.0493468795356
0 0.360228198859 0.345428156749 0.0130399348003 0.0290275761974
0 0.467807660962 0.423802612482 0.0260798696007 0.0580551523948
0 0.0338223308883 0.414368650218 0.0203748981255 0.0420899854862
0 0.234718826406 0.352685050798 0.0130399348003 0.0348330914369
0 0.261613691932 0.38969521045 0.0162999185004 0.0420899854862
0 0.29217603912 0.378084179971 0.0171149144254 0.0420899854862
0 0.292583537082 0.315674891147 0.0146699266504 0.0362844702467
