0 0.0708478513357 0.272448979592 0.0209059233449 0.0469387755102
0 0.423344947735 0.225510204082 0.0150987224158 0.030612244898
0 0.47212543554 0.173469387755 0.0174216027875 0.0326530612245
0 0.492450638792 0.176530612245 0.0209059233449 0.0428571428571
0 0.459349593496 0.237755102041 0.0174216027875 0.030612244898
0 0.560394889663 0.180612244898 0.0174216027875 0.0387755102041
0 0.5737514518 0.194897959184 0.0185830429733 0.0469387755102
0 0.646922183508 0.127551020408 0.0116144018583 0.030612244898
0 0.688153310105 0.179591836735 0.0174216027875 0.0367346938776
0 0.645180023229 0.224489795918 0.0243902439024 0.0408163265306
0 0.646341463415 0.273469387755 0.0197444831591 0.0448979591837
0 0.649245063879 0.335714285714 0.0255516840883 0.0551020408163
0 0.701509872242 0.305102040816 0.0209059233449 0.0510204081633
0 0.695702671312 0.231632653061 0.0185830429733 0.0387755102041
0 0.956445993031 0.245918367347 0.0197444831591 0.0387755102041
