0 0.175612052731 0.475873544093 0.0386064030132 0.0831946755408
0 0.252354048964 0.254575707155 0.0169491525424 0.0366056572379
0 0.268832391714 0.262063227953 0.0197740112994 0.0415973377704
0 0.293785310734 0.263727121464 0.0188323917137 0.0382695507488
0 0.306026365348 0.285357737105 0.0207156308851 0.0349417637271
0 0.320621468927 0.22462562396 0.0197740112994 0.0299500831947
0 0.347928436911 0.205490848586 0.0160075329567 0.0349417637271
0 0.354048964218 0.227953410982 0.0188323917137 0.0332778702163
0 0.356873822976 0.260399334443 0.0244821092279 0.0349417637271
0 0.385122410546 0.259567387687 0.0207156308851 0.0366056572379
0 0.387005649718 0.186356073211 0.015065913371 0.0332778702163
0 0.392184557439 0.216306156406 0.0197740112994 0.0366056572379
0 0.403483992467 0.200499168053 0.0197740112994 0.0316139767055
0 0.421374764595 0.246256239601 0.0216572504708 0.0465890183028
0 0.43549905838 0.198835274542 0.0197740112994 0.0382695507488
0 0.446327683616 0.176372712146 0.0169491525424 0.0299500831947
0 0.452919020716 0.151414309484 0.015065913371 0.026622296173
0 0.458097928437 0.217970049917 0.0178907721281 0.0399334442596
0 0.478342749529 0.227953410982 0.0188323917137 0.0399334442596
0 0.4934086629 0.201331114809 0.0188323917137 0.0366056572379
0 0.481167608286 0.189683860233 0.0131826741996 0.0299500831947
0 0.488700564972 0.163893510815 0.0169491525424 0.0282861896839
0 0.498587570621 0.129783693844 0.0141242937853 0.026622296173
0 0.518832391714 0.167221297837 0.0188323917137 0.0316139767055
0 0.53483992467 0.167221297837 0.015065913371 0.0382695507488
0 0.523069679849 0.20465890183 0.0197740112994 0.0399334442596
0 0.506120527307 0.155574043261 0.0160075329567 0.0249584026622
0 0.556026365348 0.145590682196 0.0103578154426 0.0249584026622
0 0.551789077213 0.129783693844 0.0112994350282 0.0232945091514
0 0.575329566855 0.171381031614 0.0169491525424 0.0332778702163
0 0.583333333333 0.131447587354 0.0122410546139 0.026622296173
0 0.595574387947 0.141430948419 0.0160075329567 0.0332778702163
0 0.610169491525 0.124792013311 0.015065913371 0.0332778702163
0 0.618173258004 0.14309484193 0.0122410546139 0.0299500831947
0 0.631826741996 0.12146422629 0.0131826741996 0.026622296173
0 0.644538606403 0.122296173045 0.0160075329567 0.0316139767055
0 0.665725047081 0.12146422629 0.0112994350282 0.0299500831947
0 0.556026365348 0.253743760399 0.0254237288136 0.0482529118136
0 0.519303201507 0.293677204659 0.0254237288136 0.0549084858569
0 0.540960451977 0.312811980033 0.0329566854991 0.063227953411
0 0.60593220339 0.330282861897 0.0329566854991 0.0582362728785
0 0.619114877589 0.248752079867 0.0273069679849 0.0515806988353
0 0.610640301318 0.222129783694 0.0216572504708 0.044925124792
0 0.670433145009 0.214642262895 0.0207156308851 0.0465890183028
0 0.656308851224 0.262063227953 0.0244821092279 0.0615640599002
0 0.658662900188 0.189683860233 0.0178907721281 0.0366056572379
0 0.690677966102 0.174708818636 0.0160075329567 0.0399334442596
0 0.694444444444 0.147254575707 0.0160075329567 0.0316139767055
0 0.709039548023 0.151414309484 0.0131826741996 0.0332778702163
0 0.728813559322 0.162229617304 0.015065913371 0.0415973377704
0 0.737758945386 0.145590682196 0.0160075329567 0.0349417637271
0 0.75 0.133943427621 0.0160075329567 0.0349417637271
0 0.765065913371 0.130615640599 0.0141242937853 0.0349417637271
0 0.767419962335 0.161397670549 0.0188323917137 0.0332778702163
0 0.715630885122 0.205490848586 0.0225988700565 0.0515806988353
0 0.7565913371 0.232113144759 0.0273069679849 0.0615640599002
0 0.717043314501 0.285357737105 0.0273069679849 0.0515806988353
0 0.771186440678 0.292013311148 0.0282485875706 0.0582362728785
0 0.774482109228 0.202163061564 0.0216572504708 0.0482529118136
0 0.793785310734 0.138935108153 0.0169491525424 0.0382695507488
0 0.806967984934 0.170549084859 0.0169491525424 0.0482529118136
0 0.847928436911 0.136439267887 0.0197740112994 0.0366056572379
0 0.820621468927 0.227953410982 0.0235404896422 0.0465890183028
0 0.857344632768 0.251247920133 0.0273069679849 0.0432612312812
0 0.837570621469 0.324459234609 0.0273069679849 0.063227953411
0 0.916195856874 0.242096505824 0.0244821092279 0.0549084858569
0 0.936440677966 0.262895174709 0.0254237288136 0.063227953411
0 0.895009416196 0.20465890183 0.0197740112994 0.0432612312812
0 0.879472693032 0.191347753744 0.0169491525424 0.0366056572379
0 0.874293785311 0.162229617304 0.0141242937853 0.0349417637271
0 0.892655367232 0.158069883527 0.0131826741996 0.0366056572379
0 0.846986817326 0.19384359401 0.0178907721281 0.0349417637271
