0 0.179332715477 0.415711947627 0.0454124189064 0.0752864157119
0 0.278035217794 0.254500818331 0.0129749768304 0.0278232405892
0 0.29703429101 0.252864157119 0.0139017608897 0.0278232405892
0 0.315106580167 0.257774140753 0.0166821130677 0.0310965630115
0 0.372567191844 0.293780687398 0.0203892493049 0.0343698854337
0 0.359592215014 0.235679214403 0.0166821130677 0.0327332242226
0 0.382761816497 0.189034369885 0.014828544949 0.0278232405892
0 0.406394810009 0.197217675941 0.0157553290083 0.0278232405892
0 0.395736793327 0.230769230769 0.014828544949 0.0327332242226
0 0.430954587581 0.243044189853 0.0185356811863 0.037643207856
0 0.420296570899 0.185761047463 0.0120481927711 0.0245499181669
0 0.444856348471 0.196399345336 0.014828544949 0.0261865793781
0 0.451343836886 0.161211129296 0.00926784059314 0.0180032733224
0 0.468489341983 0.202127659574 0.017608897127 0.0278232405892
0 0.466172381835 0.244680851064 0.0240963855422 0.0441898527005
0 0.523169601483 0.212765957447 0.0194624652456 0.0360065466448
0 0.506024096386 0.193944353519 0.014828544949 0.0278232405892
0 0.520389249305 0.170212765957 0.0120481927711 0.0261865793781
0 0.509267840593 0.133387888707 0.0120481927711 0.0245499181669
0 0.537998146432 0.139116202946 0.0139017608897 0.0261865793781
0 0.5546802595 0.135024549918 0.0101946246525 0.0245499181669
0 0.566728452271 0.140752864157 0.0101946246525 0.0261865793781
0 0.584800741427 0.145662847791 0.014828544949 0.0229132569558
0 0.466635773865 0.172667757774 0.0139017608897 0.0245499181669
0 0.479610750695 0.174304418985 0.0139017608897 0.0245499181669
0 0.433271547729 0.169394435352 0.0120481927711 0.0245499181669
0 0.414272474513 0.17348608838 0.0129749768304 0.0261865793781
0 0.495366079703 0.300327332242 0.0213160333642 0.0474631751227
0 0.536607970343 0.342880523732 0.0296570898981 0.0540098199673
0 0.601946246525 0.348608837971 0.0287303058387 0.0490998363339
0 0.694624652456 0.337152209493 0.0342910101946 0.0621931260229
0 0.584337349398 0.247954173486 0.0231696014829 0.0441898527005
0 0.606116774791 0.272504091653 0.0185356811863 0.0474631751227
0 0.584337349398 0.176759410802 0.0139017608897 0.0294599018003
0 0.538461538462 0.190671031097 0.014828544949 0.0278232405892
0 0.586654309546 0.122749590835 0.0111214087118 0.0229132569558
0 0.593141797961 0.104746317512 0.0111214087118 0.0229132569558
0 0.610750695088 0.153846153846 0.0129749768304 0.0261865793781
0 0.629749768304 0.118657937807 0.0120481927711 0.0212765957447
0 0.6218721038 0.107201309329 0.0129749768304 0.0212765957447
0 0.642724745134 0.144844517185 0.0101946246525 0.0245499181669
0 0.663577386469 0.117021276596 0.0129749768304 0.0310965630115
0 0.693697868397 0.115384615385 0.0139017608897 0.0278232405892
0 0.64921223355 0.18085106383 0.0194624652456 0.037643207856
0 0.631603336423 0.216857610475 0.0157553290083 0.037643207856
0 0.677015755329 0.216857610475 0.0139017608897 0.037643207856
0 0.696014828545 0.181669394435 0.014828544949 0.0360065466448
0 0.683039851715 0.171849427169 0.014828544949 0.0294599018003
0 0.734012974977 0.125204582651 0.0129749768304 0.0278232405892
0 0.74328081557 0.149754500818 0.014828544949 0.0310965630115
0 0.731696014829 0.179214402619 0.0120481927711 0.0278232405892
0 0.726598702502 0.202127659574 0.0166821130677 0.0409165302782
0 0.728452270621 0.253682487725 0.0259499536608 0.0458265139116
0 0.768767377201 0.219312602291 0.017608897127 0.0458265139116
0 0.747451343837 0.327332242226 0.0287303058387 0.0589198036007
0 0.77015755329 0.307692307692 0.0185356811863 0.0523731587561
0 0.763670064875 0.132569558101 0.0129749768304 0.0261865793781
0 0.78313253012 0.144026186579 0.0166821130677 0.0360065466448
0 0.810009267841 0.156301145663 0.0129749768304 0.0310965630115
0 0.832715477294 0.153846153846 0.0101946246525 0.0261865793781
0 0.833642261353 0.131751227496 0.00834105653383 0.0212765957447
0 0.871177015755 0.134206219313 0.0111214087118 0.0294599018003
0 0.855421686747 0.171031096563 0.0129749768304 0.0343698854337
0 0.823447636701 0.216857610475 0.017608897127 0.037643207856
0 0.777108433735 0.189852700491 0.0157553290083 0.0294599018003
0 0.807228915663 0.251227495908 0.0222428174235 0.0441898527005
0 0.836422613531 0.315057283142 0.0231696014829 0.0441898527005
0 0.795644114921 0.39852700491 0.0268767377201 0.0703764320786
0 0.884615384615 0.385433715221 0.0287303058387 0.0572831423895
0 0.894810009268 0.318330605565 0.0231696014829 0.0572831423895
0 0.912418906395 0.272504091653 0.0194624652456 0.0474631751227
0 0.920759962929 0.226677577741 0.0157553290083 0.037643207856
0 0.855885078777 0.259410801964 0.017608897127 0.0409165302782
0 0.876274328082 0.215220949264 0.0139017608897 0.037643207856
0 0.885078776645 0.175122749591 0.0129749768304 0.0294599018003
0 0.894810009268 0.16612111293 0.0157553290083 0.0310965630115
0 0.927247451344 0.16612111293 0.0120481927711 0.0212765957447
