0 0.16338028169 0.413079470199 0.0488262910798 0.091059602649
0 0.189201877934 0.470198675497 0.0516431924883 0.102649006623
0 0.30234741784 0.25082781457 0.0169014084507 0.0413907284768
0 0.30985915493 0.281456953642 0.0206572769953 0.0298013245033
0 0.343661971831 0.254966887417 0.0225352112676 0.0364238410596
0 0.420657276995 0.26821192053 0.0244131455399 0.0430463576159
0 0.506103286385 0.0869205298013 0.0131455399061 0.0248344370861
0 0.534272300469 0.0918874172185 0.0131455399061 0.0281456953642
0 0.558215962441 0.121688741722 0.0140845070423 0.0215231788079
0 0.612676056338 0.117549668874 0.0140845070423 0.0264900662252
0 0.57558685446 0.158940397351 0.0150234741784 0.0298013245033
0 0.548356807512 0.157284768212 0.018779342723 0.0298013245033
0 0.523004694836 0.155629139073 0.0169014084507 0.023178807947
0 0.487323943662 0.134105960265 0.0150234741784 0.0198675496689
0 0.470892018779 0.156456953642 0.0178403755869 0.0248344370861
0 0.495774647887 0.177152317881 0.0169014084507 0.0298013245033
0 0.433333333333 0.172185430464 0.0178403755869 0.0298013245033
0 0.387323943662 0.201158940397 0.0234741784038 0.0347682119205
0 0.446009389671 0.189569536424 0.018779342723 0.0248344370861
0 0.421596244131 0.220198675497 0.0225352112676 0.0298013245033
0 0.443661971831 0.234271523179 0.0234741784038 0.0347682119205
0 0.466197183099 0.211920529801 0.0178403755869 0.023178807947
0 0.476056338028 0.19701986755 0.0169014084507 0.023178807947
0 0.520187793427 0.21357615894 0.0206572769953 0.0331125827815
0 0.480751173709 0.325331125828 0.0300469483568 0.0480132450331
0 0.536150234742 0.275662251656 0.0206572769953 0.0281456953642
0 0.561971830986 0.284768211921 0.0253521126761 0.0364238410596
0 0.601408450704 0.261589403974 0.0234741784038 0.0397350993377
0 0.655868544601 0.259105960265 0.0234741784038 0.0480132450331
0 0.708450704225 0.282284768212 0.030985915493 0.0546357615894
0 0.770892018779 0.314569536424 0.0300469483568 0.0496688741722
0 0.868544600939 0.235099337748 0.0169014084507 0.0430463576159
0 0.849295774648 0.185430463576 0.0178403755869 0.0364238410596
0 0.792018779343 0.194536423841 0.0178403755869 0.0314569536424
0 0.751643192488 0.182947019868 0.0253521126761 0.0380794701987
0 0.746948356808 0.156456953642 0.0178403755869 0.0380794701987
0 0.716901408451 0.168874172185 0.0197183098592 0.0298013245033
0 0.708450704225 0.148178807947 0.0159624413146 0.0281456953642
0 0.694366197183 0.191225165563 0.0234741784038 0.0380794701987
0 0.693896713615 0.10678807947 0.0169014084507 0.0380794701987
0 0.747417840376 0.110927152318 0.0112676056338 0.0264900662252
0 0.805164319249 0.134105960265 0.0103286384977 0.023178807947
