0 0.0813424345848 0.265285996055 0.0147895335609 0.0335305719921
0 0.41638225256 0.212031558185 0.0182025028441 0.0335305719921
0 0.465870307167 0.138067061144 0.0125142207053 0.0236686390533
0 0.493174061433 0.166666666667 0.0170648464164 0.0335305719921
0 0.462457337884 0.175542406312 0.0170648464164 0.0355029585799
0 0.453356086462 0.226824457594 0.0193401592719 0.0394477317554
0 0.555176336746 0.169625246548 0.0159271899886 0.0276134122288
0 0.547781569966 0.184418145957 0.0147895335609 0.0374753451677
0 0.633105802048 0.215976331361 0.0216154721274 0.0414201183432
0 0.633674630262 0.258382642998 0.0227531285552 0.0473372781065
0 0.640500568828 0.310650887574 0.0273037542662 0.0611439842209
0 0.678043230944 0.286982248521 0.0204778156997 0.0414201183432
0 0.678043230944 0.170611439842 0.0159271899886 0.0414201183432
0 0.686006825939 0.212031558185 0.0204778156997 0.0453648915187
0 0.742320819113 0.213017751479 0.0193401592719 0.043392504931
0 0.6393629124 0.12426035503 0.0136518771331 0.0355029585799
0 0.943117178612 0.24358974359 0.0159271899886 0.0414201183432
