0 0.248469387755 0.346014492754 0.0520408163265 0.0942028985507
0 0.533163265306 0.19384057971 0.0234693877551 0.0434782608696
0 0.586734693878 0.163043478261 0.0183673469388 0.0398550724638
0 0.616326530612 0.227355072464 0.0183673469388 0.0452898550725
0 0.661734693878 0.191123188406 0.019387755102 0.0416666666667
0 0.670918367347 0.221920289855 0.0173469387755 0.0380434782609
0 0.660204081633 0.246376811594 0.0244897959184 0.054347826087
0 0.709693877551 0.198369565217 0.0214285714286 0.0452898550725
0 0.742857142857 0.220108695652 0.0183673469388 0.0307971014493
0 0.730612244898 0.277173913043 0.0244897959184 0.0507246376812
0 0.747959183673 0.260869565217 0.0224489795918 0.0471014492754
0 0.723979591837 0.359601449275 0.0316326530612 0.0742753623188
0 0.809183673469 0.386775362319 0.030612244898 0.0851449275362
0 0.863265306122 0.426630434783 0.0367346938776 0.0778985507246
0 0.817857142857 0.242753623188 0.0234693877551 0.0579710144928
