0 0.135404454865 0.242203742204 0.0222743259086 0.0519750519751
0 0.148300117233 0.260914760915 0.0246189917937 0.0561330561331
0 0.169402110199 0.254677754678 0.0222743259086 0.047817047817
0 0.223915592028 0.205821205821 0.0234466588511 0.049896049896
0 0.245603751465 0.244282744283 0.0222743259086 0.043659043659
0 0.281359906213 0.2079002079 0.0187573270809 0.04158004158
0 0.304806565064 0.197505197505 0.0164126611958 0.037422037422
0 0.319460726846 0.182952182952 0.0175849941383 0.04158004158
0 0.336459554513 0.302494802495 0.0328253223916 0.0686070686071
0 0.461899179367 0.16632016632 0.0257913247362 0.0582120582121
0 0.548651817116 0.325363825364 0.0492379835873 0.101871101871
0 0.592614302462 0.252598752599 0.0386869871043 0.0686070686071
0 0.608440797186 0.169438669439 0.021101992966 0.043659043659
