0 0.173792557403 0.322873082287 0.0261282660333 0.0488145048815
0 0.199129057799 0.320083682008 0.0292953285827 0.0571827057183
0 0.21377672209 0.358437935844 0.0332541567696 0.0585774058577
0 0.277909738717 0.225941422594 0.0237529691211 0.044630404463
0 0.284243863816 0.196652719665 0.0174188440222 0.0334728033473
0 0.315914489311 0.232914923291 0.0237529691211 0.0418410041841
0 0.323436262866 0.301952580195 0.034045922407 0.0822873082287
0 0.35550277118 0.286610878661 0.0348376880443 0.0627615062762
0 0.348376880443 0.419107391911 0.0443388756928 0.0962343096234
0 0.445368171021 0.244769874477 0.0324623911322 0.0655509065551
0 0.53919239905 0.291492329149 0.0364212193191 0.0725244072524
0 0.356294536817 0.366806136681 0.0411718131433 0.0697350069735
