0 0.110177404295 0.557947019868 0.0578898225957 0.105960264901
0 0.252100840336 0.270695364238 0.0168067226891 0.0380794701987
0 0.271708683473 0.278145695364 0.0205415499533 0.0397350993377
0 0.300186741363 0.273178807947 0.0196078431373 0.0364238410596
0 0.348739495798 0.271523178808 0.0214752567694 0.0397350993377
0 0.374883286648 0.272350993377 0.0196078431373 0.0413907284768
0 0.391223155929 0.296357615894 0.0261437908497 0.0496688741722
0 0.307656395892 0.237582781457 0.0196078431373 0.0347682119205
0 0.330999066293 0.235927152318 0.0196078431373 0.0380794701987
0 0.353874883287 0.235099337748 0.0205415499533 0.0397350993377
0 0.381886087768 0.230132450331 0.0186741363212 0.0397350993377
0 0.435107376284 0.255794701987 0.0224089635854 0.044701986755
0 0.377217553688 0.186258278146 0.0130718954248 0.0314569536424
0 0.386554621849 0.19701986755 0.014939309057 0.0298013245033
0 0.418767507003 0.198675496689 0.015873015873 0.0331125827815
0 0.442577030812 0.198675496689 0.0186741363212 0.0331125827815
0 0.442577030812 0.177152317881 0.0168067226891 0.0298013245033
0 0.471988795518 0.236754966887 0.0214752567694 0.046357615894
0 0.483193277311 0.204470198675 0.0214752567694 0.0413907284768
0 0.460784313725 0.154801324503 0.015873015873 0.0314569536424
0 0.480392156863 0.144867549669 0.0140056022409 0.0281456953642
0 0.508403361345 0.176324503311 0.0177404295051 0.0314569536424
0 0.53548085901 0.190397350993 0.0177404295051 0.0397350993377
0 0.53081232493 0.174668874172 0.015873015873 0.0314569536424
0 0.560224089636 0.153145695364 0.0130718954248 0.0281456953642
0 0.5639589169 0.12582781457 0.0130718954248 0.0298013245033
0 0.593837535014 0.127483443709 0.0112044817927 0.0298013245033
0 0.614379084967 0.12582781457 0.0130718954248 0.0298013245033
0 0.59477124183 0.150662251656 0.0130718954248 0.0331125827815
0 0.570028011204 0.183774834437 0.0177404295051 0.0397350993377
0 0.576563958917 0.220198675497 0.0196078431373 0.0496688741722
0 0.61858076564 0.149006622517 0.0140056022409 0.0331125827815
0 0.633520074697 0.14321192053 0.0140056022409 0.0347682119205
0 0.671802054155 0.126655629139 0.015873015873 0.0281456953642
0 0.681139122316 0.163079470199 0.015873015873 0.0413907284768
0 0.72035480859 0.140728476821 0.0140056022409 0.0364238410596
0 0.755368814192 0.144867549669 0.014939309057 0.0314569536424
0 0.7558356676 0.133278145695 0.015873015873 0.0281456953642
0 0.768907563025 0.163079470199 0.0177404295051 0.0347682119205
0 0.787581699346 0.158112582781 0.0140056022409 0.0380794701987
0 0.797852474323 0.182947019868 0.0196078431373 0.0413907284768
0 0.831932773109 0.158940397351 0.0168067226891 0.0298013245033
0 0.847338935574 0.165562913907 0.0177404295051 0.0397350993377
0 0.893090569561 0.168046357616 0.015873015873 0.0314569536424
0 0.891690009337 0.159768211921 0.014939309057 0.0314569536424
0 0.844070961718 0.19619205298 0.0186741363212 0.044701986755
0 0.884687208217 0.194536423841 0.0177404295051 0.0480132450331
0 0.906629318394 0.240894039735 0.0186741363212 0.0480132450331
0 0.927637721755 0.264072847682 0.0233426704015 0.0579470198675
0 0.847338935574 0.243377483444 0.0252100840336 0.0596026490066
0 0.846872082166 0.296357615894 0.0280112044818 0.0596026490066
0 0.77497665733 0.207781456954 0.0205415499533 0.0480132450331
0 0.756302521008 0.235927152318 0.0261437908497 0.0546357615894
0 0.772175536881 0.276490066225 0.0280112044818 0.0629139072848
0 0.714285714286 0.280629139073 0.0224089635854 0.0645695364238
0 0.668067226891 0.265728476821 0.0233426704015 0.0579470198675
0 0.610644257703 0.270695364238 0.0261437908497 0.0579470198675
0 0.618113912232 0.301324503311 0.0280112044818 0.0562913907285
0 0.582166199813 0.294701986755 0.0270774976657 0.0562913907285
0 0.622782446312 0.212748344371 0.0205415499533 0.0413907284768
0 0.668067226891 0.223509933775 0.0233426704015 0.0496688741722
0 0.701213818861 0.234271523179 0.0261437908497 0.0546357615894
0 0.705882352941 0.192052980132 0.0186741363212 0.0430463576159
0 0.727824463119 0.207781456954 0.0196078431373 0.0480132450331
0 0.503734827264 0.294701986755 0.0289449112979 0.0562913907285
