0 0.0503292568203 0.340833333333 0.0178739416745 0.0316666666667
0 0.350893697084 0.265 0.0225776105362 0.0466666666667
0 0.390404515522 0.254166666667 0.0188146754468 0.045
0 0.4115710254 0.258333333333 0.0197554092192 0.05
0 0.445437441204 0.183333333333 0.0159924741298 0.0366666666667
0 0.478833490122 0.180833333333 0.0206961429915 0.0316666666667
0 0.461429915334 0.219166666667 0.0216368767639 0.0383333333333
0 0.481655691439 0.2175 0.0225776105362 0.035
0 0.492003762935 0.195833333333 0.0169332079022 0.0283333333333
0 0.490592662277 0.3 0.0272812793979 0.0466666666667
0 0.607243650047 0.260833333333 0.0253998118532 0.0416666666667
0 0.589840075259 0.0866666666667 0.0169332079022 0.0366666666667
0 0.68673565381 0.0625 0.0150517403575 0.0283333333333
0 0.719661335842 0.183333333333 0.0169332079022 0.0366666666667
0 0.753527751646 0.218333333333 0.0206961429915 0.0366666666667
0 0.578080903104 0.126666666667 0.0178739416745 0.0266666666667
