0 0.118003731343 0.573553719008 0.0569029850746 0.109090909091
0 0.271455223881 0.260330578512 0.0149253731343 0.0380165289256
0 0.282182835821 0.252892561983 0.0158582089552 0.0396694214876
0 0.291044776119 0.289256198347 0.0186567164179 0.0396694214876
0 0.37453358209 0.28347107438 0.0214552238806 0.0380165289256
0 0.361940298507 0.268595041322 0.0149253731343 0.0347107438017
0 0.347947761194 0.240495867769 0.0167910447761 0.0280991735537
0 0.369869402985 0.242148760331 0.017723880597 0.0314049586777
0 0.376865671642 0.189256198347 0.0130597014925 0.0314049586777
0 0.393656716418 0.194214876033 0.0167910447761 0.0280991735537
0 0.41697761194 0.18347107438 0.0149253731343 0.0330578512397
0 0.416044776119 0.147933884298 0.0130597014925 0.0280991735537
0 0.449160447761 0.186776859504 0.017723880597 0.0363636363636
0 0.466884328358 0.189256198347 0.0195895522388 0.0380165289256
0 0.475746268657 0.225619834711 0.0205223880597 0.0413223140496
0 0.450559701493 0.228099173554 0.0242537313433 0.0429752066116
0 0.444962686567 0.164462809917 0.0130597014925 0.0247933884298
0 0.476679104478 0.154545454545 0.0130597014925 0.0280991735537
0 0.471082089552 0.136363636364 0.0111940298507 0.0214876033058
0 0.490205223881 0.195867768595 0.0195895522388 0.0446280991736
0 0.506996268657 0.179338842975 0.0158582089552 0.0314049586777
0 0.524253731343 0.207438016529 0.0223880597015 0.0479338842975
0 0.507929104478 0.135537190083 0.0121268656716 0.0264462809917
0 0.525186567164 0.142148760331 0.0167910447761 0.0297520661157
0 0.542910447761 0.123966942149 0.0149253731343 0.0264462809917
0 0.553171641791 0.114876033058 0.0130597014925 0.0280991735537
0 0.559701492537 0.135537190083 0.0130597014925 0.0297520661157
0 0.571361940299 0.151239669421 0.0121268656716 0.0314049586777
0 0.586287313433 0.178512396694 0.0158582089552 0.0396694214876
0 0.582089552239 0.106611570248 0.0130597014925 0.0280991735537
0 0.598880597015 0.109917355372 0.00932835820896 0.0280991735537
0 0.61427238806 0.101652892562 0.0139925373134 0.0314049586777
0 0.611473880597 0.160330578512 0.0158582089552 0.0297520661157
0 0.652985074627 0.173553719008 0.0186567164179 0.0396694214876
0 0.64598880597 0.137190082645 0.0139925373134 0.0297520661157
0 0.649720149254 0.119834710744 0.0121268656716 0.0280991735537
0 0.642723880597 0.104132231405 0.0130597014925 0.0297520661157
0 0.673973880597 0.102479338843 0.0158582089552 0.0330578512397
0 0.69776119403 0.117355371901 0.0130597014925 0.0297520661157
0 0.551305970149 0.180991735537 0.0167910447761 0.0314049586777
0 0.498600746269 0.293388429752 0.0326492537313 0.0644628099174
0 0.540578358209 0.322314049587 0.027052238806 0.0528925619835
0 0.575559701493 0.247107438017 0.0223880597015 0.0413223140496
0 0.620335820896 0.247107438017 0.0242537313433 0.0479338842975
0 0.634794776119 0.202479338843 0.017723880597 0.0347107438017
0 0.665111940299 0.214876033058 0.0242537313433 0.0495867768595
0 0.701492537313 0.151239669421 0.0149253731343 0.0314049586777
0 0.710354477612 0.180165289256 0.017723880597 0.0462809917355
0 0.730876865672 0.197520661157 0.0195895522388 0.0479338842975
0 0.728078358209 0.248760330579 0.0214552238806 0.0545454545455
0 0.701958955224 0.236363636364 0.0251865671642 0.0462809917355
0 0.755130597015 0.136363636364 0.0139925373134 0.0314049586777
0 0.750932835821 0.114876033058 0.0130597014925 0.0247933884298
0 0.764925373134 0.126446280992 0.0149253731343 0.0314049586777
0 0.795242537313 0.139669421488 0.017723880597 0.0380165289256
0 0.811567164179 0.146280991736 0.0167910447761 0.0413223140496
0 0.832555970149 0.138842975207 0.0139925373134 0.0330578512397
0 0.853078358209 0.127272727273 0.0121268656716 0.0330578512397
0 0.867537313433 0.131404958678 0.0130597014925 0.0247933884298
0 0.861473880597 0.16694214876 0.0158582089552 0.0363636363636
0 0.870802238806 0.15867768595 0.0121268656716 0.0231404958678
0 0.886660447761 0.202479338843 0.017723880597 0.0347107438017
0 0.889925373134 0.171900826446 0.0149253731343 0.0264462809917
0 0.901119402985 0.165289256198 0.0130597014925 0.0297520661157
0 0.898787313433 0.133884297521 0.00839552238806 0.0264462809917
0 0.927705223881 0.211570247934 0.017723880597 0.0396694214876
0 0.931436567164 0.24958677686 0.0195895522388 0.0363636363636
0 0.915111940299 0.26694214876 0.0205223880597 0.0413223140496
0 0.912313432836 0.312396694215 0.0298507462687 0.0595041322314
0 0.898320895522 0.409090909091 0.035447761194 0.0842975206612
0 0.813899253731 0.40826446281 0.0363805970149 0.0793388429752
0 0.745335820896 0.381818181818 0.0317164179104 0.0727272727273
0 0.695429104478 0.30826446281 0.0401119402985 0.0743801652893
0 0.627798507463 0.315702479339 0.0391791044776 0.0694214876033
0 0.763526119403 0.245454545455 0.027052238806 0.0677685950413
0 0.773320895522 0.18347107438 0.0205223880597 0.0396694214876
0 0.811567164179 0.254545454545 0.0242537313433 0.0528925619835
0 0.832089552239 0.209917355372 0.0186567164179 0.0528925619835
0 0.845615671642 0.286776859504 0.0307835820896 0.0578512396694
0 0.879664179104 0.260330578512 0.0242537313433 0.0545454545455
