0 0.19431051109 0.485395189003 0.0433944069431 0.0773195876289
0 0.123915139826 0.236254295533 0.0221793635487 0.0292096219931
0 0.268081002893 0.231958762887 0.0212150433944 0.0343642611684
0 0.346190935391 0.244845360825 0.0192864030858 0.0395189003436
0 0.340405014465 0.201030927835 0.0154291224687 0.0343642611684
0 0.357280617165 0.212199312715 0.0106075216972 0.0292096219931
0 0.371263259402 0.211340206186 0.0135004821601 0.0274914089347
0 0.409836065574 0.232817869416 0.0192864030858 0.0360824742268
0 0.467695274831 0.218213058419 0.0192864030858 0.0343642611684
0 0.440694310511 0.18470790378 0.0192864030858 0.0257731958763
0 0.391513982642 0.172680412371 0.0115718418515 0.0189003436426
0 0.395371263259 0.197594501718 0.0154291224687 0.0171821305842
0 0.43924783028 0.151202749141 0.016393442623 0.0274914089347
0 0.507714561234 0.194158075601 0.0202507232401 0.0343642611684
0 0.756509161041 0.353092783505 0.0337512054002 0.0463917525773
0 0.679845708775 0.279209621993 0.023143683703 0.0429553264605
0 0.629701060752 0.257731958763 0.0270009643202 0.0378006872852
0 0.628736740598 0.203608247423 0.0212150433944 0.0395189003436
0 0.666345226615 0.231958762887 0.0212150433944 0.0378006872852
0 0.594021215043 0.253436426117 0.0212150433944 0.0429553264605
0 0.535197685632 0.221649484536 0.0115718418515 0.0274914089347
0 0.785920925747 0.338487972509 0.023143683703 0.0515463917526
0 0.75506268081 0.295532646048 0.023143683703 0.0343642611684
0 0.719382835101 0.249140893471 0.0212150433944 0.0343642611684
0 0.824493731919 0.365120274914 0.0192864030858 0.053264604811
0 0.911282545805 0.399484536082 0.0289296046287 0.0429553264605
0 0.881870781099 0.262027491409 0.0183220829315 0.0429553264605
0 0.927193828351 0.300687285223 0.0279652844744 0.0412371134021
0 0.847637415622 0.235395189003 0.0154291224687 0.0240549828179
0 0.497107039537 0.138316151203 0.0125361620058 0.0189003436426
0 0.536644165863 0.146907216495 0.0125361620058 0.0292096219931
0 0.599807135969 0.122852233677 0.00964320154291 0.0223367697595
0 0.612825458052 0.111683848797 0.0106075216972 0.0274914089347
0 0.675988428158 0.115979381443 0.0115718418515 0.0257731958763
0 0.689006750241 0.127147766323 0.0106075216972 0.0309278350515
0 0.668273866924 0.14089347079 0.0135004821601 0.0240549828179
0 0.652844744455 0.129725085911 0.00964320154291 0.0189003436426
0 0.655255544841 0.10910652921 0.0125361620058 0.0189003436426
0 0.617647058824 0.170962199313 0.0144648023144 0.0223367697595
0 0.684667309547 0.194158075601 0.0154291224687 0.0274914089347
0 0.711668273867 0.124570446735 0.0135004821601 0.0257731958763
0 0.764223722276 0.134020618557 0.0125361620058 0.020618556701
0 0.809546769527 0.154639175258 0.0125361620058 0.0343642611684
0 0.828351012536 0.192439862543 0.0115718418515 0.0274914089347
0 0.858244937319 0.199312714777 0.0135004821601 0.0274914089347
0 0.872227579556 0.170962199313 0.0144648023144 0.03264604811
0 0.906943105111 0.170103092784 0.0125361620058 0.0343642611684
0 0.850048216008 0.157216494845 0.0144648023144 0.0223367697595
0 0.833172613308 0.168384879725 0.0154291224687 0.020618556701
0 0.898264223722 0.218213058419 0.0144648023144 0.0274914089347
0 0.947926711668 0.211340206186 0.0115718418515 0.0274914089347
0 0.762777242044 0.186426116838 0.0154291224687 0.0223367697595
0 0.94262295082 0.178694158076 0.0125361620058 0.020618556701
0 0.566055930569 0.140034364261 0.0115718418515 0.0257731958763
0 0.581485053038 0.13058419244 0.0115718418515 0.020618556701
0 0.519768563163 0.137457044674 0.0115718418515 0.0171821305842
0 0.472034715526 0.182989690722 0.0144648023144 0.0154639175258
0 0.621022179364 0.144329896907 0.0135004821601 0.0274914089347
0 0.783027965284 0.170103092784 0.0115718418515 0.020618556701
0 0.708293153327 0.193298969072 0.016393442623 0.0395189003436
0 0.725168756027 0.203608247423 0.023143683703 0.0429553264605
0 0.581967213115 0.201030927835 0.016393442623 0.0274914089347
0 0.845708775313 0.213917525773 0.0154291224687 0.0360824742268
0 0.92574734812 0.252577319588 0.023143683703 0.0446735395189
0 0.93924783028 0.199312714777 0.0115718418515 0.0309278350515
0 0.508196721311 0.161512027491 0.0115718418515 0.0240549828179
0 0.485053037608 0.16323024055 0.0115718418515 0.0171821305842
0 0.515429122469 0.181271477663 0.016393442623 0.0292096219931
0 0.5506268081 0.144329896907 0.0135004821601 0.0274914089347
