0 0.581927710843 0.306209850107 0.0409638554217 0.0856531049251
0 0.532530120482 0.19164882227 0.0168674698795 0.0364025695931
0 0.59156626506 0.159528907923 0.0144578313253 0.0321199143469
0 0.625301204819 0.202355460385 0.0192771084337 0.0321199143469
0 0.672891566265 0.182012847966 0.0156626506024 0.03426124197
0 0.674698795181 0.204496788009 0.0192771084337 0.0406852248394
0 0.66265060241 0.248394004283 0.0240963855422 0.051391862955
0 0.709036144578 0.197002141328 0.0156626506024 0.0385438972163
0 0.751204819277 0.197002141328 0.0180722891566 0.0385438972163
0 0.759638554217 0.234475374732 0.0228915662651 0.0449678800857
0 0.749397590361 0.27408993576 0.0240963855422 0.0471092077088
0 0.822289156627 0.264453961456 0.0228915662651 0.0449678800857
0 0.746385542169 0.34903640257 0.0325301204819 0.06852248394
0 0.809036144578 0.396145610278 0.0325301204819 0.0728051391863
0 0.917469879518 0.401498929336 0.0325301204819 0.0620985010707
