0 0.345394736842 0.235245901639 0.0197368421053 0.0377049180328
0 0.356203007519 0.311475409836 0.0206766917293 0.0393442622951
0 0.392387218045 0.300819672131 0.0197368421053 0.0377049180328
0 0.402255639098 0.227049180328 0.0187969924812 0.0344262295082
0 0.368421052632 0.202459016393 0.015037593985 0.027868852459
0 0.396616541353 0.189344262295 0.0112781954887 0.0311475409836
0 0.411184210526 0.204098360656 0.0178571428571 0.0344262295082
0 0.460996240602 0.232786885246 0.0178571428571 0.0327868852459
0 0.49295112782 0.231147540984 0.0197368421053 0.0393442622951
0 0.494360902256 0.204918032787 0.0187969924812 0.0327868852459
0 0.478853383459 0.190163934426 0.0140977443609 0.0295081967213
0 0.46287593985 0.206557377049 0.015977443609 0.0262295081967
0 0.453007518797 0.184426229508 0.015037593985 0.027868852459
0 0.580357142857 0.144262295082 0.0140977443609 0.0262295081967
0 0.493890977444 0.309016393443 0.0253759398496 0.044262295082
0 0.631578947368 0.251639344262 0.0206766917293 0.0475409836066
0 0.671992481203 0.0622950819672 0.0112781954887 0.0229508196721
0 0.714285714286 0.193442622951 0.0187969924812 0.0426229508197
0 0.759398496241 0.245901639344 0.0187969924812 0.0524590163934
0 0.927631578947 0.229508196721 0.0169172932331 0.0393442622951
