0 0.050139275766 0.372727272727 0.0185701021356 0.0413223140496
0 0.24930362117 0.257851239669 0.0120705663881 0.0231404958678
0 0.270194986072 0.26694214876 0.0148560817084 0.0214876033058
0 0.292014856082 0.260330578512 0.0157845868152 0.0347107438017
0 0.316155988858 0.261983471074 0.0139275766017 0.0380165289256
0 0.33008356546 0.270247933884 0.0157845868152 0.0347107438017
0 0.320334261838 0.218181818182 0.0148560817084 0.0264462809917
0 0.349117920149 0.230578512397 0.016713091922 0.0280991735537
0 0.351439182916 0.205785123967 0.0139275766017 0.0214876033058
0 0.364902506964 0.195041322314 0.0129990714949 0.0231404958678
0 0.382079851439 0.189256198347 0.0120705663881 0.0314049586777
0 0.396935933148 0.197520661157 0.0157845868152 0.0280991735537
0 0.381615598886 0.233884297521 0.0148560817084 0.0314049586777
0 0.36165273909 0.274380165289 0.0176415970288 0.0363636363636
0 0.392757660167 0.287603305785 0.0222841225627 0.0396694214876
0 0.431754874652 0.234710743802 0.0185701021356 0.0363636363636
0 0.441968430826 0.190909090909 0.0129990714949 0.0280991735537
0 0.458681522748 0.200826446281 0.0148560817084 0.0247933884298
0 0.467966573816 0.23305785124 0.0185701021356 0.0330578512397
0 0.480965645311 0.194214876033 0.0185701021356 0.0347107438017
0 0.458681522748 0.145454545455 0.0129990714949 0.0198347107438
0 0.491179201486 0.169421487603 0.0129990714949 0.0314049586777
0 0.480501392758 0.137190082645 0.0102135561746 0.0198347107438
0 0.520427112349 0.207438016529 0.0157845868152 0.0380165289256
0 0.52878365831 0.167768595041 0.0139275766017 0.0280991735537
0 0.559888579387 0.174380165289 0.016713091922 0.0314049586777
0 0.559888579387 0.126446280992 0.0111420612813 0.0247933884298
0 0.576601671309 0.143801652893 0.0111420612813 0.0264462809917
0 0.588207985144 0.120661157025 0.0102135561746 0.0231404958678
0 0.607706592386 0.119008264463 0.0102135561746 0.0231404958678
0 0.607242339833 0.145454545455 0.0111420612813 0.0231404958678
0 0.633240482823 0.142148760331 0.0111420612813 0.0264462809917
0 0.632311977716 0.118181818182 0.00928505106778 0.0181818181818
0 0.672237697307 0.119008264463 0.0129990714949 0.0264462809917
0 0.483286908078 0.300826446281 0.025069637883 0.0495867768595
0 0.561745589601 0.290909090909 0.0241411327762 0.0528925619835
0 0.568709377902 0.223140495868 0.0232126276695 0.0561983471074
0 0.616991643454 0.242975206612 0.0176415970288 0.0429752066116
0 0.629526462396 0.201652892562 0.0129990714949 0.0297520661157
0 0.647168059424 0.215702479339 0.0204271123491 0.0446280991736
0 0.656453110492 0.265289256198 0.0204271123491 0.0446280991736
0 0.618848653668 0.322314049587 0.0343546889508 0.0495867768595
0 0.680594243268 0.192561983471 0.0148560817084 0.0280991735537
0 0.675951717734 0.155371900826 0.0129990714949 0.0264462809917
0 0.702878365831 0.152892561983 0.0129990714949 0.0247933884298
0 0.72330547818 0.185950413223 0.016713091922 0.0347107438017
0 0.696378830084 0.234710743802 0.016713091922 0.0330578512397
0 0.713091922006 0.29173553719 0.0204271123491 0.0446280991736
0 0.752553389044 0.22479338843 0.0157845868152 0.0462809917355
0 0.75348189415 0.171074380165 0.0157845868152 0.0280991735537
0 0.740482822656 0.144628099174 0.0139275766017 0.0314049586777
0 0.757195914578 0.135537190083 0.0139275766017 0.0264462809917
0 0.779015784587 0.145454545455 0.0129990714949 0.0297520661157
0 0.798050139276 0.131404958678 0.0102135561746 0.0247933884298
0 0.825905292479 0.146280991736 0.0120705663881 0.0314049586777
0 0.805942432683 0.182644628099 0.0148560817084 0.0347107438017
0 0.772516248839 0.204958677686 0.016713091922 0.0396694214876
0 0.821262766945 0.219008264463 0.0157845868152 0.0347107438017
0 0.763695450325 0.296694214876 0.0232126276695 0.0479338842975
0 0.836118848654 0.310743801653 0.025069637883 0.0528925619835
0 0.849117920149 0.260330578512 0.0213556174559 0.0446280991736
0 0.929433611885 0.267768595041 0.0204271123491 0.0528925619835
0 0.914113277623 0.244628099174 0.0176415970288 0.0528925619835
0 0.894614670381 0.195867768595 0.0176415970288 0.0347107438017
0 0.883472609099 0.172727272727 0.0120705663881 0.0214876033058
0 0.883008356546 0.153719008264 0.0111420612813 0.0231404958678
0 0.840761374188 0.186776859504 0.0157845868152 0.0330578512397
0 0.847260909935 0.164462809917 0.0139275766017 0.0247933884298
