0 0.101918465228 0.551120448179 0.0583533173461 0.105042016807
0 0.221422861711 0.348039215686 0.0191846522782 0.0350140056022
0 0.259792166267 0.341036414566 0.0207833733014 0.046218487395
0 0.285371702638 0.296218487395 0.0191846522782 0.0378151260504
0 0.284572342126 0.370448179272 0.0223820943245 0.0490196078431
0 0.317346123102 0.379551820728 0.0255795363709 0.047619047619
0 0.352917665867 0.325630252101 0.0199840127898 0.0434173669468
0 0.35451638689 0.292016806723 0.0183852917666 0.0378151260504
0 0.383693045564 0.328431372549 0.0143884892086 0.0350140056022
0 0.4068745004 0.331932773109 0.0191846522782 0.0420168067227
0 0.404476418865 0.295518207283 0.0159872102318 0.0336134453782
0 0.438049560352 0.329131652661 0.0207833733014 0.0364145658263
0 0.43725019984 0.299719887955 0.0191846522782 0.0364145658263
0 0.466826538769 0.294117647059 0.0191846522782 0.0364145658263
0 0.508393285372 0.308823529412 0.017585931255 0.0378151260504
0 0.402877697842 0.235994397759 0.0143884892086 0.0350140056022
0 0.429256594724 0.260504201681 0.0127897681855 0.0280112044818
0 0.443245403677 0.244397759104 0.013589128697 0.0294117647059
0 0.456434852118 0.271008403361 0.0143884892086 0.0322128851541
0 0.462829736211 0.236694677871 0.0127897681855 0.0252100840336
0 0.490007993605 0.259103641457 0.0143884892086 0.0280112044818
0 0.523181454836 0.259803921569 0.0151878497202 0.0322128851541
0 0.513988808953 0.233193277311 0.0143884892086 0.0266106442577
0 0.528377298161 0.247899159664 0.0127897681855 0.0252100840336
0 0.544764188649 0.282913165266 0.0151878497202 0.0336134453782
0 0.569544364508 0.248599439776 0.013589128697 0.0294117647059
0 0.541966426859 0.223389355742 0.0127897681855 0.0294117647059
0 0.563149480416 0.21568627451 0.013589128697 0.0252100840336
0 0.588329336531 0.240196078431 0.0127897681855 0.0266106442577
0 0.592326139089 0.221288515406 0.0143884892086 0.0280112044818
0 0.603916866507 0.198179271709 0.013589128697 0.0266106442577
0 0.619104716227 0.204481792717 0.0151878497202 0.0280112044818
0 0.627897681855 0.237394957983 0.0151878497202 0.0322128851541
0 0.650279776179 0.214285714286 0.013589128697 0.0280112044818
0 0.662270183853 0.223389355742 0.0119904076739 0.0294117647059
0 0.675459632294 0.223389355742 0.0127897681855 0.0322128851541
0 0.694644284572 0.24299719888 0.0159872102318 0.0350140056022
0 0.47242206235 0.391456582633 0.0303756994404 0.063025210084
0 0.523980815348 0.364845938375 0.0279776179057 0.0546218487395
0 0.538369304556 0.397058823529 0.0327737809752 0.063025210084
0 0.578737010392 0.425070028011 0.03517186251 0.0714285714286
0 0.608713029576 0.340336134454 0.0231814548361 0.047619047619
0 0.591526778577 0.320728291317 0.0239808153477 0.0532212885154
0 0.629096722622 0.292717086835 0.017585931255 0.0420168067227
0 0.638289368505 0.326330532213 0.0199840127898 0.047619047619
0 0.656274980016 0.364145658263 0.0255795363709 0.0560224089636
0 0.676658673062 0.346638655462 0.0263788968825 0.063025210084
0 0.630295763389 0.444677871148 0.0375699440448 0.0714285714286
0 0.687050359712 0.50350140056 0.0423661071143 0.093837535014
0 0.666266986411 0.259103641457 0.0183852917666 0.0336134453782
0 0.711430855316 0.280112044818 0.0143884892086 0.03081232493
0 0.719424460432 0.255602240896 0.0191846522782 0.0406162464986
0 0.730215827338 0.241596638655 0.013589128697 0.0378151260504
0 0.743005595524 0.223389355742 0.0167865707434 0.0322128851541
0 0.767785771383 0.235294117647 0.0151878497202 0.0364145658263
0 0.756195043965 0.27380952381 0.017585931255 0.0406162464986
0 0.751398880895 0.255602240896 0.0143884892086 0.0322128851541
0 0.727817745803 0.394957983193 0.0279776179057 0.0588235294118
0 0.758193445244 0.43487394958 0.0279776179057 0.0686274509804
0 0.795763389289 0.50700280112 0.0391686650679 0.078431372549
0 0.831334932054 0.440476190476 0.0287769784173 0.063025210084
0 0.896882494005 0.469887955182 0.0335731414868 0.0686274509804
0 0.794164668265 0.350840336134 0.0183852917666 0.0546218487395
0 0.802557953637 0.34593837535 0.0207833733014 0.0448179271709
0 0.848521183054 0.371148459384 0.0215827338129 0.0588235294118
0 0.861310951239 0.369047619048 0.0167865707434 0.0406162464986
0 0.8896882494 0.385154061625 0.0207833733014 0.0532212885154
0 0.910871302958 0.344537815126 0.0167865707434 0.0420168067227
0 0.921262989608 0.320028011204 0.0167865707434 0.0378151260504
0 0.912470023981 0.287114845938 0.0119904076739 0.0280112044818
0 0.918065547562 0.265406162465 0.0167865707434 0.0350140056022
0 0.88209432454 0.288515406162 0.0151878497202 0.0336134453782
0 0.866107114309 0.316526610644 0.0183852917666 0.0448179271709
0 0.82893685052 0.305322128852 0.0191846522782 0.0364145658263
0 0.798561151079 0.301120448179 0.0191846522782 0.0336134453782
0 0.810551558753 0.266106442577 0.017585931255 0.0336134453782
0 0.824540367706 0.260504201681 0.013589128697 0.0336134453782
0 0.797761790568 0.255602240896 0.0143884892086 0.0294117647059
0 0.843725019984 0.265406162465 0.0151878497202 0.0322128851541
0 0.855715427658 0.252801120448 0.013589128697 0.0322128851541
