0 0.0228426395939 0.425304878049 0.0270727580372 0.0518292682927
0 0.239424703892 0.345274390244 0.0186125211506 0.0411585365854
0 0.265228426396 0.379573170732 0.0228426395939 0.0518292682927
0 0.29399323181 0.317073170732 0.0177664974619 0.0365853658537
0 0.306260575296 0.370426829268 0.0219966159052 0.0457317073171
0 0.343908629442 0.363567073171 0.0228426395939 0.047256097561
0 0.371827411168 0.336890243902 0.0194585448393 0.0396341463415
0 0.366751269036 0.299542682927 0.0160744500846 0.0350609756098
0 0.398900169205 0.342987804878 0.0160744500846 0.0396341463415
0 0.423011844332 0.344512195122 0.0219966159052 0.0426829268293
0 0.422165820643 0.304115853659 0.0186125211506 0.0381097560976
0 0.400592216582 0.268292682927 0.0143824027073 0.0335365853659
0 0.419627749577 0.268292682927 0.0152284263959 0.030487804878
0 0.449661590525 0.313262195122 0.0177664974619 0.0350609756098
0 0.459390862944 0.268292682927 0.0169204737733 0.030487804878
0 0.443739424704 0.240091463415 0.0143824027073 0.032012195122
0 0.488578680203 0.30487804878 0.0160744500846 0.030487804878
0 0.488155668359 0.268292682927 0.0152284263959 0.0335365853659
0 0.485194585448 0.237804878049 0.0126903553299 0.030487804878
0 0.514382402707 0.265243902439 0.0152284263959 0.0396341463415
0 0.537648054146 0.27743902439 0.0177664974619 0.0365853658537
0 0.540186125212 0.247713414634 0.0143824027073 0.0289634146341
0 0.562605752961 0.249237804878 0.0152284263959 0.0350609756098
0 0.517766497462 0.323170731707 0.0203045685279 0.0426829268293
0 0.461082910321 0.352134146341 0.0236886632826 0.0518292682927
0 0.480964467005 0.426067073171 0.0313028764805 0.0564024390244
0 0.552030456853 0.363567073171 0.0279187817259 0.0533536585366
0 0.571489001692 0.291920731707 0.0160744500846 0.0381097560976
0 0.600253807107 0.268292682927 0.0160744500846 0.0396341463415
0 0.590947546531 0.247713414634 0.0126903553299 0.0259146341463
0 0.576988155668 0.224847560976 0.0135363790186 0.032012195122
0 0.594331641286 0.220274390244 0.0126903553299 0.0289634146341
0 0.616751269036 0.249237804878 0.0135363790186 0.032012195122
0 0.62013536379 0.221036585366 0.0118443316413 0.030487804878
0 0.628595600677 0.206554878049 0.0135363790186 0.0259146341463
0 0.645939086294 0.214176829268 0.0126903553299 0.032012195122
0 0.66116751269 0.22637195122 0.0143824027073 0.032012195122
0 0.662013536379 0.245426829268 0.0143824027073 0.0365853658537
0 0.678934010152 0.206554878049 0.0143824027073 0.032012195122
0 0.69627749577 0.227896341463 0.0135363790186 0.032012195122
0 0.72165820643 0.221036585366 0.0135363790186 0.030487804878
0 0.722504230118 0.248475609756 0.0152284263959 0.0365853658537
0 0.695431472081 0.264481707317 0.0169204737733 0.0350609756098
0 0.65524534687 0.307164634146 0.0177664974619 0.047256097561
0 0.709813874788 0.327743902439 0.0236886632826 0.0487804878049
0 0.618020304569 0.342225609756 0.0262267343486 0.0594512195122
0 0.61421319797 0.403963414634 0.0304568527919 0.0640243902439
0 0.615059221658 0.46875 0.0338409475465 0.0746951219512
0 0.562182741117 0.419969512195 0.0329949238579 0.0685975609756
0 0.664974619289 0.355182926829 0.0236886632826 0.0548780487805
0 0.678087986464 0.380335365854 0.0262267343486 0.0533536585366
0 0.660321489002 0.486280487805 0.0363790186125 0.0640243902439
0 0.733502538071 0.485518292683 0.0372250423012 0.0807926829268
0 0.744077834179 0.423018292683 0.0329949238579 0.0594512195122
0 0.711505922166 0.366615853659 0.0236886632826 0.047256097561
0 0.794839255499 0.444359756098 0.0329949238579 0.0716463414634
0 0.748307952623 0.290396341463 0.0177664974619 0.0381097560976
0 0.768189509306 0.263719512195 0.0169204737733 0.0426829268293
0 0.76565143824 0.240853658537 0.0152284263959 0.030487804878
0 0.786379018613 0.228658536585 0.0160744500846 0.0365853658537
0 0.783417935702 0.262957317073 0.0152284263959 0.032012195122
0 0.797800338409 0.283536585366 0.0203045685279 0.0487804878049
0 0.804145516074 0.244664634146 0.0143824027073 0.0350609756098
0 0.815143824027 0.25 0.0143824027073 0.0335365853659
0 0.84475465313 0.266768292683 0.0177664974619 0.0396341463415
0 0.843062605753 0.3125 0.0194585448393 0.0365853658537
0 0.838409475465 0.371951219512 0.0253807106599 0.0518292682927
0 0.862521150592 0.342225609756 0.0211505922166 0.0411585365854
0 0.865059221658 0.317835365854 0.0160744500846 0.0350609756098
0 0.891708967851 0.380335365854 0.0236886632826 0.0564024390244
0 0.873519458545 0.455030487805 0.0296108291032 0.0625
0 0.861675126904 0.538109756098 0.0346869712352 0.0792682926829
0 0.939086294416 0.487042682927 0.0321489001692 0.0716463414634
0 0.918781725888 0.355945121951 0.0169204737733 0.047256097561
0 0.916243654822 0.317835365854 0.0186125211506 0.0411585365854
0 0.880710659898 0.286585365854 0.0152284263959 0.0396341463415
0 0.868020304569 0.254573170732 0.0118443316413 0.0274390243902
0 0.884517766497 0.268292682927 0.0143824027073 0.030487804878
0 0.900592216582 0.245426829268 0.0143824027073 0.0365853658537
0 0.922588832487 0.286585365854 0.0177664974619 0.0396341463415
0 0.939086294416 0.326219512195 0.0203045685279 0.0457317073171
0 0.956852791878 0.362042682927 0.0219966159052 0.0594512195122
0 0.961505922166 0.313262195122 0.0160744500846 0.032012195122
0 0.965313028765 0.280487804878 0.0135363790186 0.0243902439024
