0 0.446138211382 0.25311942959 0.0284552845528 0.0534759358289
0 0.533028455285 0.206773618538 0.0193089430894 0.0356506238859
0 0.590955284553 0.17825311943 0.0132113821138 0.0285204991087
0 0.613821138211 0.207664884135 0.0182926829268 0.0409982174688
0 0.653455284553 0.263814616756 0.0182926829268 0.0463458110517
0 0.66412601626 0.229055258467 0.0172764227642 0.0374331550802
0 0.678353658537 0.210338680927 0.015243902439 0.0285204991087
0 0.718495934959 0.214795008913 0.0182926829268 0.0374331550802
0 0.734756097561 0.214795008913 0.0182926829268 0.030303030303
0 0.765243902439 0.238859180036 0.020325203252 0.0392156862745
0 0.805894308943 0.25935828877 0.0182926829268 0.0374331550802
0 0.734756097561 0.280748663102 0.0182926829268 0.0445632798574
0 0.732215447154 0.347593582888 0.0213414634146 0.0606060606061
0 0.815548780488 0.388591800357 0.0233739837398 0.0606060606061
0 0.908028455285 0.45632798574 0.025406504065 0.0606060606061
