0 0.199902248289 0.369947275923 0.0478983382209 0.0931458699473
0 0.287390029326 0.223198594025 0.0136852394917 0.0351493848858
0 0.321114369501 0.24165202109 0.0166177908113 0.0404217926186
0 0.330400782014 0.181019332162 0.0136852394917 0.0316344463972
0 0.32991202346 0.223198594025 0.0146627565982 0.0281195079086
0 0.351417399804 0.188927943761 0.0166177908113 0.0333919156415
0 0.370967741935 0.199472759227 0.0166177908113 0.0404217926186
0 0.384652981427 0.247803163445 0.0185728250244 0.0386643233743
0 0.375366568915 0.236379613357 0.0156402737048 0.0298769771529
0 0.402248289345 0.194200351494 0.0185728250244 0.0404217926186
0 0.424731182796 0.227592267135 0.0185728250244 0.0474516695958
0 0.445259042033 0.217926186292 0.0185728250244 0.0386643233743
0 0.445747800587 0.19244288225 0.0156402737048 0.0298769771529
0 0.439882697947 0.16783831283 0.0156402737048 0.0298769771529
0 0.417399804497 0.170474516696 0.0156402737048 0.0316344463972
0 0.424242424242 0.144112478032 0.0117302052786 0.0316344463972
0 0.459433040078 0.144991212654 0.0136852394917 0.0333919156415
0 0.47165200391 0.142355008787 0.0127077223851 0.0281195079086
0 0.477028347996 0.181019332162 0.019550342131 0.0386643233743
0 0.505376344086 0.215289982425 0.019550342131 0.0404217926186
0 0.499511241447 0.190685413005 0.0136852394917 0.0263620386643
0 0.49706744868 0.15992970123 0.0146627565982 0.0316344463972
0 0.488269794721 0.142355008787 0.0127077223851 0.02460456942
0 0.50293255132 0.120386643234 0.0127077223851 0.0298769771529
0 0.520527859238 0.13532513181 0.0146627565982 0.0316344463972
0 0.536656891496 0.166080843585 0.0136852394917 0.0333919156415
0 0.554740957967 0.187170474517 0.0166177908113 0.0404217926186
0 0.556207233627 0.157293497364 0.0156402737048 0.0298769771529
0 0.547898338221 0.142355008787 0.010752688172 0.0210896309315
0 0.543010752688 0.121265377856 0.0146627565982 0.0281195079086
0 0.571847507331 0.121265377856 0.0136852394917 0.0281195079086
0 0.586021505376 0.174868189807 0.0185728250244 0.0369068541301
0 0.580156402737 0.115114235501 0.010752688172 0.0228471001757
0 0.598729227761 0.130052724077 0.0146627565982 0.0316344463972
0 0.610948191593 0.111599297012 0.0117302052786 0.0263620386643
0 0.622189638319 0.15992970123 0.0166177908113 0.0316344463972
0 0.632942326491 0.127416520211 0.0146627565982 0.0333919156415
0 0.658357771261 0.134446397188 0.0205278592375 0.0369068541301
0 0.660312805474 0.102811950791 0.0146627565982 0.0263620386643
0 0.693548387097 0.120386643234 0.0127077223851 0.0263620386643
0 0.692082111437 0.100175746924 0.0117302052786 0.0210896309315
0 0.712609970674 0.108084358524 0.0136852394917 0.0298769771529
0 0.567937438905 0.242530755712 0.0254154447703 0.0562390158172
0 0.538123167155 0.296133567663 0.0283479960899 0.0544815465729
0 0.493646138807 0.284710017575 0.0293255131965 0.0492091388401
0 0.605571847507 0.316344463972 0.030303030303 0.0632688927944
0 0.615347018573 0.254833040422 0.0224828934506 0.0527240773286
0 0.630009775171 0.226713532513 0.0224828934506 0.0492091388401
0 0.671065493646 0.188049209139 0.0205278592375 0.0456942003515
0 0.674975562072 0.252196836555 0.0263929618768 0.0579964850615
0 0.699902248289 0.314586994728 0.0273704789834 0.0527240773286
0 0.727761485826 0.309314586995 0.0224828934506 0.0562390158172
0 0.721407624633 0.218804920914 0.019550342131 0.0439367311072
0 0.713098729228 0.181019332162 0.0185728250244 0.0351493848858
0 0.699413489736 0.161687170475 0.0127077223851 0.0316344463972
0 0.72091886608 0.150263620387 0.0166177908113 0.0369068541301
0 0.74633431085 0.139718804921 0.0146627565982 0.0333919156415
0 0.741446725318 0.163444639719 0.0146627565982 0.0351493848858
0 0.743890518084 0.194200351494 0.0175953079179 0.0439367311072
0 0.761485826002 0.161687170475 0.0136852394917 0.0351493848858
0 0.77761485826 0.132688927944 0.0146627565982 0.0369068541301
0 0.791788856305 0.161687170475 0.0175953079179 0.0351493848858
0 0.789345063539 0.225834797891 0.0205278592375 0.0439367311072
0 0.767839687195 0.240773286467 0.0224828934506 0.0527240773286
0 0.789345063539 0.28295254833 0.0263929618768 0.0562390158172
0 0.748778103617 0.381370826011 0.0332355816227 0.0808435852373
0 0.819648093842 0.38927943761 0.0342130987292 0.079086115993
0 0.83431085044 0.314586994728 0.0283479960899 0.0702987697715
0 0.816715542522 0.2539543058 0.0224828934506 0.0544815465729
0 0.872434017595 0.259226713533 0.0224828934506 0.0509666080844
0 0.897360703812 0.430579964851 0.0332355816227 0.0878734622144
0 0.918377321603 0.336555360281 0.0322580645161 0.0685413005272
0 0.921309872923 0.280316344464 0.0263929618768 0.0615114235501
0 0.887096774194 0.228471001757 0.0205278592375 0.0527240773286
0 0.932062561095 0.214411247803 0.0205278592375 0.0386643233743
