0 0.209188660802 0.405660377358 0.0684261974585 0.118353344768
0 0.260508308895 0.259005145798 0.0185728250244 0.0308747855918
0 0.278592375367 0.256432246998 0.019550342131 0.0360205831904
0 0.356793743891 0.234991423671 0.019550342131 0.0343053173242
0 0.396383186706 0.267581475129 0.0205278592375 0.0445969125214
0 0.364613880743 0.194682675815 0.0156402737048 0.0291595197256
0 0.385630498534 0.19897084048 0.0166177908113 0.0308747855918
0 0.395405669599 0.216981132075 0.0166177908113 0.0360205831904
0 0.402248289345 0.198113207547 0.0166177908113 0.0291595197256
0 0.406647116325 0.17409948542 0.0175953079179 0.0291595197256
0 0.437927663734 0.195540308748 0.0175953079179 0.0308747855918
0 0.432062561095 0.229845626072 0.0215053763441 0.041166380789
0 0.453567937439 0.15180102916 0.0117302052786 0.0222984562607
0 0.47018572825 0.150943396226 0.0136852394917 0.0274442538593
0 0.483870967742 0.178387650086 0.0156402737048 0.0343053173242
0 0.499022482893 0.180102915952 0.0185728250244 0.0343053173242
0 0.524926686217 0.20154373928 0.0156402737048 0.0360205831904
0 0.52394916911 0.16295025729 0.0136852394917 0.0274442538593
0 0.518084066471 0.126072041166 0.0117302052786 0.032590051458
0 0.535190615836 0.136363636364 0.0185728250244 0.0394511149228
0 0.546920821114 0.163807890223 0.0127077223851 0.0257289879931
0 0.557184750733 0.175814751286 0.0156402737048 0.032590051458
0 0.559139784946 0.11063464837 0.0156402737048 0.0222984562607
0 0.565982404692 0.136363636364 0.0136852394917 0.0291595197256
0 0.583088954057 0.140651801029 0.0185728250244 0.0343053173242
0 0.587487781036 0.121783876501 0.0136852394917 0.0274442538593
0 0.598729227761 0.0969125214408 0.010752688172 0.0257289879931
0 0.620723362659 0.101200686106 0.0117302052786 0.0240137221269
0 0.61339198436 0.137221269297 0.0146627565982 0.0343053173242
0 0.608504398827 0.214408233276 0.0166177908113 0.0343053173242
0 0.650537634409 0.132075471698 0.0146627565982 0.0308747855918
0 0.642228739003 0.102915951973 0.0156402737048 0.0274442538593
0 0.669599217986 0.0977701543739 0.0117302052786 0.0240137221269
0 0.702346041056 0.098627787307 0.0127077223851 0.0291595197256
0 0.557184750733 0.259862778731 0.0215053763441 0.0428816466552
0 0.497556207234 0.296740994854 0.0273704789834 0.0445969125214
0 0.547898338221 0.317324185249 0.0263929618768 0.0514579759863
0 0.614369501466 0.257289879931 0.0244379276637 0.0480274442539
0 0.621212121212 0.310463121784 0.0283479960899 0.0514579759863
0 0.662267839687 0.210120068611 0.0205278592375 0.0394511149228
0 0.693548387097 0.184391080617 0.0224828934506 0.0360205831904
0 0.744379276637 0.186963979417 0.0224828934506 0.0480274442539
0 0.748289345064 0.229845626072 0.0205278592375 0.041166380789
0 0.69403714565 0.246140651801 0.0293255131965 0.0634648370497
0 0.69257086999 0.308747855918 0.0322580645161 0.0583190394511
0 0.732160312805 0.345626072041 0.0332355816227 0.0668953687822
0 0.770772238514 0.289022298456 0.0283479960899 0.0566037735849
0 0.784457478006 0.155231560892 0.0166177908113 0.0360205831904
0 0.80156402737 0.127787307033 0.0156402737048 0.032590051458
0 0.783968719453 0.193825042882 0.019550342131 0.0445969125214
0 0.807917888563 0.26243567753 0.0205278592375 0.0514579759863
0 0.83431085044 0.292452830189 0.0224828934506 0.0566037735849
0 0.796676441838 0.403945111492 0.0332355816227 0.0771869639794
0 0.897360703812 0.382504288165 0.0312805474096 0.0617495711835
0 0.905180840665 0.318181818182 0.0293255131965 0.0566037735849
0 0.924731182796 0.27358490566 0.0234604105572 0.0566037735849
0 0.869990224829 0.266723842196 0.019550342131 0.0463121783877
0 0.830889540567 0.190394511149 0.019550342131 0.041166380789
0 0.830889540567 0.145797598628 0.0175953079179 0.0377358490566
0 0.844574780059 0.132075471698 0.0117302052786 0.0274442538593
0 0.86119257087 0.158662092624 0.0156402737048 0.0291595197256
0 0.868523949169 0.132933104631 0.0127077223851 0.032590051458
0 0.907624633431 0.144939965695 0.0146627565982 0.0291595197256
0 0.933040078201 0.158662092624 0.0127077223851 0.0257289879931
0 0.931573802542 0.199828473413 0.0156402737048 0.0428816466552
0 0.923753665689 0.221269296741 0.019550342131 0.0480274442539
0 0.883675464321 0.185248713551 0.0175953079179 0.0377358490566
0 0.874877810362 0.204116638079 0.0175953079179 0.0377358490566
