0 0.11614956245 0.529595015576 0.0461416070008 0.105919003115
0 0.262132060461 0.249221183801 0.0151153540175 0.0342679127726
0 0.275258552108 0.252336448598 0.0127287191726 0.0342679127726
0 0.299920445505 0.239096573209 0.0175019888624 0.0420560747664
0 0.335719968178 0.218847352025 0.0175019888624 0.0420560747664
0 0.322195704057 0.207943925234 0.0143198090692 0.0420560747664
0 0.359984089101 0.222741433022 0.0167064439141 0.0404984423676
0 0.371917263325 0.269470404984 0.0182975338107 0.0436137071651
0 0.443118536197 0.302959501558 0.0222752585521 0.0451713395639
0 0.48369132856 0.23753894081 0.0206841686555 0.0451713395639
0 0.435163086714 0.19937694704 0.0206841686555 0.0342679127726
0 0.4184566428 0.17523364486 0.0143198090692 0.0389408099688
0 0.377486077963 0.191588785047 0.0151153540175 0.0311526479751
0 0.40214797136 0.246105919003 0.0198886237072 0.0342679127726
0 0.482498011138 0.171339563863 0.0151153540175 0.0311526479751
0 0.466984884646 0.160436137072 0.0143198090692 0.0311526479751
0 0.501591089897 0.152647975078 0.0119331742243 0.0280373831776
0 0.534208432776 0.154205607477 0.0135242641209 0.0373831775701
0 0.529435163087 0.224299065421 0.0151153540175 0.0404984423676
0 0.585521081941 0.195482866044 0.0127287191726 0.0295950155763
0 0.562848050915 0.159657320872 0.0151153540175 0.0295950155763
0 0.560063643596 0.133177570093 0.0143198090692 0.0295950155763
0 0.583134447096 0.134735202492 0.0143198090692 0.0358255451713
0 0.601034208433 0.130062305296 0.0151153540175 0.0295950155763
0 0.613762927605 0.17523364486 0.0103420843278 0.0295950155763
0 0.622911694511 0.192367601246 0.0143198090692 0.0295950155763
0 0.624900556881 0.152647975078 0.0151153540175 0.0280373831776
0 0.635640413683 0.123052959502 0.0127287191726 0.0342679127726
0 0.653142402546 0.136292834891 0.0143198090692 0.0358255451713
0 0.658711217184 0.18691588785 0.0159108989658 0.0342679127726
0 0.696499602228 0.136292834891 0.0135242641209 0.0295950155763
0 0.686953062848 0.155763239875 0.0135242641209 0.0404984423676
0 0.719570405728 0.151090342679 0.0135242641209 0.0311526479751
0 0.660700079554 0.242211838006 0.0198886237072 0.0482866043614
0 0.620127287192 0.286604361371 0.0214797136038 0.0498442367601
0 0.560859188544 0.327102803738 0.0222752585521 0.0498442367601
0 0.608194112967 0.364485981308 0.0214797136038 0.0591900311526
0 0.662688941925 0.389408099688 0.0270485282418 0.0529595015576
0 0.733492442323 0.382398753894 0.0254574383453 0.0669781931464
0 0.711614956245 0.275700934579 0.0198886237072 0.0498442367601
0 0.715990453461 0.207943925234 0.0143198090692 0.0358255451713
0 0.749801113763 0.22507788162 0.0135242641209 0.0358255451713
0 0.768894192522 0.271806853583 0.0135242641209 0.0389408099688
0 0.800318217979 0.251557632399 0.0159108989658 0.0327102803738
0 0.759745425617 0.188473520249 0.0143198090692 0.0311526479751
0 0.743038981702 0.20015576324 0.0127287191726 0.0358255451713
0 0.784805091488 0.211838006231 0.0135242641209 0.0342679127726
0 0.785202863962 0.169781931464 0.0143198090692 0.0342679127726
0 0.8138424821 0.190809968847 0.0127287191726 0.0358255451713
0 0.83492442323 0.207943925234 0.0151153540175 0.0358255451713
0 0.820604614161 0.288161993769 0.0182975338107 0.0623052959502
0 0.817422434368 0.233644859813 0.0135242641209 0.0436137071651
0 0.791567223548 0.422897196262 0.0254574383453 0.0700934579439
0 0.877088305489 0.478193146417 0.0326173428799 0.0809968847352
0 0.887430389817 0.401869158879 0.0182975338107 0.0685358255452
0 0.957836117741 0.429906542056 0.0222752585521 0.0623052959502
0 0.922434367542 0.306074766355 0.0167064439141 0.0451713395639
0 0.891805887033 0.277258566978 0.0159108989658 0.0436137071651
0 0.859188544153 0.342679127726 0.0175019888624 0.0436137071651
0 0.869530628481 0.230529595016 0.0127287191726 0.0311526479751
0 0.88385043755 0.224299065421 0.0111376292761 0.0342679127726
0 0.901352426412 0.239096573209 0.0127287191726 0.0358255451713
0 0.908114558473 0.221183800623 0.0151153540175 0.0342679127726
0 0.93953858393 0.260124610592 0.0111376292761 0.0404984423676
0 0.952267303103 0.234423676012 0.0127287191726 0.0327102803738
0 0.981304693715 0.252336448598 0.0103420843278 0.0280373831776
0 0.979315831344 0.284267912773 0.0127287191726 0.0295950155763
0 0.976531424025 0.317757009346 0.0135242641209 0.0342679127726
0 0.980906921241 0.353582554517 0.0175019888624 0.0529595015576
0 0.954256165473 0.369158878505 0.0198886237072 0.0591900311526
