0 0.157248157248 0.247816593886 0.022113022113 0.0414847161572
0 0.880221130221 0.42903930131 0.0528255528256 0.11135371179
0 0.592137592138 0.0545851528384 0.017199017199 0.0393013100437
0 0.566339066339 0.0665938864629 0.014742014742 0.0327510917031
0 0.377764127764 0.169213973799 0.0159705159705 0.0327510917031
0 0.432432432432 0.14192139738 0.017199017199 0.0349344978166
0 0.497542997543 0.126637554585 0.012285012285 0.0218340611354
0 0.463759213759 0.144104803493 0.0184275184275 0.0349344978166
0 0.523341523342 0.129912663755 0.014742014742 0.0327510917031
0 0.536240786241 0.11135371179 0.0184275184275 0.0305676855895
0 0.429361179361 0.183406113537 0.0257985257985 0.0393013100437
0 0.449631449631 0.183406113537 0.019656019656 0.0305676855895
0 0.476658476658 0.187772925764 0.027027027027 0.0305676855895
0 0.507371007371 0.180131004367 0.022113022113 0.0414847161572
0 0.546068796069 0.14519650655 0.0159705159705 0.0327510917031
0 0.599508599509 0.150655021834 0.02457002457 0.0349344978166
0 0.639434889435 0.121179039301 0.0159705159705 0.028384279476
0 0.670147420147 0.117903930131 0.0135135135135 0.0262008733624
0 0.735872235872 0.150655021834 0.017199017199 0.0393013100437
0 0.70515970516 0.191048034934 0.017199017199 0.0502183406114
0 0.659090909091 0.188864628821 0.0233415233415 0.0414847161572
0 0.635135135135 0.206331877729 0.019656019656 0.0414847161572
0 0.710073710074 0.230349344978 0.019656019656 0.0414847161572
0 0.772727272727 0.127729257642 0.014742014742 0.0327510917031
0 0.77886977887 0.17576419214 0.017199017199 0.0414847161572
0 0.79484029484 0.210698689956 0.019656019656 0.0502183406114
0 0.875307125307 0.269650655022 0.0184275184275 0.0414847161572
0 0.796683046683 0.162663755459 0.0208845208845 0.0414847161572
0 0.808968058968 0.153930131004 0.0135135135135 0.0371179039301
0 0.837223587224 0.174672489083 0.0135135135135 0.0305676855895
0 0.90601965602 0.192139737991 0.0208845208845 0.0349344978166
0 0.933046683047 0.231441048035 0.0159705159705 0.0349344978166
0 0.92199017199 0.180131004367 0.0184275184275 0.0371179039301
0 0.94226044226 0.153930131004 0.014742014742 0.0371179039301
0 0.937346437346 0.195414847162 0.027027027027 0.0414847161572
0 0.573095823096 0.14192139738 0.0159705159705 0.0305676855895
0 0.485872235872 0.146288209607 0.0159705159705 0.0262008733624
0 0.737100737101 0.17576419214 0.012285012285 0.0327510917031
0 0.699017199017 0.165938864629 0.019656019656 0.0480349344978
0 0.566339066339 0.0906113537118 0.017199017199 0.0371179039301
