0 0.904534606205 0.236933797909 0.0127287191726 0.0313588850174
0 0.987271280827 0.267421602787 0.0111376292761 0.0400696864111
0 0.946698488465 0.251742160279 0.0127287191726 0.0435540069686
0 0.931185361973 0.27787456446 0.0119331742243 0.0435540069686
0 0.976133651551 0.342334494774 0.0127287191726 0.0365853658537
0 0.975735879077 0.376306620209 0.0135242641209 0.0522648083624
0 0.945505171042 0.394599303136 0.0198886237072 0.0574912891986
0 0.961018297534 0.468641114983 0.0190930787589 0.0662020905923
0 0.929594272076 0.349303135889 0.0151153540175 0.0540069686411
0 0.891408114558 0.288327526132 0.0135242641209 0.0505226480836
0 0.880668257757 0.235191637631 0.0111376292761 0.0348432055749
0 0.872712808274 0.239547038328 0.0111376292761 0.0400696864111
0 0.844868735084 0.220383275261 0.0143198090692 0.0365853658537
0 0.868337311058 0.326655052265 0.0167064439141 0.0505226480836
0 0.885043754972 0.423344947735 0.0198886237072 0.0662020905923
0 0.850437549722 0.393728222997 0.0190930787589 0.0487804878049
0 0.869132856006 0.501742160279 0.024661893397 0.0766550522648
0 0.792760540971 0.465156794425 0.0262529832936 0.0871080139373
0 0.816626889419 0.306620209059 0.0182975338107 0.0522648083624
0 0.798329355609 0.255226480836 0.0135242641209 0.0505226480836
0 0.822991249006 0.234320557491 0.0135242641209 0.0331010452962
0 0.811455847255 0.197735191638 0.0111376292761 0.0365853658537
0 0.773667462212 0.192508710801 0.0119331742243 0.0400696864111
0 0.782020684169 0.209059233449 0.0143198090692 0.0418118466899
0 0.751789976134 0.199477351916 0.0111376292761 0.0331010452962
0 0.719968178202 0.162891986063 0.0127287191726 0.0400696864111
0 0.745823389021 0.241289198606 0.0151153540175 0.0435540069686
0 0.693715194909 0.146341463415 0.0111376292761 0.0348432055749
0 0.669451073986 0.144599303136 0.0135242641209 0.0348432055749
0 0.692521877486 0.170731707317 0.0135242641209 0.0383275261324
0 0.634049323787 0.135017421603 0.0127287191726 0.0400696864111
0 0.657517899761 0.15243902439 0.0119331742243 0.0400696864111
0 0.660700079554 0.185540069686 0.0135242641209 0.0365853658537
0 0.698886237072 0.216898954704 0.0151153540175 0.0470383275261
0 0.671439936356 0.249128919861 0.0206841686555 0.0557491289199
0 0.732299124901 0.271777003484 0.0198886237072 0.0592334494774
0 0.754574383453 0.300522648084 0.0167064439141 0.0505226480836
0 0.601829753381 0.121080139373 0.0119331742243 0.0331010452962
0 0.611376292761 0.163763066202 0.0135242641209 0.0313588850174
0 0.626889419252 0.206445993031 0.0127287191726 0.0470383275261
0 0.605807478123 0.196864111498 0.0119331742243 0.0418118466899
0 0.6276849642 0.30574912892 0.0190930787589 0.0574912891986
0 0.61416070008 0.371080139373 0.0238663484487 0.0662020905923
0 0.667064439141 0.411149825784 0.0230708035004 0.0662020905923
0 0.581941129674 0.344076655052 0.0230708035004 0.0574912891986
0 0.581941129674 0.13850174216 0.0119331742243 0.0365853658537
0 0.585521081941 0.172473867596 0.0127287191726 0.0383275261324
0 0.557677008751 0.142857142857 0.0127287191726 0.0348432055749
0 0.565632458234 0.165505226481 0.0127287191726 0.0418118466899
0 0.556085918854 0.225609756098 0.0111376292761 0.0400696864111
0 0.573587907717 0.216898954704 0.0143198090692 0.0435540069686
0 0.499602227526 0.156794425087 0.0111376292761 0.0348432055749
0 0.522673031026 0.178571428571 0.0143198090692 0.0400696864111
0 0.53261734288 0.171602787456 0.0135242641209 0.0400696864111
0 0.447891805887 0.164634146341 0.0111376292761 0.0296167247387
0 0.461813842482 0.171602787456 0.0103420843278 0.0261324041812
0 0.499204455052 0.214285714286 0.0151153540175 0.0383275261324
0 0.476531424025 0.257839721254 0.0190930787589 0.0522648083624
0 0.441129673827 0.199477351916 0.0135242641209 0.0365853658537
0 0.444709626094 0.317073170732 0.0175019888624 0.0522648083624
0 0.405330151154 0.243031358885 0.0135242641209 0.0400696864111
0 0.396976929196 0.195993031359 0.0143198090692 0.0365853658537
0 0.357199681782 0.217770034843 0.0127287191726 0.0383275261324
0 0.379474940334 0.269163763066 0.0159108989658 0.0470383275261
0 0.371121718377 0.202090592334 0.0167064439141 0.0313588850174
0 0.275258552108 0.25 0.0159108989658 0.0331010452962
0 0.314638027049 0.217770034843 0.0167064439141 0.0348432055749
0 0.315831344471 0.250871080139 0.0127287191726 0.0418118466899
0 0.338504375497 0.233449477352 0.0167064439141 0.0452961672474
0 0.20445505171 0.300522648084 0.0175019888624 0.0470383275261
0 0.234287987271 0.295296167247 0.0167064439141 0.0540069686411
0 0.106205250597 0.56881533101 0.0453460620525 0.116724738676
0 0.725139220366 0.418989547038 0.024661893397 0.0749128919861
