0 0.133555926544 0.527142857143 0.0383973288815 0.0714285714286
0 0.229549248748 0.342142857143 0.016694490818 0.0414285714286
0 0.251252086811 0.382857142857 0.025041736227 0.0371428571429
0 0.280884808013 0.385 0.0292153589316 0.05
0 0.282136894825 0.318571428571 0.0217028380634 0.0371428571429
0 0.335559265442 0.36 0.0267111853088 0.0457142857143
0 0.354340567613 0.327142857143 0.0208681135225 0.0342857142857
0 0.355175292154 0.299285714286 0.0158597662771 0.03
0 0.391485809683 0.262857142857 0.016694490818 0.0314285714286
0 0.411101836394 0.27 0.0158597662771 0.0342857142857
0 0.427796327212 0.256428571429 0.0175292153589 0.0328571428571
0 0.441986644407 0.277857142857 0.0158597662771 0.0328571428571
0 0.411519198664 0.336428571429 0.025041736227 0.0442857142857
0 0.408180300501 0.305 0.0267111853088 0.0328571428571
0 0.451168614357 0.336428571429 0.0225375626043 0.0414285714286
0 0.469949916528 0.311428571429 0.0183639398998 0.0342857142857
0 0.502086811352 0.333571428571 0.0258764607679 0.0414285714286
0 0.474958263773 0.265714285714 0.0183639398998 0.0342857142857
0 0.470784641068 0.241428571429 0.0217028380634 0.0371428571429
0 0.512520868114 0.264285714286 0.0150250417362 0.0314285714286
0 0.528380634391 0.279285714286 0.0183639398998 0.03
0 0.547161936561 0.251428571429 0.0158597662771 0.0285714285714
0 0.556343906511 0.281428571429 0.0208681135225 0.04
0 0.581385642738 0.261428571429 0.0175292153589 0.0314285714286
0 0.560517529215 0.222857142857 0.0108514190317 0.0285714285714
0 0.57387312187 0.219285714286 0.0141903171953 0.0328571428571
0 0.604757929883 0.248571428571 0.0141903171953 0.0285714285714
0 0.641068447412 0.249285714286 0.0133555926544 0.03
0 0.633555926544 0.221428571429 0.0200333889816 0.0314285714286
0 0.616861435726 0.204285714286 0.016694490818 0.0314285714286
0 0.677378964942 0.207857142857 0.0125208681135 0.03
0 0.693656093489 0.220714285714 0.0150250417362 0.0357142857143
0 0.681135225376 0.235 0.0133555926544 0.03
0 0.675292153589 0.274285714286 0.0183639398998 0.0371428571429
0 0.639398998331 0.302142857143 0.025041736227 0.0471428571429
0 0.602671118531 0.33 0.025041736227 0.0371428571429
0 0.540066777963 0.358571428571 0.0300500834725 0.0542857142857
0 0.484557595993 0.410714285714 0.0325542570952 0.0671428571429
0 0.52796327212 0.443571428571 0.0375626043406 0.07
0 0.59265442404 0.448571428571 0.0333889816361 0.0714285714286
0 0.618530884808 0.372142857143 0.0233722871452 0.0585714285714
0 0.651085141903 0.347857142857 0.0200333889816 0.0442857142857
0 0.664440734558 0.367142857143 0.0267111853088 0.0485714285714
0 0.698247078464 0.364285714286 0.0242070116861 0.0485714285714
0 0.687395659432 0.317142857143 0.0191986644407 0.0342857142857
0 0.709933222037 0.301428571429 0.0225375626043 0.0428571428571
0 0.71285475793 0.252857142857 0.0200333889816 0.0371428571429
0 0.742904841402 0.26 0.016694490818 0.0342857142857
0 0.751669449082 0.237142857143 0.0141903171953 0.0257142857143
0 0.777128547579 0.266428571429 0.0150250417362 0.0328571428571
0 0.791318864775 0.284285714286 0.0150250417362 0.0342857142857
0 0.787979966611 0.24 0.0150250417362 0.0314285714286
0 0.816777963272 0.243571428571 0.0158597662771 0.0357142857143
0 0.82429048414 0.294285714286 0.0158597662771 0.0371428571429
0 0.829716193656 0.268571428571 0.016694490818 0.0314285714286
0 0.823455759599 0.358571428571 0.0258764607679 0.0485714285714
0 0.838898163606 0.332142857143 0.0183639398998 0.0442857142857
0 0.77796327212 0.432857142857 0.0333889816361 0.0628571428571
0 0.726627712855 0.404285714286 0.0325542570952 0.0571428571429
0 0.706594323873 0.548571428571 0.0375626043406 0.0828571428571
0 0.641485809683 0.472142857143 0.042570951586 0.0814285714286
0 0.816360601002 0.587142857143 0.0417362270451 0.0857142857143
0 0.848914858097 0.468571428571 0.0367278797997 0.06
0 0.866861435726 0.385 0.0275459098497 0.0557142857143
0 0.91694490818 0.452142857143 0.0275459098497 0.0614285714286
0 0.87938230384 0.343571428571 0.0191986644407 0.0414285714286
0 0.85183639399 0.326428571429 0.0175292153589 0.0385714285714
0 0.866026711185 0.277857142857 0.0175292153589 0.0357142857143
0 0.855175292154 0.263571428571 0.0175292153589 0.0271428571429
0 0.88856427379 0.255 0.0158597662771 0.0357142857143
0 0.905676126878 0.304285714286 0.0217028380634 0.0371428571429
0 0.940734557596 0.31 0.0183639398998 0.0314285714286
0 0.936560934891 0.349285714286 0.0200333889816 0.05
0 0.894407345576 0.322857142857 0.0175292153589 0.0371428571429
0 0.949081803005 0.284285714286 0.0133555926544 0.0285714285714
