0 0.207267144319 0.358439201452 0.0399181166837 0.0744101633394
0 0.315250767656 0.224137931034 0.014329580348 0.0308529945554
0 0.325997952917 0.192377495463 0.0174002047083 0.0290381125227
0 0.35209825998 0.195099818512 0.014329580348 0.0308529945554
0 0.407881269191 0.208711433757 0.0174002047083 0.0290381125227
0 0.42374616172 0.176043557169 0.0163766632549 0.0290381125227
0 0.42681678608 0.145190562613 0.0122824974411 0.0254083484574
0 0.448311156602 0.176043557169 0.0163766632549 0.0290381125227
0 0.447287615148 0.208711433757 0.0163766632549 0.032667876588
0 0.454964176049 0.147912885662 0.0133060388946 0.0235934664247
0 0.466223132037 0.140653357532 0.0133060388946 0.0235934664247
0 0.489764585466 0.139745916515 0.0133060388946 0.0290381125227
0 0.489252814739 0.166969147005 0.014329580348 0.0254083484574
0 0.491811668373 0.205081669691 0.0174002047083 0.0362976406534
0 0.503582395087 0.121597096189 0.0102354145343 0.021778584392
0 0.511258955988 0.132486388385 0.0133060388946 0.021778584392
0 0.53428863869 0.149727767695 0.014329580348 0.0199637023593
0 0.535312180143 0.18058076225 0.0184237461617 0.0308529945554
0 0.551177072671 0.166061705989 0.0153531218014 0.0308529945554
0 0.561924257932 0.148820326679 0.0163766632549 0.0290381125227
0 0.547082906858 0.12613430127 0.0112589559877 0.0199637023593
0 0.526612077789 0.135208711434 0.0112589559877 0.016333938294
0 0.585977482088 0.111615245009 0.0133060388946 0.0235934664247
0 0.593654042989 0.143375680581 0.014329580348 0.032667876588
0 0.579324462641 0.181488203267 0.014329580348 0.0290381125227
0 0.622824974411 0.102540834846 0.00921187308086 0.0199637023593
0 0.645854657114 0.102540834846 0.0102354145343 0.0235934664247
0 0.668372569089 0.110707803993 0.0122824974411 0.021778584392
0 0.656601842375 0.121597096189 0.0112589559877 0.021778584392
0 0.675025588536 0.124319419238 0.0112589559877 0.016333938294
0 0.700614124872 0.127949183303 0.0133060388946 0.0235934664247
0 0.634595701126 0.123411978221 0.0122824974411 0.0181488203267
0 0.627942681679 0.137931034483 0.0133060388946 0.0181488203267
0 0.642784032753 0.144283121597 0.014329580348 0.02722323049
0 0.590071647902 0.177858439201 0.0133060388946 0.0254083484574
0 0.633572159672 0.191470054446 0.0204708290686 0.038112522686
0 0.671954964176 0.169691470054 0.0174002047083 0.0344827586207
0 0.703684749232 0.154264972777 0.0153531218014 0.0254083484574
0 0.618219037871 0.244101633394 0.0184237461617 0.038112522686
0 0.591095189355 0.269509981851 0.0235414534289 0.0526315789474
0 0.569089048106 0.242286751361 0.0204708290686 0.0417422867514
0 0.529170931423 0.275862068966 0.0266120777892 0.0508166969147
0 0.636131013306 0.295825771325 0.0276356192426 0.05444646098
0 0.67758444217 0.264065335753 0.0225179119754 0.0417422867514
0 0.688331627431 0.306715063521 0.0276356192426 0.0617059891107
0 0.673490276356 0.205989110708 0.0184237461617 0.0344827586207
0 0.712896622313 0.188747731397 0.0174002047083 0.032667876588
0 0.723643807574 0.2277676951 0.0204708290686 0.038112522686
0 0.740532241556 0.167876588022 0.0153531218014 0.0344827586207
0 0.755373592631 0.124319419238 0.0122824974411 0.02722323049
0 0.765609007165 0.141560798548 0.014329580348 0.0290381125227
0 0.781473899693 0.132486388385 0.0133060388946 0.0290381125227
0 0.800921187308 0.160617059891 0.0133060388946 0.0308529945554
0 0.779938587513 0.179673321234 0.014329580348 0.0399274047187
0 0.794268167861 0.197822141561 0.0163766632549 0.043557168784
0 0.827533265097 0.161524500907 0.0133060388946 0.0362976406534
0 0.837256908905 0.154264972777 0.0122824974411 0.0290381125227
0 0.877175025589 0.139745916515 0.0122824974411 0.0254083484574
0 0.873080859775 0.158802177858 0.014329580348 0.0308529945554
0 0.864380757421 0.181488203267 0.0112589559877 0.0290381125227
0 0.850051177073 0.188747731397 0.0133060388946 0.0362976406534
0 0.845445240532 0.211433756806 0.0163766632549 0.0344827586207
0 0.804503582395 0.193284936479 0.014329580348 0.038112522686
0 0.913510747185 0.174228675136 0.0133060388946 0.0290381125227
0 0.942681678608 0.170598911071 0.014329580348 0.0290381125227
0 0.931934493347 0.192377495463 0.0153531218014 0.032667876588
0 0.893551688843 0.186025408348 0.014329580348 0.038112522686
0 0.891504605937 0.225045372051 0.0122824974411 0.0254083484574
0 0.929375639713 0.226860254083 0.0184237461617 0.0399274047187
0 0.879733879222 0.230490018149 0.0133060388946 0.043557168784
0 0.923234390993 0.269509981851 0.0204708290686 0.0417422867514
0 0.873080859775 0.275862068966 0.0184237461617 0.0508166969147
0 0.840327533265 0.290381125227 0.0225179119754 0.043557168784
0 0.805015353122 0.26497277677 0.0194472876151 0.043557168784
0 0.776867963153 0.278584392015 0.0245649948823 0.0526315789474
0 0.742579324463 0.329401088929 0.0296827021494 0.059891107078
0 0.818833162743 0.348457350272 0.028659160696 0.065335753176
0 0.909928352098 0.379310344828 0.0266120777892 0.065335753176
0 0.89559877175 0.380217785844 0.028659160696 0.0453720508167
