0 0.0380333951763 0.364309210526 0.0315398886827 0.0575657894737
0 0.0551948051948 0.365131578947 0.0269016697588 0.0625
0 0.380333951763 0.284539473684 0.0278293135436 0.0526315789474
0 0.384508348794 0.195723684211 0.0194805194805 0.0328947368421
0 0.454081632653 0.217927631579 0.0250463821892 0.0444078947368
0 0.569109461967 0.318256578947 0.0398886827458 0.0871710526316
0 0.58719851577 0.245065789474 0.0278293135436 0.0559210526316
0 0.567717996289 0.129934210526 0.0166975881262 0.0263157894737
0 0.711038961039 0.0649671052632 0.0120593692022 0.0279605263158
0 0.691094619666 0.174342105263 0.0185528756957 0.0460526315789
