0 0.423469387755 0.213365539452 0.0194805194805 0.0402576489533
0 0.837662337662 0.256843800322 0.0185528756957 0.0466988727858
0 0.635899814471 0.139291465378 0.0157699443414 0.0305958132045
0 0.656771799629 0.147342995169 0.0148423005566 0.0305958132045
0 0.661873840445 0.123188405797 0.00834879406308 0.024154589372
0 0.762987012987 0.142512077295 0.0120593692022 0.0273752012882
0 0.78107606679 0.149758454106 0.012987012987 0.0257648953301
0 0.880797773655 0.188405797101 0.0139146567718 0.0257648953301
0 0.904916512059 0.219806763285 0.0176252319109 0.0305958132045
0 0.904916512059 0.24959742351 0.0194805194805 0.0418679549114
0 0.931818181818 0.243156199678 0.0194805194805 0.0450885668277
