0 0.0866733466934 0.269911504425 0.0250501002004 0.0548672566372
0 0.278056112224 0.224778761062 0.0190380761523 0.0389380530973
0 0.291583166333 0.223008849558 0.0160320641283 0.0318584070796
0 0.328156312625 0.218584070796 0.0190380761523 0.0371681415929
0 0.349198396794 0.223008849558 0.0190380761523 0.0318584070796
0 0.37875751503 0.230088495575 0.0200400801603 0.0389380530973
0 0.412324649299 0.232743362832 0.0190380761523 0.0336283185841
0 0.450400801603 0.246902654867 0.0210420841683 0.0371681415929
0 0.461923847695 0.209734513274 0.0200400801603 0.0407079646018
0 0.429358717435 0.200884955752 0.0190380761523 0.0336283185841
0 0.392785571142 0.204424778761 0.0180360721443 0.0371681415929
0 0.37625250501 0.198230088496 0.0170340681363 0.0283185840708
0 0.356713426854 0.194690265487 0.0160320641283 0.0283185840708
0 0.345691382766 0.174336283186 0.0160320641283 0.0336283185841
0 0.404809619238 0.169026548673 0.0160320641283 0.0336283185841
0 0.427855711423 0.156637168142 0.0140280561122 0.0300884955752
0 0.450901803607 0.186725663717 0.0140280561122 0.0300884955752
0 0.446392785571 0.158407079646 0.0130260521042 0.0265486725664
0 0.490981963928 0.147787610619 0.0140280561122 0.0300884955752
0 0.502004008016 0.150442477876 0.0140280561122 0.0283185840708
0 0.508016032064 0.18407079646 0.0200400801603 0.0318584070796
0 0.528557114228 0.173451327434 0.0190380761523 0.0318584070796
0 0.564128256513 0.181415929204 0.0180360721443 0.0336283185841
0 0.574148296593 0.157522123894 0.0160320641283 0.0353982300885
0 0.580661322645 0.137168141593 0.0150300601202 0.0300884955752
0 0.61372745491 0.159292035398 0.0170340681363 0.0318584070796
0 0.508517034068 0.12389380531 0.0150300601202 0.0247787610619
0 0.532565130261 0.129203539823 0.0130260521042 0.0247787610619
0 0.543086172345 0.155752212389 0.0160320641283 0.0318584070796
0 0.559118236473 0.13185840708 0.0120240480962 0.0265486725664
0 0.554609218437 0.121238938053 0.0150300601202 0.0300884955752
0 0.602705410822 0.0716814159292 0.0170340681363 0.0300884955752
0 0.599699398798 0.13185840708 0.0150300601202 0.0265486725664
0 0.631763527054 0.130973451327 0.0130260521042 0.0318584070796
0 0.647294589178 0.150442477876 0.0140280561122 0.0318584070796
0 0.663326653307 0.138938053097 0.0160320641283 0.0265486725664
0 0.646793587174 0.114159292035 0.0130260521042 0.0265486725664
0 0.62625250501 0.0955752212389 0.0180360721443 0.0212389380531
0 0.62124248497 0.121238938053 0.0120240480962 0.0300884955752
0 0.666833667335 0.103539823009 0.0110220440882 0.0300884955752
0 0.671843687375 0.118584070796 0.0130260521042 0.0212389380531
0 0.689879759519 0.127433628319 0.0130260521042 0.0318584070796
0 0.695891783567 0.10796460177 0.0130260521042 0.0212389380531
0 0.715931863727 0.110619469027 0.0150300601202 0.0300884955752
0 0.60120240481 0.223008849558 0.0260521042084 0.0495575221239
0 0.633266533066 0.206194690265 0.0220440881764 0.0477876106195
0 0.647294589178 0.247787610619 0.0280561122244 0.0566371681416
0 0.690881763527 0.224778761062 0.0230460921844 0.0424778761062
0 0.676352705411 0.176991150442 0.0160320641283 0.0353982300885
0 0.700400801603 0.255752212389 0.0260521042084 0.0477876106195
0 0.705911823647 0.312389380531 0.0350701402806 0.0725663716814
0 0.75751503006 0.384955752212 0.0320641282565 0.0725663716814
0 0.804108216433 0.292920353982 0.0270541082164 0.0548672566372
0 0.833166332665 0.262831858407 0.0270541082164 0.0548672566372
0 0.922845691383 0.351327433628 0.0360721442886 0.0761061946903
0 0.74498997996 0.235398230088 0.0210420841683 0.046017699115
0 0.725450901804 0.180530973451 0.0180360721443 0.0353982300885
0 0.709418837675 0.175221238938 0.0160320641283 0.0318584070796
0 0.745490981964 0.164601769912 0.0160320641283 0.0318584070796
0 0.743486973948 0.142477876106 0.0140280561122 0.0265486725664
0 0.77004008016 0.130973451327 0.0130260521042 0.0353982300885
0 0.76503006012 0.19203539823 0.0190380761523 0.0371681415929
0 0.7750501002 0.241592920354 0.0210420841683 0.0477876106195
0 0.810120240481 0.20796460177 0.0170340681363 0.0371681415929
0 0.85370741483 0.224778761062 0.0200400801603 0.046017699115
0 0.865731462926 0.222123893805 0.0160320641283 0.0336283185841
0 0.89378757515 0.235398230088 0.0220440881764 0.0424778761062
0 0.934869739479 0.259292035398 0.0220440881764 0.0513274336283
0 0.948897795591 0.208849557522 0.0140280561122 0.0318584070796
0 0.956412825651 0.222123893805 0.0170340681363 0.0407079646018
0 0.965931863727 0.194690265487 0.0120240480962 0.0353982300885
0 0.905811623246 0.20796460177 0.0140280561122 0.0371681415929
0 0.912324649299 0.181415929204 0.0170340681363 0.0300884955752
0 0.919338677355 0.175221238938 0.0130260521042 0.0318584070796
0 0.925350701403 0.152212389381 0.0130260521042 0.0353982300885
0 0.88126252505 0.18407079646 0.0190380761523 0.0389380530973
0 0.887274549098 0.159292035398 0.0150300601202 0.0283185840708
0 0.842685370741 0.171681415929 0.0140280561122 0.0318584070796
0 0.830160320641 0.202654867257 0.0170340681363 0.0371681415929
0 0.807615230461 0.169026548673 0.0140280561122 0.0265486725664
0 0.796593186373 0.146902654867 0.0140280561122 0.0283185840708
0 0.784068136273 0.140707964602 0.0150300601202 0.0300884955752
0 0.790080160321 0.123008849558 0.0130260521042 0.0265486725664
0 0.809118236473 0.130088495575 0.0150300601202 0.0336283185841
0 0.845190380762 0.130973451327 0.0110220440882 0.0283185840708
0 0.867234468938 0.150442477876 0.0130260521042 0.0318584070796
0 0.85120240481 0.16017699115 0.0150300601202 0.0265486725664
