0 0.338028169014 0.214031971581 0.0140845070423 0.0337477797513
0 0.443661971831 0.223801065719 0.0201207243461 0.0390763765542
0 0.490442655936 0.227353463588 0.023138832998 0.0355239786856
0 0.507042253521 0.187388987567 0.0201207243461 0.0408525754885
0 0.548792756539 0.196269982238 0.0171026156942 0.0408525754885
0 0.586016096579 0.176731793961 0.0150905432596 0.0337477797513
0 0.706237424547 0.1243339254 0.0181086519115 0.0355239786856
0 0.675050301811 0.187388987567 0.0160965794769 0.0301953818828
0 0.638832997988 0.259325044405 0.0241448692153 0.0532859680284
0 0.722837022133 0.298401420959 0.0251509054326 0.0639431616341
0 0.818913480885 0.134991119005 0.0181086519115 0.0426287744227
0 0.888832997988 0.137655417407 0.0191146881288 0.044404973357
0 0.834004024145 0.234458259325 0.0181086519115 0.0426287744227
0 0.841549295775 0.341918294849 0.0271629778672 0.0515097690941
0 0.929577464789 0.285968028419 0.0201207243461 0.0355239786856
0 0.620724346076 0.146536412078 0.0120724346076 0.0266429840142
