0 0.0631431244153 0.386023294509 0.043966323667 0.0765391014975
0 0.252104770814 0.284525790349 0.0177736202058 0.0332778702163
0 0.273152478952 0.265391014975 0.0205799812909 0.044925124792
0 0.28858746492 0.278702163062 0.0177736202058 0.0316139767055
0 0.307296538821 0.257903494176 0.0233863423761 0.0499168053245
0 0.33021515435 0.267886855241 0.0187090739008 0.0432612312812
0 0.346117867166 0.26622296173 0.0187090739008 0.0499168053245
0 0.32647333957 0.217970049917 0.0187090739008 0.0332778702163
0 0.350795135641 0.211314475874 0.0168381665108 0.0366056572379
0 0.377455565949 0.207154742097 0.0177736202058 0.0349417637271
0 0.390084190833 0.193011647255 0.0187090739008 0.0366056572379
0 0.399438727783 0.205490848586 0.0168381665108 0.0382695507488
0 0.427502338634 0.21381031614 0.0168381665108 0.0282861896839
0 0.431711880262 0.262895174709 0.0233863423761 0.0499168053245
0 0.417680074836 0.164725457571 0.0159027128157 0.026622296173
0 0.430776426567 0.159733777038 0.0159027128157 0.0366056572379
0 0.439195509822 0.201331114809 0.0159027128157 0.0332778702163
0 0.45463049579 0.222129783694 0.0187090739008 0.0349417637271
0 0.464452759588 0.201331114809 0.0177736202058 0.0332778702163
0 0.460710944808 0.165557404326 0.0159027128157 0.0282861896839
0 0.453227315248 0.143926788686 0.0121608980355 0.0216306156406
0 0.471468662301 0.147254575707 0.0168381665108 0.0282861896839
0 0.481758652947 0.157237936772 0.0205799812909 0.0316139767055
0 0.487839101964 0.123960066556 0.0140318054256 0.0216306156406
0 0.503274087933 0.153078202995 0.0149672591207 0.0366056572379
0 0.519644527596 0.149750415973 0.0177736202058 0.0299500831947
0 0.49251637044 0.222129783694 0.0233863423761 0.044925124792
0 0.521047708138 0.207986688852 0.0243217960711 0.0366056572379
0 0.543030869972 0.130615640599 0.0159027128157 0.0282861896839
0 0.551917680075 0.158069883527 0.0168381665108 0.0332778702163
0 0.558933582788 0.136439267887 0.0159027128157 0.0332778702163
0 0.575771749298 0.176372712146 0.0196445275959 0.0432612312812
0 0.580916744621 0.150582362729 0.0187090739008 0.0316139767055
0 0.562675397568 0.103161397671 0.0140318054256 0.0232945091514
0 0.589803554724 0.114808652246 0.0159027128157 0.026622296173
0 0.592609915809 0.0948419301165 0.0140318054256 0.026622296173
0 0.621608980355 0.137271214642 0.0159027128157 0.0316139767055
0 0.615528531338 0.118968386023 0.0130963517306 0.0216306156406
0 0.619270346118 0.10149750416 0.0130963517306 0.0232945091514
0 0.637979420019 0.115640599002 0.0130963517306 0.0282861896839
0 0.653414405987 0.0981697171381 0.0140318054256 0.026622296173
0 0.67165575304 0.109816971714 0.0149672591207 0.026622296173
0 0.701590271282 0.0915141430948 0.0149672591207 0.0332778702163
0 0.565481758653 0.238768718802 0.0233863423761 0.0482529118136
0 0.49064546305 0.288685524126 0.0308699719364 0.0549084858569
0 0.550046772685 0.300332778702 0.0299345182413 0.0549084858569
0 0.608980355472 0.322795341098 0.0318054256314 0.0599001663894
0 0.609915809167 0.254575707155 0.0299345182413 0.0532445923461
0 0.621608980355 0.211314475874 0.0233863423761 0.0499168053245
0 0.665107577175 0.198003327787 0.0205799812909 0.0465890183028
0 0.655753040225 0.166389351082 0.0187090739008 0.0366056572379
0 0.683348924228 0.147254575707 0.021515434986 0.0415973377704
0 0.708606173994 0.128951747088 0.0159027128157 0.0349417637271
0 0.700187090739 0.20465890183 0.0233863423761 0.0499168053245
0 0.664639850327 0.257071547421 0.0289990645463 0.0482529118136
0 0.710477081384 0.289517470882 0.0308699719364 0.0499168053245
0 0.678671655753 0.331114808652 0.0346117867166 0.063227953411
0 0.781571562208 0.29534109817 0.0327408793265 0.0648918469218
0 0.754443405051 0.228785357737 0.0252572497661 0.0615640599002
0 0.72263797942 0.176372712146 0.021515434986 0.0465890183028
0 0.729186155285 0.148918469218 0.0177736202058 0.0382695507488
0 0.737137511693 0.120632279534 0.0168381665108 0.0382695507488
0 0.747895229186 0.131447587354 0.0140318054256 0.0399334442596
0 0.757249766137 0.147254575707 0.0177736202058 0.0382695507488
0 0.753975678204 0.107321131448 0.0130963517306 0.0382695507488
0 0.76800748363 0.126455906822 0.0168381665108 0.0399334442596
0 0.784377923293 0.118136439268 0.0121608980355 0.0299500831947
0 0.797942001871 0.130615640599 0.0149672591207 0.0316139767055
0 0.812909260992 0.123960066556 0.0149672591207 0.0349417637271
0 0.798409728718 0.168885191348 0.0196445275959 0.0415973377704
0 0.816651075772 0.164725457571 0.0149672591207 0.0366056572379
0 0.837231057063 0.134775374376 0.0149672591207 0.0366056572379
0 0.846585594013 0.188019966722 0.0168381665108 0.0465890183028
0 0.806828811974 0.240432612313 0.021515434986 0.0549084858569
0 0.867633302152 0.227121464226 0.0196445275959 0.044925124792
0 0.88306828812 0.193011647255 0.0168381665108 0.0366056572379
0 0.892890551918 0.161397670549 0.0177736202058 0.0399334442596
0 0.895696913003 0.123960066556 0.0177736202058 0.0382695507488
0 0.853601496726 0.148086522463 0.0177736202058 0.0366056572379
0 0.862956033676 0.142262895175 0.0140318054256 0.0349417637271
0 0.871375116932 0.124792013311 0.0121608980355 0.026622296173
0 0.917680074836 0.165557404326 0.0187090739008 0.0415973377704
0 0.926566884939 0.19384359401 0.0159027128157 0.044925124792
0 0.929840972872 0.158069883527 0.0130963517306 0.0366056572379
