0 0.830156950673 0.305335968379 0.0235426008969 0.0573122529644
0 0.852578475336 0.233201581028 0.0213004484305 0.0513833992095
0 0.917040358744 0.240118577075 0.0156950672646 0.0454545454545
0 0.927130044843 0.268774703557 0.0179372197309 0.0474308300395
0 0.856502242152 0.159090909091 0.0112107623318 0.0296442687747
0 0.885650224215 0.159090909091 0.00896860986547 0.0256916996047
0 0.882847533632 0.170948616601 0.012331838565 0.0296442687747
0 0.878923766816 0.20652173913 0.0134529147982 0.0415019762846
0 0.838565022422 0.185770750988 0.0134529147982 0.0355731225296
0 0.819506726457 0.21837944664 0.0156950672646 0.0415019762846
0 0.792040358744 0.183794466403 0.0145739910314 0.0355731225296
0 0.801569506726 0.133399209486 0.00896860986547 0.0256916996047
0 0.82567264574 0.147233201581 0.012331838565 0.0335968379447
0 0.729820627803 0.125494071146 0.0112107623318 0.0256916996047
0 0.704035874439 0.140316205534 0.0112107623318 0.0276679841897
0 0.674887892377 0.123517786561 0.0112107623318 0.0256916996047
0 0.680493273543 0.155138339921 0.0134529147982 0.0335968379447
0 0.682174887892 0.193675889328 0.0168161434978 0.0395256916996
0 0.714686098655 0.169960474308 0.012331838565 0.0316205533597
0 0.713565022422 0.21837944664 0.0190582959641 0.0415019762846
0 0.72701793722 0.201581027668 0.0168161434978 0.0395256916996
0 0.763452914798 0.138339920949 0.0134529147982 0.0316205533597
0 0.781950672646 0.148221343874 0.012331838565 0.0316205533597
0 0.748878923767 0.173913043478 0.0134529147982 0.0355731225296
0 0.761210762332 0.224308300395 0.0201793721973 0.0494071146245
0 0.770179372197 0.29347826087 0.0224215246637 0.0612648221344
0 0.718049327354 0.282608695652 0.0235426008969 0.0553359683794
0 0.668161434978 0.252964426877 0.0201793721973 0.0513833992095
0 0.617152466368 0.24604743083 0.0190582959641 0.0494071146245
0 0.641816143498 0.187747035573 0.0145739910314 0.0395256916996
0 0.651905829596 0.211462450593 0.0168161434978 0.0434782608696
0 0.626121076233 0.207509881423 0.0168161434978 0.0434782608696
0 0.635650224215 0.123517786561 0.00896860986547 0.0217391304348
0 0.612107623318 0.124505928854 0.00896860986547 0.0197628458498
0 0.589125560538 0.124505928854 0.00784753363229 0.0197628458498
0 0.585201793722 0.145256916996 0.0112107623318 0.0296442687747
0 0.605941704036 0.139328063241 0.0100896860987 0.0256916996047
0 0.612107623318 0.150197628458 0.0112107623318 0.0276679841897
0 0.554932735426 0.131422924901 0.0112107623318 0.0256916996047
0 0.484304932735 0.139328063241 0.00896860986547 0.0217391304348
0 0.495515695067 0.153162055336 0.0112107623318 0.0256916996047
0 0.5033632287 0.189723320158 0.0156950672646 0.0355731225296
0 0.531390134529 0.168972332016 0.0134529147982 0.0296442687747
0 0.535874439462 0.194664031621 0.0179372197309 0.0415019762846
0 0.567264573991 0.169960474308 0.0156950672646 0.0355731225296
0 0.549887892377 0.245059288538 0.0190582959641 0.0434782608696
0 0.591367713004 0.336956521739 0.0257847533632 0.0612648221344
0 0.563901345291 0.287549407115 0.0224215246637 0.0573122529644
0 0.484304932735 0.305335968379 0.0224215246637 0.0573122529644
0 0.454596412556 0.146245059289 0.00784753363229 0.0237154150198
0 0.475896860987 0.194664031621 0.0145739910314 0.0335968379447
0 0.445067264574 0.192687747036 0.0112107623318 0.0296442687747
0 0.470852017937 0.235177865613 0.0179372197309 0.0434782608696
0 0.42769058296 0.23814229249 0.0168161434978 0.0335968379447
0 0.405829596413 0.195652173913 0.0134529147982 0.0316205533597
0 0.383968609865 0.191699604743 0.012331838565 0.0276679841897
0 0.393497757848 0.219367588933 0.0156950672646 0.0276679841897
0 0.360986547085 0.205533596838 0.0134529147982 0.0237154150198
0 0.365470852018 0.247035573123 0.0179372197309 0.0434782608696
0 0.369955156951 0.274703557312 0.0201793721973 0.0434782608696
0 0.387892376682 0.27766798419 0.0224215246637 0.0494071146245
0 0.34697309417 0.232213438735 0.0145739910314 0.0335968379447
0 0.338004484305 0.260869565217 0.0190582959641 0.0434782608696
0 0.24831838565 0.26185770751 0.012331838565 0.0296442687747
0 0.29932735426 0.255928853755 0.0134529147982 0.0335968379447
0 0.316143497758 0.247035573123 0.0156950672646 0.0395256916996
0 0.326233183857 0.231225296443 0.0134529147982 0.0316205533597
0 0.55100896861 0.153162055336 0.0100896860987 0.0256916996047
0 0.191704035874 0.409090909091 0.0381165919283 0.0750988142292
0 0.440022421525 0.175889328063 0.0145739910314 0.0316205533597
