0 0.195509822264 0.4475 0.0430308699719 0.085
0 0.315715622077 0.244166666667 0.0196445275959 0.035
0 0.349391955098 0.199166666667 0.0177736202058 0.0383333333333
0 0.413938260056 0.17 0.0159027128157 0.0333333333333
0 0.417212347989 0.208333333333 0.0168381665108 0.0366666666667
0 0.436389148737 0.175 0.0159027128157 0.0266666666667
0 0.449953227315 0.23 0.022450888681 0.0433333333333
0 0.482226379794 0.231666666667 0.0233863423761 0.0466666666667
0 0.473807296539 0.194166666667 0.0196445275959 0.0283333333333
0 0.464452759588 0.170833333333 0.0177736202058 0.0283333333333
0 0.449953227315 0.159166666667 0.0149672591207 0.0283333333333
0 0.470065481759 0.145833333333 0.0177736202058 0.0316666666667
0 0.493451824135 0.140833333333 0.0140318054256 0.0283333333333
0 0.49438727783 0.170833333333 0.0177736202058 0.0316666666667
0 0.511693171188 0.143333333333 0.0168381665108 0.0333333333333
0 0.518241347053 0.121666666667 0.0149672591207 0.03
0 0.555659494855 0.190833333333 0.0187090739008 0.0416666666667
0 0.546304957905 0.148333333333 0.0168381665108 0.0333333333333
0 0.544901777362 0.100833333333 0.0140318054256 0.025
0 0.573433115061 0.14 0.0149672591207 0.0333333333333
0 0.599625818522 0.144166666667 0.0168381665108 0.035
0 0.626286248831 0.134166666667 0.0177736202058 0.035
0 0.505144995323 0.285 0.0261927034612 0.0566666666667
0 0.570159027128 0.298333333333 0.0289990645463 0.07
0 0.567352666043 0.254166666667 0.021515434986 0.0416666666667
0 0.595884003742 0.26 0.0280636108513 0.06
0 0.628157156221 0.306666666667 0.0271281571562 0.0666666666667
0 0.687558465856 0.341666666667 0.0299345182413 0.0733333333333
0 0.673058933583 0.2825 0.0271281571562 0.0516666666667
0 0.637043966324 0.203333333333 0.022450888681 0.0466666666667
0 0.664639850327 0.226666666667 0.0196445275959 0.0466666666667
0 0.66230121609 0.1925 0.0205799812909 0.045
0 0.697848456501 0.18 0.022450888681 0.04
0 0.706267539757 0.2075 0.022450888681 0.045
0 0.715622076707 0.241666666667 0.0261927034612 0.0533333333333
0 0.737137511693 0.1875 0.0187090739008 0.0383333333333
0 0.718428437792 0.174166666667 0.0149672591207 0.035
0 0.76987839102 0.175 0.022450888681 0.0366666666667
0 0.769410664172 0.145833333333 0.0177736202058 0.035
0 0.813376987839 0.3 0.0289990645463 0.0633333333333
0 0.811973807297 0.264166666667 0.0205799812909 0.045
0 0.796071094481 0.2175 0.0205799812909 0.045
0 0.804490177736 0.179166666667 0.0168381665108 0.045
0 0.794200187091 0.18 0.0112254443405 0.0366666666667
0 0.827408793265 0.175 0.0177736202058 0.0366666666667
0 0.844714686623 0.190833333333 0.0168381665108 0.0383333333333
0 0.847521047708 0.225 0.0187090739008 0.04
0 0.848456501403 0.328333333333 0.0299345182413 0.0566666666667
0 0.910664172123 0.37 0.0271281571562 0.07
0 0.89616463985 0.4575 0.0318054256314 0.085
0 0.865294667914 0.3025 0.0243217960711 0.0516666666667
0 0.883536014967 0.231666666667 0.021515434986 0.0566666666667
0 0.868568755847 0.186666666667 0.0177736202058 0.04
0 0.891955098223 0.198333333333 0.0177736202058 0.0533333333333
0 0.926566884939 0.2375 0.021515434986 0.0516666666667
0 0.920486435921 0.299166666667 0.0205799812909 0.0483333333333
0 0.962114125351 0.1425 0.0177736202058 0.045
