0 0.066976744186 0.398178807947 0.033488372093 0.0645695364238
0 0.249302325581 0.290562913907 0.0093023255814 0.0380794701987
0 0.272093023256 0.269039735099 0.0195348837209 0.0281456953642
0 0.299534883721 0.259933774834 0.0148837209302 0.0364238410596
0 0.357674418605 0.262417218543 0.0176744186047 0.0380794701987
0 0.331162790698 0.207781456954 0.0093023255814 0.0215231788079
0 0.342790697674 0.222682119205 0.0139534883721 0.0347682119205
0 0.372093023256 0.216059602649 0.0111627906977 0.0314569536424
0 0.393953488372 0.216059602649 0.0176744186047 0.0314569536424
0 0.427906976744 0.264900662252 0.0167441860465 0.0430463576159
0 0.420930232558 0.21440397351 0.0158139534884 0.0281456953642
0 0.48511627907 0.30298013245 0.0195348837209 0.0496688741722
0 0.546046511628 0.302152317881 0.0204651162791 0.0480132450331
0 0.598139534884 0.332781456954 0.0204651162791 0.0562913907285
0 0.666046511628 0.346854304636 0.0241860465116 0.0612582781457
0 0.65488372093 0.256622516556 0.0186046511628 0.0496688741722
0 0.708372093023 0.292218543046 0.026976744186 0.0513245033113
0 0.773488372093 0.28642384106 0.0251162790698 0.0529801324503
0 0.56511627907 0.244205298013 0.0195348837209 0.0380794701987
0 0.601395348837 0.251655629139 0.0213953488372 0.0430463576159
0 0.486976744186 0.226821192053 0.0176744186047 0.0331125827815
0 0.460465116279 0.172185430464 0.0148837209302 0.0298013245033
0 0.423255813953 0.181291390728 0.013023255814 0.0281456953642
0 0.442790697674 0.201158940397 0.0148837209302 0.0314569536424
0 0.68976744186 0.207781456954 0.0251162790698 0.0480132450331
0 0.658139534884 0.209437086093 0.0195348837209 0.0281456953642
0 0.615813953488 0.220198675497 0.0186046511628 0.0430463576159
0 0.497209302326 0.19701986755 0.0176744186047 0.0331125827815
0 0.473953488372 0.172185430464 0.0158139534884 0.0298013245033
0 0.527906976744 0.19619205298 0.0213953488372 0.0314569536424
0 0.548372093023 0.156456953642 0.0139534883721 0.0314569536424
0 0.568372093023 0.177152317881 0.0186046511628 0.0298013245033
0 0.610697674419 0.145695364238 0.0139534883721 0.0264900662252
0 0.451162790698 0.149834437086 0.0111627906977 0.0248344370861
0 0.480930232558 0.134105960265 0.0111627906977 0.0198675496689
0 0.748837209302 0.216059602649 0.0186046511628 0.0480132450331
0 0.797674418605 0.243377483444 0.0195348837209 0.0496688741722
0 0.862790697674 0.23261589404 0.0139534883721 0.0380794701987
0 0.727906976744 0.19701986755 0.0139534883721 0.0364238410596
0 0.651162790698 0.174668874172 0.0204651162791 0.0347682119205
0 0.513488372093 0.162251655629 0.0148837209302 0.0198675496689
0 0.526046511628 0.130794701987 0.0102325581395 0.0264900662252
0 0.559069767442 0.110099337748 0.0111627906977 0.0248344370861
0 0.586511627907 0.100993377483 0.0120930232558 0.023178807947
0 0.583720930233 0.123344370861 0.0120930232558 0.0281456953642
0 0.614418604651 0.110927152318 0.00837209302326 0.0198675496689
0 0.632093023256 0.12417218543 0.0120930232558 0.023178807947
0 0.646976744186 0.102649006623 0.0120930232558 0.0264900662252
0 0.671627906977 0.117549668874 0.0148837209302 0.0331125827815
0 0.673488372093 0.151490066225 0.0148837209302 0.0281456953642
0 0.693488372093 0.0993377483444 0.0120930232558 0.0298013245033
0 0.7 0.145695364238 0.0195348837209 0.0331125827815
0 0.729302325581 0.123344370861 0.0093023255814 0.0314569536424
0 0.722325581395 0.156456953642 0.0195348837209 0.0314569536424
0 0.743720930233 0.135761589404 0.0139534883721 0.0264900662252
0 0.746976744186 0.105960264901 0.0148837209302 0.023178807947
0 0.759069767442 0.132450331126 0.013023255814 0.0298013245033
0 0.766511627907 0.163079470199 0.0148837209302 0.0347682119205
0 0.77488372093 0.125 0.013023255814 0.0248344370861
0 0.793023255814 0.168046357616 0.0195348837209 0.0380794701987
0 0.792093023256 0.130794701987 0.0176744186047 0.0264900662252
0 0.805581395349 0.123344370861 0.013023255814 0.0215231788079
0 0.830697674419 0.140728476821 0.0148837209302 0.0331125827815
0 0.811627906977 0.170529801325 0.0139534883721 0.0298013245033
0 0.84 0.193708609272 0.0167441860465 0.0331125827815
0 0.859069767442 0.133278145695 0.0120930232558 0.0248344370861
0 0.848837209302 0.162251655629 0.0158139534884 0.0364238410596
0 0.888372093023 0.131622516556 0.0111627906977 0.0281456953642
0 0.882325581395 0.167218543046 0.0139534883721 0.0364238410596
0 0.889302325581 0.211092715232 0.0167441860465 0.0380794701987
0 0.92 0.201158940397 0.0167441860465 0.0314569536424
0 0.912558139535 0.170529801325 0.0111627906977 0.0331125827815
0 0.921395348837 0.159768211921 0.0102325581395 0.0281456953642
0 0.459069767442 0.19701986755 0.0158139534884 0.0364238410596
0 0.455348837209 0.215231788079 0.0139534883721 0.0397350993377
