0 0.419413919414 0.216586151369 0.0201465201465 0.0402576489533
0 0.628663003663 0.143317230274 0.0155677655678 0.0257648953301
0 0.646978021978 0.144122383253 0.0155677655678 0.0273752012882
0 0.658424908425 0.125603864734 0.0128205128205 0.0257648953301
0 0.755036630037 0.147342995169 0.0137362637363 0.0305958132045
0 0.77152014652 0.151368760064 0.0137362637363 0.0322061191626
0 0.827380952381 0.260064412238 0.0192307692308 0.0531400966184
0 0.872710622711 0.196457326892 0.0128205128205 0.0386473429952
0 0.895604395604 0.221417069243 0.014652014652 0.037037037037
0 0.893772893773 0.252818035427 0.0164835164835 0.0386473429952
0 0.922161172161 0.256038647343 0.018315018315 0.0450885668277
