0 0.060861423221 0.39850249584 0.0355805243446 0.0748752079867
0 0.25936329588 0.285357737105 0.0205992509363 0.0349417637271
0 0.288389513109 0.271214642263 0.0187265917603 0.0399334442596
0 0.307116104869 0.256239600666 0.0205992509363 0.0432612312812
0 0.320224719101 0.220465890183 0.0168539325843 0.0382695507488
0 0.34456928839 0.216306156406 0.0187265917603 0.0399334442596
0 0.34691011236 0.277870216306 0.0234082397004 0.0532445923461
0 0.399812734082 0.299500831947 0.0280898876404 0.0532445923461
0 0.381086142322 0.219633943428 0.0187265917603 0.0399334442596
0 0.388576779026 0.200499168053 0.0168539325843 0.0349417637271
0 0.414794007491 0.225457570715 0.0187265917603 0.0382695507488
0 0.442415730337 0.222961730449 0.0234082397004 0.0399334442596
0 0.489232209738 0.226289517471 0.0234082397004 0.0465890183028
0 0.414325842697 0.168885191348 0.0159176029963 0.0282861896839
0 0.433988764045 0.194675540765 0.0159176029963 0.0299500831947
0 0.462078651685 0.211314475874 0.0177902621723 0.0332778702163
0 0.448033707865 0.157237936772 0.0159176029963 0.0349417637271
0 0.486423220974 0.192179700499 0.0159176029963 0.0316139767055
0 0.482209737828 0.175540765391 0.0168539325843 0.0282861896839
0 0.474719101124 0.147254575707 0.0131086142322 0.0282861896839
0 0.487827715356 0.133943427621 0.0131086142322 0.0282861896839
0 0.507490636704 0.164725457571 0.0168539325843 0.0299500831947
0 0.538857677903 0.201331114809 0.0177902621723 0.0399334442596
0 0.537453183521 0.160565723794 0.0187265917603 0.0349417637271
0 0.522003745318 0.138935108153 0.0140449438202 0.0349417637271
0 0.53043071161 0.127287853577 0.0140449438202 0.0282861896839
0 0.551966292135 0.147254575707 0.0140449438202 0.0282861896839
0 0.571161048689 0.163893510815 0.0149812734082 0.0349417637271
0 0.583333333333 0.149750415973 0.0168539325843 0.0299500831947
0 0.561329588015 0.114808652246 0.0121722846442 0.026622296173
0 0.59456928839 0.119800332779 0.0131086142322 0.026622296173
0 0.600655430712 0.10149750416 0.0121722846442 0.026622296173
0 0.618913857678 0.1231281198 0.0131086142322 0.0299500831947
0 0.62968164794 0.15224625624 0.0159176029963 0.0349417637271
0 0.61563670412 0.106489184692 0.0121722846442 0.0299500831947
0 0.640917602996 0.0998336106489 0.0159176029963 0.0332778702163
0 0.638576779026 0.125623960067 0.0131086142322 0.0282861896839
0 0.675561797753 0.11231281198 0.0140449438202 0.0316139767055
0 0.695224719101 0.0981697171381 0.0140449438202 0.0332778702163
0 0.537453183521 0.306988352745 0.0299625468165 0.0682196339434
0 0.493445692884 0.292013311148 0.0299625468165 0.0582362728785
0 0.563670411985 0.252079866889 0.0224719101124 0.0515806988353
0 0.60393258427 0.32612312812 0.0318352059925 0.0599001663894
0 0.602996254682 0.262063227953 0.0243445692884 0.0515806988353
0 0.61095505618 0.211314475874 0.0252808988764 0.0432612312812
0 0.6484082397 0.176372712146 0.0196629213483 0.0432612312812
0 0.674157303371 0.203826955075 0.0243445692884 0.0515806988353
0 0.663389513109 0.257903494176 0.0252808988764 0.0532445923461
0 0.676498127341 0.336106489185 0.0365168539326 0.0698835274542
0 0.680243445693 0.15224625624 0.0177902621723 0.0415973377704
0 0.693820224719 0.181364392679 0.0205992509363 0.0432612312812
0 0.710674157303 0.142262895175 0.0187265917603 0.0382695507488
0 0.732209737828 0.124792013311 0.0149812734082 0.0366056572379
0 0.739232209738 0.179700499168 0.0196629213483 0.0432612312812
0 0.697565543071 0.227953410982 0.0224719101124 0.0499168053245
0 0.720505617978 0.283693843594 0.0290262172285 0.0515806988353
0 0.74765917603 0.228785357737 0.0234082397004 0.0515806988353
0 0.787921348315 0.277038269551 0.0271535580524 0.0615640599002
0 0.738764044944 0.153078202995 0.0168539325843 0.0332778702163
0 0.744850187266 0.128119800333 0.0140449438202 0.0299500831947
0 0.750468164794 0.108985024958 0.0177902621723 0.0282861896839
0 0.762640449438 0.161397670549 0.0159176029963 0.0366056572379
0 0.797752808989 0.17387687188 0.0205992509363 0.044925124792
0 0.782303370787 0.131447587354 0.0140449438202 0.0299500831947
0 0.821629213483 0.227953410982 0.0215355805243 0.0532445923461
0 0.781835205993 0.113144758735 0.0112359550562 0.0199667221298
0 0.799157303371 0.138935108153 0.0140449438202 0.0282861896839
0 0.810393258427 0.126455906822 0.0121722846442 0.026622296173
0 0.818820224719 0.168053244592 0.0159176029963 0.0366056572379
0 0.832865168539 0.127287853577 0.0177902621723 0.0316139767055
0 0.851123595506 0.194675540765 0.0187265917603 0.0465890183028
0 0.874531835206 0.218801996672 0.0205992509363 0.0515806988353
0 0.873595505618 0.174708818636 0.0168539325843 0.0332778702163
0 0.859082397004 0.160565723794 0.0121722846442 0.0349417637271
0 0.866104868914 0.128119800333 0.0149812734082 0.0299500831947
0 0.902153558052 0.130615640599 0.0121722846442 0.0316139767055
0 0.891853932584 0.199667221298 0.0140449438202 0.0432612312812
0 0.926029962547 0.289517470882 0.0262172284644 0.0565723793677
0 0.930243445693 0.201331114809 0.0159176029963 0.0465890183028
0 0.925093632959 0.180532445923 0.0131086142322 0.0282861896839
0 0.930243445693 0.154742096506 0.0140449438202 0.0332778702163
0 0.896535580524 0.17387687188 0.0177902621723 0.0349417637271
