0 0.20164410058 0.380789022298 0.0473887814313 0.0857632933105
0 0.307543520309 0.215265866209 0.0154738878143 0.0360205831904
0 0.322050290135 0.244425385935 0.0174081237911 0.0463121783877
0 0.330270793037 0.181818181818 0.0203094777563 0.0377358490566
0 0.332205029014 0.217838765009 0.0203094777563 0.0308747855918
0 0.379593810445 0.238421955403 0.0261121856867 0.0514579759863
0 0.349613152805 0.19897084048 0.0164410058027 0.0343053173242
0 0.3916827853 0.19897084048 0.0193423597679 0.0377358490566
0 0.416344294004 0.253859348199 0.0261121856867 0.0480274442539
0 0.439555125725 0.218696397942 0.0241779497099 0.0428816466552
0 0.489845261122 0.277015437393 0.0280464216634 0.0600343053173
0 0.488878143133 0.218696397942 0.0241779497099 0.0428816466552
0 0.419245647969 0.147512864494 0.0145067698259 0.0274442538593
0 0.434719535783 0.16295025729 0.0125725338491 0.0343053173242
0 0.446324951644 0.16295025729 0.0164410058027 0.041166380789
0 0.47582205029 0.177530017153 0.0174081237911 0.0394511149228
0 0.477756286267 0.144939965695 0.0116054158607 0.0291595197256
0 0.482591876209 0.15180102916 0.0135396518375 0.0291595197256
0 0.504835589942 0.190394511149 0.0212765957447 0.0377358490566
0 0.558510638298 0.183533447684 0.0183752417795 0.0377358490566
0 0.49419729207 0.136363636364 0.0135396518375 0.0291595197256
0 0.509671179884 0.144082332762 0.0154738878143 0.0274442538593
0 0.510154738878 0.120068610635 0.0145067698259 0.0240137221269
0 0.534332688588 0.14922813036 0.0145067698259 0.0308747855918
0 0.54497098646 0.122641509434 0.0164410058027 0.032590051458
0 0.564313346228 0.156089193825 0.0164410058027 0.0308747855918
0 0.585106382979 0.167238421955 0.0154738878143 0.032590051458
0 0.596711798839 0.133790737564 0.0154738878143 0.0308747855918
0 0.587040618956 0.119210977702 0.0116054158607 0.0257289879931
0 0.607833655706 0.107204116638 0.0125725338491 0.032590051458
0 0.631528046422 0.126072041166 0.0135396518375 0.0291595197256
0 0.622340425532 0.156946826758 0.0183752417795 0.0360205831904
0 0.639264990329 0.106346483705 0.0116054158607 0.0274442538593
0 0.653288201161 0.125214408233 0.0145067698259 0.0274442538593
0 0.667794970986 0.0977701543739 0.0125725338491 0.0274442538593
0 0.673114119923 0.131217838765 0.0135396518375 0.0291595197256
0 0.689071566731 0.115780445969 0.0125725338491 0.0257289879931
0 0.718085106383 0.111492281304 0.0125725338491 0.0308747855918
0 0.567214700193 0.246998284734 0.0261121856867 0.0514579759863
0 0.551740812379 0.306174957118 0.0299806576402 0.0634648370497
0 0.597678916828 0.349914236707 0.027079303675 0.065180102916
0 0.632011605416 0.254716981132 0.0241779497099 0.0531732418525
0 0.647969052224 0.215265866209 0.0174081237911 0.0463121783877
0 0.67746615087 0.178387650086 0.0203094777563 0.041166380789
0 0.7166344294 0.186963979417 0.0212765957447 0.041166380789
0 0.706479690522 0.166380789022 0.0145067698259 0.0308747855918
0 0.736460348162 0.148370497427 0.0183752417795 0.032590051458
0 0.750967117988 0.129502572899 0.0145067698259 0.0360205831904
0 0.764506769826 0.150085763293 0.0145067698259 0.032590051458
0 0.779497098646 0.159519725557 0.0174081237911 0.0377358490566
0 0.788201160542 0.132933104631 0.0116054158607 0.0291595197256
0 0.812862669246 0.155231560892 0.0145067698259 0.032590051458
0 0.751934235977 0.208404802744 0.0183752417795 0.0428816466552
0 0.721470019342 0.236706689537 0.0232108317215 0.0480274442539
0 0.680367504836 0.272727272727 0.0280464216634 0.0548885077187
0 0.667794970986 0.34819897084 0.0299806576402 0.0686106346484
0 0.728239845261 0.433962264151 0.0425531914894 0.0686106346484
0 0.824951644101 0.40051457976 0.027079303675 0.0600343053173
0 0.861218568665 0.406518010292 0.0299806576402 0.0686106346484
0 0.840425531915 0.343053173242 0.0251450676983 0.0583190394511
0 0.781914893617 0.295883361921 0.0241779497099 0.0566037735849
0 0.74419729207 0.293310463122 0.0222437137331 0.0548885077187
0 0.766924564797 0.238421955403 0.0212765957447 0.0445969125214
0 0.796421663443 0.256432246998 0.0241779497099 0.0463121783877
0 0.803675048356 0.234991423671 0.0212765957447 0.0308747855918
0 0.870889748549 0.27615780446 0.0203094777563 0.0617495711835
0 0.88829787234 0.234133790738 0.0183752417795 0.0463121783877
0 0.91586073501 0.349914236707 0.0251450676983 0.065180102916
0 0.930367504836 0.30102915952 0.0232108317215 0.0566037735849
0 0.932301740812 0.239279588336 0.0154738878143 0.0428816466552
