0 0.202297702298 0.457219251337 0.042957042957 0.0909090909091
0 0.295204795205 0.214795008913 0.016983016983 0.0338680926916
0 0.314185814186 0.217468805704 0.016983016983 0.0356506238859
0 0.326673326673 0.242424242424 0.017982017982 0.0427807486631
0 0.377122877123 0.23440285205 0.022977022977 0.0445632798574
0 0.4000999001 0.237967914439 0.018981018981 0.048128342246
0 0.415584415584 0.261140819964 0.027972027972 0.0445632798574
0 0.405594405594 0.217468805704 0.01998001998 0.0356506238859
0 0.372127872128 0.189839572193 0.014985014985 0.0338680926916
0 0.380619380619 0.17201426025 0.015984015984 0.030303030303
0 0.424075924076 0.153297682709 0.012987012987 0.0285204991087
0 0.458541458541 0.147058823529 0.011988011988 0.0231729055258
0 0.468031968032 0.153297682709 0.012987012987 0.0213903743316
0 0.472527472527 0.172905525847 0.015984015984 0.0320855614973
0 0.470529470529 0.194295900178 0.01998001998 0.0320855614973
0 0.462537462537 0.220142602496 0.021978021978 0.0445632798574
0 0.474525474525 0.137254901961 0.00999000999001 0.0249554367201
0 0.489010989011 0.139037433155 0.014985014985 0.0249554367201
0 0.5 0.122103386809 0.00899100899101 0.0231729055258
0 0.492007992008 0.163101604278 0.016983016983 0.0267379679144
0 0.516983016983 0.166666666667 0.014985014985 0.0374331550802
0 0.537962037962 0.155971479501 0.016983016983 0.0338680926916
0 0.540959040959 0.145276292335 0.012987012987 0.030303030303
0 0.52047952048 0.135472370766 0.013986013986 0.0249554367201
0 0.562937062937 0.152406417112 0.014985014985 0.0267379679144
0 0.563936063936 0.185383244207 0.020979020979 0.0392156862745
0 0.584415584416 0.160427807487 0.017982017982 0.0356506238859
0 0.5999000999 0.150623885918 0.016983016983 0.030303030303
0 0.585914085914 0.120320855615 0.012987012987 0.0231729055258
0 0.608891108891 0.106060606061 0.012987012987 0.0196078431373
0 0.612887112887 0.138146167558 0.012987012987 0.030303030303
0 0.633866133866 0.160427807487 0.018981018981 0.0285204991087
0 0.63036963037 0.114081996435 0.011988011988 0.0285204991087
0 0.646353646354 0.120320855615 0.017982017982 0.0338680926916
0 0.679320679321 0.112299465241 0.013986013986 0.0285204991087
0 0.731268731269 0.0695187165775 0.013986013986 0.0285204991087
0 0.557442557443 0.237967914439 0.021978021978 0.0445632798574
0 0.616883116883 0.254010695187 0.026973026973 0.0552584670232
0 0.619380619381 0.216577540107 0.021978021978 0.0409982174688
0 0.668331668332 0.224598930481 0.021978021978 0.0427807486631
0 0.711288711289 0.193404634581 0.01998001998 0.048128342246
0 0.736263736264 0.180035650624 0.01998001998 0.0392156862745
0 0.739260739261 0.237967914439 0.017982017982 0.0445632798574
0 0.769230769231 0.251336898396 0.021978021978 0.0499108734403
0 0.776223776224 0.316399286988 0.02997002997 0.0623885918004
0 0.767732267732 0.201426024955 0.020979020979 0.0463458110517
0 0.731768231768 0.142602495544 0.018981018981 0.0320855614973
0 0.760739260739 0.130124777184 0.014985014985 0.0356506238859
0 0.784215784216 0.141711229947 0.013986013986 0.030303030303
0 0.793706293706 0.169340463458 0.016983016983 0.0320855614973
0 0.793206793207 0.213012477718 0.023976023976 0.0445632798574
0 0.808191808192 0.128342245989 0.011988011988 0.0285204991087
0 0.824175824176 0.139037433155 0.00999000999001 0.0249554367201
0 0.82967032967 0.171122994652 0.014985014985 0.0320855614973
0 0.84015984016 0.148841354724 0.013986013986 0.030303030303
0 0.853146853147 0.147058823529 0.011988011988 0.030303030303
0 0.867632367632 0.175579322638 0.016983016983 0.0338680926916
0 0.857142857143 0.213903743316 0.021978021978 0.0463458110517
0 0.844155844156 0.241532976827 0.015984015984 0.048128342246
0 0.885114885115 0.235294117647 0.015984015984 0.0392156862745
0 0.88961038961 0.204099821747 0.014985014985 0.0374331550802
0 0.883116883117 0.164884135472 0.013986013986 0.0338680926916
0 0.897102897103 0.182709447415 0.011988011988 0.0267379679144
0 0.909090909091 0.147058823529 0.015984015984 0.0338680926916
0 0.904595404595 0.356506238859 0.028971028971 0.0641711229947
0 0.916583416583 0.257575757576 0.022977022977 0.0552584670232
0 0.942057942058 0.204991087344 0.017982017982 0.0427807486631
0 0.936063936064 0.175579322638 0.015984015984 0.030303030303
0 0.954045954046 0.180926916221 0.011988011988 0.0338680926916
