0 0.35145631068 0.239242685026 0.0174757281553 0.0344234079174
0 0.390776699029 0.268502581756 0.0203883495146 0.0413080895009
0 0.461165048544 0.220309810671 0.021359223301 0.0413080895009
0 0.421359223301 0.160068846816 0.0174757281553 0.0309810671256
0 0.488349514563 0.309810671256 0.031067961165 0.0585197934596
0 0.545145631068 0.327882960413 0.0300970873786 0.0636833046472
0 0.587378640777 0.386402753873 0.0330097087379 0.0567986230637
0 0.627669902913 0.245266781411 0.0223300970874 0.0430292598967
0 0.640291262136 0.222030981067 0.0242718446602 0.0516351118761
0 0.776213592233 0.290017211704 0.0281553398058 0.0567986230637
0 0.844174757282 0.315834767642 0.0281553398058 0.0671256454389
0 0.928640776699 0.157487091222 0.0145631067961 0.0292598967298
0 0.900970873786 0.148020654045 0.0155339805825 0.0275387263339
0 0.555339805825 0.126506024096 0.0135922330097 0.0292598967298
0 0.567475728155 0.131669535284 0.0145631067961 0.0292598967298
0 0.594174757282 0.115318416523 0.0155339805825 0.0309810671256
