0 0.129551227773 0.538623595506 0.0372565622354 0.0688202247191
0 0.230736663844 0.327247191011 0.0194750211685 0.0308988764045
0 0.261219305673 0.33356741573 0.0194750211685 0.0379213483146
0 0.287044877223 0.357443820225 0.0186282811177 0.0435393258427
0 0.28916172735 0.299157303371 0.0177815410669 0.0337078651685
0 0.364944961897 0.332162921348 0.0220152413209 0.0407303370787
0 0.357747671465 0.28441011236 0.0160880609653 0.0266853932584
0 0.390347163421 0.323033707865 0.0186282811177 0.0393258426966
0 0.413209144793 0.31952247191 0.0186282811177 0.0323033707865
0 0.401354784081 0.249297752809 0.0152413209145 0.0323033707865
0 0.413209144793 0.266151685393 0.0152413209145 0.0294943820225
0 0.414479254869 0.290028089888 0.0177815410669 0.0294943820225
0 0.442421676545 0.301264044944 0.0194750211685 0.0323033707865
0 0.455546147333 0.320224719101 0.0203217612193 0.0365168539326
0 0.481371718882 0.294943820225 0.0194750211685 0.0337078651685
0 0.432260795936 0.247893258427 0.0143945808637 0.0294943820225
0 0.451735817104 0.252808988764 0.0143945808637 0.0337078651685
0 0.466977138019 0.237359550562 0.0160880609653 0.0308988764045
0 0.475867908552 0.226825842697 0.0118543607113 0.0238764044944
0 0.480948348857 0.255617977528 0.0152413209145 0.0308988764045
0 0.497883149873 0.254915730337 0.0152413209145 0.0294943820225
0 0.513124470787 0.249297752809 0.0118543607113 0.0266853932584
0 0.528365791702 0.232443820225 0.0152413209145 0.0238764044944
0 0.530482641829 0.266151685393 0.0160880609653 0.0294943820225
0 0.512701100762 0.314606741573 0.0194750211685 0.0337078651685
0 0.550381033023 0.241573033708 0.0169348010161 0.0337078651685
0 0.563082133785 0.273174157303 0.0169348010161 0.0351123595506
0 0.580016934801 0.259129213483 0.0152413209145 0.0323033707865
0 0.577476714649 0.20856741573 0.0118543607113 0.0210674157303
0 0.580016934801 0.223314606742 0.0135478408129 0.0280898876404
0 0.59483488569 0.231039325843 0.0160880609653 0.0294943820225
0 0.606689246401 0.245786516854 0.0160880609653 0.0308988764045
0 0.614309906859 0.214185393258 0.0127011007621 0.0266853932584
0 0.614309906859 0.199438202247 0.0143945808637 0.0252808988764
0 0.638865368332 0.207865168539 0.0160880609653 0.0337078651685
0 0.651989839119 0.213483146067 0.0169348010161 0.0280898876404
0 0.654953429297 0.235252808989 0.0160880609653 0.0294943820225
0 0.683742591025 0.202949438202 0.0127011007621 0.0294943820225
0 0.688823031329 0.221207865169 0.0127011007621 0.0238764044944
0 0.701524132091 0.216994382022 0.0143945808637 0.0294943820225
0 0.683319220999 0.266151685393 0.0152413209145 0.0323033707865
0 0.721422523285 0.240168539326 0.0152413209145 0.0308988764045
0 0.645215918713 0.292134831461 0.0220152413209 0.0421348314607
0 0.659187129551 0.325140449438 0.0211685012701 0.0351123595506
0 0.610076206605 0.318117977528 0.0228619813717 0.0407303370787
0 0.602878916173 0.370786516854 0.0270956816257 0.0561797752809
0 0.622777307367 0.420646067416 0.0279424216765 0.063202247191
0 0.645639288738 0.455758426966 0.034716342083 0.0660112359551
0 0.556731583404 0.38904494382 0.0296359017782 0.0505617977528
0 0.538526672312 0.346207865169 0.0220152413209 0.0463483146067
0 0.499153259949 0.378511235955 0.0313293818798 0.0547752808989
0 0.677392040644 0.370786516854 0.0254022015241 0.0561797752809
0 0.700254022015 0.347612359551 0.0220152413209 0.0491573033708
0 0.741744284505 0.393960674157 0.030482641829 0.0463483146067
0 0.717188823031 0.527387640449 0.0423370025402 0.0660112359551
0 0.845469940728 0.484550561798 0.0330228619814 0.0702247191011
0 0.803979678239 0.413623595506 0.0313293818798 0.0519662921348
0 0.865368331922 0.436095505618 0.0338696020322 0.0575842696629
0 0.944115156647 0.453651685393 0.0338696020322 0.0561797752809
0 0.936071126164 0.383426966292 0.0211685012701 0.0449438202247
0 0.880609652837 0.363764044944 0.0220152413209 0.0561797752809
0 0.825571549534 0.343398876404 0.0203217612193 0.0463483146067
0 0.708298052498 0.294943820225 0.0177815410669 0.0337078651685
0 0.722692633362 0.293539325843 0.0194750211685 0.0337078651685
0 0.746824724809 0.245084269663 0.0152413209145 0.0323033707865
0 0.763759525826 0.223314606742 0.0135478408129 0.0280898876404
0 0.751058425064 0.231039325843 0.0118543607113 0.0266853932584
0 0.792972057578 0.253511235955 0.0160880609653 0.0266853932584
0 0.796359017782 0.283005617978 0.0211685012701 0.0351123595506
0 0.770956816257 0.25702247191 0.0177815410669 0.0337078651685
0 0.797629127858 0.230337078652 0.0152413209145 0.0308988764045
0 0.828958509738 0.23595505618 0.0135478408129 0.0308988764045
0 0.831922099915 0.261235955056 0.0143945808637 0.0280898876404
0 0.833192209992 0.29143258427 0.0152413209145 0.0407303370787
0 0.864098221846 0.301264044944 0.0177815410669 0.0351123595506
0 0.8683319221 0.263342696629 0.0177815410669 0.0379213483146
0 0.861558001693 0.246488764045 0.0143945808637 0.0294943820225
0 0.87849280271 0.259831460674 0.0127011007621 0.0308988764045
0 0.894157493649 0.250702247191 0.0135478408129 0.0351123595506
0 0.914479254869 0.260533707865 0.0169348010161 0.0323033707865
0 0.907705334462 0.307584269663 0.0152413209145 0.0393258426966
0 0.888230313294 0.322331460674 0.0186282811177 0.0463483146067
0 0.95215918713 0.344803370787 0.0194750211685 0.0407303370787
0 0.930143945809 0.292134831461 0.0177815410669 0.0393258426966
0 0.953429297206 0.297050561798 0.0152413209145 0.0294943820225
0 0.960203217612 0.263342696629 0.0152413209145 0.0351123595506
