0 0.305091487669 0.230180806676 0.0135242641209 0.029207232267
0 0.348050914877 0.221835883171 0.0167064439141 0.0319888734353
0 0.384248210024 0.299026425591 0.0222752585521 0.0417246175243
0 0.480111376293 0.202364394993 0.0135242641209 0.0347705146036
0 0.457040572792 0.162726008345 0.0135242641209 0.0250347705146
0 0.559665871122 0.182197496523 0.0167064439141 0.0389429763561
0 0.556483691329 0.125869262865 0.0119331742243 0.029207232267
0 0.809069212411 0.396383866481 0.030230708035 0.0695410292072
0 0.865552903739 0.139082058414 0.0127287191726 0.0305980528512
0 0.899761336516 0.134909596662 0.0127287191726 0.0278164116829
