0 0.159000793021 0.314840499307 0.0293417922284 0.0471567267684
0 0.167327517843 0.379334257975 0.0475812846947 0.0901525658807
0 0.218873909596 0.285020804438 0.0333068992863 0.0457697642164
0 0.230769230769 0.30721220527 0.0333068992863 0.0568654646325
0 0.275574940523 0.25173370319 0.0261697065821 0.0374479889043
0 0.293021411578 0.23786407767 0.0277557494052 0.0485436893204
0 0.317208564631 0.242718446602 0.03013481364 0.0499306518724
0 0.34179222839 0.249653259362 0.0237906423473 0.0721220527046
0 0.40206185567 0.221220527046 0.0222045995242 0.0596393897365
0 0.4246629659 0.229542302358 0.0277557494052 0.0596393897365
0 0.370737509913 0.364077669903 0.0467882632831 0.0901525658807
0 0.36161776368 0.434119278779 0.0444091990484 0.0915395284327
0 0.346946867565 0.531900138696 0.0531324345757 0.109570041609
