0 0.17558685446 0.485221674877 0.0338028169014 0.0607553366174
0 0.250704225352 0.259441707718 0.0131455399061 0.0262725779967
0 0.272769953052 0.274220032841 0.0159624413146 0.0295566502463
0 0.323943661972 0.275862068966 0.0150234741784 0.0295566502463
0 0.361502347418 0.251231527094 0.0169014084507 0.0328407224959
0 0.384976525822 0.256157635468 0.0150234741784 0.0328407224959
0 0.396244131455 0.296387520525 0.018779342723 0.0443349753695
0 0.310798122066 0.230706075534 0.0112676056338 0.0180623973727
0 0.318779342723 0.240558292282 0.0103286384977 0.0213464696223
0 0.333802816901 0.225779967159 0.0140845070423 0.0279146141215
0 0.347417840376 0.232348111658 0.0131455399061 0.0311986863711
0 0.394835680751 0.217569786535 0.01220657277 0.0311986863711
0 0.435680751174 0.229885057471 0.018779342723 0.0361247947455
0 0.386854460094 0.197044334975 0.0112676056338 0.0262725779967
0 0.476525821596 0.247947454844 0.0159624413146 0.0295566502463
0 0.444600938967 0.192118226601 0.01220657277 0.0229885057471
0 0.424882629108 0.192939244663 0.0140845070423 0.0279146141215
0 0.405633802817 0.186371100164 0.0112676056338 0.0279146141215
0 0.447887323944 0.162561576355 0.0112676056338 0.0197044334975
0 0.440845070423 0.173234811166 0.0103286384977 0.0213464696223
0 0.492957746479 0.211822660099 0.0131455399061 0.0229885057471
0 0.47323943662 0.195402298851 0.0112676056338 0.0262725779967
0 0.49014084507 0.188013136289 0.0112676056338 0.0213464696223
0 0.486854460094 0.164203612479 0.0103286384977 0.0229885057471
0 0.487323943662 0.133825944171 0.0131455399061 0.0246305418719
0 0.522535211268 0.213464696223 0.0178403755869 0.0295566502463
0 0.532394366197 0.172413793103 0.0150234741784 0.0328407224959
0 0.569483568075 0.169129720854 0.0178403755869 0.0328407224959
0 0.559624413146 0.151067323481 0.0112676056338 0.0229885057471
0 0.56103286385 0.127257799672 0.01220657277 0.0279146141215
0 0.595305164319 0.147783251232 0.0093896713615 0.0229885057471
0 0.59765258216 0.12315270936 0.00845070422535 0.0229885057471
0 0.607511737089 0.14039408867 0.0075117370892 0.0213464696223
0 0.615023474178 0.122331691297 0.0075117370892 0.0246305418719
0 0.632394366197 0.142857142857 0.0140845070423 0.0262725779967
0 0.63661971831 0.122331691297 0.0131455399061 0.0246305418719
0 0.674647887324 0.120689655172 0.0103286384977 0.0246305418719
0 0.618309859155 0.152709359606 0.01220657277 0.0229885057471
0 0.603286384977 0.204433497537 0.0159624413146 0.0344827586207
0 0.576525821596 0.221674876847 0.0206572769953 0.0426929392447
0 0.549765258216 0.307060755337 0.0215962441315 0.0426929392447
0 0.526291079812 0.291461412151 0.0197183098592 0.0443349753695
0 0.623943661972 0.245484400657 0.0197183098592 0.047619047619
0 0.60234741784 0.34236453202 0.0291079812207 0.0509031198686
0 0.660093896714 0.220853858785 0.0150234741784 0.0377668308703
0 0.647887323944 0.189655172414 0.0131455399061 0.0279146141215
0 0.678873239437 0.244663382594 0.018779342723 0.0426929392447
0 0.701877934272 0.23645320197 0.0178403755869 0.0426929392447
0 0.69014084507 0.192118226601 0.0169014084507 0.0328407224959
0 0.695774647887 0.151067323481 0.0093896713615 0.0229885057471
0 0.718779342723 0.285714285714 0.0215962441315 0.0394088669951
0 0.761971830986 0.227422003284 0.0159624413146 0.0443349753695
0 0.733333333333 0.203612479475 0.0169014084507 0.0328407224959
0 0.706572769953 0.144499178982 0.01220657277 0.0295566502463
0 0.737089201878 0.165845648604 0.0131455399061 0.0328407224959
0 0.740375586854 0.14367816092 0.0140845070423 0.0279146141215
0 0.765258215962 0.137931034483 0.0112676056338 0.0262725779967
0 0.753990610329 0.129720853859 0.0112676056338 0.0295566502463
0 0.759624413146 0.168308702791 0.0131455399061 0.0311986863711
0 0.78544600939 0.161740558292 0.01220657277 0.0279146141215
0 0.799061032864 0.159277504105 0.0131455399061 0.0295566502463
0 0.770892018779 0.206896551724 0.0150234741784 0.0361247947455
0 0.770892018779 0.309523809524 0.0262910798122 0.0541871921182
0 0.843192488263 0.317733990148 0.0281690140845 0.0607553366174
0 0.856807511737 0.23645320197 0.0215962441315 0.0426929392447
0 0.844600938967 0.192939244663 0.0140845070423 0.0246305418719
0 0.853521126761 0.171592775041 0.0112676056338 0.0279146141215
0 0.834272300469 0.158456486043 0.0140845070423 0.0246305418719
0 0.888732394366 0.178981937603 0.0140845070423 0.0328407224959
0 0.892957746479 0.155993431856 0.0093896713615 0.0229885057471
0 0.915492957746 0.270114942529 0.018779342723 0.047619047619
0 0.911737089202 0.233169129721 0.0150234741784 0.0328407224959
0 0.878873239437 0.204433497537 0.0131455399061 0.0246305418719
