0 0.0229885057471 0.459809264305 0.0328407224959 0.058583106267
0 0.230295566502 0.32970027248 0.0139573070608 0.0326975476839
0 0.256568144499 0.355585831063 0.0188834154351 0.0463215258856
0 0.282840722496 0.305177111717 0.0172413793103 0.0326975476839
0 0.293513957307 0.353542234332 0.0172413793103 0.0395095367847
0 0.333743842365 0.347411444142 0.0205254515599 0.0463215258856
0 0.352216748768 0.318801089918 0.0164203612479 0.0299727520436
0 0.354679802956 0.281335149864 0.0147783251232 0.0258855585831
0 0.38341543514 0.323569482289 0.0147783251232 0.0367847411444
0 0.409688013136 0.3310626703 0.0197044334975 0.0354223433243
0 0.465517241379 0.395095367847 0.0279146141215 0.0544959128065
0 0.449507389163 0.3310626703 0.0221674876847 0.0381471389646
0 0.542692939245 0.393051771117 0.0262725779967 0.0422343324251
0 0.593596059113 0.428474114441 0.0262725779967 0.0558583106267
0 0.655582922824 0.435286103542 0.0238095238095 0.0613079019074
0 0.705254515599 0.463896457766 0.0328407224959 0.074931880109
0 0.819786535304 0.484332425068 0.0287356321839 0.0613079019074
0 0.908456486043 0.452997275204 0.0254515599343 0.0613079019074
0 0.845648604269 0.461852861035 0.0262725779967 0.0544959128065
0 0.782840722496 0.41689373297 0.0287356321839 0.0599455040872
0 0.718801313629 0.403950953678 0.0238095238095 0.0449591280654
0 0.6539408867 0.366485013624 0.0188834154351 0.0463215258856
0 0.532430213465 0.343324250681 0.0221674876847 0.0408719346049
0 0.502873563218 0.307901907357 0.0155993431856 0.0354223433243
0 0.389162561576 0.260899182561 0.0147783251232 0.0258855585831
0 0.408866995074 0.260899182561 0.0131362889984 0.0258855585831
0 0.427339901478 0.238419618529 0.012315270936 0.0217983651226
0 0.445402298851 0.257493188011 0.0155993431856 0.0299727520436
0 0.475779967159 0.259536784741 0.0139573070608 0.0313351498638
0 0.502873563218 0.258855585831 0.012315270936 0.0272479564033
0 0.515599343186 0.269073569482 0.0131362889984 0.0313351498638
0 0.525862068966 0.24591280654 0.012315270936 0.0286103542234
0 0.543513957307 0.24727520436 0.0197044334975 0.0231607629428
0 0.56157635468 0.270435967302 0.0147783251232 0.0340599455041
0 0.580049261084 0.254768392371 0.0155993431856 0.0326975476839
0 0.685550082102 0.359673024523 0.0180623973727 0.0354223433243
0 0.811986863711 0.349455040872 0.0213464696223 0.0449591280654
0 0.857553366174 0.359673024523 0.0238095238095 0.0435967302452
0 0.834975369458 0.32970027248 0.0147783251232 0.0354223433243
0 0.876026272578 0.346730245232 0.0180623973727 0.0395095367847
0 0.93842364532 0.348773841962 0.0180623973727 0.0381471389646
0 0.68842364532 0.299046321526 0.0188834154351 0.0367847411444
0 0.596880131363 0.3310626703 0.0229885057471 0.0354223433243
0 0.635057471264 0.297683923706 0.0221674876847 0.0395095367847
0 0.66091954023 0.262261580381 0.0180623973727 0.0313351498638
0 0.601395730706 0.24727520436 0.0106732348112 0.0231607629428
0 0.725779967159 0.279291553134 0.0164203612479 0.0299727520436
0 0.70197044335 0.24659400545 0.0147783251232 0.0299727520436
0 0.734400656814 0.243869209809 0.0172413793103 0.0326975476839
0 0.777914614122 0.279972752044 0.0139573070608 0.0340599455041
0 0.815681444992 0.298365122616 0.0155993431856 0.0354223433243
0 0.850574712644 0.274523160763 0.0147783251232 0.0286103542234
0 0.87684729064 0.301089918256 0.0147783251232 0.0326975476839
0 0.905582922824 0.320844686649 0.0180623973727 0.0340599455041
0 0.893267651888 0.272479564033 0.0164203612479 0.0272479564033
0 0.873563218391 0.256130790191 0.0131362889984 0.0381471389646
0 0.931855500821 0.302452316076 0.0131362889984 0.0326975476839
0 0.82183908046 0.262942779292 0.0131362889984 0.0326975476839
0 0.794745484401 0.239782016349 0.0147783251232 0.0326975476839
0 0.78078817734 0.241144414169 0.0114942528736 0.0245231607629
0 0.761494252874 0.228201634877 0.0139573070608 0.0258855585831
0 0.699917898194 0.218664850136 0.012315270936 0.0286103542234
0 0.608784893268 0.202997275204 0.00903119868637 0.0272479564033
0 0.556239737274 0.226839237057 0.0106732348112 0.0313351498638
0 0.572249589491 0.217302452316 0.0131362889984 0.0231607629428
0 0.636288998358 0.219346049046 0.0114942528736 0.0245231607629
0 0.661330049261 0.214577656676 0.012315270936 0.0231607629428
0 0.675697865353 0.224795640327 0.0114942528736 0.0245231607629
0 0.935960591133 0.277929155313 0.0131362889984 0.0299727520436
0 0.591543513957 0.388964577657 0.0320197044335 0.0476839237057
0 0.839490968801 0.301771117166 0.0172413793103 0.0286103542234
0 0.841543513957 0.24931880109 0.0131362889984 0.0272479564033
0 0.917487684729 0.303133514986 0.0139573070608 0.0395095367847
0 0.76354679803 0.257493188011 0.0131362889984 0.0245231607629
0 0.59934318555 0.216621253406 0.0114942528736 0.0272479564033
0 0.623563218391 0.213215258856 0.0106732348112 0.0258855585831
0 0.643267651888 0.237057220708 0.012315270936 0.0272479564033
0 0.404761904762 0.295640326975 0.0131362889984 0.0272479564033
0 0.432266009852 0.306539509537 0.0188834154351 0.0326975476839
0 0.465927750411 0.310626702997 0.0205254515599 0.0381471389646
0 0.464285714286 0.238419618529 0.012315270936 0.0245231607629
0 0.645320197044 0.343324250681 0.0197044334975 0.0435967302452
