0 0.463368220742 0.2512864494 0.0399619410086 0.0771869639794
0 0.539010466223 0.193825042882 0.0199809705043 0.041166380789
0 0.6013320647 0.169811320755 0.0209324452902 0.0445969125214
0 0.610371075167 0.209262435678 0.023786869648 0.0480274442539
0 0.663177925785 0.199828473413 0.0190294957184 0.0360205831904
0 0.675071360609 0.216123499142 0.0218839200761 0.0480274442539
0 0.708848715509 0.206689536878 0.0247383444339 0.0497427101201
0 0.675071360609 0.270154373928 0.0294957183635 0.0600343053173
0 0.730732635585 0.277015437393 0.0285442435775 0.0566037735849
0 0.745480494767 0.21269296741 0.0161750713606 0.0445969125214
0 0.765937202664 0.225557461407 0.022835394862 0.0463121783877
0 0.823977164605 0.246140651801 0.0209324452902 0.0566037735849
0 0.745004757374 0.358490566038 0.0304471931494 0.0686106346484
0 0.815413891532 0.393653516295 0.0361560418649 0.0806174957118
0 0.910561370124 0.401372212693 0.0380589914367 0.0926243567753
