0 0.202702702703 0.478084415584 0.0432432432432 0.0762987012987
0 0.311711711712 0.49512987013 0.0468468468468 0.0941558441558
0 0.129279279279 0.241883116883 0.0189189189189 0.0292207792208
0 0.328828828829 0.160714285714 0.0252252252252 0.0422077922078
0 0.41981981982 0.124188311688 0.0126126126126 0.0340909090909
0 0.447747747748 0.172077922078 0.0144144144144 0.0324675324675
0 0.466666666667 0.180194805195 0.0162162162162 0.0292207792208
0 0.490540540541 0.150974025974 0.0135135135135 0.0292207792208
0 0.517567567568 0.149350649351 0.0135135135135 0.0324675324675
0 0.538288288288 0.160714285714 0.0135135135135 0.025974025974
0 0.566216216216 0.159090909091 0.0153153153153 0.025974025974
0 0.762162162162 0.11525974026 0.0162162162162 0.0422077922078
0 0.426576576577 0.154220779221 0.0117117117117 0.0227272727273
