0 0.216885743175 0.361010830325 0.051567239636 0.0974729241877
0 0.284125379171 0.22202166065 0.0202224469161 0.0397111913357
0 0.303842264914 0.223826714801 0.0192113245703 0.0469314079422
0 0.323053589484 0.225631768953 0.0212335692619 0.043321299639
0 0.345803842265 0.253610108303 0.0202224469161 0.0379061371841
0 0.382204246714 0.244584837545 0.0222446916077 0.0451263537906
0 0.419615773509 0.223826714801 0.0242669362993 0.043321299639
0 0.344287158746 0.17238267148 0.0151668351871 0.0306859205776
0 0.342264914055 0.205776173285 0.0212335692619 0.0324909747292
0 0.371587462083 0.191335740072 0.0131445904954 0.0361010830325
0 0.387259858443 0.201263537906 0.0182002022245 0.0379061371841
0 0.410010111223 0.208483754513 0.0171890798787 0.0342960288809
0 0.441860465116 0.220216606498 0.0182002022245 0.0397111913357
0 0.48786653185 0.213898916968 0.0232558139535 0.0379061371841
0 0.420121334681 0.169675090253 0.0192113245703 0.0361010830325
0 0.4216380182 0.13357400722 0.0141557128413 0.0324909747292
0 0.447421638018 0.166064981949 0.0171890798787 0.0324909747292
0 0.475227502528 0.179602888087 0.0182002022245 0.0306859205776
0 0.476744186047 0.147111913357 0.0151668351871 0.0270758122744
0 0.464610717897 0.138989169675 0.0131445904954 0.028880866426
0 0.494438827098 0.157039711191 0.0161779575329 0.0324909747292
0 0.489888776542 0.130866425993 0.0111223458038 0.0234657039711
0 0.504044489383 0.121841155235 0.0131445904954 0.0270758122744
0 0.521233569262 0.128158844765 0.0151668351871 0.028880866426
0 0.522750252781 0.154332129964 0.0141557128413 0.0306859205776
0 0.507077856421 0.1940433213 0.0192113245703 0.0342960288809
0 0.538422649141 0.199458483755 0.0232558139535 0.0379061371841
0 0.549039433771 0.159747292419 0.0202224469161 0.0342960288809
0 0.542972699697 0.128158844765 0.0141557128413 0.028880866426
0 0.582912032356 0.163357400722 0.0192113245703 0.0379061371841
0 0.570778564206 0.12274368231 0.0131445904954 0.028880866426
0 0.577350859454 0.112815884477 0.0121334681496 0.0342960288809
0 0.595045500506 0.12725631769 0.0131445904954 0.0306859205776
0 0.605156723964 0.113718411552 0.0131445904954 0.0324909747292
0 0.621840242669 0.14440433213 0.0161779575329 0.028880866426
0 0.622345803842 0.124548736462 0.0131445904954 0.0252707581227
0 0.626390293225 0.109205776173 0.0151668351871 0.0306859205776
0 0.658240647118 0.112815884477 0.0121334681496 0.0270758122744
0 0.665318503539 0.101985559567 0.0141557128413 0.0234657039711
0 0.668857431749 0.132671480144 0.0131445904954 0.0270758122744
0 0.68806875632 0.119133574007 0.0131445904954 0.0252707581227
0 0.696663296259 0.100180505415 0.0121334681496 0.0234657039711
0 0.709807886754 0.104693140794 0.0141557128413 0.028880866426
0 0.491405460061 0.27797833935 0.0283114256825 0.0613718411552
0 0.541961577351 0.280685920578 0.0303336703741 0.0667870036101
0 0.580889787664 0.221119133574 0.0232558139535 0.0487364620939
0 0.601617795753 0.331227436823 0.0303336703741 0.0703971119134
0 0.621840242669 0.251805054152 0.0242669362993 0.0559566787004
0 0.619817997978 0.212093862816 0.0182002022245 0.0342960288809
0 0.669868554095 0.179602888087 0.0171890798787 0.0415162454874
0 0.670879676441 0.248194945848 0.0273003033367 0.0523465703971
0 0.697168857432 0.3059566787 0.0293225480283 0.0595667870036
0 0.727502527806 0.289711191336 0.0232558139535 0.0631768953069
0 0.751263902932 0.362815884477 0.0323559150657 0.072202166065
0 0.701718907988 0.188628158845 0.0182002022245 0.0379061371841
0 0.692113245703 0.168772563177 0.0131445904954 0.0306859205776
0 0.72649140546 0.150722021661 0.0171890798787 0.0379061371841
0 0.739130434783 0.156137184116 0.0161779575329 0.0379061371841
0 0.743680485339 0.130866425993 0.0151668351871 0.0306859205776
0 0.76137512639 0.151624548736 0.0141557128413 0.0361010830325
0 0.768452982811 0.141696750903 0.0161779575329 0.0306859205776
0 0.791708796764 0.154332129964 0.0182002022245 0.0415162454874
0 0.755813953488 0.185920577617 0.0171890798787 0.0361010830325
0 0.721941354904 0.217509025271 0.0222446916077 0.0415162454874
0 0.763902932255 0.229241877256 0.0212335692619 0.043321299639
0 0.790192113246 0.228339350181 0.0212335692619 0.0415162454874
0 0.815975733064 0.257220216606 0.0222446916077 0.0595667870036
0 0.786147623862 0.29963898917 0.0252780586451 0.057761732852
0 0.832153690597 0.328519855596 0.0303336703741 0.0649819494585
0 0.813953488372 0.41155234657 0.0343781597573 0.0794223826715
0 0.895348837209 0.442238267148 0.0374115267947 0.0902527075812
0 0.917087967644 0.345667870036 0.0303336703741 0.0703971119134
0 0.87108190091 0.252707581227 0.0212335692619 0.0505415162455
0 0.887259858443 0.228339350181 0.0212335692619 0.0487364620939
0 0.918604651163 0.27797833935 0.0232558139535 0.057761732852
0 0.949949443883 0.212093862816 0.0171890798787 0.0451263537906
