0 0.155004068348 0.500698324022 0.0561432058584 0.104748603352
0 0.23148901546 0.336592178771 0.0187144019528 0.036312849162
0 0.258746948739 0.35125698324 0.0244100895037 0.0460893854749
0 0.295768917819 0.356145251397 0.0235964198535 0.0446927374302
0 0.288445890968 0.300279329609 0.0170870626526 0.036312849162
0 0.333197721725 0.361033519553 0.0252237591538 0.0432960893855
0 0.366965012205 0.314944134078 0.0179007323027 0.0321229050279
0 0.358421480879 0.287709497207 0.0170870626526 0.0307262569832
0 0.392188771359 0.324720670391 0.0179007323027 0.0349162011173
0 0.414157851912 0.326117318436 0.0195280716029 0.0349162011173
0 0.411716842962 0.290502793296 0.0162733930024 0.0307262569832
0 0.446704637917 0.335893854749 0.0227827502034 0.0460893854749
0 0.388120423108 0.260474860335 0.0146460537022 0.0349162011173
0 0.399918633035 0.275837988827 0.0138323840521 0.0265363128492
0 0.410496338487 0.257681564246 0.0170870626526 0.0321229050279
0 0.450366151343 0.258379888268 0.0154597233523 0.0279329608939
0 0.43490642799 0.277932960894 0.0170870626526 0.036312849162
0 0.469894222945 0.298882681564 0.0154597233523 0.0335195530726
0 0.513425549227 0.302374301676 0.0195280716029 0.0349162011173
0 0.495931651749 0.261173184358 0.0170870626526 0.0335195530726
0 0.46541903987 0.237430167598 0.013018714402 0.0279329608939
0 0.471928397071 0.22625698324 0.0113913751017 0.0223463687151
0 0.519121236778 0.240921787709 0.0162733930024 0.0293296089385
0 0.546786004882 0.243715083799 0.0162733930024 0.0321229050279
0 0.551261187958 0.280726256983 0.0170870626526 0.0391061452514
0 0.580960130187 0.25 0.0179007323027 0.0335195530726
0 0.558584214809 0.210893854749 0.0122050447518 0.0307262569832
0 0.571196094386 0.212290502793 0.0113913751017 0.0195530726257
0 0.574450772986 0.235335195531 0.0113913751017 0.0237430167598
0 0.600081366965 0.236033519553 0.0138323840521 0.0307262569832
0 0.609031733116 0.199022346369 0.0122050447518 0.0265363128492
0 0.626525630594 0.208798882682 0.0113913751017 0.0265363128492
0 0.63344182262 0.224162011173 0.0105777054516 0.0265363128492
0 0.638730675346 0.242318435754 0.0146460537022 0.0293296089385
0 0.674938974776 0.226955307263 0.0138323840521 0.0321229050279
0 0.661513425549 0.21438547486 0.013018714402 0.0237430167598
0 0.5016273393 0.379888268156 0.0284784377543 0.0642458100559
0 0.550447518308 0.391061452514 0.0317331163548 0.0614525139665
0 0.614320585842 0.417597765363 0.0309194467046 0.0698324022346
0 0.607404393816 0.370810055866 0.0284784377543 0.054469273743
0 0.59886086249 0.317039106145 0.0244100895037 0.0446927374302
0 0.632221318145 0.290502793296 0.0211554109032 0.0391061452514
0 0.647681041497 0.325418994413 0.0211554109032 0.0474860335196
0 0.695280716029 0.344972067039 0.0219690805533 0.0502793296089
0 0.66639544345 0.432960893855 0.0341741253051 0.072625698324
0 0.657038242474 0.386173184358 0.026851098454 0.054469273743
0 0.717656631408 0.45530726257 0.0390561432059 0.0810055865922
0 0.742473555736 0.397346368715 0.0284784377543 0.054469273743
0 0.774206672091 0.448324022346 0.0301057770545 0.0586592178771
0 0.800244100895 0.352653631285 0.0219690805533 0.0516759776536
0 0.813669650122 0.503491620112 0.0341741253051 0.0684357541899
0 0.842148087876 0.426675977654 0.0276647681041 0.0600558659218
0 0.906834825061 0.460195530726 0.0301057770545 0.0656424581006
0 0.894629780309 0.387569832402 0.0235964198535 0.0488826815642
0 0.854759967453 0.376396648045 0.0235964198535 0.054469273743
0 0.877542717657 0.314944134078 0.0187144019528 0.0460893854749
0 0.873474369406 0.358938547486 0.0219690805533 0.0446927374302
0 0.917005695688 0.356843575419 0.0211554109032 0.0460893854749
0 0.925956061839 0.326117318436 0.0162733930024 0.0377094972067
0 0.927176566314 0.292597765363 0.0138323840521 0.0321229050279
0 0.677786818552 0.265363128492 0.0179007323027 0.036312849162
0 0.707485760781 0.248603351955 0.0154597233523 0.036312849162
0 0.722538649308 0.283519553073 0.0179007323027 0.0391061452514
0 0.731895850285 0.257681564246 0.0170870626526 0.0377094972067
0 0.733523189585 0.229748603352 0.0138323840521 0.0321229050279
0 0.755899104963 0.224860335196 0.0162733930024 0.0307262569832
0 0.770138323841 0.280027932961 0.0170870626526 0.0405027932961
0 0.773799837266 0.249301675978 0.0146460537022 0.0293296089385
0 0.779902359642 0.236731843575 0.0122050447518 0.0265363128492
0 0.751017087063 0.257681564246 0.0146460537022 0.0293296089385
0 0.815296989422 0.299581005587 0.0211554109032 0.0349162011173
0 0.849064279902 0.300977653631 0.0170870626526 0.0377094972067
0 0.819365337673 0.34217877095 0.0211554109032 0.0502793296089
0 0.815296989422 0.270251396648 0.0162733930024 0.0321229050279
0 0.809194467046 0.23812849162 0.0170870626526 0.0349162011173
0 0.836859235151 0.254189944134 0.0138323840521 0.0307262569832
0 0.851098454028 0.268156424581 0.0162733930024 0.0335195530726
0 0.858014646054 0.255586592179 0.0154597233523 0.0307262569832
0 0.86818551668 0.247206703911 0.0146460537022 0.0335195530726
0 0.904800650936 0.280027932961 0.0179007323027 0.0377094972067
0 0.93246541904 0.259078212291 0.0179007323027 0.0321229050279
