0 0.079346092504 0.411188811189 0.0311004784689 0.0643356643357
0 0.0833333333333 0.370629370629 0.0295055821372 0.0643356643357
0 0.155502392344 0.342657342657 0.030303030303 0.0615384615385
0 0.16706539075 0.374825174825 0.0358851674641 0.0783216783217
0 0.193381180223 0.396503496503 0.0438596491228 0.0797202797203
0 0.189393939394 0.313286713287 0.0295055821372 0.0559440559441
0 0.241626794258 0.288111888112 0.030303030303 0.0615384615385
0 0.276315789474 0.279020979021 0.0295055821372 0.0629370629371
0 0.297049441786 0.263636363636 0.0295055821372 0.0629370629371
0 0.306220095694 0.32027972028 0.0382775119617 0.0727272727273
0 0.331738437002 0.353846153846 0.0398724082935 0.0755244755245
0 0.375199362041 0.395804195804 0.048644338118 0.100699300699
0 0.46331738437 0.441958041958 0.0542264752791 0.100699300699
