0 0.163055254605 0.40969581749 0.0574214517876 0.0969581749049
0 0.203683640303 0.262357414449 0.0260021668472 0.0494296577947
0 0.303900325027 0.21102661597 0.0205850487541 0.041825095057
0 0.397616468039 0.283269961977 0.02383531961 0.0456273764259
0 0.418201516793 0.220532319392 0.0173347778982 0.0342205323194
0 0.472914409534 0.233840304183 0.0184182015168 0.0380228136882
0 0.515167930661 0.1463878327 0.0140845070423 0.0304182509506
0 0.583965330444 0.262357414449 0.0216684723727 0.041825095057
0 0.613759479957 0.244296577947 0.0205850487541 0.0437262357414
0 0.601841820152 0.12072243346 0.011917659805 0.0209125475285
0 0.62676056338 0.118821292776 0.00975081256771 0.0209125475285
0 0.656013001083 0.118821292776 0.00758396533044 0.0247148288973
0 0.610509209101 0.113117870722 0.00975081256771 0.0209125475285
