0 0.1012 0.538590604027 0.052 0.10067114094
0 0.1992 0.292785234899 0.0224 0.0553691275168
0 0.2344 0.276845637584 0.0256 0.0536912751678
0 0.2788 0.237416107383 0.02 0.0486577181208
0 0.3124 0.240771812081 0.0168 0.0453020134228
0 0.308 0.206375838926 0.0192 0.0402684563758
0 0.3308 0.228187919463 0.0184 0.0503355704698
0 0.3488 0.218120805369 0.0176 0.0503355704698
0 0.3692 0.265939597315 0.0184 0.0520134228188
0 0.3636 0.196308724832 0.0168 0.0369127516779
0 0.3876 0.191275167785 0.02 0.0469798657718
0 0.3972 0.241610738255 0.02 0.0436241610738
0 0.4324 0.328020134228 0.0248 0.0486577181208
0 0.472 0.246644295302 0.0208 0.0536912751678
0 0.4336 0.191275167785 0.0176 0.0402684563758
0 0.4432 0.160234899329 0.016 0.0352348993289
0 0.456 0.162751677852 0.0128 0.0302013422819
0 0.4792 0.171140939597 0.0192 0.0402684563758
0 0.4948 0.203859060403 0.0168 0.0419463087248
0 0.494 0.151845637584 0.0152 0.0352348993289
0 0.518 0.165268456376 0.0168 0.0486577181208
0 0.5496 0.21644295302 0.016 0.0402684563758
0 0.5276 0.154362416107 0.0136 0.0402684563758
0 0.5528 0.135906040268 0.0144 0.0369127516779
0 0.5612 0.160234899329 0.0152 0.0419463087248
0 0.5772 0.135067114094 0.0168 0.0352348993289
0 0.5984 0.125 0.016 0.0419463087248
0 0.608 0.156879194631 0.016 0.0385906040268
0 0.6012 0.187919463087 0.0152 0.0402684563758
0 0.622 0.197147651007 0.0168 0.0419463087248
0 0.6296 0.128355704698 0.016 0.0419463087248
0 0.652 0.145134228188 0.0176 0.0385906040268
0 0.6636 0.134228187919 0.0136 0.0369127516779
0 0.6888 0.134228187919 0.0128 0.0369127516779
0 0.7076 0.154362416107 0.0152 0.0402684563758
0 0.6888 0.163590604027 0.0176 0.0419463087248
0 0.6556 0.183724832215 0.0184 0.0385906040268
0 0.5752 0.330536912752 0.0256 0.0536912751678
0 0.5984 0.386744966443 0.0272 0.0687919463087
0 0.61 0.29110738255 0.0248 0.0553691275168
0 0.6608 0.254194630872 0.0208 0.0553691275168
0 0.6952 0.217281879195 0.0192 0.0453020134228
0 0.7288 0.262583892617 0.0208 0.0520134228188
0 0.7412 0.229026845638 0.0152 0.0419463087248
0 0.7452 0.189597315436 0.0152 0.0402684563758
0 0.7208 0.39932885906 0.0288 0.0738255033557
0 0.658 0.397651006711 0.0328 0.0671140939597
0 0.7916 0.447986577181 0.0344 0.0973154362416
0 0.8716 0.48322147651 0.0296 0.0805369127517
0 0.886 0.396812080537 0.0264 0.0654362416107
0 0.8468 0.373322147651 0.0248 0.0620805369128
0 0.8104 0.296979865772 0.0208 0.0570469798658
0 0.752 0.288590604027 0.0224 0.0536912751678
0 0.7964 0.248322147651 0.0168 0.0503355704698
0 0.7772 0.205536912752 0.0152 0.0385906040268
0 0.77 0.179530201342 0.0136 0.0302013422819
0 0.8084 0.19211409396 0.0168 0.0419463087248
0 0.8196 0.22567114094 0.02 0.0453020134228
0 0.8396 0.212248322148 0.0152 0.0385906040268
0 0.868 0.227348993289 0.0128 0.0385906040268
0 0.8756 0.223993288591 0.0104 0.0419463087248
0 0.8976 0.258389261745 0.0128 0.0436241610738
0 0.8868 0.292785234899 0.0152 0.0453020134228
0 0.8644 0.315436241611 0.02 0.0536912751678
0 0.9056 0.234060402685 0.016 0.0419463087248
0 0.928 0.268456375839 0.016 0.0469798657718
0 0.9464 0.244127516779 0.0144 0.0453020134228
0 0.9216 0.323825503356 0.0208 0.0604026845638
0 0.944 0.379194630872 0.0224 0.0671140939597
0 0.9524 0.434563758389 0.0216 0.0704697986577
0 0.9716 0.363255033557 0.0168 0.0520134228188
0 0.968 0.327181208054 0.0128 0.0335570469799
0 0.9736 0.303691275168 0.0128 0.0369127516779
0 0.9812 0.25755033557 0.0152 0.0419463087248
