0 0.851939825812 0.16013986014 0.0126682501979 0.0293706293706
0 0.842438638163 0.183916083916 0.0142517814727 0.0377622377622
0 0.82224861441 0.213986013986 0.0166270783848 0.0447552447552
0 0.868171021378 0.213986013986 0.021377672209 0.0503496503497
0 0.890340459224 0.176923076923 0.0150435471101 0.034965034965
0 0.79809976247 0.170629370629 0.0205859065717 0.041958041958
0 0.842438638163 0.296503496503 0.0221694378464 0.0615384615385
0 0.918844022169 0.233566433566 0.0166270783848 0.0531468531469
0 0.906175771971 0.29020979021 0.0182106096595 0.0461538461538
0 0.873713380839 0.358041958042 0.0308788598575 0.0643356643357
0 0.812747426762 0.324475524476 0.0324623911322 0.0783216783217
0 0.762470308789 0.274825174825 0.0221694378464 0.0517482517483
0 0.720902612827 0.146853146853 0.0150435471101 0.0391608391608
0 0.757323832146 0.158741258741 0.0150435471101 0.034965034965
0 0.70467141726 0.224475524476 0.0190023752969 0.048951048951
0 0.676167854315 0.232167832168 0.0190023752969 0.0503496503497
0 0.651623119557 0.205594405594 0.0190023752969 0.0447552447552
0 0.586302454473 0.158741258741 0.0166270783848 0.0405594405594
0 0.598574821853 0.100699300699 0.00950118764846 0.0223776223776
0 0.610847189232 0.234965034965 0.0182106096595 0.0503496503497
0 0.561757719715 0.243356643357 0.0229612034838 0.041958041958
0 0.510688836105 0.181818181818 0.0142517814727 0.0391608391608
0 0.456848772763 0.208391608392 0.0158353127474 0.0335664335664
0 0.46991290578 0.211888111888 0.0182106096595 0.0377622377622
0 0.33729216152 0.221678321678 0.0126682501979 0.0293706293706
0 0.384402216944 0.221678321678 0.0150435471101 0.0377622377622
0 0.399049881235 0.223076923077 0.0158353127474 0.034965034965
0 0.403404592241 0.2 0.0166270783848 0.027972027972
0 0.185273159145 0.48041958042 0.0380047505938 0.0713286713287
