0 0.949960285941 0.223241590214 0.0127084988086 0.0366972477064
0 0.983320095314 0.248470948012 0.0111199364575 0.0412844036697
0 0.977362986497 0.276758409786 0.011914217633 0.0366972477064
0 0.972994440032 0.310397553517 0.0127084988086 0.039755351682
0 0.979745830024 0.338685015291 0.0150913423352 0.0474006116208
0 0.950754567117 0.35626911315 0.0190627482129 0.045871559633
0 0.957108816521 0.39755351682 0.0238284352661 0.0642201834862
0 0.870532168388 0.490825688073 0.0301826846704 0.0733944954128
0 0.881652104845 0.399082568807 0.022239872915 0.0642201834862
0 0.924543288324 0.301987767584 0.0158856235107 0.0474006116208
0 0.935266084194 0.250764525994 0.0150913423352 0.0428134556575
0 0.908260524226 0.215596330275 0.0135027799841 0.039755351682
0 0.902700555997 0.237767584098 0.0150913423352 0.0474006116208
0 0.892374900715 0.266819571865 0.0214455917395 0.0443425076453
0 0.871326449563 0.220183486239 0.0142970611597 0.0336391437309
0 0.882049245433 0.223241590214 0.010325655282 0.0336391437309
0 0.858220810167 0.329510703364 0.0198570293884 0.0474006116208
0 0.818903891978 0.27752293578 0.0174741858618 0.0474006116208
0 0.82208101668 0.199541284404 0.0174741858618 0.0382262996942
0 0.814535345512 0.231651376147 0.0150913423352 0.0443425076453
0 0.81135822081 0.185779816514 0.0150913423352 0.0290519877676
0 0.794678316124 0.246941896024 0.0166799046863 0.0443425076453
0 0.785146942017 0.163608562691 0.0135027799841 0.0366972477064
0 0.779586973789 0.196483180428 0.0166799046863 0.0443425076453
0 0.758538522637 0.183486238532 0.0142970611597 0.039755351682
0 0.746624305004 0.22247706422 0.0158856235107 0.0443425076453
0 0.767672756156 0.26376146789 0.0166799046863 0.0443425076453
0 0.7402700556 0.194189602446 0.0158856235107 0.0428134556575
0 0.696187450357 0.131498470948 0.0135027799841 0.0336391437309
0 0.718427323272 0.146788990826 0.0135027799841 0.039755351682
0 0.719618745036 0.203363914373 0.0142970611597 0.039755351682
0 0.719618745036 0.249235474006 0.0190627482129 0.0550458715596
0 0.687053216839 0.153669724771 0.0158856235107 0.0382262996942
0 0.636616362192 0.120795107034 0.0135027799841 0.0366972477064
0 0.650119142176 0.13379204893 0.011914217633 0.0321100917431
0 0.654487688642 0.178134556575 0.0127084988086 0.0351681957187
0 0.661239078634 0.233180428135 0.0214455917395 0.0504587155963
0 0.622319301033 0.151376146789 0.0182684670373 0.0305810397554
0 0.601667990469 0.127675840979 0.0150913423352 0.0290519877676
0 0.612787926926 0.17125382263 0.0135027799841 0.0336391437309
0 0.618347895155 0.184250764526 0.0150913423352 0.0382262996942
0 0.577442414615 0.13379204893 0.0142970611597 0.0351681957187
0 0.55877680699 0.130733944954 0.0135027799841 0.0321100917431
0 0.557585385226 0.155198776758 0.0158856235107 0.0351681957187
0 0.530579825258 0.146024464832 0.0158856235107 0.0382262996942
0 0.583796664019 0.185779816514 0.0142970611597 0.0382262996942
0 0.499602859412 0.146024464832 0.0142970611597 0.0321100917431
0 0.463065925338 0.155963302752 0.0127084988086 0.0336391437309
0 0.470214455917 0.160550458716 0.0111199364575 0.0366972477064
0 0.479348689436 0.165137614679 0.0150913423352 0.0366972477064
0 0.502382843527 0.191896024465 0.0150913423352 0.0382262996942
0 0.531374106434 0.214067278287 0.0158856235107 0.0428134556575
0 0.489674344718 0.230122324159 0.0166799046863 0.0474006116208
0 0.420571882446 0.162079510703 0.011914217633 0.0275229357798
0 0.432486100079 0.186544342508 0.0150913423352 0.039755351682
0 0.395552025417 0.178134556575 0.0158856235107 0.0321100917431
0 0.371326449563 0.187308868502 0.0166799046863 0.0321100917431
0 0.322478157268 0.197247706422 0.0174741858618 0.0305810397554
0 0.340349483717 0.213302752294 0.0166799046863 0.0412844036697
0 0.358220810167 0.20871559633 0.0190627482129 0.0382262996942
0 0.406274821287 0.220948012232 0.0166799046863 0.0412844036697
0 0.3701350278 0.256116207951 0.0190627482129 0.0443425076453
0 0.262509928515 0.240825688073 0.0135027799841 0.0412844036697
0 0.439237490071 0.285168195719 0.0206513105639 0.0535168195719
0 0.117156473392 0.516819571865 0.0468625893566 0.100917431193
0 0.622319301033 0.274464831804 0.0262112787927 0.0596330275229
0 0.561159650516 0.315749235474 0.0277998411438 0.0535168195719
0 0.607227958697 0.353975535168 0.0230341540905 0.0565749235474
0 0.662430500397 0.372324159021 0.0254169976172 0.0535168195719
0 0.730341540905 0.372324159021 0.0246227164416 0.0626911314985
0 0.793089753773 0.412844036697 0.0277998411438 0.0825688073394
0 0.318109610802 0.224770642202 0.0166799046863 0.0336391437309
