0 0.164682539683 0.388086642599 0.0515873015873 0.111913357401
0 0.378968253968 0.448555956679 0.0674603174603 0.131768953069
0 0.362599206349 0.23285198556 0.0248015873016 0.0541516245487
0 0.409226190476 0.192238267148 0.0208333333333 0.0415162454874
0 0.428571428571 0.199458483755 0.0198412698413 0.0451263537906
0 0.452876984127 0.199458483755 0.0208333333333 0.0523465703971
0 0.470734126984 0.222924187726 0.0208333333333 0.0487364620939
0 0.444444444444 0.250902527076 0.0238095238095 0.0469314079422
0 0.449404761905 0.086642599278 0.015873015873 0.0397111913357
0 0.59126984127 0.199458483755 0.0218253968254 0.0487364620939
0 0.641865079365 0.219314079422 0.0238095238095 0.0523465703971
0 0.596726190476 0.0956678700361 0.014880952381 0.028880866426
0 0.641369047619 0.0947653429603 0.0128968253968 0.0270758122744
0 0.668154761905 0.103790613718 0.014880952381 0.0234657039711
