0 0.861111111111 0.135892116183 0.0106382978723 0.0228215767635
0 0.890070921986 0.139004149378 0.00945626477541 0.0248962655602
0 0.916075650118 0.155601659751 0.0118203309693 0.0248962655602
0 0.916075650118 0.1877593361 0.0141843971631 0.0394190871369
0 0.921985815603 0.158713692946 0.00709219858156 0.0228215767635
0 0.887115839243 0.167012448133 0.0106382978723 0.0269709543568
0 0.856382978723 0.155601659751 0.0106382978723 0.0248962655602
0 0.842789598109 0.156639004149 0.0141843971631 0.0352697095436
0 0.822695035461 0.144190871369 0.0141843971631 0.0311203319502
0 0.835106382979 0.1877593361 0.01536643026 0.0311203319502
0 0.871749408983 0.189834024896 0.0130023640662 0.0352697095436
0 0.861111111111 0.23132780083 0.01536643026 0.0435684647303
0 0.904255319149 0.28112033195 0.0189125295508 0.0560165975104
0 0.802009456265 0.133817427386 0.0106382978723 0.0269709543568
0 0.791371158392 0.179460580913 0.01536643026 0.0435684647303
0 0.760638297872 0.134854771784 0.0130023640662 0.0290456431535
0 0.741725768322 0.110995850622 0.0106382978723 0.0269709543568
0 0.72695035461 0.119294605809 0.0118203309693 0.0311203319502
0 0.738770685579 0.149377593361 0.0118203309693 0.0331950207469
0 0.740543735225 0.1877593361 0.01536643026 0.0435684647303
0 0.761820330969 0.288381742739 0.0248226950355 0.0497925311203
0 0.69621749409 0.216804979253 0.0189125295508 0.0477178423237
0 0.708628841608 0.288381742739 0.0248226950355 0.0539419087137
0 0.683806146572 0.102697095436 0.0106382978723 0.0311203319502
0 0.702127659574 0.148340248963 0.0118203309693 0.0311203319502
0 0.637706855792 0.102697095436 0.0106382978723 0.0269709543568
0 0.661938534279 0.125518672199 0.00945626477541 0.0269709543568
0 0.62706855792 0.126556016598 0.0106382978723 0.0248962655602
0 0.611111111111 0.105809128631 0.00945626477541 0.0248962655602
0 0.587470449173 0.103734439834 0.0118203309693 0.0248962655602
0 0.603427895981 0.121369294606 0.0106382978723 0.0228215767635
0 0.612293144208 0.150414937759 0.016548463357 0.0352697095436
0 0.646572104019 0.177385892116 0.0141843971631 0.0352697095436
0 0.65780141844 0.203319502075 0.0177304964539 0.0414937759336
0 0.653073286052 0.255186721992 0.0177304964539 0.0497925311203
0 0.670803782506 0.328838174274 0.0295508274232 0.0643153526971
0 0.601654846336 0.209543568465 0.0189125295508 0.045643153527
0 0.599290780142 0.26867219917 0.0236406619385 0.0477178423237
0 0.595744680851 0.334024896266 0.0283687943262 0.0663900414938
0 0.553191489362 0.25 0.0189125295508 0.0394190871369
0 0.53841607565 0.307053941909 0.0248226950355 0.0580912863071
0 0.528368794326 0.0923236514523 0.0118203309693 0.0311203319502
0 0.525413711584 0.144190871369 0.01536643026 0.0394190871369
0 0.543144208038 0.171161825726 0.0177304964539 0.0394190871369
0 0.563238770686 0.178423236515 0.0130023640662 0.0373443983402
0 0.575059101655 0.141078838174 0.0130023640662 0.0331950207469
0 0.554373522459 0.101659751037 0.0118203309693 0.0248962655602
0 0.514775413712 0.209543568465 0.01536643026 0.0373443983402
0 0.488770685579 0.308091286307 0.0248226950355 0.0560165975104
0 0.495271867612 0.197095435685 0.0141843971631 0.0290456431535
0 0.482860520095 0.132780082988 0.00827423167849 0.0207468879668
0 0.450945626478 0.168049792531 0.0106382978723 0.0248962655602
0 0.473995271868 0.172199170124 0.0118203309693 0.0290456431535
0 0.45390070922 0.221991701245 0.0141843971631 0.0331950207469
0 0.421985815603 0.179460580913 0.0118203309693 0.0311203319502
0 0.443262411348 0.159751037344 0.0118203309693 0.0290456431535
0 0.466312056738 0.158713692946 0.0106382978723 0.0269709543568
0 0.420212765957 0.220954356846 0.01536643026 0.0352697095436
0 0.436170212766 0.204356846473 0.0141843971631 0.0352697095436
0 0.200354609929 0.353734439834 0.0390070921986 0.0892116182573
0 0.4231678487 0.283195020747 0.0189125295508 0.0435684647303
0 0.341607565012 0.224066390041 0.016548463357 0.0290456431535
0 0.380023640662 0.20020746888 0.01536643026 0.0269709543568
0 0.369976359338 0.21887966805 0.016548463357 0.0352697095436
0 0.309101654846 0.229253112033 0.01536643026 0.0311203319502
0 0.279550827423 0.255186721992 0.0130023640662 0.0331950207469
0 0.313238770686 0.276970954357 0.0141843971631 0.0352697095436
0 0.333924349882 0.275933609959 0.01536643026 0.0331950207469
