0 0.0246449456976 0.398561151079 0.0242272347536 0.0517985611511
0 0.235588972431 0.335971223022 0.0183792815372 0.0330935251799
0 0.266081871345 0.341726618705 0.0208855472013 0.0388489208633
0 0.291979949875 0.365467625899 0.0208855472013 0.0402877697842
0 0.290726817043 0.30071942446 0.0167084377611 0.0374100719424
0 0.345029239766 0.359712230216 0.0200501253133 0.0374100719424
0 0.362990810359 0.287050359712 0.015873015873 0.0330935251799
0 0.376775271512 0.320143884892 0.015037593985 0.041726618705
0 0.392648287385 0.335971223022 0.015037593985 0.0302158273381
0 0.418964076859 0.335251798561 0.0208855472013 0.0374100719424
0 0.414369256475 0.294964028777 0.0183792815372 0.0345323741007
0 0.40768588137 0.274100719424 0.015037593985 0.0273381294964
0 0.394319131161 0.254676258993 0.015037593985 0.0258992805755
0 0.43149540518 0.257553956835 0.0125313283208 0.0258992805755
0 0.436090225564 0.276978417266 0.015037593985 0.0273381294964
0 0.448621553885 0.301438848921 0.0183792815372 0.0330935251799
0 0.460317460317 0.33381294964 0.0200501253133 0.0402877697842
0 0.480785296575 0.30071942446 0.0175438596491 0.0258992805755
0 0.46574770259 0.242446043165 0.0108604845447 0.0273381294964
0 0.478279030911 0.23309352518 0.0125313283208 0.0258992805755
0 0.501253132832 0.261151079137 0.015037593985 0.0330935251799
0 0.528822055138 0.244604316547 0.015037593985 0.0201438848921
0 0.525480367586 0.269784172662 0.015037593985 0.0302158273381
0 0.565162907268 0.279856115108 0.0125313283208 0.0273381294964
0 0.543441938179 0.259712230216 0.0142021720969 0.0273381294964
0 0.527151211362 0.306474820144 0.0167084377611 0.0345323741007
0 0.520885547201 0.235251798561 0.0125313283208 0.0187050359712
0 0.560568086884 0.223741007194 0.0133667502089 0.0244604316547
0 0.583542188805 0.21726618705 0.0125313283208 0.0201438848921
0 0.570175438596 0.254676258993 0.015873015873 0.0258992805755
0 0.581035923141 0.240287769784 0.0142021720969 0.0258992805755
0 0.509189640769 0.391366906475 0.030910609858 0.0575539568345
0 0.550125313283 0.360431654676 0.0242272347536 0.0474820143885
0 0.553884711779 0.402158273381 0.0267335004177 0.0561151079137
0 0.607351712615 0.322302158273 0.0233918128655 0.0402877697842
0 0.614035087719 0.217985611511 0.0133667502089 0.0244604316547
0 0.623224728488 0.20071942446 0.0116959064327 0.0273381294964
0 0.621971595656 0.246043165468 0.015873015873 0.031654676259
0 0.637426900585 0.212230215827 0.0100250626566 0.0244604316547
0 0.634502923977 0.23309352518 0.0125313283208 0.0287769784173
0 0.648705096074 0.224460431655 0.0125313283208 0.0287769784173
0 0.666248955723 0.215827338129 0.0108604845447 0.0258992805755
0 0.68045112782 0.220863309353 0.0108604845447 0.0273381294964
0 0.65664160401 0.242446043165 0.0167084377611 0.0273381294964
0 0.68671679198 0.265467625899 0.0183792815372 0.0359712230216
0 0.698412698413 0.225899280576 0.0116959064327 0.031654676259
0 0.643274853801 0.295683453237 0.0200501253133 0.041726618705
0 0.659565580618 0.329496402878 0.0192147034252 0.0402877697842
0 0.672514619883 0.364028776978 0.0250626566416 0.0489208633094
0 0.623642439432 0.370503597122 0.0275689223058 0.0503597122302
0 0.622807017544 0.425179856115 0.0292397660819 0.0589928057554
0 0.681286549708 0.446043165468 0.0342522974102 0.0661870503597
0 0.699665831245 0.34964028777 0.0258980785297 0.0517985611511
0 0.713450292398 0.256834532374 0.015037593985 0.0330935251799
0 0.730994152047 0.284172661871 0.0167084377611 0.0388489208633
0 0.746449456976 0.247482014388 0.0125313283208 0.0287769784173
0 0.753968253968 0.217985611511 0.0125313283208 0.0302158273381
0 0.758980785297 0.264028776978 0.0125313283208 0.0273381294964
0 0.775689223058 0.251079136691 0.0142021720969 0.0302158273381
0 0.77694235589 0.276258992806 0.015037593985 0.0345323741007
0 0.796157059315 0.225899280576 0.0133667502089 0.0345323741007
0 0.78738512949 0.259712230216 0.0142021720969 0.0388489208633
0 0.822890559733 0.243884892086 0.015037593985 0.0359712230216
0 0.855472013367 0.253956834532 0.0116959064327 0.0302158273381
0 0.873015873016 0.261870503597 0.0116959064327 0.031654676259
0 0.887218045113 0.244604316547 0.0116959064327 0.031654676259
0 0.913533834586 0.271942446043 0.0142021720969 0.031654676259
0 0.950710108605 0.276978417266 0.0116959064327 0.0244604316547
0 0.948621553885 0.304316546763 0.0142021720969 0.0302158273381
0 0.93776106934 0.314388489209 0.015873015873 0.0302158273381
0 0.94193817878 0.347482014388 0.0175438596491 0.041726618705
0 0.892230576441 0.308633093525 0.015037593985 0.0359712230216
0 0.868003341688 0.282014388489 0.0133667502089 0.031654676259
0 0.856307435255 0.306474820144 0.0217209690894 0.0374100719424
0 0.828738512949 0.302158273381 0.015037593985 0.0345323741007
0 0.822055137845 0.338129496403 0.0167084377611 0.0345323741007
0 0.827067669173 0.358273381295 0.0233918128655 0.0489208633094
0 0.885547201337 0.336690647482 0.0167084377611 0.0431654676259
0 0.930659983292 0.390647482014 0.0217209690894 0.0503597122302
0 0.873851294904 0.411510791367 0.0233918128655 0.0431654676259
0 0.921470342523 0.462589928058 0.0300751879699 0.0618705035971
0 0.857560568087 0.441726618705 0.030910609858 0.063309352518
0 0.842940685046 0.493525179856 0.031746031746 0.0690647482014
0 0.748120300752 0.394244604317 0.0275689223058 0.0489208633094
0 0.798245614035 0.39928057554 0.0275689223058 0.0589928057554
0 0.725563909774 0.502158273381 0.0409356725146 0.0805755395683
