0 0.376219512195 0.178260869565 0.0134146341463 0.0391304347826
0 0.711585365854 0.323913043478 0.040243902439 0.0826086956522
0 0.420731707317 0.175 0.0170731707317 0.0413043478261
0 0.434756097561 0.139130434783 0.0158536585366 0.0347826086957
0 0.45 0.144565217391 0.0170731707317 0.0326086956522
0 0.454268292683 0.159782608696 0.0182926829268 0.0282608695652
0 0.471951219512 0.148913043478 0.019512195122 0.0369565217391
0 0.500609756098 0.125 0.0231707317073 0.0326086956522
0 0.490853658537 0.144565217391 0.0256097560976 0.0282608695652
0 0.486585365854 0.177173913043 0.0219512195122 0.0369565217391
0 0.505487804878 0.180434782609 0.0158536585366 0.0217391304348
0 0.524390243902 0.132608695652 0.019512195122 0.0304347826087
0 0.546951219512 0.127173913043 0.0158536585366 0.0282608695652
0 0.574390243902 0.139130434783 0.0170731707317 0.0347826086957
0 0.599390243902 0.127173913043 0.0207317073171 0.0369565217391
0 0.601829268293 0.163043478261 0.0256097560976 0.0478260869565
0 0.623170731707 0.141304347826 0.019512195122 0.0434782608696
0 0.630487804878 0.119565217391 0.0170731707317 0.0304347826087
0 0.668292682927 0.119565217391 0.0121951219512 0.0304347826087
0 0.703048780488 0.119565217391 0.0134146341463 0.0347826086957
0 0.625609756098 0.217391304348 0.0170731707317 0.0347826086957
0 0.659146341463 0.188043478261 0.0182926829268 0.05
0 0.696341463415 0.175 0.0146341463415 0.0326086956522
0 0.673170731707 0.221739130435 0.0170731707317 0.0347826086957
0 0.710365853659 0.235869565217 0.0182926829268 0.045652173913
0 0.732926829268 0.145652173913 0.0219512195122 0.0391304347826
0 0.732926829268 0.173913043478 0.0121951219512 0.0347826086957
0 0.75243902439 0.130434782609 0.0170731707317 0.0260869565217
0 0.766463414634 0.130434782609 0.0207317073171 0.0304347826087
0 0.77012195122 0.185869565217 0.0256097560976 0.045652173913
0 0.796951219512 0.167391304348 0.0182926829268 0.0434782608696
0 0.789024390244 0.210869565217 0.0170731707317 0.0391304347826
0 0.812195121951 0.148913043478 0.0170731707317 0.0369565217391
0 0.82012195122 0.135869565217 0.0134146341463 0.0282608695652
0 0.824390243902 0.180434782609 0.00975609756098 0.0347826086957
0 0.90487804878 0.177173913043 0.0170731707317 0.05
0 0.870731707317 0.266304347826 0.0219512195122 0.045652173913
0 0.926219512195 0.230434782609 0.0134146341463 0.0304347826087
0 0.932926829268 0.210869565217 0.0121951219512 0.0304347826087
0 0.931097560976 0.177173913043 0.0158536585366 0.0282608695652
0 0.542073170732 0.14347826087 0.0134146341463 0.0260869565217
0 0.89756097561 0.209782608696 0.00975609756098 0.0413043478261
