0 0.321578947368 0.199812382739 0.0178947368421 0.031894934334
0 0.367894736842 0.198874296435 0.0136842105263 0.0262664165103
0 0.373684210526 0.18105065666 0.0126315789474 0.0243902439024
0 0.41 0.174484052533 0.0136842105263 0.0300187617261
0 0.428947368421 0.179174484053 0.0136842105263 0.0281425891182
0 0.452105263158 0.227954971857 0.0157894736842 0.031894934334
0 0.458421052632 0.170731707317 0.0115789473684 0.0225140712946
0 0.45 0.152908067542 0.0115789473684 0.0243902439024
0 0.438421052632 0.146341463415 0.0115789473684 0.0300187617261
0 0.472105263158 0.133208255159 0.00947368421053 0.0187617260788
0 0.471052631579 0.160412757974 0.0115789473684 0.0243902439024
0 0.504210526316 0.18574108818 0.0126315789474 0.0300187617261
0 0.492105263158 0.176360225141 0.00947368421053 0.0300187617261
0 0.493684210526 0.132270168856 0.0105263157895 0.0206378986867
0 0.507368421053 0.132270168856 0.0105263157895 0.0243902439024
0 0.516315789474 0.164165103189 0.0115789473684 0.031894934334
0 0.541578947368 0.141651031895 0.0115789473684 0.0281425891182
0 0.568947368421 0.144465290807 0.0115789473684 0.0187617260788
0 0.574210526316 0.125703564728 0.0136842105263 0.0225140712946
0 0.592631578947 0.156660412758 0.0126315789474 0.0281425891182
0 0.59 0.131332082552 0.0115789473684 0.0225140712946
0 0.554210526316 0.06191369606 0.00947368421053 0.0187617260788
0 0.615263157895 0.107879924953 0.00947368421053 0.0206378986867
0 0.628421052632 0.134146341463 0.0105263157895 0.0168855534709
0 0.625263157895 0.160412757974 0.0105263157895 0.0206378986867
0 0.653157894737 0.111632270169 0.00947368421053 0.0168855534709
0 0.67 0.113508442777 0.0115789473684 0.0281425891182
0 0.678947368421 0.130393996248 0.00842105263158 0.0281425891182
0 0.698421052632 0.12382739212 0.00947368421053 0.0225140712946
0 0.564210526316 0.240150093809 0.0189473684211 0.0450281425891
0 0.550526315789 0.18574108818 0.0126315789474 0.0225140712946
0 0.63 0.201688555347 0.0157894736842 0.046904315197
0 0.644210526316 0.189493433396 0.0147368421053 0.0337711069418
0 0.663684210526 0.215759849906 0.0157894736842 0.0375234521576
0 0.706842105263 0.235459662289 0.0178947368421 0.0431519699812
0 0.706315789474 0.19512195122 0.0147368421053 0.0337711069418
0 0.690526315789 0.180112570356 0.0126315789474 0.0337711069418
0 0.765263157895 0.31894934334 0.0336842105263 0.0712945590994
0 0.732631578947 0.176360225141 0.0168421052632 0.0337711069418
0 0.724736842105 0.147279549719 0.0115789473684 0.0243902439024
0 0.750526315789 0.139774859287 0.0105263157895 0.0168855534709
0 0.761578947368 0.132270168856 0.00947368421053 0.0168855534709
0 0.768421052632 0.173545966229 0.0126315789474 0.031894934334
0 0.786315789474 0.165103189493 0.0105263157895 0.0262664165103
0 0.805263157895 0.158536585366 0.0147368421053 0.031894934334
0 0.816842105263 0.136960600375 0.0126315789474 0.0300187617261
0 0.792631578947 0.21200750469 0.0147368421053 0.0412757973734
0 0.813684210526 0.192307692308 0.0126315789474 0.0393996247655
0 0.827368421053 0.171669793621 0.0105263157895 0.031894934334
0 0.852105263158 0.137898686679 0.0115789473684 0.0281425891182
0 0.882631578947 0.151969981238 0.0115789473684 0.0262664165103
0 0.853684210526 0.198874296435 0.0126315789474 0.0375234521576
0 0.878421052632 0.229831144465 0.0136842105263 0.0431519699812
0 0.886842105263 0.204502814259 0.0136842105263 0.0225140712946
0 0.914736842105 0.182926829268 0.0105263157895 0.0243902439024
0 0.931052631579 0.227954971857 0.0157894736842 0.0431519699812
0 0.935789473684 0.170731707317 0.0126315789474 0.0225140712946
0 0.872105263158 0.272045028143 0.0178947368421 0.0450281425891
