0 0.107943925234 0.456198347107 0.0551401869159 0.115702479339
0 0.270093457944 0.232231404959 0.018691588785 0.0380165289256
0 0.328971962617 0.251239669421 0.0205607476636 0.0429752066116
0 0.328037383178 0.209090909091 0.0205607476636 0.0446280991736
0 0.373364485981 0.193388429752 0.0177570093458 0.0363636363636
0 0.391588785047 0.203305785124 0.0168224299065 0.0363636363636
0 0.388785046729 0.173553719008 0.011214953271 0.0297520661157
0 0.405140186916 0.174380165289 0.0140186915888 0.0314049586777
0 0.418691588785 0.218181818182 0.0205607476636 0.0396694214876
0 0.405607476636 0.246280991736 0.0224299065421 0.0396694214876
0 0.414485981308 0.277685950413 0.0214953271028 0.0462809917355
0 0.48785046729 0.227272727273 0.018691588785 0.0446280991736
0 0.442990654206 0.211570247934 0.018691588785 0.0429752066116
0 0.442056074766 0.17520661157 0.014953271028 0.0330578512397
0 0.433177570093 0.153719008264 0.0140186915888 0.0264462809917
0 0.476168224299 0.169421487603 0.0140186915888 0.0347107438017
0 0.471962616822 0.204132231405 0.018691588785 0.0380165289256
0 0.502803738318 0.20826446281 0.018691588785 0.0396694214876
0 0.519158878505 0.176859504132 0.0158878504673 0.0330578512397
0 0.508411214953 0.148760330579 0.0130841121495 0.0231404958678
0 0.48785046729 0.153719008264 0.0130841121495 0.0264462809917
0 0.47523364486 0.142148760331 0.0102803738318 0.0231404958678
0 0.539252336449 0.146280991736 0.014953271028 0.0280991735537
0 0.547196261682 0.212396694215 0.0214953271028 0.0446280991736
0 0.582242990654 0.167768595041 0.0168224299065 0.0347107438017
0 0.573831775701 0.129752066116 0.0130841121495 0.0314049586777
0 0.585981308411 0.119834710744 0.0130841121495 0.0314049586777
0 0.598598130841 0.137190082645 0.0158878504673 0.0330578512397
0 0.609813084112 0.117355371901 0.0158878504673 0.0297520661157
0 0.622897196262 0.135537190083 0.0158878504673 0.0330578512397
0 0.63691588785 0.151239669421 0.0158878504673 0.0314049586777
0 0.633177570093 0.123966942149 0.0121495327103 0.0264462809917
0 0.651869158879 0.123966942149 0.0121495327103 0.0231404958678
0 0.654672897196 0.146280991736 0.0158878504673 0.0280991735537
0 0.660280373832 0.114049586777 0.0158878504673 0.0264462809917
0 0.681308411215 0.114049586777 0.0130841121495 0.0231404958678
0 0.68738317757 0.125619834711 0.0121495327103 0.0231404958678
0 0.71214953271 0.12479338843 0.011214953271 0.0247933884298
0 0.578504672897 0.277685950413 0.0280373831776 0.0595041322314
0 0.565887850467 0.256198347107 0.0252336448598 0.0495867768595
0 0.62476635514 0.209917355372 0.0177570093458 0.0396694214876
0 0.628504672897 0.251239669421 0.0252336448598 0.0462809917355
0 0.68785046729 0.262809917355 0.0242990654206 0.0528925619835
0 0.668691588785 0.215702479339 0.0214953271028 0.0446280991736
0 0.657009345794 0.194214876033 0.0205607476636 0.0347107438017
0 0.707943925234 0.190082644628 0.0158878504673 0.0330578512397
0 0.707943925234 0.171074380165 0.0158878504673 0.0314049586777
0 0.733644859813 0.15041322314 0.014953271028 0.0363636363636
0 0.719158878505 0.251239669421 0.0196261682243 0.0495867768595
0 0.739719626168 0.267768595041 0.0196261682243 0.0561983471074
0 0.761682242991 0.257851239669 0.0224299065421 0.0495867768595
0 0.744859813084 0.213223140496 0.0205607476636 0.0363636363636
0 0.753271028037 0.182644628099 0.0130841121495 0.0314049586777
0 0.761682242991 0.14958677686 0.0168224299065 0.0446280991736
0 0.782242990654 0.147107438017 0.014953271028 0.0396694214876
0 0.797663551402 0.160330578512 0.0140186915888 0.0330578512397
0 0.810747663551 0.161157024793 0.0121495327103 0.0314049586777
0 0.822429906542 0.147107438017 0.011214953271 0.0264462809917
0 0.799065420561 0.219008264463 0.018691588785 0.0413223140496
0 0.797196261682 0.292561983471 0.0261682242991 0.0595041322314
0 0.858878504673 0.354545454545 0.0261682242991 0.0545454545455
0 0.914953271028 0.390082644628 0.0317757009346 0.0628099173554
0 0.883177570093 0.261157024793 0.0280373831776 0.0561983471074
0 0.842523364486 0.24132231405 0.0177570093458 0.0396694214876
0 0.842990654206 0.206611570248 0.0168224299065 0.0297520661157
0 0.830841121495 0.180991735537 0.0130841121495 0.0280991735537
0 0.85 0.153719008264 0.0140186915888 0.0297520661157
0 0.859345794393 0.195867768595 0.0158878504673 0.0347107438017
0 0.869158878505 0.173553719008 0.014953271028 0.0363636363636
0 0.890186915888 0.16694214876 0.0140186915888 0.0330578512397
0 0.91308411215 0.163636363636 0.0130841121495 0.0330578512397
0 0.894392523364 0.212396694215 0.0168224299065 0.0347107438017
0 0.92523364486 0.22479338843 0.0205607476636 0.0429752066116
0 0.930373831776 0.257024793388 0.0177570093458 0.0380165289256
0 0.926635514019 0.298347107438 0.0196261682243 0.0512396694215
0 0.945794392523 0.218181818182 0.0168224299065 0.0330578512397
0 0.939719626168 0.176859504132 0.0140186915888 0.0297520661157
0 0.934112149533 0.197520661157 0.0121495327103 0.0280991735537
