0 0.209330143541 0.518080667594 0.0470494417863 0.076495132128
0 0.427432216906 0.269819193324 0.0191387559809 0.0417246175243
0 0.427033492823 0.219749652295 0.018341307815 0.0417246175243
0 0.455342902711 0.236439499305 0.0175438596491 0.0361613351878
0 0.486044657097 0.311543810848 0.0247208931419 0.0500695410292
0 0.544258373206 0.357440890125 0.0279106858054 0.0472878998609
0 0.728867623604 0.183588317107 0.0207336523126 0.0500695410292
0 0.748803827751 0.161335187761 0.0191387559809 0.0333796940195
0 0.722089314195 0.146731571627 0.018341307815 0.029207232267
0 0.886762360447 0.221835883171 0.0175438596491 0.0486787204451
