0 0.202800829876 0.36312849162 0.0404564315353 0.0819366852886
0 0.29356846473 0.216945996276 0.0165975103734 0.0353817504655
0 0.33143153527 0.222532588454 0.0197095435685 0.0353817504655
0 0.343360995851 0.203910614525 0.0186721991701 0.0316573556797
0 0.347510373444 0.182495344507 0.0165975103734 0.0260707635009
0 0.357365145228 0.227188081937 0.0176348547718 0.0335195530726
0 0.38122406639 0.246741154562 0.0217842323651 0.0391061452514
0 0.379668049793 0.225325884544 0.0186721991701 0.0335195530726
0 0.391597510373 0.191806331471 0.0176348547718 0.0335195530726
0 0.410788381743 0.204841713222 0.0165975103734 0.0372439478585
0 0.415975103734 0.191806331471 0.0165975103734 0.0372439478585
0 0.414937759336 0.162942271881 0.0165975103734 0.0353817504655
0 0.44346473029 0.167597765363 0.0176348547718 0.0372439478585
0 0.438796680498 0.231843575419 0.0207468879668 0.0465549348231
0 0.444502074689 0.216014897579 0.0197095435685 0.0409683426443
0 0.483921161826 0.218808193669 0.0217842323651 0.0391061452514
0 0.482883817427 0.173184357542 0.0134854771784 0.0297951582868
0 0.471473029046 0.151769087523 0.0134854771784 0.0279329608939
0 0.455394190871 0.145251396648 0.0145228215768 0.0297951582868
0 0.468360995851 0.132216014898 0.0114107883817 0.0260707635009
0 0.492219917012 0.135009310987 0.00933609958506 0.0204841713222
0 0.492738589212 0.157355679702 0.0165975103734 0.0316573556797
0 0.521784232365 0.174115456238 0.0145228215768 0.0391061452514
0 0.534751037344 0.189944134078 0.0155601659751 0.0372439478585
0 0.502593360996 0.119180633147 0.0134854771784 0.0297951582868
0 0.524377593361 0.127560521415 0.0114107883817 0.0279329608939
0 0.540975103734 0.144320297952 0.0155601659751 0.0316573556797
0 0.554460580913 0.161080074488 0.0155601659751 0.0391061452514
0 0.546680497925 0.128491620112 0.0124481327801 0.0260707635009
0 0.585062240664 0.174115456238 0.0207468879668 0.0353817504655
0 0.580912863071 0.119180633147 0.0124481327801 0.0297951582868
0 0.592842323651 0.109869646182 0.00933609958506 0.0297951582868
0 0.603734439834 0.120111731844 0.0124481327801 0.0279329608939
0 0.614626556017 0.110800744879 0.0114107883817 0.024208566108
0 0.626037344398 0.112662942272 0.0114107883817 0.0279329608939
0 0.616701244813 0.14990689013 0.0155601659751 0.0316573556797
0 0.571576763485 0.245810055866 0.0248962655602 0.0521415270019
0 0.581950207469 0.278398510242 0.0269709543568 0.0577281191806
0 0.492219917012 0.28677839851 0.0280082987552 0.0633147113594
0 0.610477178423 0.324022346369 0.0321576763485 0.0633147113594
0 0.631742738589 0.220670391061 0.0207468879668 0.0465549348231
0 0.644709543568 0.228119180633 0.0217842323651 0.0540037243948
0 0.647302904564 0.129422718808 0.0145228215768 0.0316573556797
0 0.664937759336 0.101489757914 0.0124481327801 0.0279329608939
0 0.665975103734 0.140595903166 0.0165975103734 0.0316573556797
0 0.683091286307 0.129422718808 0.0155601659751 0.0279329608939
0 0.690871369295 0.101489757914 0.0103734439834 0.0279329608939
0 0.714730290456 0.113594040968 0.0165975103734 0.0297951582868
0 0.697095435685 0.151769087523 0.0165975103734 0.0316573556797
0 0.673236514523 0.18156424581 0.0165975103734 0.0391061452514
0 0.68153526971 0.245810055866 0.0248962655602 0.0558659217877
0 0.692427385892 0.30260707635 0.0300829875519 0.0614525139665
0 0.724585062241 0.299813780261 0.0238589211618 0.0558659217877
0 0.748962655602 0.378026070764 0.0352697095436 0.0744878957169
0 0.739107883817 0.229981378026 0.0238589211618 0.0465549348231
0 0.71887966805 0.176908752328 0.0207468879668 0.0409683426443
0 0.747925311203 0.167597765363 0.0207468879668 0.0372439478585
0 0.756742738589 0.180633147114 0.0197095435685 0.0446927374302
0 0.753112033195 0.126629422719 0.0145228215768 0.0260707635009
0 0.778526970954 0.140595903166 0.0155601659751 0.0353817504655
0 0.800829875519 0.172253258845 0.0145228215768 0.0353817504655
0 0.798755186722 0.224394785847 0.0207468879668 0.0428305400372
0 0.770746887967 0.247672253259 0.0207468879668 0.048417132216
0 0.798236514523 0.2895716946 0.0259336099585 0.0540037243948
0 0.81846473029 0.253258845438 0.0248962655602 0.0521415270019
0 0.832987551867 0.313780260708 0.0248962655602 0.0763500931099
0 0.815871369295 0.392923649907 0.0342323651452 0.0707635009311
0 0.898858921162 0.440409683426 0.0404564315353 0.0875232774674
0 0.91856846473 0.337988826816 0.0321576763485 0.0651769087523
0 0.921161825726 0.293296089385 0.0228215767635 0.0465549348231
0 0.926867219917 0.22625698324 0.0176348547718 0.0428305400372
0 0.883298755187 0.228119180633 0.0238589211618 0.0465549348231
0 0.869813278008 0.279329608939 0.0217842323651 0.0521415270019
