0 0.169970267592 0.460288808664 0.0386521308226 0.0902527075812
0 0.312190287413 0.229241877256 0.013875123885 0.043321299639
0 0.344895936571 0.175992779783 0.01585728444 0.0379061371841
0 0.35332011893 0.181407942238 0.0168483647175 0.0342960288809
0 0.409316154609 0.203971119134 0.017839444995 0.043321299639
0 0.418731417245 0.166064981949 0.0109018830525 0.028880866426
0 0.444003964321 0.22202166065 0.017839444995 0.0397111913357
0 0.477700693756 0.224729241877 0.017839444995 0.0451263537906
0 0.495540138751 0.281588447653 0.0257680872151 0.057761732852
0 0.461347869177 0.164259927798 0.0148662041625 0.0397111913357
0 0.489098116947 0.136281588448 0.0128840436075 0.0270758122744
0 0.498513379584 0.162454873646 0.017839444995 0.0397111913357
0 0.516848364718 0.11642599278 0.0109018830525 0.0234657039711
0 0.535183349851 0.12725631769 0.01189296333 0.0306859205776
0 0.545094152626 0.118231046931 0.013875123885 0.0306859205776
0 0.563924677899 0.246389891697 0.017839444995 0.0415162454874
0 0.548067393459 0.301444043321 0.0257680872151 0.0649819494585
0 0.590188305253 0.057761732852 0.0128840436075 0.0361010830325
0 0.632309217047 0.0884476534296 0.00991080277502 0.0252707581227
0 0.659563924678 0.091155234657 0.00891972249752 0.0270758122744
0 0.684340931615 0.0965703971119 0.0109018830525 0.0198555956679
0 0.696233894945 0.110108303249 0.0128840436075 0.0252707581227
0 0.629831516353 0.121841155235 0.0128840436075 0.0270758122744
0 0.644697720515 0.135379061372 0.0148662041625 0.028880866426
0 0.605054509415 0.301444043321 0.0267591674926 0.072202166065
0 0.63875123885 0.181407942238 0.0208126858276 0.0487364620939
0 0.625867195243 0.246389891697 0.0208126858276 0.0559566787004
0 0.666005946482 0.293321299639 0.0218037661051 0.0487364620939
0 0.667988107037 0.220216606498 0.01982160555 0.043321299639
0 0.67443012884 0.168772563177 0.0168483647175 0.0379061371841
0 0.687314172448 0.349277978339 0.0307234886026 0.0667870036101
0 0.696233894945 0.159747292419 0.0128840436075 0.0342960288809
0 0.711100099108 0.185018050542 0.0168483647175 0.0379061371841
0 0.719524281467 0.231949458484 0.0218037661051 0.0487364620939
0 0.724479682854 0.132671480144 0.01585728444 0.0306859205776
0 0.736868186323 0.168772563177 0.0148662041625 0.0306859205776
0 0.748265609514 0.117328519856 0.013875123885 0.0361010830325
0 0.771060455897 0.182310469314 0.013875123885 0.0397111913357
0 0.797324083251 0.169675090253 0.0128840436075 0.028880866426
0 0.790882061447 0.213898916968 0.013875123885 0.0379061371841
0 0.810208126858 0.282490974729 0.0267591674926 0.0559566787004
0 0.774033696729 0.337545126354 0.0277502477701 0.0685920577617
0 0.839940535183 0.352888086643 0.0287413280476 0.0667870036101
0 0.86124876115 0.319494584838 0.0237859266601 0.0613718411552
0 0.91278493558 0.376353790614 0.0218037661051 0.0523465703971
0 0.871159563925 0.268050541516 0.017839444995 0.0379061371841
0 0.925173439049 0.285198555957 0.0227948463826 0.0505415162455
0 0.843409316155 0.0848375451264 0.01585728444 0.0324909747292
0 0.895441030723 0.141696750903 0.0128840436075 0.0342960288809
0 0.931615460852 0.153429602888 0.017839444995 0.0397111913357
0 0.854806739346 0.212093862816 0.0168483647175 0.0379061371841
0 0.869672943508 0.179602888087 0.0128840436075 0.0342960288809
0 0.883548067393 0.217509025271 0.0188305252725 0.0379061371841
0 0.444995044599 0.137184115523 0.01189296333 0.028880866426
0 0.521308225966 0.152527075812 0.013875123885 0.0342960288809
0 0.552031714569 0.16155234657 0.013875123885 0.0379061371841
0 0.557482656095 0.176895306859 0.0148662041625 0.0397111913357
0 0.582259663033 0.157039711191 0.0148662041625 0.0397111913357
0 0.935579781962 0.22202166065 0.01585728444 0.043321299639
0 0.896432111001 0.189530685921 0.0148662041625 0.0324909747292
0 0.83349851338 0.17238267148 0.01585728444 0.0379061371841
0 0.782953419227 0.126353790614 0.01189296333 0.0361010830325
0 0.721506442022 0.101985559567 0.00991080277502 0.0270758122744
