0 0.0792910447761 0.434853420195 0.044776119403 0.0977198697068
0 0.248134328358 0.276058631922 0.0205223880597 0.0374592833876
0 0.286847014925 0.263029315961 0.0251865671642 0.0439739413681
0 0.30223880597 0.25325732899 0.0205223880597 0.0504885993485
0 0.320429104478 0.25651465798 0.0233208955224 0.0407166123779
0 0.314365671642 0.207654723127 0.0205223880597 0.0407166123779
0 0.342350746269 0.275244299674 0.0223880597015 0.0456026058632
0 0.345615671642 0.202768729642 0.0195895522388 0.0472312703583
0 0.360074626866 0.207654723127 0.0186567164179 0.0374592833876
0 0.369869402985 0.194625407166 0.0195895522388 0.0309446254072
0 0.392257462687 0.206840390879 0.0214552238806 0.0390879478827
0 0.405317164179 0.164495114007 0.017723880597 0.0293159609121
0 0.424906716418 0.177524429967 0.0195895522388 0.0293159609121
0 0.424906716418 0.206026058632 0.0158582089552 0.0342019543974
0 0.433768656716 0.225570032573 0.0167910447761 0.0342019543974
0 0.4375 0.193811074919 0.0167910447761 0.0293159609121
0 0.424440298507 0.258143322476 0.0261194029851 0.0537459283388
0 0.461287313433 0.187296416938 0.0214552238806 0.042345276873
0 0.454757462687 0.162052117264 0.0139925373134 0.0276872964169
0 0.450093283582 0.135179153094 0.0158582089552 0.0293159609121
0 0.465951492537 0.14983713355 0.0121268656716 0.0293159609121
0 0.478544776119 0.157980456026 0.0186567164179 0.0358306188925
0 0.479944029851 0.129478827362 0.0158582089552 0.0276872964169
0 0.512593283582 0.151465798046 0.0195895522388 0.0358306188925
0 0.513992537313 0.199511400651 0.0186567164179 0.0407166123779
0 0.499067164179 0.188925081433 0.0186567164179 0.0358306188925
0 0.486940298507 0.218241042345 0.0261194029851 0.0488599348534
0 0.484608208955 0.293159609121 0.0251865671642 0.0618892508143
0 0.542444029851 0.298045602606 0.027052238806 0.0521172638436
0 0.561100746269 0.245928338762 0.0251865671642 0.0488599348534
0 0.598414179104 0.314332247557 0.0326492537313 0.0651465798046
0 0.608675373134 0.254885993485 0.0251865671642 0.0439739413681
0 0.528451492537 0.129478827362 0.0139925373134 0.0276872964169
0 0.545242537313 0.145765472313 0.0139925373134 0.0309446254072
0 0.564365671642 0.172638436482 0.0205223880597 0.0358306188925
0 0.574626865672 0.14657980456 0.0186567164179 0.0358306188925
0 0.55177238806 0.10667752443 0.0102611940299 0.0244299674267
0 0.581156716418 0.0936482084691 0.0149253731343 0.0309446254072
0 0.583955223881 0.118892508143 0.0149253731343 0.0325732899023
0 0.61427238806 0.131921824104 0.017723880597 0.0390879478827
0 0.61473880597 0.0920195439739 0.0167910447761 0.0244299674267
0 0.638992537313 0.0504885993485 0.0130597014925 0.0293159609121
0 0.63526119403 0.0936482084691 0.0111940298507 0.0211726384365
0 0.63572761194 0.115635179153 0.0139925373134 0.0228013029316
0 0.651119402985 0.166938110749 0.0186567164179 0.0342019543974
0 0.643190298507 0.197068403909 0.0214552238806 0.042345276873
0 0.603078358209 0.207654723127 0.027052238806 0.0472312703583
0 0.654384328358 0.24674267101 0.0307835820896 0.0504885993485
0 0.693097014925 0.220684039088 0.0242537313433 0.0472312703583
0 0.688432835821 0.175895765472 0.0186567164179 0.0488599348534
0 0.68796641791 0.141693811075 0.0195895522388 0.0390879478827
0 0.66651119403 0.11319218241 0.0195895522388 0.0407166123779
0 0.688432835821 0.0912052117264 0.0167910447761 0.0325732899023
0 0.698694029851 0.127850162866 0.0186567164179 0.0374592833876
0 0.723880597015 0.149022801303 0.0186567164179 0.0407166123779
0 0.736473880597 0.127850162866 0.0158582089552 0.0309446254072
0 0.731809701493 0.109120521173 0.0102611940299 0.0228013029316
0 0.743936567164 0.116449511401 0.0121268656716 0.0276872964169
0 0.76072761194 0.124592833876 0.017723880597 0.0342019543974
0 0.752798507463 0.149022801303 0.0167910447761 0.0439739413681
0 0.778917910448 0.11319218241 0.0111940298507 0.0309446254072
0 0.793376865672 0.129478827362 0.0158582089552 0.0342019543974
0 0.808302238806 0.116449511401 0.0139925373134 0.0276872964169
0 0.82322761194 0.138436482085 0.0158582089552 0.0325732899023
0 0.811100746269 0.161237785016 0.0158582089552 0.0325732899023
0 0.791044776119 0.167752442997 0.0186567164179 0.0358306188925
0 0.761194029851 0.21986970684 0.0279850746269 0.0521172638436
0 0.727611940299 0.188110749186 0.0205223880597 0.0374592833876
0 0.716884328358 0.274429967427 0.0251865671642 0.0602605863192
0 0.667910447761 0.318403908795 0.0298507462687 0.0602605863192
0 0.783582089552 0.282573289902 0.0317164179104 0.0635179153094
0 0.805037313433 0.241856677524 0.0242537313433 0.0537459283388
0 0.840485074627 0.187296416938 0.0186567164179 0.042345276873
0 0.846082089552 0.150651465798 0.0186567164179 0.0309446254072
0 0.858675373134 0.124592833876 0.0158582089552 0.0309446254072
0 0.876865671642 0.185667752443 0.0205223880597 0.0390879478827
0 0.88526119403 0.161237785016 0.0149253731343 0.0293159609121
0 0.889925373134 0.135993485342 0.0111940298507 0.0276872964169
0 0.922108208955 0.151465798046 0.0158582089552 0.0293159609121
0 0.918843283582 0.197068403909 0.0167910447761 0.042345276873
0 0.861940298507 0.220684039088 0.0223880597015 0.0407166123779
