0 0.181145113524 0.487068965517 0.0424481737414 0.0879310344828
0 0.36771964462 0.195689655172 0.0207305034551 0.0362068965517
0 0.395853899309 0.268103448276 0.0197433366239 0.0362068965517
0 0.411154985192 0.216379310345 0.0187561697927 0.0327586206897
0 0.420039486673 0.161206896552 0.0167818361303 0.0327586206897
0 0.466929911155 0.218103448276 0.0217176702863 0.0431034482759
0 0.489141164857 0.322413793103 0.0325765054294 0.0620689655172
0 0.552319842053 0.325862068966 0.030602171767 0.0620689655172
0 0.518262586377 0.120689655172 0.0157946692991 0.0275862068966
0 0.544422507404 0.119827586207 0.0148075024679 0.0362068965517
0 0.576011846002 0.123275862069 0.0187561697927 0.0327586206897
0 0.567620927937 0.181034482759 0.0177690029615 0.0344827586207
0 0.623395853899 0.271551724138 0.0266535044423 0.05
0 0.630799605133 0.15 0.0177690029615 0.0310344827586
0 0.606120434353 0.109482758621 0.0138203356367 0.0258620689655
0 0.667818361303 0.221551724138 0.0227048371175 0.0431034482759
0 0.684106614018 0.304310344828 0.0335636722606 0.0706896551724
0 0.740375123396 0.264655172414 0.0276406712734 0.0603448275862
0 0.755182625864 0.318965517241 0.0375123395854 0.0793103448276
0 0.793188548865 0.279310344828 0.0286278381046 0.0586206896552
0 0.779368213228 0.211206896552 0.0227048371175 0.0431034482759
0 0.844027640671 0.302586206897 0.0276406712734 0.0706896551724
0 0.887462981244 0.223275862069 0.0197433366239 0.0396551724138
0 0.920533070089 0.283620689655 0.0227048371175 0.0603448275862
0 0.944225074038 0.154310344828 0.0128331688055 0.0362068965517
0 0.913129318855 0.0870689655172 0.0138203356367 0.0293103448276
0 0.915597235933 0.145689655172 0.0148075024679 0.0293103448276
0 0.874136229023 0.125 0.0128331688055 0.0327586206897
0 0.85093780849 0.125 0.0118460019743 0.0258620689655
0 0.764067127345 0.0448275862069 0.0138203356367 0.0310344827586
