0 0.0664808917197 0.473087818697 0.0390127388535 0.0736543909348
0 0.226114649682 0.330736543909 0.0222929936306 0.0410764872521
0 0.274681528662 0.306657223796 0.0207006369427 0.0410764872521
0 0.248805732484 0.35835694051 0.0262738853503 0.0453257790368
0 0.282643312102 0.354815864023 0.0191082802548 0.0410764872521
0 0.338375796178 0.294617563739 0.0191082802548 0.0396600566572
0 0.324442675159 0.343484419263 0.0183121019108 0.0410764872521
0 0.375796178344 0.259915014164 0.015923566879 0.0382436260623
0 0.392515923567 0.276203966006 0.0222929936306 0.0396600566572
0 0.36902866242 0.330736543909 0.0214968152866 0.0354107648725
0 0.396496815287 0.336402266289 0.0175159235669 0.0382436260623
0 0.41122611465 0.254957507082 0.015127388535 0.0311614730878
0 0.434315286624 0.256373937677 0.0119426751592 0.0311614730878
0 0.445859872611 0.248583569405 0.0175159235669 0.0410764872521
0 0.456608280255 0.233002832861 0.0199044585987 0.0382436260623
0 0.496417197452 0.241501416431 0.0119426751592 0.0240793201133
0 0.488057324841 0.260623229462 0.015923566879 0.028328611898
0 0.500398089172 0.265580736544 0.015127388535 0.0325779036827
0 0.509156050955 0.245042492918 0.0103503184713 0.0198300283286
0 0.529458598726 0.240793201133 0.0127388535032 0.0226628895184
0 0.540207006369 0.21954674221 0.0103503184713 0.0226628895184
0 0.553742038217 0.206090651558 0.0119426751592 0.0240793201133
0 0.433121019108 0.337110481586 0.0207006369427 0.0368271954674
0 0.451831210191 0.315864022663 0.0199044585987 0.0311614730878
0 0.488057324841 0.314447592068 0.0191082802548 0.0368271954674
0 0.555334394904 0.272662889518 0.0135350318471 0.0297450424929
0 0.565684713376 0.25 0.0230891719745 0.0297450424929
0 0.584792993631 0.251416430595 0.0246815286624 0.0297450424929
0 0.582404458599 0.220963172805 0.0183121019108 0.0396600566572
0 0.590366242038 0.200424929178 0.0167197452229 0.0297450424929
0 0.604697452229 0.216005665722 0.0167197452229 0.0297450424929
0 0.618232484076 0.217422096317 0.015127388535 0.0297450424929
0 0.447452229299 0.405099150142 0.0238853503185 0.0538243626062
0 0.511146496815 0.36402266289 0.0207006369427 0.0509915014164
0 0.522292993631 0.400849858357 0.0238853503185 0.0538243626062
0 0.575636942675 0.330736543909 0.0207006369427 0.0439093484419
0 0.571257961783 0.390934844193 0.0358280254777 0.0509915014164
0 0.568869426752 0.444759206799 0.031050955414 0.0651558073654
0 0.640525477707 0.213172804533 0.0183121019108 0.0297450424929
0 0.651671974522 0.217422096317 0.0167197452229 0.0297450424929
0 0.618232484076 0.254957507082 0.0199044585987 0.0396600566572
0 0.646496815287 0.269830028329 0.0175159235669 0.0410764872521
0 0.616640127389 0.302407932011 0.0262738853503 0.0382436260623
0 0.623407643312 0.344900849858 0.0191082802548 0.0467422096317
0 0.633359872611 0.367563739377 0.0246815286624 0.0552407932011
0 0.675159235669 0.21388101983 0.0175159235669 0.0254957507082
0 0.678343949045 0.245042492918 0.0175159235669 0.0339943342776
0 0.667595541401 0.296742209632 0.0230891719745 0.0382436260623
0 0.664808917197 0.35835694051 0.0207006369427 0.0538243626062
0 0.618630573248 0.473087818697 0.0398089171975 0.0651558073654
0 0.699044585987 0.402974504249 0.0302547770701 0.0552407932011
0 0.689092356688 0.507790368272 0.0358280254777 0.0779036827195
0 0.699442675159 0.279036827195 0.0135350318471 0.0339943342776
0 0.711385350318 0.246458923513 0.0167197452229 0.0311614730878
0 0.71974522293 0.25 0.0191082802548 0.0410764872521
0 0.738057324841 0.230169971671 0.015923566879 0.0269121813031
0 0.738853503185 0.261331444759 0.0127388535032 0.0269121813031
0 0.749601910828 0.279036827195 0.0119426751592 0.028328611898
0 0.756369426752 0.238668555241 0.0127388535032 0.0212464589235
0 0.773089171975 0.240084985836 0.0143312101911 0.0269121813031
0 0.781847133758 0.261331444759 0.0175159235669 0.0439093484419
0 0.789808917197 0.296742209632 0.015923566879 0.0354107648725
0 0.785429936306 0.354815864023 0.0199044585987 0.0467422096317
0 0.738057324841 0.423512747875 0.031847133758 0.056657223796
0 0.799761146497 0.503541076487 0.0246815286624 0.0665722379603
0 0.823646496815 0.463172804533 0.0262738853503 0.0651558073654
0 0.815286624204 0.25 0.0143312101911 0.0297450424929
0 0.803742038217 0.323654390935 0.0167197452229 0.0354107648725
0 0.81050955414 0.304532577904 0.015923566879 0.0368271954674
0 0.833598726115 0.263456090652 0.0143312101911 0.0254957507082
0 0.846337579618 0.253541076487 0.0111464968153 0.0254957507082
0 0.865445859873 0.272662889518 0.0127388535032 0.0269121813031
0 0.84872611465 0.342776203966 0.0207006369427 0.0509915014164
0 0.832802547771 0.360481586402 0.0207006369427 0.0524079320113
0 0.881767515924 0.452549575071 0.0294585987261 0.0580736543909
0 0.878582802548 0.31657223796 0.015127388535 0.0354107648725
0 0.897691082803 0.303116147309 0.0183121019108 0.0453257790368
0 0.906050955414 0.274079320113 0.00955414012739 0.0240793201133
0 0.906847133758 0.35552407932 0.0175159235669 0.0509915014164
0 0.824044585987 0.273371104816 0.0111464968153 0.0368271954674
0 0.860270700637 0.308073654391 0.0183121019108 0.0495750708215
0 0.390923566879 0.300283286119 0.0175159235669 0.0368271954674
0 0.342356687898 0.317280453258 0.015923566879 0.0311614730878
