0 0.194047619048 0.482019363762 0.0404761904762 0.0871369294606
0 0.491666666667 0.314661134163 0.0325396825397 0.0539419087137
0 0.43253968254 0.26694329184 0.0190476190476 0.0387275242047
0 0.432142857143 0.217150760719 0.0150793650794 0.0331950207469
0 0.45119047619 0.23305670816 0.018253968254 0.0345781466113
0 0.606746031746 0.183955739972 0.0166666666667 0.030428769018
0 0.542857142857 0.36030428769 0.0222222222222 0.0484094052559
0 0.719047619048 0.143153526971 0.015873015873 0.0373443983402
0 0.747619047619 0.142461964039 0.0142857142857 0.0359612724758
0 0.885317460317 0.221300138313 0.0150793650794 0.0414937759336
