0 0.217309501411 0.357963875205 0.0451552210724 0.0985221674877
0 0.293038570085 0.254515599343 0.0178739416745 0.0328407224959
0 0.353245531515 0.224137931034 0.0159924741298 0.0311986863711
0 0.436030103481 0.279146141215 0.0216368767639 0.0394088669951
0 0.352304797742 0.270935960591 0.0235183443086 0.0426929392447
0 0.391345249294 0.220853858785 0.0169332079022 0.0279146141215
0 0.392756349953 0.196223316913 0.0197554092192 0.0279146141215
0 0.428504233302 0.220032840722 0.0159924741298 0.0361247947455
0 0.448730009407 0.229885057471 0.0169332079022 0.0361247947455
0 0.431796801505 0.174055829228 0.0131702728128 0.0361247947455
0 0.456255879586 0.151888341544 0.0131702728128 0.0279146141215
0 0.473189087488 0.200328407225 0.0169332079022 0.0295566502463
0 0.450611476952 0.196223316913 0.0150517403575 0.0279146141215
0 0.489181561618 0.165845648604 0.0131702728128 0.0229885057471
0 0.508466603951 0.170771756979 0.0122295390405 0.0262725779967
0 0.523047977422 0.146962233169 0.0131702728128 0.0279146141215
0 0.492003762935 0.136288998358 0.00940733772342 0.0229885057471
0 0.504703668862 0.204433497537 0.0141110065851 0.0279146141215
0 0.539981185325 0.204433497537 0.0169332079022 0.0279146141215
0 0.554562558796 0.167487684729 0.0141110065851 0.0361247947455
0 0.572906867357 0.165024630542 0.0131702728128 0.0311986863711
0 0.5442144873 0.132183908046 0.0103480714958 0.0213464696223
0 0.564910630292 0.124794745484 0.0103480714958 0.0262725779967
0 0.585606773283 0.155172413793 0.0178739416745 0.0377668308703
0 0.593603010348 0.0615763546798 0.0112888052681 0.0213464696223
0 0.644402634055 0.0607553366174 0.00940733772342 0.0197044334975
0 0.692380056444 0.0582922824302 0.0131702728128 0.0279146141215
0 0.622295390405 0.119047619048 0.0103480714958 0.0213464696223
0 0.615710253998 0.136288998358 0.0103480714958 0.0229885057471
0 0.48777046096 0.324302134647 0.0235183443086 0.0377668308703
0 0.559266227658 0.293103448276 0.0216368767639 0.0509031198686
0 0.573847601129 0.26026272578 0.0169332079022 0.0344827586207
0 0.61665098777 0.256157635468 0.0178739416745 0.0459770114943
0 0.621825023518 0.213464696223 0.0188146754468 0.0394088669951
0 0.620884289746 0.324302134647 0.030103480715 0.0607553366174
0 0.684383819379 0.327586206897 0.0235183443086 0.0541871921182
0 0.671683913452 0.267651888342 0.0206961429915 0.0492610837438
0 0.7210724365 0.288177339901 0.0235183443086 0.047619047619
0 0.784571966134 0.316091954023 0.0263405456256 0.047619047619
0 0.680150517404 0.216748768473 0.0206961429915 0.0328407224959
0 0.722013170273 0.218390804598 0.0197554092192 0.0361247947455
0 0.706961429915 0.188013136289 0.0141110065851 0.0311986863711
0 0.689087488241 0.164203612479 0.0141110065851 0.0328407224959
0 0.698494825964 0.112479474548 0.0103480714958 0.0311986863711
0 0.715898400753 0.146141215107 0.0150517403575 0.0328407224959
0 0.741298212606 0.170771756979 0.0169332079022 0.0295566502463
0 0.744120413923 0.132183908046 0.0131702728128 0.0279146141215
0 0.762464722484 0.151888341544 0.0122295390405 0.0311986863711
0 0.763875823142 0.118226600985 0.0112888052681 0.0229885057471
0 0.770931326435 0.0673234811166 0.0122295390405 0.0262725779967
0 0.840075258702 0.0730706075534 0.0150517403575 0.0311986863711
0 0.808090310442 0.133825944171 0.0112888052681 0.0311986863711
0 0.784571966134 0.127257799672 0.0112888052681 0.0246305418719
0 0.756820319849 0.189655172414 0.0235183443086 0.0410509031199
0 0.809971777987 0.188013136289 0.0150517403575 0.0377668308703
0 0.827845719661 0.171592775041 0.0131702728128 0.0344827586207
0 0.858419567262 0.192118226601 0.0159924741298 0.0394088669951
0 0.88334901223 0.226600985222 0.0206961429915 0.0492610837438
0 0.894167450611 0.1986863711 0.0141110065851 0.0361247947455
0 0.930385700847 0.186371100164 0.0150517403575 0.0377668308703
0 0.918156161806 0.134646962233 0.0112888052681 0.0328407224959
0 0.879115710254 0.128899835796 0.0141110065851 0.0279146141215
0 0.46566321731 0.164203612479 0.0150517403575 0.0328407224959
