0 0.103383458647 0.375418060201 0.0357142857143 0.0819397993311
0 0.324718045113 0.192307692308 0.0140977443609 0.0267558528428
0 0.394266917293 0.160535117057 0.0140977443609 0.0334448160535
0 0.390977443609 0.235785953177 0.0169172932331 0.0434782608696
0 0.415413533835 0.255852842809 0.0206766917293 0.0434782608696
0 0.431860902256 0.146321070234 0.0122180451128 0.0250836120401
0 0.474154135338 0.223244147157 0.0216165413534 0.0384615384615
0 0.475563909774 0.130434782609 0.0112781954887 0.0167224080268
0 0.497180451128 0.126254180602 0.0112781954887 0.0217391304348
0 0.513627819549 0.188127090301 0.0122180451128 0.0351170568562
0 0.520676691729 0.16220735786 0.0112781954887 0.0234113712375
0 0.562969924812 0.255016722408 0.0206766917293 0.0451505016722
0 0.65742481203 0.137959866221 0.0140977443609 0.0284280936455
0 0.681860902256 0.11872909699 0.0122180451128 0.0301003344482
0 0.703477443609 0.116220735786 0.0122180451128 0.0284280936455
0 0.611842105263 0.242474916388 0.0206766917293 0.0501672240803
0 0.616071428571 0.301003344482 0.0253759398496 0.0602006688963
0 0.621710526316 0.204013377926 0.0178571428571 0.0367892976589
0 0.656015037594 0.189799331104 0.0169172932331 0.0384615384615
0 0.706296992481 0.157190635452 0.0178571428571 0.0367892976589
0 0.713815789474 0.182274247492 0.015977443609 0.0367892976589
0 0.676221804511 0.336956521739 0.0328947368421 0.0719063545151
0 0.71522556391 0.294314381271 0.0206766917293 0.056856187291
0 0.749060150376 0.198160535117 0.015037593985 0.0351170568562
0 0.75234962406 0.248327759197 0.0178571428571 0.0551839464883
0 0.739191729323 0.16889632107 0.0178571428571 0.0367892976589
0 0.750469924812 0.138795986622 0.0140977443609 0.0267558528428
0 0.766447368421 0.154682274247 0.015977443609 0.0351170568562
0 0.78007518797 0.132107023411 0.015037593985 0.0367892976589
0 0.782894736842 0.178929765886 0.0112781954887 0.0334448160535
0 0.78477443609 0.220735785953 0.015037593985 0.0367892976589
0 0.799342105263 0.163879598662 0.0140977443609 0.0334448160535
0 0.827537593985 0.183946488294 0.0140977443609 0.0334448160535
0 0.836466165414 0.146321070234 0.0131578947368 0.0317725752508
0 0.841635338346 0.259197324415 0.0197368421053 0.0401337792642
0 0.833176691729 0.241638795987 0.015977443609 0.0384615384615
0 0.863251879699 0.180602006689 0.0140977443609 0.0334448160535
0 0.873120300752 0.285117056856 0.0187969924812 0.0484949832776
0 0.858552631579 0.336956521739 0.0216165413534 0.0551839464883
0 0.921522556391 0.3127090301 0.0197368421053 0.0401337792642
0 0.943609022556 0.238294314381 0.0131578947368 0.0317725752508
0 0.933270676692 0.165551839465 0.0093984962406 0.0234113712375
0 0.903195488722 0.183110367893 0.0131578947368 0.0317725752508
0 0.893796992481 0.213210702341 0.015037593985 0.0351170568562
0 0.884868421053 0.249163879599 0.015977443609 0.0367892976589
0 0.925751879699 0.191471571906 0.0131578947368 0.0317725752508
0 0.936090225564 0.188963210702 0.0131578947368 0.0367892976589
0 0.723214285714 0.158026755853 0.0140977443609 0.0351170568562
0 0.595864661654 0.105351170569 0.0112781954887 0.0234113712375
0 0.62030075188 0.104515050167 0.0093984962406 0.0217391304348
0 0.65507518797 0.102842809365 0.0093984962406 0.0250836120401
0 0.624060150376 0.124581939799 0.0093984962406 0.0217391304348
0 0.608082706767 0.149665551839 0.0112781954887 0.0284280936455
0 0.578007518797 0.14381270903 0.0112781954887 0.0334448160535
0 0.579887218045 0.172240802676 0.015037593985 0.0334448160535
0 0.547462406015 0.165551839465 0.0122180451128 0.0334448160535
0 0.547932330827 0.145484949833 0.0131578947368 0.0267558528428
0 0.549342105263 0.121237458194 0.0103383458647 0.0217391304348
0 0.553101503759 0.189799331104 0.0178571428571 0.0418060200669
0 0.466165413534 0.16889632107 0.015037593985 0.0367892976589
0 0.470864661654 0.182274247492 0.015037593985 0.0301003344482
0 0.484962406015 0.159698996656 0.0131578947368 0.0317725752508
0 0.449248120301 0.19983277592 0.015037593985 0.0384615384615
0 0.429981203008 0.175585284281 0.0140977443609 0.0334448160535
0 0.376409774436 0.194816053512 0.015977443609 0.0284280936455
0 0.393796992481 0.205685618729 0.0169172932331 0.0367892976589
0 0.420112781955 0.209866220736 0.015037593985 0.0351170568562
0 0.460056390977 0.147993311037 0.0103383458647 0.0250836120401
