0 0.299459459459 0.184466019417 0.0151351351351 0.031067961165
0 0.411891891892 0.208737864078 0.012972972973 0.0291262135922
0 0.446486486486 0.231067961165 0.0172972972973 0.0349514563107
0 0.444324324324 0.181553398058 0.0151351351351 0.0330097087379
0 0.461081081081 0.134951456311 0.00972972972973 0.0252427184466
0 0.481081081081 0.170873786408 0.0151351351351 0.031067961165
0 0.458918918919 0.200970873786 0.0118918918919 0.0291262135922
0 0.547567567568 0.166990291262 0.0118918918919 0.0271844660194
0 0.559459459459 0.190291262136 0.0162162162162 0.031067961165
0 0.632432432432 0.120388349515 0.012972972973 0.031067961165
0 0.625945945946 0.260194174757 0.0194594594595 0.0388349514563
0 0.627567567568 0.214563106796 0.0162162162162 0.0407766990291
0 0.67027027027 0.219417475728 0.0172972972973 0.0388349514563
0 0.675675675676 0.17572815534 0.012972972973 0.0330097087379
0 0.638378378378 0.336893203883 0.0313513513514 0.052427184466
0 0.675675675676 0.291262135922 0.0194594594595 0.0427184466019
0 0.731351351351 0.230097087379 0.0227027027027 0.0407766990291
0 0.824324324324 0.259223300971 0.0183783783784 0.0368932038835
0 0.856756756757 0.256310679612 0.0183783783784 0.0543689320388
0 0.824324324324 0.387378640777 0.0443243243243 0.118446601942
0 0.932972972973 0.240776699029 0.0151351351351 0.0427184466019
