0 0.205053449951 0.36660929432 0.044703595724 0.0860585197935
0 0.303206997085 0.247848537005 0.0213799805637 0.0447504302926
0 0.311467444121 0.213425129088 0.0184645286686 0.0344234079174
0 0.330417881438 0.240963855422 0.019436345967 0.0447504302926
0 0.348882410107 0.256454388985 0.019436345967 0.0447504302926
0 0.370262390671 0.247848537005 0.019436345967 0.0447504302926
0 0.375121477162 0.210843373494 0.0174927113703 0.0327022375215
0 0.354713313897 0.192771084337 0.0155490767736 0.0344234079174
0 0.345481049563 0.179862306368 0.0145772594752 0.0292598967298
0 0.401846452867 0.276247848537 0.0262390670554 0.0464716006885
0 0.41739552964 0.209122203098 0.0165208940719 0.039586919105
0 0.416909620991 0.18760757315 0.0213799805637 0.0378657487091
0 0.415937803693 0.148881239243 0.0155490767736 0.0327022375215
0 0.444120505345 0.180722891566 0.019436345967 0.0447504302926
0 0.451409135083 0.222030981067 0.0165208940719 0.0378657487091
0 0.47619047619 0.226333907057 0.025267249757 0.0430292598967
0 0.465500485909 0.144578313253 0.0116618075802 0.0309810671256
0 0.473760932945 0.152323580034 0.0126336248785 0.0292598967298
0 0.487366375121 0.180722891566 0.0165208940719 0.0309810671256
0 0.485908649174 0.132530120482 0.0116618075802 0.0240963855422
0 0.498542274052 0.12908777969 0.0116618075802 0.0240963855422
0 0.502915451895 0.160068846816 0.0145772594752 0.0275387263339
0 0.513119533528 0.145438898451 0.0155490767736 0.025817555938
0 0.5296404276 0.13339070568 0.0136054421769 0.0292598967298
0 0.521379980564 0.178141135972 0.0184645286686 0.0327022375215
0 0.536929057337 0.164371772806 0.0165208940719 0.0327022375215
0 0.556365403304 0.182444061962 0.0184645286686 0.0378657487091
0 0.558309037901 0.16265060241 0.0165208940719 0.0327022375215
0 0.544703595724 0.145438898451 0.0145772594752 0.0292598967298
0 0.554421768707 0.123924268503 0.0145772594752 0.0240963855422
0 0.57628765792 0.123924268503 0.0136054421769 0.0309810671256
0 0.583090379009 0.119621342513 0.0116618075802 0.0223752151463
0 0.596209912536 0.134251290878 0.0145772594752 0.0309810671256
0 0.586491739553 0.174698795181 0.0184645286686 0.039586919105
0 0.619533527697 0.148881239243 0.0165208940719 0.025817555938
0 0.616132167153 0.113597246127 0.0155490767736 0.0309810671256
0 0.634596695821 0.119621342513 0.0155490767736 0.0292598967298
0 0.649173955296 0.10843373494 0.0155490767736 0.0275387263339
0 0.653547133139 0.140275387263 0.0165208940719 0.0292598967298
0 0.679786200194 0.10413080895 0.0145772594752 0.025817555938
0 0.687560738581 0.121342512909 0.0145772594752 0.0292598967298
0 0.718172983479 0.10843373494 0.0136054421769 0.0240963855422
0 0.49416909621 0.286574870912 0.0301263362488 0.0636833046472
0 0.550048590865 0.330464716007 0.0330417881438 0.0585197934596
0 0.586977648202 0.246127366609 0.0213799805637 0.0516351118761
0 0.63508260447 0.245266781411 0.0204081632653 0.0464716006885
0 0.599611273081 0.344234079174 0.0310981535471 0.0619621342513
0 0.680272108844 0.259036144578 0.025267249757 0.0567986230637
0 0.687074829932 0.18760757315 0.019436345967 0.0413080895009
0 0.702137998056 0.165232358003 0.0165208940719 0.0344234079174
0 0.71768707483 0.182444061962 0.0184645286686 0.0413080895009
0 0.725461613217 0.155765920826 0.0145772594752 0.0327022375215
0 0.75315840622 0.132530120482 0.0155490767736 0.0309810671256
0 0.744412050534 0.18760757315 0.0174927113703 0.0447504302926
0 0.761418853256 0.185886402754 0.0165208940719 0.0309810671256
0 0.737609329446 0.234079173838 0.0213799805637 0.0413080895009
0 0.736637512148 0.293459552496 0.025267249757 0.0499139414802
0 0.690962099125 0.313253012048 0.0291545189504 0.0585197934596
0 0.748299319728 0.389845094664 0.0310981535471 0.0740103270224
0 0.820699708455 0.396729776248 0.0359572400389 0.0705679862306
0 0.785228377065 0.307228915663 0.0272108843537 0.0636833046472
0 0.770165208941 0.234939759036 0.0242954324587 0.0464716006885
0 0.79980563654 0.226333907057 0.0174927113703 0.039586919105
0 0.820213799806 0.252151462995 0.0213799805637 0.0533562822719
0 0.798833819242 0.160068846816 0.0136054421769 0.0309810671256
0 0.79397473275 0.139414802065 0.0136054421769 0.0275387263339
0 0.869776482021 0.255593803787 0.019436345967 0.0464716006885
0 0.889212827988 0.226333907057 0.0174927113703 0.0430292598967
0 0.916423712342 0.339931153184 0.0213799805637 0.0567986230637
0 0.923226433431 0.284853700516 0.0213799805637 0.0464716006885
0 0.926141885326 0.225473321859 0.0174927113703 0.0413080895009
0 0.879008746356 0.403614457831 0.0398445092323 0.0808950086059
0 0.833333333333 0.356282271945 0.0242954324587 0.0481927710843
