0 0.125212224109 0.531518624642 0.0398981324278 0.0773638968481
0 0.227928692699 0.342406876791 0.0178268251273 0.0372492836676
0 0.255093378608 0.37106017192 0.0195246179966 0.0372492836676
0 0.283955857385 0.318767908309 0.0178268251273 0.0329512893983
0 0.337436332767 0.374641833811 0.0246179966044 0.0501432664756
0 0.286926994907 0.381088825215 0.0237691001698 0.0458452722063
0 0.356960950764 0.330945558739 0.0195246179966 0.0372492836676
0 0.355687606112 0.300859598854 0.018675721562 0.0343839541547
0 0.415534804754 0.332378223496 0.0178268251273 0.0372492836676
0 0.438455008489 0.315186246418 0.0195246179966 0.0372492836676
0 0.411290322581 0.297994269341 0.0161290322581 0.0315186246418
0 0.394736842105 0.265042979943 0.0152801358234 0.0315186246418
0 0.420203735144 0.259312320917 0.0152801358234 0.0343839541547
0 0.432937181664 0.259312320917 0.0169779286927 0.025787965616
0 0.453310696095 0.261461318052 0.0135823429542 0.0300859598854
0 0.466893039049 0.268624641834 0.0152801358234 0.0272206303725
0 0.449915110357 0.350286532951 0.0237691001698 0.0472779369628
0 0.474108658744 0.31446991404 0.0246179966044 0.041547277937
0 0.51103565365 0.333094555874 0.0220713073005 0.0386819484241
0 0.469439728353 0.244269340974 0.0135823429542 0.0272206303725
0 0.510611205433 0.275071633238 0.0195246179966 0.0372492836676
0 0.53013582343 0.276504297994 0.0161290322581 0.0372492836676
0 0.531409168081 0.246418338109 0.0152801358234 0.0315186246418
0 0.561969439728 0.278653295129 0.0169779286927 0.0358166189112
0 0.564091680815 0.22994269341 0.0127334465195 0.0300859598854
0 0.570033955857 0.247851002865 0.0127334465195 0.025787965616
0 0.583616298812 0.253581661891 0.0161290322581 0.0286532951289
0 0.581069609508 0.220630372493 0.0144312393888 0.0229226361032
0 0.609083191851 0.254297994269 0.0127334465195 0.0272206303725
0 0.615874363328 0.230659025788 0.0127334465195 0.025787965616
0 0.622665534805 0.213467048711 0.0127334465195 0.0286532951289
0 0.643039049236 0.207736389685 0.0127334465195 0.0229226361032
0 0.48726655348 0.411891117479 0.0305602716469 0.0587392550143
0 0.547113752122 0.359598853868 0.0246179966044 0.0515759312321
0 0.553904923599 0.405444126074 0.0297113752122 0.054441260745
0 0.603989813243 0.450573065903 0.0314091680815 0.0644699140401
0 0.62181663837 0.363896848138 0.0229202037351 0.0429799426934
0 0.611205432937 0.332378223496 0.0220713073005 0.0458452722063
0 0.644736842105 0.297994269341 0.0212224108659 0.0401146131805
0 0.637521222411 0.257163323782 0.0169779286927 0.0329512893983
0 0.654074702886 0.224212034384 0.0144312393888 0.0329512893983
0 0.679117147708 0.209885386819 0.0152801358234 0.0300859598854
0 0.669779286927 0.377507163324 0.0322580645161 0.0616045845272
0 0.654923599321 0.471346704871 0.0382003395586 0.0716332378223
0 0.659168081494 0.345272206304 0.0212224108659 0.0401146131805
0 0.68505942275 0.280085959885 0.0169779286927 0.0358166189112
0 0.710101867572 0.305157593123 0.0178268251273 0.0372492836676
0 0.721986417657 0.299426934097 0.0178268251273 0.0372492836676
0 0.722410865874 0.252148997135 0.0169779286927 0.0315186246418
0 0.688455008489 0.233524355301 0.0135823429542 0.025787965616
0 0.696519524618 0.221346704871 0.0127334465195 0.0272206303725
0 0.751273344652 0.239255014327 0.0152801358234 0.0286532951289
0 0.759762308998 0.261461318052 0.0152801358234 0.0300859598854
0 0.765280135823 0.230659025788 0.0127334465195 0.0286532951289
0 0.781833616299 0.257163323782 0.0152801358234 0.0329512893983
0 0.797962648557 0.285816618911 0.0169779286927 0.0386819484241
0 0.800084889643 0.242836676218 0.0161290322581 0.0358166189112
0 0.828522920204 0.244985673352 0.0152801358234 0.0372492836676
0 0.833616298812 0.30229226361 0.0203735144312 0.0372492836676
0 0.838285229202 0.271489971347 0.0144312393888 0.0300859598854
0 0.860356536503 0.260744985673 0.0161290322581 0.0343839541547
0 0.879456706282 0.275787965616 0.0152801358234 0.0329512893983
0 0.868845500849 0.323065902579 0.0195246179966 0.0472779369628
0 0.84337860781 0.339541547278 0.0229202037351 0.0429799426934
0 0.705008488964 0.362464183381 0.0229202037351 0.0515759312321
0 0.737691001698 0.404011461318 0.0322580645161 0.054441260745
0 0.718590831919 0.537965616046 0.0449915110357 0.0759312320917
0 0.790322580645 0.432664756447 0.0339558573854 0.0687679083095
0 0.846774193548 0.501432664756 0.0297113752122 0.0687679083095
0 0.861205432937 0.459169054441 0.028013582343 0.0587392550143
0 0.831494057725 0.363180515759 0.0195246179966 0.0472779369628
0 0.877334465195 0.389684813754 0.0263157894737 0.054441260745
0 0.898556876061 0.350286532951 0.0229202037351 0.0444126074499
0 0.912563667233 0.321633237822 0.0169779286927 0.0358166189112
0 0.918081494058 0.283667621777 0.0161290322581 0.0315186246418
0 0.898981324278 0.260744985673 0.0152801358234 0.0315186246418
0 0.942699490662 0.330945558739 0.0229202037351 0.0429799426934
0 0.948641765705 0.370343839542 0.0229202037351 0.0472779369628
0 0.933361629881 0.454154727794 0.0331069609508 0.0659025787966
0 0.95415959253 0.30229226361 0.0152801358234 0.025787965616
0 0.960950764007 0.28223495702 0.0152801358234 0.0286532951289
