0 0.0244131455399 0.377721943049 0.0281690140845 0.0552763819095
0 0.258215962441 0.284757118928 0.0225352112676 0.0335008375209
0 0.299530516432 0.253768844221 0.0206572769953 0.0418760469012
0 0.31220657277 0.22445561139 0.0140845070423 0.0335008375209
0 0.32441314554 0.27135678392 0.0197183098592 0.0402010050251
0 0.341314553991 0.277219430486 0.0215962441315 0.0385259631491
0 0.344131455399 0.232830820771 0.0197183098592 0.036850921273
0 0.370892018779 0.234505862647 0.0206572769953 0.0268006700168
0 0.384507042254 0.201842546064 0.0215962441315 0.0284757118928
0 0.410328638498 0.174204355109 0.0150234741784 0.0234505862647
0 0.42676056338 0.175879396985 0.0197183098592 0.0268006700168
0 0.426291079812 0.210217755444 0.0169014084507 0.0318257956449
0 0.438028169014 0.240368509213 0.0178403755869 0.035175879397
0 0.460563380282 0.235343383585 0.0197183098592 0.0385259631491
0 0.467605633803 0.197654941374 0.018779342723 0.0335008375209
0 0.48544600939 0.210217755444 0.018779342723 0.0318257956449
0 0.455868544601 0.187604690117 0.0197183098592 0.0301507537688
0 0.44882629108 0.143216080402 0.0150234741784 0.0251256281407
0 0.476525821596 0.164154103853 0.0178403755869 0.0335008375209
0 0.486384976526 0.133165829146 0.0131455399061 0.0217755443886
0 0.501877934272 0.149078726968 0.0140845070423 0.0234505862647
0 0.525352112676 0.147403685092 0.0159624413146 0.0301507537688
0 0.533802816901 0.134003350084 0.0140845070423 0.0335008375209
0 0.556338028169 0.113902847571 0.0140845070423 0.0234505862647
0 0.56338028169 0.13149078727 0.0131455399061 0.0251256281407
0 0.592018779343 0.0954773869347 0.01220657277 0.0234505862647
0 0.59014084507 0.133165829146 0.0159624413146 0.035175879397
0 0.615962441315 0.108877721943 0.0150234741784 0.0234505862647
0 0.646009389671 0.102177554439 0.0131455399061 0.0268006700168
0 0.640845070423 0.118090452261 0.0140845070423 0.0251256281407
0 0.672300469484 0.116415410385 0.0169014084507 0.0217755443886
0 0.7 0.0946398659966 0.0140845070423 0.035175879397
0 0.687323943662 0.147403685092 0.018779342723 0.036850921273
0 0.613145539906 0.142378559464 0.0206572769953 0.0335008375209
0 0.567136150235 0.177554438861 0.0206572769953 0.0402010050251
0 0.541314553991 0.19932998325 0.0197183098592 0.0402010050251
0 0.398591549296 0.294807370184 0.0234741784038 0.0435510887772
0 0.479342723005 0.302345058626 0.0272300469484 0.0485762144054
0 0.543661971831 0.291457286432 0.0262910798122 0.0536013400335
0 0.565258215962 0.237855946399 0.0206572769953 0.036850921273
0 0.628169014085 0.192629815745 0.018779342723 0.0335008375209
0 0.653521126761 0.174204355109 0.0169014084507 0.036850921273
0 0.665727699531 0.208542713568 0.0206572769953 0.0385259631491
0 0.611737089202 0.261306532663 0.0215962441315 0.036850921273
0 0.604694835681 0.330820770519 0.0300469483568 0.0519262981575
0 0.660563380282 0.264656616415 0.0234741784038 0.036850921273
0 0.697183098592 0.217755443886 0.0197183098592 0.036850921273
0 0.70985915493 0.138190954774 0.0169014084507 0.0385259631491
0 0.732394366197 0.121440536013 0.0131455399061 0.0318257956449
0 0.753990610329 0.114740368509 0.0131455399061 0.0251256281407
0 0.763849765258 0.128140703518 0.0140845070423 0.035175879397
0 0.780281690141 0.115577889447 0.0131455399061 0.0335008375209
0 0.796244131455 0.128978224456 0.0150234741784 0.0268006700168
0 0.824882629108 0.119765494137 0.0140845070423 0.0284757118928
0 0.832863849765 0.136515912898 0.0150234741784 0.0318257956449
0 0.866666666667 0.124790619765 0.0150234741784 0.0251256281407
0 0.866197183099 0.14824120603 0.0178403755869 0.0318257956449
0 0.896244131455 0.124790619765 0.01220657277 0.0284757118928
0 0.892488262911 0.165829145729 0.0197183098592 0.0301507537688
0 0.930046948357 0.154103852596 0.01220657277 0.0268006700168
0 0.932394366197 0.175041876047 0.0131455399061 0.0251256281407
0 0.926291079812 0.201842546064 0.0159624413146 0.0385259631491
0 0.891549295775 0.201005025126 0.0178403755869 0.0402010050251
0 0.846948356808 0.192629815745 0.0206572769953 0.0402010050251
0 0.855868544601 0.157453936348 0.0159624413146 0.036850921273
0 0.819718309859 0.162479061977 0.0150234741784 0.0335008375209
0 0.802816901408 0.175879396985 0.0206572769953 0.036850921273
0 0.769483568075 0.167504187605 0.0197183098592 0.0268006700168
0 0.733333333333 0.195142378559 0.018779342723 0.035175879397
0 0.731924882629 0.161641541039 0.0159624413146 0.0284757118928
0 0.748356807512 0.14405360134 0.0150234741784 0.0301507537688
0 0.749765258216 0.240368509213 0.0215962441315 0.0552763819095
0 0.817840375587 0.223618090452 0.0206572769953 0.0485762144054
0 0.867605633803 0.231155778894 0.0206572769953 0.0402010050251
0 0.9220657277 0.287269681742 0.0244131455399 0.0452261306533
0 0.786384976526 0.293132328308 0.0234741784038 0.0502512562814
0 0.730985915493 0.278056951424 0.0253521126761 0.0536013400335
0 0.681690140845 0.328308207705 0.0319248826291 0.0536013400335
