0 0.0363805970149 0.384940778342 0.0242537313433 0.0558375634518
0 0.256996268657 0.286802030457 0.0139925373134 0.0253807106599
0 0.282649253731 0.276649746193 0.0149253731343 0.0321489001692
0 0.298507462687 0.273265651438 0.0149253731343 0.0389170896785
0 0.330690298507 0.225042301184 0.0158582089552 0.0338409475465
0 0.347014925373 0.289340101523 0.0186567164179 0.0473773265651
0 0.318563432836 0.283417935702 0.0158582089552 0.0355329949239
0 0.375 0.219966159052 0.0149253731343 0.0338409475465
0 0.424440298507 0.281725888325 0.0205223880597 0.0456852791878
0 0.461753731343 0.241962774958 0.0186567164179 0.0439932318105
0 0.449626865672 0.144670050761 0.0130597014925 0.0253807106599
0 0.411380597015 0.176818950931 0.0130597014925 0.0219966159052
0 0.474347014925 0.148900169205 0.0139925373134 0.0270727580372
0 0.475746268657 0.172588832487 0.0149253731343 0.0304568527919
0 0.487406716418 0.139593908629 0.0121268656716 0.0287648054146
0 0.506996268657 0.194585448393 0.0139925373134 0.0372250423012
0 0.51072761194 0.155668358714 0.0139925373134 0.0304568527919
0 0.53125 0.202199661591 0.0158582089552 0.0321489001692
0 0.551305970149 0.142978003384 0.0149253731343 0.0287648054146
0 0.558302238806 0.111675126904 0.0102611940299 0.0169204737733
0 0.587686567164 0.102368866328 0.0111940298507 0.0321489001692
0 0.599347014925 0.142131979695 0.0121268656716 0.0304568527919
0 0.648787313433 0.0998307952623 0.0102611940299 0.0169204737733
0 0.654384328358 0.125211505922 0.017723880597 0.0270727580372
0 0.486007462687 0.307106598985 0.0223880597015 0.0524534686971
0 0.536847014925 0.321489001692 0.0214552238806 0.0575296108291
0 0.556902985075 0.241116751269 0.0205223880597 0.0456852791878
0 0.607742537313 0.254653130288 0.0251865671642 0.0423011844332
0 0.601679104478 0.349407783418 0.0279850746269 0.0693739424704
0 0.67677238806 0.34179357022 0.0251865671642 0.0642978003384
0 0.628264925373 0.206429780034 0.017723880597 0.0372250423012
0 0.646455223881 0.18358714044 0.0167910447761 0.0389170896785
0 0.659048507463 0.211505922166 0.0139925373134 0.0372250423012
0 0.659514925373 0.270727580372 0.0223880597015 0.0575296108291
0 0.715018656716 0.28510998308 0.0214552238806 0.0524534686971
0 0.780317164179 0.299492385787 0.0195895522388 0.0541455160745
0 0.678171641791 0.155668358714 0.0149253731343 0.0372250423012
0 0.745802238806 0.215736040609 0.017723880597 0.0558375634518
0 0.855876865672 0.128595600677 0.0121268656716 0.0304568527919
0 0.817164179104 0.260575296108 0.0167910447761 0.0473773265651
0 0.868936567164 0.219120135364 0.0195895522388 0.0456852791878
0 0.841884328358 0.19627749577 0.0158582089552 0.0439932318105
0 0.896921641791 0.131133671743 0.0121268656716 0.0287648054146
0 0.890391791045 0.201353637902 0.0139925373134 0.0406091370558
0 0.923507462687 0.212351945854 0.0167910447761 0.0389170896785
0 0.923973880597 0.159898477157 0.0102611940299 0.0253807106599
0 0.918376865672 0.296954314721 0.0214552238806 0.0524534686971
0 0.923507462687 0.185279187817 0.0130597014925 0.0287648054146
0 0.827425373134 0.169204737733 0.0111940298507 0.0338409475465
0 0.805970149254 0.130287648054 0.00932835820896 0.0270727580372
0 0.824160447761 0.146362098139 0.0139925373134 0.0287648054146
0 0.794309701493 0.137055837563 0.0102611940299 0.0304568527919
0 0.775186567164 0.164974619289 0.0149253731343 0.0355329949239
0 0.796641791045 0.171742808799 0.0149253731343 0.0355329949239
0 0.753731343284 0.111675126904 0.00932835820896 0.0270727580372
0 0.763992537313 0.126903553299 0.00932835820896 0.0270727580372
0 0.774720149254 0.126057529611 0.0102611940299 0.0321489001692
0 0.735541044776 0.143824027073 0.017723880597 0.0304568527919
0 0.699160447761 0.190355329949 0.0139925373134 0.0423011844332
0 0.705223880597 0.216582064298 0.0205223880597 0.0507614213198
0 0.732276119403 0.199661590525 0.0167910447761 0.0439932318105
0 0.686100746269 0.109983079526 0.0121268656716 0.0304568527919
0 0.308302238806 0.236886632826 0.0102611940299 0.0236886632826
0 0.404384328358 0.233502538071 0.017723880597 0.0372250423012
0 0.45802238806 0.208121827411 0.0149253731343 0.0304568527919
0 0.520055970149 0.165820642978 0.0102611940299 0.0270727580372
0 0.534981343284 0.168358714044 0.0139925373134 0.0321489001692
0 0.563899253731 0.17089678511 0.017723880597 0.0372250423012
0 0.627332089552 0.0998307952623 0.00839552238806 0.0270727580372
0 0.619402985075 0.116751269036 0.0111940298507 0.0236886632826
