0 0.140151515152 0.300833333333 0.0246212121212 0.045
0 0.189867424242 0.451666666667 0.061553030303 0.13
0 0.285037878788 0.484166666667 0.0587121212121 0.118333333333
0 0.471590909091 0.543333333333 0.0643939393939 0.13
0 0.465909090909 0.4175 0.0511363636364 0.095
0 0.228693181818 0.205 0.0160984848485 0.04
0 0.331912878788 0.174166666667 0.0179924242424 0.0316666666667
0 0.380208333333 0.213333333333 0.0236742424242 0.05
0 0.470170454545 0.221666666667 0.0198863636364 0.0433333333333
0 0.514678030303 0.266666666667 0.0255681818182 0.0566666666667
0 0.391098484848 0.2 0.0208333333333 0.0433333333333
0 0.556818181818 0.114166666667 0.0246212121212 0.045
0 0.576704545455 0.0816666666667 0.0113636363636 0.03
0 0.610321969697 0.1275 0.0179924242424 0.0383333333333
0 0.616477272727 0.0975 0.0151515151515 0.0316666666667
0 0.633049242424 0.120833333333 0.0179924242424 0.045
0 0.660984848485 0.13 0.0246212121212 0.0466666666667
0 0.661458333333 0.0908333333333 0.0160984848485 0.0383333333333
0 0.698390151515 0.135833333333 0.0217803030303 0.0483333333333
0 0.732481060606 0.0566666666667 0.0160984848485 0.0333333333333
