0 0.2395256917 0.265734265734 0.0205533596838 0.0447552447552
0 0.254545454545 0.237062937063 0.0268774703557 0.0461538461538
0 0.286956521739 0.263636363636 0.0189723320158 0.0377622377622
0 0.305928853755 0.272027972028 0.0205533596838 0.0377622377622
0 0.329644268775 0.232167832168 0.0252964426877 0.0475524475524
0 0.352964426877 0.202797202797 0.0260869565217 0.0559440559441
0 0.446245059289 0.186713286713 0.0229249011858 0.0573426573427
0 0.516996047431 0.274125874126 0.0237154150198 0.0587412587413
0 0.582213438735 0.298601398601 0.0260869565217 0.0517482517483
0 0.614624505929 0.326573426573 0.0339920948617 0.0741258741259
