0 0.344827586207 0.542884990253 0.0646551724138 0.130604288499
0 0.328125 0.198830409357 0.020474137931 0.0350877192982
0 0.349676724138 0.196881091618 0.0161637931034 0.0350877192982
0 0.369612068966 0.188109161793 0.0172413793103 0.0292397660819
0 0.412715517241 0.174463937622 0.0172413793103 0.0331384015595
0 0.441271551724 0.176413255361 0.0161637931034 0.0292397660819
0 0.455818965517 0.232943469786 0.0258620689655 0.0331384015595
0 0.466594827586 0.17738791423 0.0150862068966 0.0272904483431
0 0.441810344828 0.151072124756 0.0150862068966 0.0292397660819
0 0.445581896552 0.141325536062 0.0161637931034 0.0253411306043
0 0.474676724138 0.155945419103 0.0140086206897 0.0311890838207
0 0.469288793103 0.144249512671 0.0118534482759 0.0272904483431
0 0.481681034483 0.142300194932 0.0172413793103 0.0233918128655
0 0.502155172414 0.132553606238 0.0150862068966 0.0233918128655
0 0.527478448276 0.126705653021 0.0161637931034 0.0233918128655
0 0.538793103448 0.142300194932 0.0172413793103 0.0311890838207
0 0.491918103448 0.188109161793 0.0161637931034 0.0409356725146
0 0.502155172414 0.189083820663 0.0172413793103 0.0389863547758
0 0.54849137931 0.196881091618 0.0193965517241 0.0389863547758
0 0.569504310345 0.135477582846 0.0161637931034 0.0292397660819
0 0.57974137931 0.126705653021 0.0150862068966 0.0311890838207
0 0.582435344828 0.139376218324 0.0161637931034 0.0292397660819
0 0.587284482759 0.166666666667 0.0193965517241 0.0292397660819
0 0.577047413793 0.184210526316 0.0183189655172 0.037037037037
0 0.623922413793 0.169590643275 0.0193965517241 0.0350877192982
0 0.598599137931 0.135477582846 0.0183189655172 0.0331384015595
0 0.614224137931 0.105263157895 0.0129310344828 0.0272904483431
0 0.628771551724 0.120857699805 0.0140086206897 0.0272904483431
0 0.651400862069 0.137426900585 0.0161637931034 0.0331384015595
0 0.68588362069 0.148148148148 0.0118534482759 0.0233918128655
0 0.689655172414 0.11306042885 0.010775862069 0.0272904483431
0 0.708512931034 0.121832358674 0.00969827586207 0.0292397660819
0 0.726293103448 0.140350877193 0.0129310344828 0.0311890838207
0 0.742456896552 0.146198830409 0.0129310344828 0.0272904483431
0 0.699353448276 0.178362573099 0.0172413793103 0.037037037037
0 0.72036637931 0.180311890838 0.0161637931034 0.0448343079922
0 0.735452586207 0.180311890838 0.0140086206897 0.037037037037
0 0.635775862069 0.210526315789 0.0215517241379 0.0506822612086
0 0.570581896552 0.235867446394 0.0269396551724 0.0506822612086
0 0.666487068966 0.224171539961 0.020474137931 0.0545808966862
0 0.664870689655 0.198830409357 0.0215517241379 0.0428849902534
0 0.71713362069 0.237816764133 0.020474137931 0.0506822612086
0 0.764547413793 0.133528265107 0.0118534482759 0.0253411306043
0 0.780172413793 0.150097465887 0.0150862068966 0.0311890838207
0 0.81088362069 0.155945419103 0.0140086206897 0.0272904483431
0 0.823275862069 0.135477582846 0.0129310344828 0.0253411306043
0 0.824353448276 0.168615984405 0.0150862068966 0.0331384015595
0 0.775323275862 0.181286549708 0.020474137931 0.0389863547758
0 0.809806034483 0.198830409357 0.0183189655172 0.0389863547758
0 0.792564655172 0.168615984405 0.0161637931034 0.0331384015595
0 0.791487068966 0.235867446394 0.0183189655172 0.046783625731
0 0.854525862069 0.194931773879 0.0150862068966 0.0428849902534
0 0.858297413793 0.144249512671 0.0118534482759 0.0272904483431
0 0.887931034483 0.164717348928 0.010775862069 0.0292397660819
0 0.907327586207 0.168615984405 0.0129310344828 0.0331384015595
0 0.945043103448 0.171539961014 0.0150862068966 0.0272904483431
0 0.942349137931 0.206627680312 0.0118534482759 0.0272904483431
0 0.939655172414 0.230019493177 0.0172413793103 0.0350877192982
0 0.896551724138 0.204678362573 0.0129310344828 0.0311890838207
0 0.887931034483 0.230019493177 0.0172413793103 0.0389863547758
0 0.922413793103 0.265107212476 0.0193965517241 0.0428849902534
0 0.875 0.269980506823 0.0215517241379 0.0526315789474
