0 0.268446601942 0.255613126079 0.0106796116505 0.027633851468
0 0.278155339806 0.246977547496 0.00873786407767 0.027633851468
0 0.297087378641 0.262521588946 0.0194174757282 0.0483592400691
0 0.362621359223 0.252158894646 0.0223300970874 0.0587219343696
0 0.391747572816 0.269430051813 0.0184466019417 0.0379965457686
0 0.363106796117 0.197754749568 0.0155339805825 0.0293609671848
0 0.407281553398 0.221934369603 0.0165048543689 0.0328151986183
0 0.445145631068 0.227979274611 0.0184466019417 0.0414507772021
0 0.417475728155 0.162348877375 0.0116504854369 0.0241796200345
0 0.449514563107 0.184801381693 0.0155339805825 0.0345423143351
0 0.466504854369 0.163212435233 0.0165048543689 0.0259067357513
0 0.479126213592 0.186528497409 0.0126213592233 0.0379965457686
0 0.498058252427 0.163212435233 0.0116504854369 0.0328151986183
0 0.516990291262 0.202936096718 0.0184466019417 0.0397236614853
0 0.524757281553 0.166666666667 0.0126213592233 0.0293609671848
0 0.542718446602 0.171848013817 0.0155339805825 0.0328151986183
0 0.531067961165 0.124352331606 0.0116504854369 0.027633851468
0 0.556310679612 0.109671848014 0.0116504854369 0.0224525043178
0 0.56359223301 0.131260794473 0.0126213592233 0.0310880829016
0 0.581067961165 0.169257340242 0.0223300970874 0.0345423143351
0 0.58640776699 0.137305699482 0.0116504854369 0.0293609671848
0 0.602427184466 0.153713298791 0.0145631067961 0.027633851468
0 0.593689320388 0.103626943005 0.0106796116505 0.0241796200345
0 0.615533980583 0.10103626943 0.00970873786408 0.0259067357513
0 0.63932038835 0.102763385147 0.0106796116505 0.0259067357513
0 0.669902912621 0.104490500864 0.0116504854369 0.0259067357513
0 0.700970873786 0.100172711572 0.00970873786408 0.027633851468
0 0.642718446602 0.132124352332 0.0116504854369 0.0259067357513
0 0.493689320388 0.296200345423 0.0281553398058 0.0535405872193
0 0.530582524272 0.329015544041 0.0223300970874 0.0466321243523
0 0.555825242718 0.250431778929 0.0223300970874 0.0414507772021
0 0.607281553398 0.209844559585 0.0203883495146 0.0362694300518
0 0.606796116505 0.264248704663 0.0194174757282 0.0414507772021
0 0.611650485437 0.321243523316 0.0330097087379 0.0656303972366
0 0.655825242718 0.172711571675 0.0184466019417 0.0379965457686
0 0.680582524272 0.153713298791 0.0135922330097 0.0310880829016
0 0.658252427184 0.211571675302 0.0233009708738 0.0397236614853
0 0.674757281553 0.329015544041 0.0252427184466 0.0673575129534
0 0.706796116505 0.26597582038 0.0252427184466 0.0483592400691
0 0.702912621359 0.23402417962 0.0233009708738 0.0293609671848
0 0.705825242718 0.182210708117 0.0155339805825 0.0431778929188
0 0.731067961165 0.185664939551 0.0194174757282 0.0500863557858
0 0.750485436893 0.220207253886 0.0194174757282 0.0535405872193
0 0.761165048544 0.27633851468 0.0291262135922 0.0552677029361
0 0.750970873786 0.330742659758 0.0339805825243 0.0639032815199
0 0.788834951456 0.405872193437 0.0320388349515 0.0759930915371
0 0.77572815534 0.157167530225 0.0155339805825 0.0414507772021
0 0.785922330097 0.212435233161 0.0165048543689 0.0483592400691
0 0.823786407767 0.137305699482 0.0145631067961 0.0293609671848
0 0.837378640777 0.118307426598 0.0106796116505 0.0328151986183
0 0.856796116505 0.141623488774 0.0145631067961 0.027633851468
0 0.871844660194 0.125215889465 0.00970873786408 0.0293609671848
0 0.884466019417 0.149395509499 0.0116504854369 0.0224525043178
0 0.896116504854 0.139896373057 0.0135922330097 0.0310880829016
0 0.919902912621 0.162348877375 0.0126213592233 0.0345423143351
0 0.877669902913 0.1701208981 0.0174757281553 0.0328151986183
0 0.822815533981 0.202936096718 0.0184466019417 0.0500863557858
0 0.872815533981 0.209844559585 0.021359223301 0.0431778929188
0 0.921359223301 0.212435233161 0.0155339805825 0.0379965457686
0 0.805339805825 0.23920552677 0.0223300970874 0.0397236614853
0 0.86213592233 0.253886010363 0.0174757281553 0.0449050086356
0 0.922330097087 0.253886010363 0.0174757281553 0.0414507772021
0 0.839805825243 0.331606217617 0.0252427184466 0.0621761658031
0 0.91213592233 0.295336787565 0.0281553398058 0.0552677029361
0 0.899029126214 0.399827288428 0.0291262135922 0.0777202072539
0 0.829126213592 0.153713298791 0.0155339805825 0.0345423143351
0 0.611165048544 0.133851468048 0.0145631067961 0.0293609671848
0 0.491747572816 0.193436960276 0.0145631067961 0.0345423143351
0 0.38786407767 0.197754749568 0.0126213592233 0.0328151986183
0 0.396601941748 0.199481865285 0.0165048543689 0.0362694300518
