0 0.20790513834 0.440761636107 0.0426877470356 0.0944992947814
0 0.273913043478 0.266572637518 0.0166007905138 0.0366713681241
0 0.30395256917 0.249647390691 0.0134387351779 0.033850493653
0 0.320948616601 0.260930888575 0.0142292490119 0.0394922425952
0 0.330434782609 0.255289139633 0.0173913043478 0.0310296191819
0 0.333596837945 0.219322990127 0.0126482213439 0.0324400564175
0 0.366007905138 0.24682651622 0.0205533596838 0.0423131170663
0 0.3395256917 0.22143864598 0.0150197628458 0.0310296191819
0 0.4 0.256699576869 0.0173913043478 0.0423131170663
0 0.42371541502 0.264456981664 0.0189723320158 0.0437235543018
0 0.391304347826 0.188293370945 0.0126482213439 0.0267983074753
0 0.409090909091 0.172073342736 0.0118577075099 0.0282087447109
0 0.424505928854 0.181946403385 0.0126482213439 0.0366713681241
0 0.440711462451 0.155853314528 0.0118577075099 0.0296191819464
0 0.464031620553 0.160789844852 0.0126482213439 0.0310296191819
0 0.456916996047 0.218617771509 0.0158102766798 0.0366713681241
0 0.477865612648 0.187588152327 0.0134387351779 0.0282087447109
0 0.481027667984 0.227080394922 0.0181818181818 0.0423131170663
0 0.444268774704 0.153737658674 0.00948616600791 0.0253878702398
0 0.49604743083 0.127644569817 0.00869565217391 0.0211565585331
0 0.507114624506 0.184062059238 0.0134387351779 0.0380818053597
0 0.520158102767 0.150211565585 0.0126482213439 0.0296191819464
0 0.485375494071 0.304654442877 0.0205533596838 0.0451339915374
0 0.537944664032 0.308180535966 0.0245059288538 0.0465444287729
0 0.553359683794 0.256699576869 0.0205533596838 0.0535966149506
0 0.547826086957 0.19605077574 0.0158102766798 0.0394922425952
0 0.551778656126 0.165726375176 0.0173913043478 0.0352609308886
0 0.554150197628 0.14245416079 0.0142292490119 0.033850493653
0 0.600395256917 0.111424541608 0.0166007905138 0.0310296191819
0 0.586561264822 0.157968970381 0.0158102766798 0.0310296191819
0 0.624901185771 0.130465444288 0.0134387351779 0.0267983074753
0 0.641501976285 0.115655853315 0.0118577075099 0.0282087447109
0 0.663636363636 0.122002820874 0.0118577075099 0.0324400564175
0 0.653359683794 0.169957686883 0.0166007905138 0.0409026798307
0 0.614229249012 0.207334273625 0.0189723320158 0.0423131170663
0 0.610276679842 0.25317348378 0.0237154150198 0.0521861777151
0 0.652173913043 0.217912552891 0.0189723320158 0.049365303244
0 0.644664031621 0.263751763047 0.0229249011858 0.0564174894217
0 0.683794466403 0.313117066291 0.0252964426877 0.0592383638928
0 0.703162055336 0.280677009873 0.0245059288538 0.0592383638928
0 0.687351778656 0.182651622003 0.0181818181818 0.0409026798307
0 0.703557312253 0.228490832158 0.0221343873518 0.0479548660085
0 0.720553359684 0.150916784203 0.0150197628458 0.0366713681241
0 0.751383399209 0.143864598025 0.0118577075099 0.0310296191819
0 0.764031620553 0.120592383639 0.0134387351779 0.0296191819464
0 0.738735177866 0.193935119887 0.0150197628458 0.0380818053597
0 0.751383399209 0.22778561354 0.0181818181818 0.0437235543018
0 0.759288537549 0.173483779972 0.0102766798419 0.033850493653
0 0.789723320158 0.274330042313 0.0189723320158 0.049365303244
0 0.77628458498 0.345557122708 0.0316205533597 0.0733427362482
0 0.782608695652 0.213681241185 0.0158102766798 0.0352609308886
0 0.80790513834 0.228490832158 0.0189723320158 0.0479548660085
0 0.846640316206 0.313822284908 0.0221343873518 0.0606488011283
0 0.832411067194 0.136812411848 0.0110671936759 0.0282087447109
0 0.874703557312 0.145980253879 0.0118577075099 0.0296191819464
0 0.801581027668 0.135401974612 0.0126482213439 0.0310296191819
0 0.820948616601 0.157968970381 0.0118577075099 0.0366713681241
0 0.838339920949 0.194640338505 0.0150197628458 0.0423131170663
0 0.81976284585 0.20874471086 0.0142292490119 0.0451339915374
0 0.854940711462 0.255994358251 0.0197628458498 0.049365303244
0 0.891304347826 0.251057827927 0.0213438735178 0.0451339915374
0 0.886956521739 0.2023977433 0.0126482213439 0.0324400564175
0 0.873122529644 0.217207334274 0.0181818181818 0.0451339915374
0 0.786561264822 0.158674188999 0.0110671936759 0.0352609308886
0 0.802371541502 0.178420310296 0.0126482213439 0.0324400564175
