0 0.0822550831793 0.533277870216 0.0646950092421 0.128119800333
0 0.261090573013 0.28618968386 0.0212569316081 0.0366056572379
0 0.289279112754 0.270382695507 0.0166358595194 0.044925124792
0 0.301756007394 0.263727121464 0.0194085027726 0.0415973377704
0 0.322550831793 0.277038269551 0.0184842883549 0.0382695507488
0 0.344731977819 0.281198003328 0.0203327171904 0.0366056572379
0 0.400646950092 0.291181364393 0.0249537892791 0.0532445923461
0 0.316081330869 0.225457570715 0.0166358595194 0.0382695507488
0 0.326709796673 0.251247920133 0.0157116451017 0.0299500831947
0 0.347966728281 0.227953410982 0.0194085027726 0.0332778702163
0 0.374306839187 0.234608985025 0.0203327171904 0.0366056572379
0 0.375231053604 0.216306156406 0.0147874306839 0.0299500831947
0 0.377541589649 0.199667221298 0.0120147874307 0.0232945091514
0 0.409426987061 0.228785357737 0.0184842883549 0.0316139767055
0 0.449630314233 0.222129783694 0.0175600739372 0.044925124792
0 0.40988909427 0.175540765391 0.0157116451017 0.0349417637271
0 0.422828096118 0.192179700499 0.0194085027726 0.0249584026622
0 0.462569316081 0.19384359401 0.0157116451017 0.0316139767055
0 0.485674676525 0.193011647255 0.0231053604436 0.0399334442596
0 0.467652495379 0.159733777038 0.0147874306839 0.0299500831947
0 0.448706099815 0.15224625624 0.0157116451017 0.0282861896839
0 0.481053604436 0.138103161398 0.0120147874307 0.026622296173
0 0.531423290203 0.136439267887 0.0203327171904 0.0399334442596
0 0.546672828096 0.157237936772 0.0175600739372 0.0349417637271
0 0.566081330869 0.167221297837 0.0194085027726 0.0382695507488
0 0.580868761553 0.150582362729 0.0157116451017 0.0282861896839
0 0.564695009242 0.109816971714 0.0166358595194 0.026622296173
0 0.585027726433 0.0998336106489 0.0147874306839 0.0299500831947
0 0.590573012939 0.118136439268 0.0129390018484 0.026622296173
0 0.587338262477 0.133943427621 0.0138632162662 0.0316139767055
0 0.617375231054 0.115640599002 0.0166358595194 0.0282861896839
0 0.621072088725 0.0965058236273 0.0147874306839 0.0299500831947
0 0.636321626617 0.125623960067 0.0157116451017 0.0316139767055
0 0.649260628466 0.100665557404 0.0175600739372 0.0316139767055
0 0.685304990758 0.103993344426 0.0138632162662 0.0349417637271
0 0.665896487985 0.123960066556 0.0120147874307 0.0249584026622
0 0.624768946396 0.150582362729 0.0184842883549 0.0349417637271
0 0.533271719039 0.205490848586 0.0221811460259 0.044925124792
0 0.491219963031 0.230449251248 0.0249537892791 0.044925124792
0 0.489833641405 0.311148086522 0.0314232902033 0.0698835274542
0 0.55314232902 0.318635607321 0.0323475046211 0.0615640599002
0 0.604436229205 0.331114808652 0.0332717190388 0.0665557404326
0 0.672828096118 0.342762063228 0.0369685767098 0.0698835274542
0 0.563308687616 0.245424292845 0.0231053604436 0.0482529118136
0 0.603049907579 0.261231281198 0.0268022181146 0.0565723793677
0 0.599815157116 0.199667221298 0.0203327171904 0.0432612312812
0 0.641404805915 0.182196339434 0.0240295748614 0.0482529118136
0 0.658964879852 0.261231281198 0.0240295748614 0.0565723793677
0 0.658502772643 0.207986688852 0.0231053604436 0.0465890183028
0 0.695933456562 0.226289517471 0.0240295748614 0.0532445923461
0 0.707948243993 0.290349417637 0.0277264325323 0.0515806988353
0 0.776340110906 0.290349417637 0.0295748613678 0.0648918469218
0 0.748613678373 0.227953410982 0.0258780036969 0.0698835274542
0 0.740295748614 0.18302828619 0.0258780036969 0.0465890183028
0 0.711182994455 0.185524126456 0.0194085027726 0.0515806988353
0 0.683918669131 0.159733777038 0.0258780036969 0.0499168053245
0 0.720425138632 0.143926788686 0.0212569316081 0.0415973377704
0 0.734750462107 0.125623960067 0.0166358595194 0.0349417637271
0 0.743992606285 0.126455906822 0.0147874306839 0.0332778702163
0 0.766173752311 0.128119800333 0.0147874306839 0.0332778702163
0 0.773567467652 0.12146422629 0.0147874306839 0.0332778702163
0 0.790665434381 0.137271214642 0.0138632162662 0.0349417637271
0 0.797134935305 0.176372712146 0.0268022181146 0.0499168053245
0 0.757393715342 0.161397670549 0.0175600739372 0.0332778702163
0 0.810536044362 0.24459234609 0.0277264325323 0.0499168053245
0 0.820240295749 0.168885191348 0.0175600739372 0.0382695507488
0 0.810073937153 0.131447587354 0.0157116451017 0.0332778702163
0 0.829944547135 0.149750415973 0.0166358595194 0.0366056572379
0 0.844731977819 0.186356073211 0.0184842883549 0.0399334442596
0 0.8646025878 0.226289517471 0.0231053604436 0.0532445923461
0 0.922365988909 0.289517470882 0.0295748613678 0.063227953411
0 0.881700554529 0.196339434276 0.0203327171904 0.0432612312812
0 0.860443622921 0.161397670549 0.0166358595194 0.0299500831947
0 0.866451016636 0.128951747088 0.0157116451017 0.0349417637271
0 0.892329020333 0.13227953411 0.0120147874307 0.0349417637271
0 0.890942698706 0.171381031614 0.0166358595194 0.0432612312812
0 0.918669131238 0.208818635607 0.0184842883549 0.0415973377704
0 0.921441774492 0.182196339434 0.0147874306839 0.0282861896839
0 0.919131238447 0.157237936772 0.0138632162662 0.0249584026622
