0 0.112343297975 0.277969018933 0.0183220829315 0.0361445783133
0 0.340405014465 0.214285714286 0.0154291224687 0.0327022375215
0 0.402603664417 0.246987951807 0.0183220829315 0.0430292598967
0 0.418514946962 0.216006884682 0.0154291224687 0.0327022375215
0 0.442140790743 0.211703958692 0.0202507232401 0.0447504302926
0 0.502410800386 0.216006884682 0.0250723240116 0.039586919105
0 0.512536162006 0.188468158348 0.0183220829315 0.039586919105
0 0.536644165863 0.193631669535 0.0183220829315 0.039586919105
0 0.587753134041 0.166092943201 0.0221793635487 0.0361445783133
0 0.627290260366 0.123924268503 0.0125361620058 0.0309810671256
0 0.637415621986 0.256454388985 0.0250723240116 0.0481927710843
0 0.662970106075 0.190189328744 0.0183220829315 0.0464716006885
0 0.702507232401 0.192771084337 0.0183220829315 0.0378657487091
0 0.719382835101 0.29604130809 0.0308582449373 0.0688468158348
0 0.840405014465 0.332185886403 0.0221793635487 0.0688468158348
0 0.865477338476 0.285714285714 0.0202507232401 0.0550774526678
0 0.833654773385 0.228055077453 0.0183220829315 0.0499139414802
0 0.841369334619 0.201376936317 0.0183220829315 0.0344234079174
0 0.887174541948 0.225473321859 0.0192864030858 0.0447504302926
0 0.941176470588 0.240103270224 0.0173577627772 0.039586919105
0 0.927193828351 0.290877796902 0.0183220829315 0.0413080895009
