0 0.413568773234 0.214405360134 0.0185873605948 0.0435510887772
0 0.540892193309 0.183417085427 0.0278810408922 0.0519262981575
0 0.582713754647 0.232830820771 0.0260223048327 0.0469011725293
0 0.625 0.128978224456 0.0157992565056 0.0301507537688
0 0.639869888476 0.134840871022 0.0157992565056 0.035175879397
0 0.650092936803 0.120603015075 0.0139405204461 0.036850921273
0 0.75092936803 0.13567839196 0.0167286245353 0.0402010050251
0 0.76905204461 0.141541038526 0.0139405204461 0.0385259631491
0 0.868959107807 0.191792294807 0.0167286245353 0.0385259631491
0 0.890334572491 0.248743718593 0.0204460966543 0.0485762144054
0 0.89219330855 0.213567839196 0.0167286245353 0.035175879397
0 0.916356877323 0.247068676717 0.0204460966543 0.0485762144054
