0 0.220047923323 0.424964936886 0.0519169329073 0.0981767180926
0 0.270367412141 0.258064516129 0.0183706070288 0.0364656381487
0 0.286341853035 0.25175315568 0.0167731629393 0.0378681626928
0 0.316693290735 0.253155680224 0.0167731629393 0.0406732117812
0 0.326677316294 0.275596072931 0.0255591054313 0.0462833099579
0 0.330670926518 0.215287517532 0.0191693290735 0.0434782608696
0 0.398162939297 0.249649368864 0.0199680511182 0.0448807854137
0 0.415335463259 0.262973352034 0.0239616613419 0.0462833099579
0 0.395766773163 0.188639551192 0.0199680511182 0.0350631136045
0 0.406549520767 0.170406732118 0.0127795527157 0.0238429172511
0 0.422124600639 0.175315568022 0.0167731629393 0.0364656381487
0 0.431709265176 0.156381486676 0.0183706070288 0.0294530154278
0 0.455670926518 0.211079943899 0.0199680511182 0.0350631136045
0 0.457268370607 0.183029453015 0.0167731629393 0.0294530154278
0 0.459664536741 0.157082748948 0.0167731629393 0.0252454417952
0 0.477236421725 0.216690042076 0.0215654952077 0.0406732117812
0 0.50838658147 0.178120617111 0.0167731629393 0.0364656381487
0 0.488418530351 0.131837307153 0.0135782747604 0.0224403927069
0 0.520766773163 0.118513323983 0.0127795527157 0.0294530154278
0 0.531549520767 0.130434782609 0.0135782747604 0.0224403927069
0 0.537939297125 0.160589060309 0.0151757188498 0.0322580645161
0 0.544728434505 0.18793828892 0.017571884984 0.0336605890603
0 0.55071884984 0.140252454418 0.0135782747604 0.0336605890603
0 0.572284345048 0.159887798036 0.0167731629393 0.039270687237
0 0.583466453674 0.148667601683 0.0167731629393 0.0336605890603
0 0.597444089457 0.100280504909 0.0143769968051 0.0238429172511
0 0.605830670927 0.0904628330996 0.0135782747604 0.0266479663394
0 0.611821086262 0.12412342216 0.017571884984 0.0266479663394
0 0.620607028754 0.142356241234 0.017571884984 0.0294530154278
0 0.646166134185 0.113604488079 0.0143769968051 0.0280504908836
0 0.666932907348 0.123422159888 0.0191693290735 0.0308555399719
0 0.613817891374 0.202664796634 0.0231629392971 0.0378681626928
0 0.643769968051 0.175315568022 0.0207667731629 0.0448807854137
0 0.650159744409 0.223702664797 0.0239616613419 0.0490883590463
0 0.654552715655 0.255259467041 0.0279552715655 0.0504908835905
0 0.662539936102 0.301542776999 0.0311501597444 0.0589060308555
0 0.496405750799 0.29523141655 0.0311501597444 0.0518934081346
0 0.535143769968 0.309957924264 0.0287539936102 0.0617110799439
0 0.565495207668 0.244039270687 0.0239616613419 0.0476858345021
0 0.616214057508 0.248948106592 0.026357827476 0.0575035063114
0 0.692092651757 0.18793828892 0.0199680511182 0.039270687237
0 0.686102236422 0.159887798036 0.017571884984 0.0280504908836
0 0.72124600639 0.148667601683 0.0143769968051 0.0336605890603
0 0.740415335463 0.143057503506 0.0159744408946 0.0224403927069
0 0.762779552716 0.126928471248 0.0143769968051 0.0294530154278
0 0.761182108626 0.171809256662 0.017571884984 0.0350631136045
0 0.745207667732 0.180224403927 0.017571884984 0.0350631136045
0 0.753993610224 0.22159887798 0.0207667731629 0.0420757363254
0 0.705670926518 0.222300140252 0.0231629392971 0.0462833099579
0 0.702875399361 0.276998597475 0.0255591054313 0.0575035063114
0 0.742012779553 0.358345021038 0.0351437699681 0.0687237026648
0 0.805111821086 0.291023842917 0.0319488817891 0.0603085553997
0 0.813099041534 0.251051893408 0.0255591054313 0.0504908835905
0 0.782747603834 0.208976157083 0.0207667731629 0.039270687237
0 0.796325878594 0.152875175316 0.0159744408946 0.0336605890603
0 0.800319488818 0.132538569425 0.0143769968051 0.0294530154278
0 0.826277955272 0.149368863955 0.0151757188498 0.0322580645161
0 0.848642172524 0.141654978962 0.0135782747604 0.0308555399719
0 0.854632587859 0.304347826087 0.0271565495208 0.0589060308555
0 0.864217252396 0.253155680224 0.0191693290735 0.0575035063114
0 0.833865814696 0.219495091164 0.017571884984 0.0378681626928
0 0.837460063898 0.180925666199 0.0151757188498 0.0364656381487
0 0.884185303514 0.23141654979 0.0207667731629 0.0420757363254
0 0.883785942492 0.188639551192 0.0151757188498 0.0434782608696
0 0.915734824281 0.26507713885 0.0199680511182 0.0476858345021
0 0.877795527157 0.143057503506 0.0127795527157 0.0308555399719
