0 0.261216350947 0.376114081996 0.0438683948156 0.0998217468806
0 0.283150548355 0.227272727273 0.0179461615155 0.0409982174688
0 0.309072781655 0.23440285205 0.0199401794616 0.0409982174688
0 0.312562313061 0.219251336898 0.0189431704885 0.0320855614973
0 0.360418743769 0.26559714795 0.024925224327 0.0427807486631
0 0.36739780658 0.225490196078 0.0209371884347 0.0409982174688
0 0.3703888335 0.186274509804 0.0189431704885 0.0374331550802
0 0.402791625125 0.227272727273 0.0199401794616 0.0409982174688
0 0.413758723829 0.212121212121 0.0159521435693 0.0320855614973
0 0.412263210369 0.254901960784 0.024925224327 0.0463458110517
0 0.466600199402 0.210338680927 0.0199401794616 0.0463458110517
0 0.475074775673 0.189839572193 0.0189431704885 0.0374331550802
0 0.46111665005 0.156862745098 0.0149551345962 0.0356506238859
0 0.460119641077 0.144385026738 0.0169491525424 0.0249554367201
0 0.422731804586 0.155080213904 0.0179461615155 0.0285204991087
0 0.479062811565 0.131907308378 0.0109670987039 0.0285204991087
0 0.490029910269 0.135472370766 0.0149551345962 0.0249554367201
0 0.493519441675 0.162210338681 0.0159521435693 0.0320855614973
0 0.522432701894 0.166666666667 0.0179461615155 0.0409982174688
0 0.502492522433 0.125668449198 0.0139581256231 0.030303030303
0 0.517946161515 0.133689839572 0.01296111665 0.0285204991087
0 0.530408773679 0.136363636364 0.0139581256231 0.0267379679144
0 0.553838484546 0.134581105169 0.0109670987039 0.0267379679144
0 0.564307078764 0.180035650624 0.0239282153539 0.0499108734403
0 0.578763708873 0.139928698752 0.0189431704885 0.0338680926916
0 0.587736789631 0.121212121212 0.0149551345962 0.0213903743316
0 0.601196410768 0.149732620321 0.0199401794616 0.0356506238859
0 0.636590229312 0.156862745098 0.0169491525424 0.0285204991087
0 0.632103688933 0.132798573975 0.0179461615155 0.030303030303
0 0.617647058824 0.112299465241 0.0109670987039 0.0320855614973
0 0.604187437687 0.0695187165775 0.0139581256231 0.0285204991087
0 0.639082751745 0.0614973262032 0.0139581256231 0.0267379679144
0 0.666999002991 0.0641711229947 0.011964107677 0.0285204991087
0 0.681455633101 0.0606060606061 0.0109670987039 0.0320855614973
0 0.648055832502 0.120320855615 0.0139581256231 0.030303030303
0 0.594715852443 0.21568627451 0.024925224327 0.0463458110517
0 0.621136590229 0.264705882353 0.0279162512463 0.048128342246
0 0.625623130608 0.207664884135 0.024925224327 0.048128342246
0 0.667996011964 0.229055258467 0.0219341974078 0.0516934046346
0 0.700897308076 0.174688057041 0.0179461615155 0.0392156862745
0 0.719341974078 0.180035650624 0.0229312063809 0.0499108734403
0 0.739282153539 0.173796791444 0.0169491525424 0.048128342246
0 0.732801595214 0.141711229947 0.0139581256231 0.0267379679144
0 0.742771684945 0.233511586453 0.0239282153539 0.0499108734403
0 0.768693918245 0.238859180036 0.0259222333001 0.0499108734403
0 0.77816550349 0.30926916221 0.0289132602193 0.0659536541889
0 0.914755732802 0.332442067736 0.024925224327 0.0588235294118
0 0.799102691924 0.201426024955 0.0209371884347 0.0463458110517
0 0.765204386839 0.19073083779 0.0169491525424 0.0463458110517
0 0.751744765703 0.122994652406 0.0159521435693 0.0320855614973
0 0.767696909272 0.119429590018 0.0159521435693 0.0320855614973
0 0.784147557328 0.134581105169 0.0169491525424 0.0409982174688
0 0.793619142572 0.160427807487 0.0139581256231 0.0320855614973
0 0.807078763709 0.128342245989 0.0149551345962 0.0356506238859
0 0.823529411765 0.133689839572 0.0139581256231 0.0320855614973
0 0.829012961117 0.176470588235 0.0209371884347 0.0392156862745
0 0.842472582253 0.145276292335 0.0139581256231 0.0338680926916
0 0.85443668993 0.139928698752 0.011964107677 0.0338680926916
0 0.86739780658 0.170231729055 0.0159521435693 0.0409982174688
0 0.857427716849 0.208556149733 0.0179461615155 0.0463458110517
0 0.843968095713 0.231729055258 0.0169491525424 0.0570409982175
0 0.888334995015 0.233511586453 0.0199401794616 0.0427807486631
0 0.8963110668 0.206773618538 0.0139581256231 0.0392156862745
0 0.880857427717 0.161319073084 0.01296111665 0.0374331550802
0 0.901296111665 0.174688057041 0.0139581256231 0.0356506238859
0 0.911266201396 0.180035650624 0.0139581256231 0.0356506238859
0 0.918743768694 0.152406417112 0.0149551345962 0.0374331550802
0 0.933200398804 0.202317290553 0.0179461615155 0.0374331550802
0 0.940179461615 0.173796791444 0.011964107677 0.030303030303
0 0.923728813559 0.256684491979 0.0229312063809 0.0499108734403
0 0.920239282154 0.206773618538 0.0179461615155 0.0427807486631
