0 0.209783631232 0.230392156863 0.0169332079022 0.0326797385621
0 0.357008466604 0.297385620915 0.0235183443086 0.0326797385621
0 0.398400752587 0.291666666667 0.0216368767639 0.0441176470588
0 0.367826904986 0.195261437908 0.0225776105362 0.0343137254902
0 0.395108184384 0.180555555556 0.0188146754468 0.0343137254902
0 0.410159924741 0.196895424837 0.0225776105362 0.0375816993464
0 0.452963311383 0.178104575163 0.0159924741298 0.0294117647059
0 0.463781749765 0.228758169935 0.0206961429915 0.0326797385621
0 0.480244590781 0.180555555556 0.0141110065851 0.0375816993464
0 0.495766698024 0.200980392157 0.0188146754468 0.0359477124183
0 0.492944496707 0.234477124183 0.0206961429915 0.0408496732026
0 0.578080903104 0.135620915033 0.0141110065851 0.0294117647059
0 0.49388523048 0.302287581699 0.0282220131703 0.0490196078431
0 0.614769520226 0.263888888889 0.0272812793979 0.0408496732026
0 0.717309501411 0.191993464052 0.0197554092192 0.0408496732026
0 0.864063969897 0.0743464052288 0.0159924741298 0.0277777777778
0 0.769990592662 0.21977124183 0.0216368767639 0.047385620915
0 0.409219190969 0.224673202614 0.0225776105362 0.0343137254902
