0 0.161073825503 0.44343575419 0.0453020134228 0.0796089385475
0 0.234479865772 0.326117318436 0.0159395973154 0.0349162011173
0 0.263003355705 0.33030726257 0.0209731543624 0.0405027932961
0 0.291526845638 0.296787709497 0.0159395973154 0.0349162011173
0 0.297399328859 0.349162011173 0.0209731543624 0.0418994413408
0 0.346476510067 0.349860335196 0.0234899328859 0.0488826815642
0 0.36283557047 0.317737430168 0.0176174496644 0.0349162011173
0 0.363255033557 0.280726256983 0.0151006711409 0.036312849162
0 0.415687919463 0.322625698324 0.0209731543624 0.036312849162
0 0.393036912752 0.326815642458 0.0176174496644 0.036312849162
0 0.452600671141 0.32751396648 0.0226510067114 0.0377094972067
0 0.444630872483 0.295391061453 0.0201342281879 0.0405027932961
0 0.417785234899 0.284916201117 0.0184563758389 0.0307262569832
0 0.416946308725 0.26187150838 0.0151006711409 0.0293296089385
0 0.40394295302 0.247206703911 0.0159395973154 0.0335195530726
0 0.434144295302 0.250698324022 0.0142617449664 0.0293296089385
0 0.446728187919 0.260474860335 0.0159395973154 0.0293296089385
0 0.481963087248 0.290502793296 0.0209731543624 0.0335195530726
0 0.47860738255 0.257681564246 0.0159395973154 0.0321229050279
0 0.472315436242 0.235335195531 0.0151006711409 0.0293296089385
0 0.479026845638 0.22905027933 0.0151006711409 0.0251396648045
0 0.506711409396 0.258379888268 0.0167785234899 0.0307262569832
0 0.526845637584 0.268156424581 0.0184563758389 0.0335195530726
0 0.511325503356 0.303770949721 0.0209731543624 0.0432960893855
0 0.528523489933 0.231145251397 0.0184563758389 0.0377094972067
0 0.548238255034 0.241620111732 0.0159395973154 0.036312849162
0 0.581375838926 0.208100558659 0.0167785234899 0.0279329608939
0 0.583473154362 0.263268156425 0.0192953020134 0.0432960893855
0 0.584312080537 0.233240223464 0.0159395973154 0.0335195530726
0 0.617030201342 0.240921787709 0.0159395973154 0.0293296089385
0 0.617030201342 0.21438547486 0.0142617449664 0.0265363128492
0 0.623741610738 0.196229050279 0.0159395973154 0.0321229050279
0 0.638842281879 0.210195530726 0.0142617449664 0.0265363128492
0 0.653104026846 0.238826815642 0.0159395973154 0.0251396648045
0 0.6875 0.219972067039 0.0176174496644 0.0237430167598
0 0.681627516779 0.201815642458 0.0125838926174 0.0265363128492
0 0.700083892617 0.215782122905 0.0176174496644 0.0321229050279
0 0.717281879195 0.23812849162 0.0167785234899 0.0321229050279
0 0.681627516779 0.267458100559 0.0192953020134 0.0349162011173
0 0.646812080537 0.298882681564 0.0234899328859 0.0446927374302
0 0.61283557047 0.31843575419 0.0260067114094 0.0446927374302
0 0.55033557047 0.364525139665 0.0268456375839 0.0502793296089
0 0.554530201342 0.391061452514 0.0318791946309 0.0530726256983
0 0.51677852349 0.368016759777 0.0318791946309 0.0600558659218
0 0.59144295302 0.402932960894 0.0318791946309 0.0516759776536
0 0.625419463087 0.409217877095 0.0360738255034 0.0586592178771
0 0.660234899329 0.337988826816 0.0251677852349 0.0502793296089
0 0.679530201342 0.357541899441 0.0302013422819 0.0642458100559
0 0.701761744966 0.335893854749 0.0260067114094 0.0488826815642
0 0.674077181208 0.430865921788 0.0360738255034 0.0572625698324
0 0.72105704698 0.495111731844 0.0444630872483 0.0796089385475
0 0.754194630872 0.394553072626 0.0285234899329 0.0628491620112
0 0.735318791946 0.273044692737 0.0176174496644 0.0349162011173
0 0.748322147651 0.240223463687 0.0151006711409 0.036312849162
0 0.757969798658 0.213687150838 0.0142617449664 0.0251396648045
0 0.76216442953 0.257681564246 0.0176174496644 0.0321229050279
0 0.779362416107 0.242318435754 0.0151006711409 0.0293296089385
0 0.781459731544 0.271648044693 0.0176174496644 0.0349162011173
0 0.797818791946 0.259078212291 0.0151006711409 0.0377094972067
0 0.798238255034 0.22625698324 0.0176174496644 0.036312849162
0 0.827600671141 0.233938547486 0.0176174496644 0.0349162011173
0 0.829697986577 0.266759776536 0.0184563758389 0.0307262569832
0 0.828439597315 0.296787709497 0.0176174496644 0.0405027932961
0 0.82466442953 0.349162011173 0.0234899328859 0.0446927374302
0 0.806627516779 0.402234636872 0.0276845637584 0.0530726256983
0 0.819630872483 0.479748603352 0.0402684563758 0.0628491620112
0 0.861157718121 0.432262569832 0.0343959731544 0.0572625698324
0 0.873322147651 0.397346368715 0.0285234899329 0.0572625698324
0 0.882130872483 0.32751396648 0.0226510067114 0.0432960893855
0 0.86744966443 0.29469273743 0.0184563758389 0.036312849162
0 0.874580536913 0.263268156425 0.0159395973154 0.0349162011173
0 0.857802013423 0.247206703911 0.0176174496644 0.036312849162
0 0.888003355705 0.245111731844 0.0176174496644 0.0321229050279
0 0.914010067114 0.275139664804 0.0176174496644 0.036312849162
0 0.905620805369 0.307960893855 0.0192953020134 0.0349162011173
0 0.928691275168 0.378491620112 0.0218120805369 0.0474860335196
0 0.926174496644 0.450418994413 0.0318791946309 0.0600558659218
0 0.945469798658 0.33938547486 0.0167785234899 0.036312849162
0 0.944630872483 0.315642458101 0.0167785234899 0.0279329608939
0 0.952600671141 0.298184357542 0.0142617449664 0.0321229050279
0 0.953859060403 0.27374301676 0.0167785234899 0.0307262569832
