0 0.131239935588 0.544506258693 0.0434782608696 0.0792767732962
0 0.216183574879 0.354659248957 0.0185185185185 0.0333796940195
0 0.262479871176 0.3421418637 0.0209339774557 0.0445062586926
0 0.290257648953 0.349791376912 0.0201288244767 0.0431154381085
0 0.281400966184 0.314325452017 0.0201288244767 0.0333796940195
0 0.316425120773 0.386648122392 0.024154589372 0.0472878998609
0 0.317230273752 0.326147426982 0.0225442834138 0.0347705146036
0 0.345410628019 0.334492350487 0.0193236714976 0.0319888734353
0 0.352657004831 0.29207232267 0.0177133655395 0.0333796940195
0 0.407004830918 0.335187760779 0.0233494363929 0.0389429763561
0 0.403381642512 0.296244784423 0.0209339774557 0.0361613351878
0 0.392512077295 0.254520166898 0.0152979066023 0.0305980528512
0 0.411433172303 0.262169680111 0.0144927536232 0.029207232267
0 0.429549114332 0.276077885953 0.0185185185185 0.0319888734353
0 0.436392914654 0.302503477051 0.0209339774557 0.0347705146036
0 0.467391304348 0.333101529903 0.0233494363929 0.0431154381085
0 0.498792270531 0.327538247566 0.0233494363929 0.0431154381085
0 0.434782608696 0.241307371349 0.0144927536232 0.0264255910987
0 0.445652173913 0.253824756606 0.0152979066023 0.0319888734353
0 0.456119162641 0.275382475661 0.0152979066023 0.0278164116829
0 0.464573268921 0.234353268428 0.0144927536232 0.0264255910987
0 0.49959742351 0.269819193324 0.0169082125604 0.0278164116829
0 0.50885668277 0.243393602225 0.0161030595813 0.0278164116829
0 0.518921095008 0.276773296245 0.0169082125604 0.0305980528512
0 0.531803542673 0.253824756606 0.0169082125604 0.0375521557719
0 0.548309178744 0.283727399166 0.0161030595813 0.0361613351878
0 0.560789049919 0.262865090403 0.0169082125604 0.0333796940195
0 0.548309178744 0.224617524339 0.0128824476651 0.0319888734353
0 0.567230273752 0.235744089013 0.0152979066023 0.029207232267
0 0.564412238325 0.210709318498 0.0112721417069 0.0264255910987
0 0.600644122383 0.237830319889 0.0144927536232 0.0333796940195
0 0.59500805153 0.203755215577 0.0128824476651 0.029207232267
0 0.619565217391 0.206536856745 0.0152979066023 0.029207232267
0 0.63768115942 0.248956884562 0.0177133655395 0.0278164116829
0 0.648953301127 0.233657858136 0.0161030595813 0.0305980528512
0 0.647745571659 0.210013908206 0.0152979066023 0.0250347705146
0 0.671095008052 0.221835883171 0.0152979066023 0.0319888734353
0 0.45732689211 0.409596662031 0.0305958132045 0.0653685674548
0 0.497584541063 0.467315716273 0.0338164251208 0.0639777468707
0 0.528985507246 0.359527121001 0.024154589372 0.0542420027816
0 0.589371980676 0.36926286509 0.0273752012882 0.0542420027816
0 0.592592592593 0.324061196106 0.0225442834138 0.0445062586926
0 0.636473429952 0.347705146036 0.0217391304348 0.0556328233658
0 0.626811594203 0.306675938804 0.0201288244767 0.0403337969402
0 0.650563607085 0.367872044506 0.0289855072464 0.0598052851182
0 0.680354267311 0.354659248957 0.0209339774557 0.0472878998609
0 0.632045088567 0.479137691238 0.037037037037 0.076495132128
0 0.578099838969 0.438803894298 0.0354267310789 0.0709318497914
0 0.687198067633 0.482614742698 0.0378421900161 0.086230876217
0 0.730273752013 0.394297635605 0.0305958132045 0.0570236439499
0 0.766505636071 0.442280945758 0.0289855072464 0.0611961057024
0 0.795893719807 0.533379694019 0.0394524959742 0.0792767732962
0 0.83615136876 0.462447844228 0.0330112721417 0.0570236439499
0 0.844202898551 0.397774687065 0.0265700483092 0.0584144645341
0 0.795893719807 0.358831710709 0.0281803542673 0.0556328233658
0 0.696054750403 0.295549374131 0.0201288244767 0.0403337969402
0 0.674315619968 0.313630041725 0.0201288244767 0.0431154381085
0 0.661835748792 0.280945757997 0.0193236714976 0.0389429763561
0 0.69847020934 0.245479833102 0.0169082125604 0.0375521557719
0 0.724637681159 0.257301808067 0.0177133655395 0.0361613351878
0 0.731078904992 0.238525730181 0.0161030595813 0.0319888734353
0 0.757246376812 0.261474269819 0.0185185185185 0.0222531293463
0 0.745974235105 0.292767732962 0.0201288244767 0.0375521557719
0 0.762479871176 0.289290681502 0.0161030595813 0.0333796940195
0 0.771336553945 0.238525730181 0.0128824476651 0.0319888734353
0 0.800724637681 0.243393602225 0.0152979066023 0.0305980528512
0 0.805958132045 0.296940194715 0.0177133655395 0.0375521557719
0 0.831320450886 0.316411682893 0.0169082125604 0.0431154381085
0 0.84460547504 0.309457579972 0.0161030595813 0.0403337969402
0 0.839371980676 0.269819193324 0.0136876006441 0.0305980528512
0 0.831320450886 0.256606397775 0.0136876006441 0.029207232267
0 0.860708534622 0.255910987483 0.0144927536232 0.0361613351878
0 0.885265700483 0.275382475661 0.0169082125604 0.0361613351878
0 0.882045088567 0.333796940195 0.0201288244767 0.0389429763561
0 0.861513687601 0.374826147427 0.0209339774557 0.0431154381085
0 0.909017713366 0.399860917942 0.0257648953301 0.0570236439499
0 0.911433172303 0.456189151599 0.0338164251208 0.0639777468707
0 0.91344605475 0.343532684284 0.0169082125604 0.0445062586926
0 0.920692431562 0.320584144645 0.0136876006441 0.029207232267
0 0.923913043478 0.298331015299 0.0136876006441 0.029207232267
0 0.920692431562 0.267732962448 0.0152979066023 0.0347705146036
