0 0.0668912415784 0.402337228715 0.0298363811357 0.0601001669449
0 0.288739172281 0.238731218698 0.0153994225217 0.0300500834725
0 0.29499518768 0.267946577629 0.0163618864293 0.0283806343907
0 0.309432146295 0.266277128548 0.0182868142445 0.0383973288815
0 0.341193455245 0.262938230384 0.0182868142445 0.0383973288815
0 0.365255052936 0.25959933222 0.0202117420597 0.0417362270451
0 0.402309913378 0.262938230384 0.0192492781521 0.0417362270451
0 0.416746871992 0.272954924875 0.0269489894129 0.0517529215359
0 0.340230991338 0.219532554257 0.0163618864293 0.0283806343907
0 0.363811357074 0.213689482471 0.0153994225217 0.0333889816361
0 0.370067372474 0.228714524207 0.0163618864293 0.0333889816361
0 0.409528392685 0.217863105175 0.0144369586141 0.0350584307179
0 0.467757459095 0.228714524207 0.0192492781521 0.0400667779633
0 0.48604427334 0.235392320534 0.0211742059673 0.0434056761269
0 0.398460057748 0.191986644407 0.0134744947064 0.0333889816361
0 0.403272377286 0.190317195326 0.0134744947064 0.0267111853088
0 0.429258902791 0.188647746244 0.0134744947064 0.0267111853088
0 0.466313763234 0.195325542571 0.0144369586141 0.0367278797997
0 0.49615014437 0.198664440735 0.0144369586141 0.0400667779633
0 0.484119345525 0.16694490818 0.0134744947064 0.0333889816361
0 0.477863330125 0.14774624374 0.0125120307988 0.025041736227
0 0.499518768046 0.136894824708 0.0115495668912 0.0267111853088
0 0.507218479307 0.166110183639 0.0153994225217 0.0283806343907
0 0.529836381136 0.191986644407 0.0163618864293 0.0400667779633
0 0.545717035611 0.202003338898 0.0192492781521 0.0400667779633
0 0.534648700674 0.172787979967 0.0163618864293 0.025041736227
0 0.577478344562 0.154424040067 0.0173243503369 0.025041736227
0 0.585659287777 0.169449081803 0.0163618864293 0.0350584307179
0 0.584215591915 0.124373956594 0.0134744947064 0.0283806343907
0 0.607795957652 0.126878130217 0.0125120307988 0.0267111853088
0 0.614533205005 0.14774624374 0.0144369586141 0.0350584307179
0 0.627526467757 0.135225375626 0.0134744947064 0.0267111853088
0 0.639076034649 0.146911519199 0.0115495668912 0.0300500834725
0 0.643407122233 0.125208681135 0.0105871029836 0.0267111853088
0 0.665062560154 0.134390651085 0.0134744947064 0.0350584307179
0 0.668431183831 0.123539232053 0.0125120307988 0.0300500834725
0 0.704523580366 0.125208681135 0.0134744947064 0.0267111853088
0 0.750721847931 0.122704507513 0.0134744947064 0.0283806343907
0 0.774302213667 0.139398998331 0.0125120307988 0.0317195325543
0 0.789701636189 0.131886477462 0.0125120307988 0.0300500834725
0 0.797882579403 0.150250417362 0.0134744947064 0.0333889816361
0 0.836862367661 0.131886477462 0.0105871029836 0.0267111853088
0 0.866217516843 0.141903171953 0.0153994225217 0.0333889816361
0 0.885948026949 0.161101836394 0.0144369586141 0.0317195325543
0 0.908084696824 0.166110183639 0.0125120307988 0.0383973288815
0 0.916265640038 0.162771285476 0.0115495668912 0.0317195325543
0 0.935514918191 0.217863105175 0.0173243503369 0.0417362270451
0 0.953320500481 0.247913188648 0.0182868142445 0.0450751252087
0 0.962463907603 0.286310517529 0.0250240615977 0.0550918196995
0 0.870067372474 0.179465776294 0.0173243503369 0.0350584307179
0 0.891241578441 0.238731218698 0.0250240615977 0.0534223706177
0 0.819538017324 0.174457429048 0.0182868142445 0.0350584307179
0 0.844080846968 0.210350584307 0.0211742059673 0.0434056761269
0 0.715110683349 0.154424040067 0.0134744947064 0.0317195325543
0 0.72906641001 0.151085141903 0.0144369586141 0.0317195325543
0 0.741097208855 0.171953255426 0.0153994225217 0.0333889816361
0 0.785370548604 0.165275459098 0.0134744947064 0.0300500834725
0 0.76708373436 0.189482470785 0.0173243503369 0.0450751252087
0 0.728103946102 0.189482470785 0.0163618864293 0.0383973288815
0 0.668431183831 0.186978297162 0.0182868142445 0.0400667779633
0 0.665062560154 0.215358931553 0.0230991337825 0.0434056761269
0 0.63041385948 0.199499165275 0.0192492781521 0.0383973288815
0 0.601058710298 0.22203672788 0.0221366698749 0.0500834724541
0 0.643407122233 0.242904841402 0.0240615976901 0.0517529215359
0 0.602021174206 0.289649415693 0.0259865255053 0.0550918196995
0 0.519249278152 0.303839732888 0.0259865255053 0.0500834724541
0 0.643407122233 0.317195325543 0.0317613089509 0.0601001669449
0 0.688161693936 0.267111853088 0.0211742059673 0.0534223706177
0 0.709335899904 0.258764607679 0.0211742059673 0.0467445742905
0 0.741097208855 0.297996661102 0.0250240615977 0.0550918196995
0 0.785851780558 0.233722871452 0.0221366698749 0.0534223706177
0 0.795957651588 0.208681135225 0.0192492781521 0.0467445742905
0 0.880654475457 0.313856427379 0.0269489894129 0.0534223706177
0 0.788257940327 0.303839732888 0.0250240615977 0.0601001669449
