0 0.0665301944729 0.3 0.0225179119754 0.045871559633
0 0.290174002047 0.221100917431 0.0174002047083 0.0348623853211
0 0.303991811668 0.240366972477 0.0163766632549 0.0330275229358
0 0.329068577277 0.245871559633 0.0174002047083 0.0366972477064
0 0.379222108495 0.249541284404 0.0174002047083 0.0366972477064
0 0.409928352098 0.24495412844 0.0194472876151 0.0422018348624
0 0.330603889458 0.177064220183 0.0122824974411 0.0275229357798
0 0.348515864893 0.188073394495 0.0133060388946 0.0311926605505
0 0.373592630502 0.194495412844 0.0163766632549 0.0330275229358
0 0.418116683726 0.192660550459 0.0153531218014 0.0330275229358
0 0.4252814739 0.165137614679 0.0133060388946 0.0293577981651
0 0.440634595701 0.174311926606 0.0133060388946 0.0293577981651
0 0.445240532242 0.214678899083 0.0163766632549 0.0293577981651
0 0.475946775844 0.225688073394 0.0184237461617 0.0366972477064
0 0.475435005118 0.188990825688 0.0153531218014 0.0330275229358
0 0.522006141249 0.179816513761 0.014329580348 0.0293577981651
0 0.554247697032 0.183486238532 0.0133060388946 0.0330275229358
0 0.589048106448 0.169724770642 0.0133060388946 0.0275229357798
0 0.565506653019 0.155963302752 0.0112589559877 0.0220183486239
0 0.550665301945 0.156880733945 0.014329580348 0.0201834862385
0 0.547594677584 0.132110091743 0.014329580348 0.0220183486239
0 0.522517911975 0.135779816514 0.0112589559877 0.0220183486239
0 0.492323439099 0.162385321101 0.014329580348 0.0238532110092
0 0.470829068577 0.15871559633 0.014329580348 0.0238532110092
0 0.472876151484 0.137614678899 0.0122824974411 0.0220183486239
0 0.489252814739 0.134862385321 0.0122824974411 0.0238532110092
0 0.500511770727 0.126605504587 0.0122824974411 0.0220183486239
0 0.617707267144 0.15504587156 0.0153531218014 0.0275229357798
0 0.617195496418 0.130275229358 0.0122824974411 0.0220183486239
0 0.608495394063 0.118348623853 0.0112589559877 0.0238532110092
0 0.586489252815 0.121100917431 0.0122824974411 0.0256880733945
0 0.639201637666 0.112844036697 0.0112589559877 0.0275229357798
0 0.656601842375 0.124770642202 0.0112589559877 0.0256880733945
0 0.669907881269 0.102752293578 0.00921187308086 0.0220183486239
0 0.686284544524 0.119266055046 0.0112589559877 0.0220183486239
0 0.693449334698 0.101834862385 0.00921187308086 0.0201834862385
0 0.71340839304 0.109174311927 0.0122824974411 0.0275229357798
0 0.484135107472 0.277064220183 0.0225179119754 0.051376146789
0 0.543500511771 0.291743119266 0.0266120777892 0.0477064220183
0 0.595701125896 0.347706422018 0.0245649948823 0.0532110091743
0 0.683213920164 0.366055045872 0.0276356192426 0.056880733945
0 0.748720573183 0.381651376147 0.0296827021494 0.0623853211009
0 0.807574206755 0.444036697248 0.0266120777892 0.0623853211009
0 0.896622313204 0.426605504587 0.028659160696 0.0752293577982
0 0.587512794268 0.246788990826 0.0184237461617 0.0422018348624
0 0.624872057318 0.220183486239 0.0174002047083 0.0330275229358
0 0.629477993859 0.266055045872 0.0225179119754 0.0403669724771
0 0.683213920164 0.250458715596 0.021494370522 0.0532110091743
0 0.691914022518 0.179816513761 0.0163766632549 0.0330275229358
0 0.690890481064 0.163302752294 0.014329580348 0.0293577981651
0 0.71954964176 0.177981651376 0.014329580348 0.0293577981651
0 0.705731832139 0.170642201835 0.0112589559877 0.0293577981651
0 0.748208802456 0.135779816514 0.014329580348 0.0293577981651
0 0.780962128966 0.129357798165 0.0122824974411 0.0311926605505
0 0.794779938588 0.154128440367 0.0133060388946 0.0256880733945
0 0.745138178096 0.195412844037 0.014329580348 0.0348623853211
0 0.725690890481 0.224770642202 0.0163766632549 0.0385321100917
0 0.724667349028 0.304587155963 0.0204708290686 0.0403669724771
0 0.831627430911 0.355963302752 0.0235414534289 0.051376146789
0 0.773797338792 0.325688073394 0.0225179119754 0.0532110091743
0 0.771750255885 0.24128440367 0.0204708290686 0.0422018348624
0 0.807062436029 0.209174311927 0.0153531218014 0.0440366972477
0 0.81934493347 0.225688073394 0.0174002047083 0.0403669724771
0 0.864380757421 0.26880733945 0.0174002047083 0.0422018348624
0 0.870522006141 0.215596330275 0.0174002047083 0.0422018348624
0 0.93142272262 0.214678899083 0.0163766632549 0.0330275229358
0 0.920675537359 0.293577981651 0.0153531218014 0.0403669724771
0 0.912487205732 0.346788990826 0.021494370522 0.0587155963303
