0 0.207400194742 0.423208191126 0.0408958130477 0.0716723549488
0 0.262901655307 0.267918088737 0.0155793573515 0.0273037542662
0 0.292599805258 0.25 0.014605647517 0.0290102389078
0 0.317916260954 0.255972696246 0.0126582278481 0.0307167235495
0 0.328140214216 0.275597269625 0.0175267770204 0.0290102389078
0 0.349561830574 0.28156996587 0.0214216163583 0.0307167235495
0 0.313047711782 0.22866894198 0.016553067186 0.0307167235495
0 0.338364167478 0.225255972696 0.016553067186 0.0341296928328
0 0.38023369036 0.276450511945 0.0204479065239 0.0443686006826
0 0.410418695229 0.288395904437 0.0185004868549 0.0443686006826
0 0.434761441091 0.252559726962 0.0223953261928 0.0273037542662
0 0.469814995131 0.232081911263 0.0185004868549 0.037542662116
0 0.386075949367 0.203924914676 0.016553067186 0.0290102389078
0 0.428432327167 0.186860068259 0.0175267770204 0.0255972696246
0 0.411879259981 0.17747440273 0.0116845180136 0.0238907849829
0 0.456183057449 0.15614334471 0.014605647517 0.0324232081911
0 0.474683544304 0.163822525597 0.014605647517 0.0307167235495
0 0.514605647517 0.186860068259 0.0126582278481 0.0290102389078
0 0.486854917235 0.203071672355 0.0155793573515 0.0307167235495
0 0.548198636806 0.193686006826 0.0136319376826 0.0358361774744
0 0.543330087634 0.17747440273 0.0175267770204 0.037542662116
0 0.527263875365 0.154436860068 0.0126582278481 0.0290102389078
0 0.519961051607 0.138225255973 0.0116845180136 0.0307167235495
0 0.509250243427 0.127986348123 0.00973709834469 0.0204778156997
0 0.558422590068 0.148464163823 0.0126582278481 0.0273037542662
0 0.427458617332 0.223549488055 0.0194741966894 0.0273037542662
0 0.599805258033 0.164675767918 0.0155793573515 0.0324232081911
0 0.612463485881 0.153583617747 0.0116845180136 0.0341296928328
0 0.585686465433 0.131399317406 0.014605647517 0.0238907849829
0 0.606134371957 0.109215017065 0.0107108081792 0.0273037542662
0 0.630477117819 0.140784982935 0.014605647517 0.0290102389078
0 0.620253164557 0.129692832765 0.00973709834469 0.0204778156997
0 0.65141187926 0.111774744027 0.0116845180136 0.0255972696246
0 0.670399221032 0.12542662116 0.014605647517 0.0290102389078
0 0.529211295034 0.287542662116 0.0204479065239 0.042662116041
0 0.562317429406 0.302901023891 0.0223953261928 0.0529010238908
0 0.578870496592 0.249146757679 0.0185004868549 0.0409556313993
0 0.632911392405 0.213310580205 0.0233690360273 0.0341296928328
0 0.641187925998 0.252559726962 0.016553067186 0.0409556313993
0 0.66017526777 0.268771331058 0.0194741966894 0.0392491467577
0 0.666017526777 0.226109215017 0.0155793573515 0.0392491467577
0 0.652872444012 0.17662116041 0.016553067186 0.0324232081911
0 0.689873417722 0.169795221843 0.014605647517 0.0324232081911
0 0.675754625122 0.335324232082 0.0272638753651 0.0665529010239
0 0.717137293087 0.289249146758 0.0243427458617 0.0529010238908
0 0.791139240506 0.350682593857 0.0301850048685 0.0597269624573
0 0.789191820837 0.29180887372 0.0204479065239 0.0477815699659
0 0.752677702045 0.248293515358 0.0214216163583 0.0392491467577
0 0.712268743914 0.233788395904 0.0185004868549 0.037542662116
0 0.723466407011 0.194539249147 0.0155793573515 0.037542662116
0 0.749756572541 0.200511945392 0.0175267770204 0.0290102389078
0 0.735150925024 0.159556313993 0.0136319376826 0.0290102389078
0 0.751217137293 0.151877133106 0.014605647517 0.0307167235495
0 0.769230769231 0.180034129693 0.0136319376826 0.0290102389078
0 0.793086660175 0.191979522184 0.016553067186 0.0392491467577
0 0.790165530672 0.149317406143 0.0107108081792 0.0290102389078
0 0.773125608569 0.123720136519 0.0136319376826 0.0290102389078
0 0.805744888023 0.130546075085 0.0107108081792 0.0290102389078
0 0.813047711782 0.173208191126 0.0136319376826 0.0358361774744
0 0.831548198637 0.232935153584 0.0194741966894 0.0494880546075
0 0.849561830574 0.215870307167 0.014605647517 0.0392491467577
0 0.860272638754 0.185153583618 0.014605647517 0.0324232081911
0 0.833008763389 0.173208191126 0.0126582278481 0.0392491467577
0 0.83982473223 0.140784982935 0.014605647517 0.0358361774744
0 0.887049659202 0.154436860068 0.0116845180136 0.0324232081911
0 0.895813047712 0.191979522184 0.0136319376826 0.0358361774744
0 0.88899707887 0.220989761092 0.0175267770204 0.0358361774744
0 0.874878286271 0.23976109215 0.0204479065239 0.0494880546075
0 0.865628042843 0.292662116041 0.0194741966894 0.0460750853242
0 0.921129503408 0.275597269625 0.0175267770204 0.042662116041
