0 0.0638385502471 0.561954624782 0.0485996705107 0.111692844677
0 0.176688632619 0.294938917976 0.0205930807249 0.0418848167539
0 0.206754530478 0.280104712042 0.0230642504119 0.0610820244328
0 0.233113673806 0.247818499127 0.0181219110379 0.0523560209424
0 0.28294892916 0.233856893543 0.0205930807249 0.0523560209424
0 0.291598023064 0.201570680628 0.0197693574959 0.0471204188482
0 0.313426688633 0.219022687609 0.0189456342669 0.0575916230366
0 0.330313014827 0.203315881326 0.0164744645799 0.0471204188482
0 0.354200988468 0.253054101222 0.0197693574959 0.0593368237347
0 0.380560131796 0.234729493892 0.0181219110379 0.0471204188482
0 0.348434925865 0.187609075044 0.0164744645799 0.043630017452
0 0.374382207578 0.180628272251 0.0189456342669 0.0471204188482
0 0.414744645799 0.182373472949 0.0172981878089 0.0366492146597
0 0.411037891269 0.152705061082 0.0164744645799 0.0331588132635
0 0.415980230643 0.314136125654 0.0247116968699 0.0628272251309
0 0.455930807249 0.24520069808 0.0222405271829 0.0541012216405
0 0.436985172982 0.157940663176 0.0172981878089 0.0401396160558
0 0.46334431631 0.162303664921 0.0189456342669 0.0453752181501
0 0.479406919275 0.193717277487 0.0148270181219 0.0383944153578
0 0.513591433278 0.216404886562 0.0172981878089 0.0453752181501
0 0.480642504119 0.143106457243 0.0156507413509 0.0349040139616
0 0.502883031301 0.160558464223 0.0172981878089 0.0453752181501
0 0.514415156507 0.151832460733 0.0140032948929 0.0418848167539
0 0.538714991763 0.123909249564 0.0148270181219 0.0383944153578
0 0.54489291598 0.150959860384 0.0189456342669 0.0366492146597
0 0.566721581549 0.122164048866 0.0164744645799 0.0383944153578
0 0.582784184514 0.110820244328 0.0172981878089 0.0401396160558
0 0.569192751236 0.16404886562 0.0181219110379 0.0418848167539
0 0.560543657331 0.198080279232 0.0205930807249 0.0471204188482
0 0.590609555189 0.182373472949 0.0181219110379 0.0471204188482
0 0.595140032949 0.140488656195 0.0140032948929 0.0366492146597
0 0.6107907743 0.187609075044 0.0189456342669 0.043630017452
0 0.617792421746 0.116055846422 0.0164744645799 0.043630017452
0 0.636738056013 0.136998254799 0.0164744645799 0.0401396160558
0 0.647034596376 0.116928446771 0.0172981878089 0.0488656195462
0 0.645799011532 0.173647469459 0.0148270181219 0.0366492146597
0 0.677924217463 0.150087260035 0.0148270181219 0.0383944153578
0 0.684925864909 0.123036649215 0.0172981878089 0.0366492146597
0 0.702224052718 0.148342059337 0.0172981878089 0.0453752181501
0 0.54489291598 0.337696335079 0.0255354200988 0.0750436300175
0 0.581548599671 0.390052356021 0.0247116968699 0.0680628272251
0 0.607084019769 0.286212914485 0.0296540362438 0.0663176265271
0 0.650741350906 0.260034904014 0.0247116968699 0.0628272251309
0 0.649093904448 0.397905759162 0.0280065897858 0.0628272251309
0 0.718286655684 0.393542757417 0.0280065897858 0.0680628272251
0 0.78665568369 0.446771378709 0.0313014827018 0.0837696335079
0 0.719522240527 0.257417102967 0.0222405271829 0.0575916230366
0 0.743822075783 0.285340314136 0.0230642504119 0.0541012216405
0 0.732289950577 0.219022687609 0.0197693574959 0.0506108202443
0 0.699752883031 0.202443280977 0.0156507413509 0.0383944153578
0 0.757001647446 0.189354275742 0.0115321252059 0.0331588132635
0 0.769769357496 0.191972076789 0.0205930807249 0.0663176265271
0 0.803542009885 0.180628272251 0.0172981878089 0.0471204188482
0 0.813838550247 0.214659685864 0.0181219110379 0.0418848167539
0 0.823311367381 0.204188481675 0.0156507413509 0.0593368237347
0 0.784184514003 0.253054101222 0.0197693574959 0.0488656195462
0 0.80766062603 0.288830715532 0.0205930807249 0.0610820244328
0 0.85255354201 0.335078534031 0.0214168039539 0.0523560209424
0 0.86449752883 0.305410122164 0.0205930807249 0.0663176265271
0 0.88550247117 0.274869109948 0.0164744645799 0.0506108202443
0 0.862026359143 0.219895287958 0.0156507413509 0.0418848167539
0 0.895799011532 0.251308900524 0.0140032948929 0.0453752181501
0 0.901565074135 0.225130890052 0.0140032948929 0.0418848167539
0 0.925041186161 0.328970331588 0.0197693574959 0.0541012216405
0 0.927924217463 0.26352530541 0.0123558484349 0.0418848167539
0 0.943574958814 0.231239092496 0.0140032948929 0.0401396160558
0 0.881795716639 0.419720767888 0.0238879736409 0.0820244328098
0 0.862026359143 0.493019197208 0.0337726523888 0.0785340314136
0 0.954695222405 0.469458987784 0.0230642504119 0.0837696335079
0 0.959637561779 0.364746945899 0.0197693574959 0.0488656195462
0 0.972405271829 0.363001745201 0.0172981878089 0.0558464223386
0 0.965815485997 0.313263525305 0.0156507413509 0.0506108202443
0 0.973640856672 0.299301919721 0.0131795716639 0.0331588132635
0 0.979406919275 0.248691099476 0.0148270181219 0.0401396160558
