0 0.142066420664 0.267536704731 0.0221402214022 0.0424143556281
0 0.410516605166 0.218597063622 0.0221402214022 0.0358890701468
0 0.625922509225 0.137030995106 0.0156826568266 0.0326264274062
0 0.649446494465 0.128058727569 0.020295202952 0.0244698205546
0 0.640221402214 0.160685154976 0.0239852398524 0.0277324632953
0 0.752306273063 0.145187601958 0.0156826568266 0.026101141925
0 0.767988929889 0.159053833605 0.0156826568266 0.0375203915171
0 0.900830258303 0.233278955954 0.0193726937269 0.0358890701468
0 0.890682656827 0.255301794454 0.0193726937269 0.0440456769984
0 0.919741697417 0.260195758564 0.0184501845018 0.047308319739
0 0.82057195572 0.26427406199 0.0212177121771 0.0456769983687
0 0.57057195572 0.256933115824 0.0230627306273 0.0505709624796
