0 0.198139534884 0.508319467554 0.0409302325581 0.0848585690516
0 0.108837209302 0.324459234609 0.0186046511628 0.0366056572379
0 0.25488372093 0.227121464226 0.0148837209302 0.0282861896839
0 0.424186046512 0.222961730449 0.0167441860465 0.0366056572379
0 0.456744186047 0.227121464226 0.0186046511628 0.0316139767055
0 0.426976744186 0.277038269551 0.0186046511628 0.0415973377704
0 0.488372093023 0.313643926789 0.0260465116279 0.0415973377704
0 0.541860465116 0.366056572379 0.0232558139535 0.0432612312812
0 0.711627906977 0.15224625624 0.0167441860465 0.0349417637271
0 0.741395348837 0.155574043261 0.0148837209302 0.0316139767055
0 0.87488372093 0.222129783694 0.0158139534884 0.0382695507488
