0 0.268707482993 0.256849315068 0.0145772594752 0.027397260274
0 0.281341107872 0.248287671233 0.0165208940719 0.027397260274
0 0.29980563654 0.245719178082 0.0184645286686 0.0359589041096
0 0.361030126336 0.242294520548 0.022351797862 0.0428082191781
0 0.395529640428 0.264554794521 0.0136054421769 0.0325342465753
0 0.397473275024 0.213184931507 0.0136054421769 0.0291095890411
0 0.365403304179 0.194349315068 0.0155490767736 0.0256849315068
0 0.390184645287 0.1875 0.00874635568513 0.0222602739726
0 0.403790087464 0.195205479452 0.0126336248785 0.0239726027397
0 0.440719144801 0.220890410959 0.0184645286686 0.0342465753425
0 0.420310981535 0.164383561644 0.0106899902818 0.0239726027397
0 0.449465500486 0.181506849315 0.0126336248785 0.0308219178082
0 0.468415937804 0.157534246575 0.0116618075802 0.0205479452055
0 0.468901846453 0.13698630137 0.00874635568513 0.0171232876712
0 0.480563654033 0.174657534247 0.0145772594752 0.027397260274
0 0.520894071914 0.202910958904 0.0174927113703 0.0325342465753
0 0.490281827017 0.190924657534 0.0165208940719 0.0325342465753
0 0.52915451895 0.164383561644 0.0145772594752 0.0239726027397
0 0.503401360544 0.126712328767 0.0116618075802 0.0205479452055
0 0.500485908649 0.154965753425 0.0116618075802 0.0188356164384
0 0.538872691934 0.116438356164 0.0126336248785 0.0205479452055
0 0.560252672498 0.111301369863 0.00874635568513 0.0171232876712
0 0.543731778426 0.168664383562 0.0106899902818 0.0222602739726
0 0.581632653061 0.165239726027 0.0126336248785 0.0256849315068
0 0.569970845481 0.143835616438 0.0106899902818 0.0239726027397
0 0.58260447036 0.11301369863 0.0106899902818 0.0205479452055
0 0.593780369291 0.0984589041096 0.00971817298348 0.0188356164384
0 0.6175898931 0.124143835616 0.0106899902818 0.0291095890411
0 0.620505344995 0.0967465753425 0.0106899902818 0.0188356164384
0 0.58843537415 0.139554794521 0.00874635568513 0.0222602739726
0 0.607385811467 0.150684931507 0.0116618075802 0.0239726027397
0 0.656462585034 0.127568493151 0.0106899902818 0.0188356164384
0 0.6472303207 0.116438356164 0.00777453838678 0.0205479452055
0 0.645286686103 0.0958904109589 0.00971817298348 0.0205479452055
0 0.672497570457 0.101883561644 0.0116618075802 0.0291095890411
0 0.702623906706 0.100171232877 0.0136054421769 0.0291095890411
0 0.678814382896 0.142123287671 0.0126336248785 0.0205479452055
0 0.665208940719 0.16095890411 0.0145772594752 0.027397260274
0 0.614674441205 0.204623287671 0.0165208940719 0.0325342465753
0 0.562196307094 0.251712328767 0.0165208940719 0.0342465753425
0 0.497084548105 0.297945205479 0.022351797862 0.0445205479452
0 0.52915451895 0.321917808219 0.0320699708455 0.0445205479452
0 0.607385811467 0.313356164384 0.0272108843537 0.0547945205479
0 0.612244897959 0.255993150685 0.0213799805637 0.0359589041096
0 0.66472303207 0.205479452055 0.019436345967 0.0376712328767
0 0.685617103984 0.3125 0.022351797862 0.0565068493151
0 0.707482993197 0.254280821918 0.0233236151603 0.0428082191781
0 0.691448007775 0.222602739726 0.0165208940719 0.0342465753425
0 0.70602526725 0.172945205479 0.0145772594752 0.0342465753425
0 0.733236151603 0.182363013699 0.0145772594752 0.0359589041096
0 0.75267249757 0.21404109589 0.0184645286686 0.041095890411
0 0.764334305151 0.283390410959 0.0262390670554 0.0428082191781
0 0.755587949466 0.334760273973 0.0398445092323 0.0633561643836
0 0.792517006803 0.390410958904 0.0301263362488 0.0582191780822
0 0.897473275024 0.36301369863 0.0320699708455 0.0582191780822
0 0.838678328474 0.310787671233 0.0233236151603 0.0496575342466
0 0.809037900875 0.240582191781 0.0204081632653 0.0393835616438
0 0.782798833819 0.201198630137 0.0145772594752 0.0325342465753
0 0.78231292517 0.158390410959 0.0155490767736 0.0359589041096
0 0.827502429543 0.150684931507 0.0126336248785 0.027397260274
0 0.832847424684 0.208047945205 0.0174927113703 0.0393835616438
0 0.868804664723 0.263698630137 0.0155490767736 0.0445205479452
0 0.876093294461 0.209760273973 0.0145772594752 0.0325342465753
0 0.878522837707 0.176369863014 0.0136054421769 0.0308219178082
0 0.85908649174 0.142123287671 0.0155490767736 0.0239726027397
0 0.844509232264 0.124143835616 0.00971817298348 0.0291095890411
0 0.871720116618 0.119863013699 0.0116618075802 0.0205479452055
0 0.829931972789 0.129280821918 0.0136054421769 0.0188356164384
0 0.885811467444 0.148116438356 0.0126336248785 0.0222602739726
0 0.906219630709 0.142123287671 0.0106899902818 0.027397260274
0 0.926141885326 0.146404109589 0.00971817298348 0.0256849315068
0 0.959183673469 0.0984589041096 0.0116618075802 0.0291095890411
0 0.931000971817 0.201198630137 0.0116618075802 0.0325342465753
0 0.92371234208 0.238869863014 0.0145772594752 0.0359589041096
0 0.913994169096 0.28595890411 0.022351797862 0.0547945205479
