0 0.254285714286 0.240802675585 0.0152380952381 0.0301003344482
0 0.270476190476 0.183946488294 0.0171428571429 0.0301003344482
0 0.320476190476 0.25 0.0180952380952 0.0317725752508
0 0.321428571429 0.223244147157 0.0161904761905 0.0250836120401
0 0.352380952381 0.208193979933 0.0190476190476 0.0317725752508
0 0.354285714286 0.234113712375 0.0190476190476 0.0334448160535
0 0.365714285714 0.265050167224 0.0209523809524 0.0384615384615
0 0.335238095238 0.272575250836 0.0171428571429 0.0301003344482
0 0.394761904762 0.290133779264 0.027619047619 0.0518394648829
0 0.404285714286 0.218227424749 0.0180952380952 0.0418060200669
0 0.387142857143 0.194816053512 0.0161904761905 0.0317725752508
0 0.370952380952 0.185618729097 0.012380952381 0.0301003344482
0 0.421428571429 0.209866220736 0.0180952380952 0.0284280936455
0 0.434761904762 0.184782608696 0.0161904761905 0.0351170568562
0 0.450476190476 0.188963210702 0.0171428571429 0.0334448160535
0 0.469047619048 0.232441471572 0.0238095238095 0.0602006688963
0 0.487619047619 0.135451505017 0.0133333333333 0.0234113712375
0 0.499523809524 0.153010033445 0.012380952381 0.0284280936455
0 0.484761904762 0.19397993311 0.0209523809524 0.0334448160535
0 0.515714285714 0.190635451505 0.0180952380952 0.0367892976589
0 0.534761904762 0.204849498328 0.02 0.0418060200669
0 0.538095238095 0.153846153846 0.0152380952381 0.0367892976589
0 0.560476190476 0.160535117057 0.0161904761905 0.0334448160535
0 0.590952380952 0.163879598662 0.0161904761905 0.0334448160535
0 0.572857142857 0.124581939799 0.012380952381 0.0284280936455
0 0.582380952381 0.0635451505017 0.012380952381 0.0200668896321
0 0.602857142857 0.142976588629 0.0133333333333 0.0284280936455
0 0.618571428571 0.147157190635 0.0142857142857 0.0267558528428
0 0.649523809524 0.134615384615 0.0133333333333 0.0250836120401
0 0.623333333333 0.129598662207 0.0142857142857 0.0250836120401
0 0.659047619048 0.120401337793 0.0114285714286 0.0301003344482
0 0.690476190476 0.121237458194 0.0133333333333 0.0284280936455
0 0.715714285714 0.0710702341137 0.0161904761905 0.0384615384615
0 0.721904761905 0.154682274247 0.0152380952381 0.0317725752508
0 0.74380952381 0.126254180602 0.0152380952381 0.0317725752508
0 0.71380952381 0.184782608696 0.0180952380952 0.0351170568562
0 0.70380952381 0.153846153846 0.0152380952381 0.0301003344482
0 0.677142857143 0.207357859532 0.0209523809524 0.0434782608696
0 0.644285714286 0.210702341137 0.0219047619048 0.0501672240803
0 0.584761904762 0.284280936455 0.0304761904762 0.0602006688963
0 0.487619047619 0.336120401338 0.0304761904762 0.0468227424749
0 0.624285714286 0.33110367893 0.0333333333333 0.056856187291
0 0.615714285714 0.285953177258 0.0219047619048 0.0434782608696
0 0.675714285714 0.271739130435 0.0314285714286 0.0652173913043
0 0.731904761905 0.295150501672 0.027619047619 0.0551839464883
0 0.72619047619 0.26254180602 0.0257142857143 0.0434782608696
0 0.758095238095 0.194816053512 0.0209523809524 0.0418060200669
0 0.781428571429 0.219899665552 0.0238095238095 0.0451505016722
0 0.755714285714 0.167224080268 0.0142857142857 0.0301003344482
0 0.77619047619 0.138795986622 0.0171428571429 0.0334448160535
0 0.794285714286 0.155518394649 0.0133333333333 0.0267558528428
0 0.811428571429 0.173076923077 0.0190476190476 0.0384615384615
0 0.845714285714 0.149665551839 0.0152380952381 0.0284280936455
0 0.852380952381 0.173913043478 0.0133333333333 0.0301003344482
0 0.847142857143 0.216555183946 0.02 0.0418060200669
0 0.825714285714 0.248327759197 0.0209523809524 0.0551839464883
0 0.771904761905 0.328595317726 0.027619047619 0.0484949832776
0 0.858095238095 0.306856187291 0.0247619047619 0.0652173913043
0 0.857619047619 0.269230769231 0.0238095238095 0.0434782608696
0 0.93 0.290969899666 0.0219047619048 0.0501672240803
0 0.921904761905 0.231605351171 0.0228571428571 0.0451505016722
0 0.900952380952 0.196488294314 0.0152380952381 0.0384615384615
0 0.89619047619 0.163043478261 0.0152380952381 0.0351170568562
