0 0.313679245283 0.229272419628 0.0160377358491 0.0321489001692
0 0.328773584906 0.222504230118 0.0179245283019 0.0389170896785
0 0.341981132075 0.242808798646 0.0198113207547 0.0423011844332
0 0.372641509434 0.238578680203 0.0207547169811 0.0406091370558
0 0.392452830189 0.27834179357 0.0283018867925 0.0592216582064
0 0.361320754717 0.302030456853 0.022641509434 0.0456852791878
0 0.352830188679 0.215736040609 0.0188679245283 0.0389170896785
0 0.364150943396 0.191201353638 0.0207547169811 0.0304568527919
0 0.383018867925 0.192893401015 0.0188679245283 0.0372250423012
0 0.405660377358 0.194585448393 0.0188679245283 0.0372250423012
0 0.39858490566 0.219120135364 0.0198113207547 0.0389170896785
0 0.46320754717 0.235194585448 0.0245283018868 0.0541455160745
0 0.45141509434 0.178510998308 0.0216981132075 0.0490693739425
0 0.491509433962 0.193739424704 0.0169811320755 0.0389170896785
0 0.473113207547 0.195431472081 0.0160377358491 0.0355329949239
0 0.490094339623 0.156514382403 0.0179245283019 0.0355329949239
0 0.507075471698 0.166666666667 0.0235849056604 0.0423011844332
0 0.547169811321 0.161590524535 0.0188679245283 0.0456852791878
0 0.560849056604 0.12013536379 0.0160377358491 0.0372250423012
0 0.587264150943 0.160744500846 0.0179245283019 0.0372250423012
0 0.642452830189 0.109137055838 0.0132075471698 0.0321489001692
0 0.669811320755 0.111675126904 0.0169811320755 0.0372250423012
0 0.717452830189 0.077834179357 0.0235849056604 0.0406091370558
0 0.502830188679 0.292724196277 0.0320754716981 0.0609137055838
0 0.571698113208 0.296954314721 0.0320754716981 0.0693739424704
0 0.6 0.255499153976 0.0301886792453 0.0642978003384
0 0.625471698113 0.208121827411 0.0245283018868 0.0406091370558
0 0.653301886792 0.184433164129 0.0235849056604 0.0541455160745
0 0.664622641509 0.200507614213 0.0198113207547 0.0456852791878
0 0.690094339623 0.155668358714 0.0179245283019 0.0338409475465
0 0.668396226415 0.263113367174 0.0292452830189 0.0693739424704
0 0.642924528302 0.323181049069 0.0330188679245 0.0710659898477
0 0.713679245283 0.273265651438 0.0254716981132 0.0592216582064
0 0.704716981132 0.220812182741 0.0207547169811 0.0456852791878
0 0.748113207547 0.181049069374 0.0245283018868 0.0439932318105
0 0.772641509434 0.211505922166 0.0245283018868 0.0575296108291
0 0.77358490566 0.160744500846 0.0188679245283 0.0473773265651
0 0.779245283019 0.276649746193 0.0301886792453 0.0592216582064
0 0.846226415094 0.325719120135 0.0245283018868 0.0592216582064
0 0.864150943396 0.255499153976 0.0264150943396 0.0575296108291
0 0.917452830189 0.286802030457 0.027358490566 0.0592216582064
0 0.924528301887 0.230964467005 0.0245283018868 0.0490693739425
