0 0.480693069307 0.194991055456 0.0306930693069 0.0644007155635
0 0.513861386139 0.263864042934 0.0257425742574 0.0590339892665
0 0.537623762376 0.197674418605 0.019801980198 0.0447227191413
0 0.625247524752 0.203041144902 0.0188118811881 0.0447227191413
0 0.661881188119 0.19946332737 0.0148514851485 0.0339892665474
0 0.674257425743 0.212880143113 0.019801980198 0.0429338103757
0 0.663366336634 0.258497316637 0.0237623762376 0.0554561717352
0 0.703465346535 0.19946332737 0.0168316831683 0.0447227191413
0 0.74603960396 0.211091234347 0.0168316831683 0.0429338103757
0 0.771287128713 0.232558139535 0.0237623762376 0.0536672629696
0 0.725247524752 0.311270125224 0.0267326732673 0.0536672629696
0 0.754455445545 0.33542039356 0.0257425742574 0.0590339892665
0 0.819306930693 0.262075134168 0.0227722772277 0.0483005366726
0 0.813861386139 0.387298747764 0.0336633663366 0.0733452593918
0 0.918316831683 0.403398926655 0.0346534653465 0.0769230769231
