0 0.0535381750466 0.403333333333 0.0381750465549 0.0733333333333
0 0.25791433892 0.2825 0.0223463687151 0.0383333333333
0 0.2895716946 0.263333333333 0.0204841713222 0.0333333333333
0 0.30260707635 0.258333333333 0.0204841713222 0.0466666666667
0 0.313314711359 0.28 0.0158286778399 0.03
0 0.321229050279 0.2225 0.0186219739292 0.0383333333333
0 0.349162011173 0.218333333333 0.0167597765363 0.04
0 0.365456238361 0.225 0.0158286778399 0.03
0 0.368249534451 0.209166666667 0.0158286778399 0.0283333333333
0 0.375698324022 0.258333333333 0.0195530726257 0.04
0 0.382216014898 0.2 0.0176908752328 0.0366666666667
0 0.412942271881 0.224166666667 0.0176908752328 0.0383333333333
0 0.433426443203 0.264166666667 0.0214152700186 0.045
0 0.442737430168 0.220833333333 0.0195530726257 0.0416666666667
0 0.440875232775 0.191666666667 0.0176908752328 0.0366666666667
0 0.419925512104 0.185833333333 0.0167597765363 0.0283333333333
0 0.415270018622 0.169166666667 0.0167597765363 0.0283333333333
0 0.44739292365 0.15 0.0139664804469 0.0266666666667
0 0.453910614525 0.166666666667 0.012104283054 0.0266666666667
0 0.466945996276 0.193333333333 0.0139664804469 0.03
0 0.47625698324 0.161666666667 0.0139664804469 0.03
0 0.47113594041 0.143333333333 0.0111731843575 0.02
0 0.485567970205 0.135 0.012104283054 0.03
0 0.505121042831 0.161666666667 0.0158286778399 0.0366666666667
0 0.497206703911 0.19 0.0186219739292 0.0366666666667
0 0.504655493482 0.221666666667 0.0279329608939 0.0433333333333
0 0.533985102421 0.203333333333 0.0214152700186 0.0366666666667
0 0.516294227188 0.131666666667 0.0139664804469 0.0333333333333
0 0.532588454376 0.1375 0.0167597765363 0.0316666666667
0 0.557262569832 0.11 0.0158286778399 0.03
0 0.55260707635 0.153333333333 0.0176908752328 0.0366666666667
0 0.568901303538 0.165 0.0167597765363 0.04
0 0.58147113594 0.148333333333 0.0158286778399 0.0333333333333
0 0.587057728119 0.120833333333 0.012104283054 0.0283333333333
0 0.596834264432 0.0983333333333 0.0130353817505 0.0266666666667
0 0.616387337058 0.1025 0.0111731843575 0.0316666666667
0 0.62104283054 0.139166666667 0.0148975791434 0.035
0 0.639199255121 0.1175 0.0139664804469 0.0283333333333
0 0.64990689013 0.095 0.0148975791434 0.0333333333333
0 0.67644320298 0.110833333333 0.0139664804469 0.0283333333333
0 0.698324022346 0.0983333333333 0.0130353817505 0.0366666666667
0 0.49208566108 0.283333333333 0.0251396648045 0.0533333333333
0 0.532122905028 0.31 0.0307262569832 0.06
0 0.562383612663 0.234166666667 0.0223463687151 0.0416666666667
0 0.606145251397 0.254166666667 0.0297951582868 0.0483333333333
0 0.60800744879 0.3275 0.0335195530726 0.0616666666667
0 0.679702048417 0.328333333333 0.0316573556797 0.0566666666667
0 0.658752327747 0.256666666667 0.0232774674115 0.0466666666667
0 0.655027932961 0.203333333333 0.0214152700186 0.0433333333333
0 0.627094972067 0.185 0.0214152700186 0.0433333333333
0 0.662011173184 0.165833333333 0.0148975791434 0.0383333333333
0 0.684823091248 0.1375 0.0158286778399 0.035
0 0.703910614525 0.1375 0.0186219739292 0.0383333333333
0 0.696927374302 0.179166666667 0.0176908752328 0.035
0 0.695530726257 0.2225 0.0223463687151 0.0483333333333
0 0.724394785847 0.295 0.0353817504655 0.0566666666667
0 0.756052141527 0.219166666667 0.0223463687151 0.0483333333333
0 0.740689013035 0.180833333333 0.0176908752328 0.045
0 0.725791433892 0.15 0.0176908752328 0.0366666666667
0 0.733240223464 0.123333333333 0.0176908752328 0.0266666666667
0 0.743482309125 0.14 0.0139664804469 0.03
0 0.749534450652 0.105 0.0111731843575 0.0266666666667
0 0.769087523277 0.13 0.0167597765363 0.0366666666667
0 0.779795158287 0.110833333333 0.0139664804469 0.0316666666667
0 0.796554934823 0.125 0.012104283054 0.03
0 0.79469273743 0.176666666667 0.0176908752328 0.04
0 0.812383612663 0.1625 0.0158286778399 0.0316666666667
0 0.815176908752 0.124166666667 0.0139664804469 0.0283333333333
0 0.827281191806 0.139166666667 0.0158286778399 0.0316666666667
0 0.844040968343 0.188333333333 0.0195530726257 0.0433333333333
0 0.85800744879 0.156666666667 0.0214152700186 0.0433333333333
0 0.865921787709 0.120833333333 0.0167597765363 0.0316666666667
0 0.891061452514 0.124166666667 0.0148975791434 0.035
0 0.888268156425 0.16 0.0130353817505 0.0333333333333
0 0.88687150838 0.1925 0.0176908752328 0.045
0 0.865456238361 0.210833333333 0.0176908752328 0.0383333333333
0 0.808659217877 0.248333333333 0.0214152700186 0.0533333333333
0 0.782588454376 0.294166666667 0.0251396648045 0.0583333333333
0 0.916201117318 0.276666666667 0.0223463687151 0.05
0 0.921322160149 0.1975 0.0176908752328 0.0383333333333
0 0.92644320298 0.17 0.0130353817505 0.0266666666667
0 0.927839851024 0.1525 0.0102420856611 0.0283333333333
0 0.754189944134 0.165833333333 0.0167597765363 0.0383333333333
