0 0.343951985226 0.231292517007 0.0304709141274 0.0578231292517
0 0.406740535549 0.204081632653 0.0212373037858 0.0408163265306
0 0.560480147738 0.231292517007 0.0240073868883 0.0510204081633
0 0.620960295476 0.128401360544 0.0138504155125 0.0289115646259
0 0.647276084949 0.137755102041 0.016620498615 0.030612244898
0 0.645429362881 0.109693877551 0.0129270544783 0.0255102040816
0 0.754385964912 0.124149659864 0.0129270544783 0.0272108843537
0 0.766389658356 0.138605442177 0.0147737765466 0.0323129251701
0 0.815789473684 0.25425170068 0.0175438596491 0.0493197278912
0 0.885964912281 0.249149659864 0.0175438596491 0.0459183673469
0 0.898430286242 0.218537414966 0.0129270544783 0.0323129251701
0 0.917359187442 0.241496598639 0.0156971375808 0.0408163265306
