0 0.184210526316 0.455573505654 0.0470914127424 0.0936995153473
0 0.275161588181 0.231017770598 0.0203139427516 0.0387722132472
0 0.298245614035 0.226978998384 0.016620498615 0.0403877221325
0 0.34025854109 0.148626817447 0.0212373037858 0.0420032310178
0 0.360572483841 0.190630048465 0.0156971375808 0.0452342487884
0 0.377654662973 0.167205169628 0.0184672206833 0.0306946688207
0 0.386888273315 0.24071082391 0.0203139427516 0.0452342487884
0 0.417359187442 0.241518578352 0.0221606648199 0.0468497576737
0 0.425207756233 0.201938610662 0.0175438596491 0.0420032310178
0 0.441366574331 0.210016155089 0.0221606648199 0.0387722132472
0 0.427977839335 0.176090468498 0.0138504155125 0.0258481421648
0 0.438596491228 0.163974151858 0.0147737765466 0.0306946688207
0 0.423361034164 0.152665589661 0.0138504155125 0.0210016155089
0 0.478301015697 0.151050080775 0.0184672206833 0.0371567043619
0 0.487072945522 0.197092084006 0.0175438596491 0.0355411954766
0 0.505540166205 0.197092084006 0.0156971375808 0.0420032310178
0 0.469529085873 0.118739903069 0.0101569713758 0.0242326332795
0 0.487534626039 0.0735056542811 0.0129270544783 0.0242326332795
0 0.497229916898 0.117124394184 0.0138504155125 0.0274636510501
0 0.518467220683 0.133279483037 0.0156971375808 0.0274636510501
0 0.530932594645 0.128432956381 0.01108033241 0.0242326332795
0 0.548014773777 0.147819063005 0.0175438596491 0.0306946688207
0 0.547553093259 0.126817447496 0.0147737765466 0.0274636510501
0 0.564635272392 0.16155088853 0.0138504155125 0.032310177706
0 0.595106186519 0.13731825525 0.0156971375808 0.0290791599354
0 0.59972299169 0.116316639742 0.0138504155125 0.0226171243942
0 0.619113573407 0.116316639742 0.0138504155125 0.0226171243942
0 0.620036934441 0.105815831987 0.00831024930748 0.0177705977383
0 0.626500461681 0.147819063005 0.0138504155125 0.0242326332795
0 0.648199445983 0.126817447496 0.0129270544783 0.0274636510501
0 0.678670360111 0.12197092084 0.0129270544783 0.0274636510501
0 0.706832871653 0.113893376414 0.0120036934441 0.0242326332795
0 0.747922437673 0.0775444264943 0.0129270544783 0.0290791599354
0 0.593721144968 0.231017770598 0.0203139427516 0.0355411954766
0 0.65189289012 0.232633279483 0.0221606648199 0.0516962843296
0 0.698060941828 0.258481421648 0.0221606648199 0.0549273021002
0 0.71514312096 0.327948303716 0.0323176361958 0.064620355412
0 0.753924284395 0.357027463651 0.0304709141274 0.0581583198708
0 0.786241920591 0.303715670436 0.0230840258541 0.0581583198708
0 0.758079409049 0.252019386107 0.0240073868883 0.0516962843296
0 0.730840258541 0.226171243942 0.0230840258541 0.0452342487884
0 0.716989843029 0.180936995153 0.0175438596491 0.0387722132472
0 0.704986149584 0.1647819063 0.0156971375808 0.0387722132472
0 0.732686980609 0.171243941842 0.0138504155125 0.0355411954766
0 0.745614035088 0.202746365105 0.0175438596491 0.0403877221325
0 0.790858725762 0.239903069467 0.0212373037858 0.0339256865913
0 0.777008310249 0.155088852989 0.0156971375808 0.0226171243942
0 0.796860572484 0.165589660743 0.0129270544783 0.0274636510501
0 0.800092336103 0.139741518578 0.0120036934441 0.0274636510501
0 0.843951985226 0.158319870759 0.0147737765466 0.0355411954766
0 0.85595567867 0.14620355412 0.0129270544783 0.0274636510501
0 0.831948291782 0.194668820679 0.0184672206833 0.0403877221325
0 0.871652816251 0.180129240711 0.0129270544783 0.0339256865913
0 0.869806094183 0.229402261712 0.0184672206833 0.032310177706
0 0.844413665743 0.250403877221 0.0193905817175 0.0452342487884
0 0.898891966759 0.214054927302 0.0175438596491 0.0403877221325
0 0.898891966759 0.184975767367 0.0156971375808 0.0371567043619
0 0.907202216066 0.171243941842 0.0156971375808 0.0355411954766
0 0.915512465374 0.158319870759 0.0138504155125 0.0290791599354
0 0.946445060018 0.16155088853 0.0129270544783 0.0290791599354
0 0.937673130194 0.263327948304 0.0175438596491 0.0420032310178
0 0.926131117267 0.208400646204 0.0147737765466 0.0387722132472
0 0.910433979686 0.39337641357 0.0240073868883 0.0500807754443
0 0.886426592798 0.26817447496 0.0184672206833 0.0387722132472
0 0.627885503232 0.177705977383 0.016620498615 0.032310177706
