0 0.120920502092 0.535460992908 0.0426778242678 0.0695035460993
0 0.22050209205 0.339007092199 0.0192468619247 0.0368794326241
0 0.251882845188 0.363120567376 0.0234309623431 0.045390070922
0 0.287447698745 0.356028368794 0.0225941422594 0.0397163120567
0 0.313389121339 0.38865248227 0.0259414225941 0.0425531914894
0 0.277824267782 0.316312056738 0.0200836820084 0.0368794326241
0 0.3410041841 0.339007092199 0.0192468619247 0.0368794326241
0 0.34769874477 0.3 0.0175732217573 0.0297872340426
0 0.377824267782 0.33829787234 0.0192468619247 0.0354609929078
0 0.409205020921 0.333333333333 0.0234309623431 0.0397163120567
0 0.402928870293 0.297872340426 0.0192468619247 0.0312056737589
0 0.400418410042 0.275177304965 0.0175732217573 0.0283687943262
0 0.387029288703 0.260283687943 0.0175732217573 0.0354609929078
0 0.423849372385 0.256028368794 0.0142259414226 0.0297872340426
0 0.45230125523 0.339007092199 0.0242677824268 0.0425531914894
0 0.464016736402 0.313475177305 0.0209205020921 0.0368794326241
0 0.45230125523 0.263120567376 0.0125523012552 0.0297872340426
0 0.459832635983 0.271631205674 0.01589958159 0.0297872340426
0 0.461087866109 0.241843971631 0.0117154811715 0.0297872340426
0 0.504184100418 0.264539007092 0.0175732217573 0.0326241134752
0 0.517991631799 0.27304964539 0.018410041841 0.0297872340426
0 0.505020920502 0.319858156028 0.0175732217573 0.0326241134752
0 0.558158995816 0.277304964539 0.0217573221757 0.041134751773
0 0.549790794979 0.243971631206 0.018410041841 0.0283687943262
0 0.558577405858 0.224113475177 0.0142259414226 0.0255319148936
0 0.569037656904 0.236879432624 0.0167364016736 0.0312056737589
0 0.574476987448 0.214893617021 0.01589958159 0.0297872340426
0 0.580334728033 0.262411347518 0.01589958159 0.0283687943262
0 0.602928870293 0.253191489362 0.01589958159 0.0326241134752
0 0.605439330544 0.225531914894 0.0142259414226 0.0283687943262
0 0.61129707113 0.203546099291 0.0142259414226 0.0269503546099
0 0.626778242678 0.217021276596 0.0133891213389 0.0283687943262
0 0.640167364017 0.21914893617 0.0150627615063 0.0269503546099
0 0.637238493724 0.248936170213 0.0142259414226 0.0326241134752
0 0.668619246862 0.216312056738 0.0117154811715 0.0269503546099
0 0.67949790795 0.230496453901 0.0167364016736 0.0297872340426
0 0.671548117155 0.282978723404 0.0175732217573 0.0382978723404
0 0.700836820084 0.217730496454 0.01589958159 0.0297872340426
0 0.708786610879 0.25390070922 0.0167364016736 0.0368794326241
0 0.53179916318 0.378014184397 0.0309623430962 0.0524822695035
0 0.463179916318 0.414893617021 0.034309623431 0.063829787234
0 0.526359832636 0.437588652482 0.0334728033473 0.063829787234
0 0.590376569038 0.446808510638 0.0309623430962 0.0652482269504
0 0.639330543933 0.459574468085 0.036820083682 0.068085106383
0 0.581589958159 0.398581560284 0.0267782426778 0.045390070922
0 0.601255230126 0.332624113475 0.0209205020921 0.0496453900709
0 0.634309623431 0.306382978723 0.0251046025105 0.0510638297872
0 0.659832635983 0.363829787234 0.0276150627615 0.0439716312057
0 0.641422594142 0.358156028369 0.0225941422594 0.0439716312057
0 0.693305439331 0.367375886525 0.0225941422594 0.045390070922
0 0.68410041841 0.320567375887 0.0192468619247 0.0397163120567
0 0.715062761506 0.298581560284 0.0175732217573 0.0382978723404
0 0.735983263598 0.247517730496 0.01589958159 0.0297872340426
0 0.749790794979 0.251063829787 0.0167364016736 0.0368794326241
0 0.766945606695 0.258865248227 0.01589958159 0.0269503546099
0 0.774058577406 0.279432624113 0.0167364016736 0.0340425531915
0 0.782426778243 0.264539007092 0.0150627615063 0.0326241134752
0 0.769456066946 0.226241134752 0.0142259414226 0.0354609929078
0 0.786192468619 0.240425531915 0.01589958159 0.0297872340426
0 0.815062761506 0.241134751773 0.018410041841 0.0312056737589
0 0.825523012552 0.3 0.0175732217573 0.0382978723404
0 0.825523012552 0.339007092199 0.0192468619247 0.0397163120567
0 0.814225941423 0.358156028369 0.0200836820084 0.0553191489362
0 0.777824267782 0.439007092199 0.0292887029289 0.0553191489362
0 0.722175732218 0.404255319149 0.0284518828452 0.0539007092199
0 0.698326359833 0.543971631206 0.0426778242678 0.0808510638298
0 0.82719665272 0.512765957447 0.034309623431 0.0751773049645
0 0.85690376569 0.453191489362 0.0351464435146 0.0666666666667
0 0.922175732218 0.481560283688 0.0401673640167 0.0666666666667
0 0.866527196653 0.371631205674 0.0259414225941 0.0595744680851
0 0.856066945607 0.329787234043 0.018410041841 0.0382978723404
0 0.876150627615 0.331914893617 0.0200836820084 0.0425531914894
0 0.894560669456 0.33475177305 0.0167364016736 0.045390070922
0 0.915062761506 0.337588652482 0.0175732217573 0.0425531914894
0 0.93640167364 0.363829787234 0.0200836820084 0.0496453900709
0 0.933472803347 0.314893617021 0.0175732217573 0.0368794326241
0 0.939748953975 0.303546099291 0.0133891213389 0.0283687943262
0 0.943933054393 0.282269503546 0.0167364016736 0.0283687943262
0 0.899581589958 0.273758865248 0.0150627615063 0.0340425531915
0 0.857740585774 0.282269503546 0.0167364016736 0.0368794326241
0 0.84769874477 0.251773049645 0.0150627615063 0.0326241134752
0 0.869456066946 0.272340425532 0.0133891213389 0.0340425531915
0 0.885355648536 0.260283687943 0.0150627615063 0.0354609929078
