0 0.223221586263 0.351032448378 0.0506950122649 0.109144542773
0 0.340964840556 0.256637168142 0.0245298446443 0.0442477876106
0 0.370809484873 0.165191740413 0.0188062142273 0.0383480825959
0 0.382665576451 0.188790560472 0.0196238757155 0.0383480825959
0 0.390433360589 0.221238938053 0.0220768601799 0.0412979351032
0 0.414145543745 0.242625368732 0.0220768601799 0.0516224188791
0 0.395339329518 0.145280235988 0.0188062142273 0.0398230088496
0 0.423139820114 0.18215339233 0.0139002452984 0.0339233038348
0 0.415372035977 0.163716814159 0.0163532297629 0.0265486725664
0 0.414145543745 0.140855457227 0.0155355682747 0.0309734513274
0 0.444399018806 0.15191740413 0.0155355682747 0.0353982300885
0 0.459116925593 0.185103244838 0.0188062142273 0.0309734513274
0 0.467293540474 0.22197640118 0.0237121831562 0.0427728613569
0 0.452575633688 0.136430678466 0.0139002452984 0.0280235988201
0 0.469337694195 0.157817109145 0.0179885527392 0.0383480825959
0 0.463205233034 0.124631268437 0.0139002452984 0.0280235988201
0 0.477514309076 0.123156342183 0.0147179067866 0.0309734513274
0 0.490596892886 0.0951327433628 0.011447260834 0.0250737463127
0 0.49795584628 0.171091445428 0.022894521668 0.0501474926254
0 0.529844644317 0.174041297935 0.0179885527392 0.0383480825959
0 0.532706459526 0.133480825959 0.0155355682747 0.0309734513274
0 0.524529844644 0.120206489676 0.0139002452984 0.0280235988201
0 0.536794766966 0.112831858407 0.0122649223222 0.0280235988201
0 0.548650858545 0.15412979351 0.0179885527392 0.0368731563422
0 0.582174979558 0.143805309735 0.0147179067866 0.0339233038348
0 0.573998364677 0.119469026549 0.0147179067866 0.0324483775811
0 0.587489779231 0.121681415929 0.0155355682747 0.0280235988201
0 0.573180703189 0.0914454277286 0.0147179067866 0.0265486725664
0 0.600163532298 0.103982300885 0.0147179067866 0.0339233038348
0 0.611610793132 0.0774336283186 0.011447260834 0.0280235988201
0 0.620605069501 0.117994100295 0.0196238757155 0.0353982300885
0 0.653720359771 0.0862831858407 0.0139002452984 0.0280235988201
0 0.659443990188 0.113569321534 0.0139002452984 0.0294985250737
0 0.687653311529 0.0958702064897 0.0147179067866 0.0294985250737
0 0.699918233851 0.0855457227139 0.0147179067866 0.0294985250737
0 0.55723630417 0.241887905605 0.0237121831562 0.0560471976401
0 0.611610793132 0.222713864307 0.0261651676206 0.0589970501475
0 0.630008176615 0.210914454277 0.0253475061325 0.047197640118
0 0.676614881439 0.177728613569 0.0220768601799 0.0486725663717
0 0.634914145544 0.279498525074 0.0302534750613 0.0604719764012
0 0.692968111202 0.329646017699 0.028618152085 0.0663716814159
0 0.717089125102 0.276548672566 0.0327064595258 0.0663716814159
0 0.76001635323 0.216814159292 0.028618152085 0.0619469026549
0 0.696238757155 0.150442477876 0.0188062142273 0.0383480825959
0 0.717497955846 0.158554572271 0.017170891251 0.0339233038348
0 0.720359771055 0.131268436578 0.0163532297629 0.0324483775811
0 0.731398201145 0.159292035398 0.0188062142273 0.0353982300885
0 0.758381030253 0.174778761062 0.0204415372036 0.0368731563422
0 0.759198691742 0.143805309735 0.017170891251 0.0368731563422
0 0.748160261652 0.119469026549 0.0147179067866 0.0294985250737
0 0.77514309076 0.106932153392 0.0163532297629 0.0368731563422
0 0.789860997547 0.134955752212 0.0130825838103 0.0368731563422
0 0.780049059689 0.166666666667 0.0163532297629 0.0412979351032
0 0.798037612428 0.195427728614 0.0179885527392 0.0427728613569
0 0.831152902698 0.157079646018 0.0155355682747 0.0368731563422
0 0.84341782502 0.135693215339 0.0139002452984 0.0353982300885
0 0.844644317253 0.199115044248 0.0163532297629 0.0383480825959
0 0.866721177433 0.16592920354 0.0163532297629 0.0398230088496
0 0.883483237939 0.154867256637 0.0155355682747 0.0383480825959
0 0.847914963205 0.256637168142 0.0245298446443 0.0530973451327
0 0.868356500409 0.300147492625 0.0294358135732 0.0634218289086
0 0.878986099755 0.252949852507 0.022894521668 0.0545722713864
0 0.897792313982 0.212389380531 0.0212591986917 0.0412979351032
0 0.904742436631 0.184365781711 0.0188062142273 0.0383480825959
0 0.941128372854 0.181415929204 0.0163532297629 0.0353982300885
0 0.937857726901 0.216814159292 0.0179885527392 0.047197640118
0 0.937857726901 0.290560471976 0.0261651676206 0.0648967551622
0 0.945216680294 0.143805309735 0.011447260834 0.0280235988201
0 0.947260834015 0.167404129794 0.0106295993459 0.0221238938053
