0 0.0523854069224 0.380165289256 0.0299345182413 0.0528925619835
0 0.2736202058 0.265289256198 0.0177736202058 0.0347107438017
0 0.261927034612 0.25041322314 0.0149672591207 0.0314049586777
0 0.312909260992 0.247933884298 0.021515434986 0.0462809917355
0 0.348456501403 0.259504132231 0.0177736202058 0.0330578512397
0 0.33021515435 0.214876033058 0.0130963517306 0.0297520661157
0 0.354536950421 0.226446280992 0.0187090739008 0.0297520661157
0 0.361552853134 0.289256198347 0.0177736202058 0.0297520661157
0 0.385406922357 0.290909090909 0.0205799812909 0.0363636363636
0 0.39429373246 0.223140495868 0.0159027128157 0.0330578512397
0 0.384471468662 0.185950413223 0.0130963517306 0.0314049586777
0 0.405519176801 0.179338842975 0.0121608980355 0.0280991735537
0 0.443872778297 0.23305785124 0.0233863423761 0.0363636363636
0 0.472871842844 0.231404958678 0.0196445275959 0.0396694214876
0 0.458372310571 0.152066115702 0.0168381665108 0.0198347107438
0 0.502806361085 0.135537190083 0.0102899906455 0.0264462809917
0 0.585126286249 0.169421487603 0.0177736202058 0.0280991735537
0 0.5659494855 0.119834710744 0.0130963517306 0.0314049586777
0 0.50374181478 0.298347107438 0.0233863423761 0.0446280991736
0 0.572497661366 0.301652892562 0.022450888681 0.0545454545455
0 0.622076707203 0.303305785124 0.022450888681 0.0545454545455
0 0.565014031805 0.239669421488 0.022450888681 0.0462809917355
0 0.521047708138 0.228925619835 0.0243217960711 0.0380165289256
0 0.621141253508 0.243801652893 0.0187090739008 0.0479338842975
0 0.659027128157 0.285950413223 0.0252572497661 0.0462809917355
0 0.704864359214 0.289256198347 0.0233863423761 0.0495867768595
0 0.771281571562 0.294214876033 0.021515434986 0.0462809917355
0 0.841908325538 0.326446280992 0.0187090739008 0.0545454545455
0 0.862020579981 0.239669421488 0.0177736202058 0.0363636363636
0 0.758185219832 0.238842975207 0.0177736202058 0.0380165289256
0 0.729186155285 0.231404958678 0.0177736202058 0.0363636363636
0 0.827408793265 0.211570247934 0.0140318054256 0.0330578512397
0 0.65668849392 0.217355371901 0.0205799812909 0.0347107438017
0 0.623947614593 0.204132231405 0.0187090739008 0.0314049586777
0 0.619738072965 0.146280991736 0.0140318054256 0.0247933884298
0 0.600561272217 0.147933884298 0.0130963517306 0.0280991735537
0 0.553320860617 0.160330578512 0.0159027128157 0.0297520661157
0 0.534611786717 0.16694214876 0.0159027128157 0.0231404958678
0 0.514499532273 0.190082644628 0.0168381665108 0.0231404958678
0 0.480823199252 0.196694214876 0.0168381665108 0.0297520661157
0 0.44527595884 0.19173553719 0.0168381665108 0.0297520661157
0 0.674929840973 0.119834710744 0.0159027128157 0.0280991735537
0 0.648269410664 0.119834710744 0.0168381665108 0.0247933884298
0 0.640785781104 0.14132231405 0.0149672591207 0.0247933884298
0 0.610851262862 0.119008264463 0.0112254443405 0.0198347107438
0 0.738540692236 0.115702479339 0.0121608980355 0.0330578512397
0 0.721234798877 0.171074380165 0.0130963517306 0.0247933884298
0 0.697848456501 0.181818181818 0.0168381665108 0.0330578512397
0 0.661833489242 0.185950413223 0.0121608980355 0.0280991735537
0 0.731057062675 0.197520661157 0.0177736202058 0.0247933884298
0 0.752572497661 0.136363636364 0.0121608980355 0.0214876033058
0 0.764265668849 0.129752066116 0.0130963517306 0.0214876033058
0 0.764265668849 0.16694214876 0.0149672591207 0.0363636363636
0 0.789990645463 0.163636363636 0.0140318054256 0.0330578512397
0 0.77923292797 0.146280991736 0.0112254443405 0.0314049586777
0 0.855004677268 0.166115702479 0.0112254443405 0.0380165289256
0 0.921889616464 0.261983471074 0.0159027128157 0.0479338842975
0 0.889616463985 0.206611570248 0.0168381665108 0.0429752066116
0 0.882600561272 0.166115702479 0.0159027128157 0.0380165289256
0 0.895696913003 0.165289256198 0.0102899906455 0.0396694214876
0 0.903648269411 0.194214876033 0.0112254443405 0.0280991735537
0 0.840972871843 0.200826446281 0.0130963517306 0.0280991735537
0 0.908325537886 0.236363636364 0.0130963517306 0.0396694214876
0 0.765668849392 0.214049586777 0.021515434986 0.0479338842975
0 0.568755846586 0.157024793388 0.0130963517306 0.0297520661157
0 0.334892422825 0.256198347107 0.0168381665108 0.0363636363636
0 0.473807296539 0.171900826446 0.0159027128157 0.0330578512397
0 0.838634237605 0.154545454545 0.0159027128157 0.0314049586777
0 0.707670720299 0.153719008264 0.0121608980355 0.0231404958678
0 0.695509822264 0.157024793388 0.0159027128157 0.0363636363636
0 0.595416276894 0.128925619835 0.0140318054256 0.0264462809917
