0 0.202127659574 0.364942528736 0.0468085106383 0.0938697318008
0 0.312765957447 0.234674329502 0.0234042553191 0.0478927203065
0 0.321276595745 0.194444444444 0.0191489361702 0.0402298850575
0 0.351595744681 0.196360153257 0.0202127659574 0.0402298850575
0 0.407978723404 0.201149425287 0.0223404255319 0.0459770114943
0 0.449468085106 0.210727969349 0.0202127659574 0.0383141762452
0 0.438829787234 0.170498084291 0.018085106383 0.0383141762452
0 0.420212765957 0.155172413793 0.0170212765957 0.0383141762452
0 0.457446808511 0.167624521073 0.0170212765957 0.036398467433
0 0.478191489362 0.186781609195 0.0244680851064 0.044061302682
0 0.475 0.156130268199 0.0159574468085 0.0325670498084
0 0.46170212766 0.141762452107 0.0127659574468 0.0268199233716
0 0.497872340426 0.128352490421 0.0106382978723 0.0268199233716
0 0.504787234043 0.145593869732 0.0117021276596 0.0306513409962
0 0.509574468085 0.213601532567 0.0212765957447 0.0402298850575
0 0.554787234043 0.17816091954 0.013829787234 0.0383141762452
0 0.514893617021 0.275862068966 0.0276595744681 0.0613026819923
0 0.582446808511 0.286398467433 0.0287234042553 0.0632183908046
0 0.596808510638 0.240421455939 0.0234042553191 0.0478927203065
0 0.629787234043 0.295019157088 0.0276595744681 0.0651340996169
0 0.522872340426 0.161877394636 0.0159574468085 0.0287356321839
0 0.518617021277 0.135057471264 0.0117021276596 0.0249042145594
0 0.51170212766 0.11398467433 0.0106382978723 0.0210727969349
0 0.542021276596 0.138888888889 0.013829787234 0.0287356321839
0 0.551063829787 0.122605363985 0.0127659574468 0.0268199233716
0 0.575531914894 0.133141762452 0.0148936170213 0.0325670498084
0 0.589893617021 0.164750957854 0.013829787234 0.0344827586207
0 0.601063829787 0.140804597701 0.0170212765957 0.036398467433
0 0.626063829787 0.154214559387 0.018085106383 0.0325670498084
0 0.58829787234 0.111111111111 0.0127659574468 0.0268199233716
0 0.610638297872 0.0938697318008 0.0127659574468 0.0229885057471
0 0.605319148936 0.11877394636 0.0148936170213 0.0229885057471
0 0.631914893617 0.128352490421 0.0170212765957 0.0229885057471
0 0.639893617021 0.113026819923 0.0159574468085 0.0229885057471
0 0.631382978723 0.095785440613 0.00957446808511 0.0268199233716
0 0.660106382979 0.109195402299 0.0117021276596 0.0268199233716
0 0.667553191489 0.11877394636 0.0117021276596 0.0229885057471
0 0.679787234043 0.11877394636 0.0106382978723 0.0229885057471
0 0.690957446809 0.127394636015 0.013829787234 0.0325670498084
0 0.710638297872 0.122605363985 0.0106382978723 0.0306513409962
0 0.726063829787 0.13601532567 0.0159574468085 0.0344827586207
0 0.709042553191 0.155172413793 0.0159574468085 0.0344827586207
0 0.655319148936 0.14846743295 0.0212765957447 0.0325670498084
0 0.662234042553 0.186781609195 0.018085106383 0.036398467433
0 0.632978723404 0.197318007663 0.0212765957447 0.0498084291188
0 0.628191489362 0.248084291188 0.0223404255319 0.044061302682
0 0.669680851064 0.212643678161 0.0202127659574 0.0421455938697
0 0.676063829787 0.273946360153 0.0244680851064 0.0459770114943
0 0.684574468085 0.347701149425 0.0393617021277 0.0747126436782
0 0.756382978723 0.332375478927 0.0276595744681 0.0670498084291
0 0.724468085106 0.222222222222 0.0234042553191 0.0498084291188
0 0.701595744681 0.216475095785 0.0202127659574 0.0421455938697
0 0.743617021277 0.165708812261 0.0170212765957 0.036398467433
0 0.760106382979 0.121647509579 0.0159574468085 0.036398467433
0 0.768617021277 0.142720306513 0.013829787234 0.0325670498084
0 0.78829787234 0.13601532567 0.0127659574468 0.0344827586207
0 0.798936170213 0.149425287356 0.0148936170213 0.0344827586207
0 0.779255319149 0.180076628352 0.013829787234 0.0344827586207
0 0.793085106383 0.2030651341 0.018085106383 0.0421455938697
0 0.813829787234 0.193486590038 0.0191489361702 0.0383141762452
0 0.829255319149 0.175287356322 0.013829787234 0.036398467433
0 0.84414893617 0.153256704981 0.013829787234 0.0268199233716
0 0.843085106383 0.211685823755 0.013829787234 0.0402298850575
0 0.857978723404 0.20785440613 0.013829787234 0.044061302682
0 0.865425531915 0.175287356322 0.013829787234 0.0325670498084
0 0.880319148936 0.168582375479 0.0117021276596 0.0268199233716
0 0.88085106383 0.147509578544 0.0127659574468 0.0306513409962
0 0.892021276596 0.192528735632 0.0159574468085 0.036398467433
0 0.904255319149 0.182950191571 0.0127659574468 0.036398467433
0 0.912765957447 0.165708812261 0.0148936170213 0.0402298850575
0 0.941489361702 0.196360153257 0.0170212765957 0.036398467433
0 0.941489361702 0.170498084291 0.0127659574468 0.0306513409962
0 0.925 0.244252873563 0.0159574468085 0.044061302682
0 0.918085106383 0.325670498084 0.0255319148936 0.0689655172414
0 0.926595744681 0.2969348659 0.0234042553191 0.0459770114943
0 0.879787234043 0.268199233716 0.0276595744681 0.0613026819923
0 0.886170212766 0.223180076628 0.0191489361702 0.036398467433
0 0.851595744681 0.300766283525 0.0265957446809 0.0613026819923
0 0.812765957447 0.284482758621 0.0191489361702 0.0478927203065
0 0.830319148936 0.359195402299 0.0351063829787 0.0632183908046
0 0.792553191489 0.270114942529 0.0255319148936 0.0536398467433
