0 0.0392237819983 0.486638537271 0.0454170107349 0.0815752461322
0 0.23245251858 0.340365682138 0.0189925681255 0.0365682137834
0 0.259289843105 0.372011251758 0.0247729149463 0.0492264416315
0 0.287365813377 0.316455696203 0.0198183319571 0.0393811533052
0 0.29686209744 0.366385372714 0.0206440957886 0.0379746835443
0 0.336498761354 0.35864978903 0.0206440957886 0.042194092827
0 0.35549132948 0.331223628692 0.0156895127993 0.0351617440225
0 0.360033030553 0.293952180028 0.0165152766309 0.0337552742616
0 0.386457473163 0.342475386779 0.018166804294 0.0379746835443
0 0.413294797688 0.339662447257 0.0222956234517 0.0379746835443
0 0.452931461602 0.34317862166 0.0222956234517 0.0393811533052
0 0.434351775392 0.307313642757 0.0165152766309 0.0295358649789
0 0.409991742362 0.305203938115 0.0189925681255 0.0309423347398
0 0.40916597853 0.269338959212 0.0156895127993 0.0323488045007
0 0.393476465731 0.274964838256 0.0156895127993 0.0407876230661
0 0.450041288192 0.264416315049 0.0148637489678 0.0337552742616
0 0.435177539224 0.239099859353 0.0115606936416 0.0309423347398
0 0.47853014038 0.243319268636 0.0140379851363 0.028129395218
0 0.473162675475 0.275668073136 0.0165152766309 0.0309423347398
0 0.471098265896 0.321378340366 0.0222956234517 0.0379746835443
0 0.508257638315 0.318565400844 0.0206440957886 0.0351617440225
0 0.514450867052 0.269338959212 0.0148637489678 0.0267229254571
0 0.523947151115 0.272151898734 0.0140379851363 0.0323488045007
0 0.530966143683 0.253164556962 0.0115606936416 0.0253164556962
0 0.549958711808 0.251054852321 0.0165152766309 0.0267229254571
0 0.568125516102 0.279184247539 0.0165152766309 0.0379746835443
0 0.561106523534 0.231364275668 0.0173410404624 0.0267229254571
0 0.578034682081 0.225738396624 0.0148637489678 0.0295358649789
0 0.584227910818 0.262306610408 0.0173410404624 0.0323488045007
0 0.606523534269 0.245428973277 0.0140379851363 0.0210970464135
0 0.605697770438 0.225035161744 0.0140379851363 0.028129395218
0 0.613129644922 0.208860759494 0.0140379851363 0.0267229254571
0 0.630470685384 0.223628691983 0.0140379851363 0.028129395218
0 0.643682906689 0.229254571027 0.0140379851363 0.0253164556962
0 0.649463253509 0.246132208158 0.0156895127993 0.0225035161744
0 0.66597853014 0.220112517581 0.0140379851363 0.0239099859353
0 0.680429397192 0.23417721519 0.0148637489678 0.0267229254571
0 0.701899256813 0.222222222222 0.0132122213047 0.028129395218
0 0.707679603633 0.252461322082 0.0165152766309 0.0295358649789
0 0.679603633361 0.267932489451 0.0198183319571 0.0379746835443
0 0.695706028076 0.306610407876 0.0222956234517 0.042194092827
0 0.639966969447 0.308016877637 0.018166804294 0.0365682137834
0 0.649463253509 0.350210970464 0.0222956234517 0.0450070323488
0 0.601981833196 0.338959212377 0.0214698596201 0.042194092827
0 0.601156069364 0.386779184248 0.0297274979356 0.0478199718706
0 0.610239471511 0.426863572433 0.0330305532618 0.0661040787623
0 0.546655656482 0.409282700422 0.0297274979356 0.056258790436
0 0.536333608588 0.354430379747 0.027250206441 0.0450070323488
0 0.469033856317 0.414205344585 0.0330305532618 0.0576652601969
0 0.647811725846 0.457102672293 0.0338563170933 0.0646976090014
0 0.659785301404 0.37552742616 0.0264244426094 0.0478199718706
0 0.691577208918 0.367088607595 0.0206440957886 0.0450070323488
0 0.72460776218 0.415611814346 0.0322047894302 0.0661040787623
0 0.706853839802 0.481012658228 0.0363336085879 0.0787623066104
0 0.776218001652 0.424753867792 0.0297274979356 0.0646976090014
0 0.817506193229 0.362165963432 0.0231213872832 0.0464135021097
0 0.731213872832 0.290436005626 0.0189925681255 0.0379746835443
0 0.736581337737 0.254571026723 0.0198183319571 0.0393811533052
0 0.764244426094 0.266526019691 0.0189925681255 0.0379746835443
0 0.763005780347 0.231364275668 0.018166804294 0.0323488045007
0 0.786540049546 0.25035161744 0.0156895127993 0.0309423347398
0 0.799752270851 0.248241912799 0.0140379851363 0.0295358649789
0 0.824525185797 0.274261603376 0.0206440957886 0.0309423347398
0 0.78612716763 0.290436005626 0.0198183319571 0.0323488045007
0 0.821222130471 0.310829817159 0.0222956234517 0.0309423347398
0 0.841866226259 0.339662447257 0.0189925681255 0.0351617440225
0 0.844343517754 0.316455696203 0.0156895127993 0.0309423347398
0 0.856729975227 0.285513361463 0.0140379851363 0.0337552742616
0 0.848472336912 0.259493670886 0.0123864574732 0.0295358649789
0 0.879438480595 0.257383966245 0.0148637489678 0.0337552742616
0 0.900495458299 0.28129395218 0.0156895127993 0.0337552742616
0 0.884393063584 0.311533052039 0.0148637489678 0.0351617440225
0 0.882328654005 0.361462728551 0.0222956234517 0.0478199718706
0 0.867877786953 0.372011251758 0.0247729149463 0.0492264416315
0 0.852188274154 0.439521800281 0.0297274979356 0.0576652601969
0 0.83402146986 0.505625879044 0.0330305532618 0.0689170182841
0 0.917836498761 0.472573839662 0.0322047894302 0.0815752461322
0 0.912881915772 0.32841068917 0.0189925681255 0.0436005625879
0 0.924442609414 0.314345991561 0.0173410404624 0.0323488045007
0 0.93848059455 0.306610407876 0.0140379851363 0.0337552742616
0 0.943022295623 0.284106891702 0.0115606936416 0.0253164556962
0 0.948389760528 0.36005625879 0.0189925681255 0.042194092827
