0 0.132460732984 0.24208566108 0.0198952879581 0.0372439478585
0 0.222513089005 0.348230912477 0.0492146596859 0.0856610800745
0 0.257068062827 0.209497206704 0.0157068062827 0.0353817504655
0 0.274869109948 0.163873370577 0.0157068062827 0.0297951582868
0 0.33612565445 0.22905027933 0.020942408377 0.0372439478585
0 0.385863874346 0.230912476723 0.0219895287958 0.048417132216
0 0.410471204188 0.256983240223 0.0230366492147 0.0446927374302
0 0.353403141361 0.117318435754 0.013612565445 0.0260707635009
0 0.389528795812 0.118249534451 0.0167539267016 0.0316573556797
0 0.428795811518 0.169459962756 0.0157068062827 0.0372439478585
0 0.424083769634 0.220670391061 0.0188481675393 0.0353817504655
0 0.425130890052 0.148044692737 0.0146596858639 0.0204841713222
0 0.47277486911 0.179702048417 0.0240837696335 0.0391061452514
0 0.471727748691 0.206703910615 0.0198952879581 0.0335195530726
0 0.464397905759 0.098696461825 0.0157068062827 0.0297951582868
0 0.481151832461 0.148975791434 0.013612565445 0.0297951582868
0 0.496858638743 0.143389199255 0.0157068062827 0.0260707635009
0 0.512565445026 0.188081936685 0.0178010471204 0.0409683426443
0 0.510471204188 0.117318435754 0.013612565445 0.0297951582868
0 0.523560209424 0.124767225326 0.0125654450262 0.0223463687151
0 0.549738219895 0.119180633147 0.0146596858639 0.0260707635009
0 0.546073298429 0.185288640596 0.0261780104712 0.0428305400372
0 0.531413612565 0.332402234637 0.0450261780105 0.0614525139665
0 0.565445026178 0.282122905028 0.0272251308901 0.0428305400372
0 0.59109947644 0.116387337058 0.0198952879581 0.0353817504655
0 0.576963350785 0.0949720670391 0.020942408377 0.0409683426443
0 0.607853403141 0.112662942272 0.0115183246073 0.024208566108
0 0.621465968586 0.124767225326 0.013612565445 0.0297951582868
0 0.635602094241 0.096834264432 0.0146596858639 0.0260707635009
0 0.652879581152 0.0810055865922 0.0157068062827 0.0316573556797
0 0.660209424084 0.122905027933 0.0219895287958 0.0409683426443
0 0.619371727749 0.158286778399 0.0178010471204 0.0409683426443
0 0.619895287958 0.243016759777 0.0335078534031 0.0614525139665
0 0.671204188482 0.261638733706 0.0293193717277 0.0502793296089
0 0.681151832461 0.216945996276 0.0198952879581 0.0428305400372
0 0.710994764398 0.163873370577 0.0167539267016 0.0335195530726
0 0.691623036649 0.0754189944134 0.0157068062827 0.0279329608939
0 0.725654450262 0.0698324022346 0.0188481675393 0.0279329608939
0 0.708376963351 0.113594040968 0.0115183246073 0.0260707635009
0 0.73664921466 0.109869646182 0.0219895287958 0.0446927374302
0 0.758638743455 0.0856610800745 0.0178010471204 0.0409683426443
0 0.778534031414 0.096834264432 0.0157068062827 0.0372439478585
0 0.778534031414 0.148975791434 0.0198952879581 0.0372439478585
0 0.765445026178 0.248603351955 0.0230366492147 0.0502793296089
0 0.737172774869 0.259776536313 0.0251308900524 0.0577281191806
0 0.797905759162 0.186219739292 0.0230366492147 0.0595903165736
0 0.813089005236 0.122905027933 0.013612565445 0.0223463687151
0 0.842408376963 0.0949720670391 0.013612565445 0.0297951582868
0 0.833507853403 0.1052141527 0.0104712041885 0.024208566108
0 0.869109947644 0.109869646182 0.0167539267016 0.0335195530726
0 0.862303664921 0.170391061453 0.0178010471204 0.0316573556797
0 0.847120418848 0.215083798883 0.0272251308901 0.0614525139665
0 0.875392670157 0.238361266294 0.0230366492147 0.0521415270019
0 0.887958115183 0.216014897579 0.0146596858639 0.0335195530726
0 0.90942408377 0.108938547486 0.013612565445 0.0353817504655
0 0.950785340314 0.134078212291 0.0167539267016 0.0372439478585
0 0.968062827225 0.162942271881 0.0157068062827 0.0353817504655
0 0.974869109948 0.128491620112 0.0146596858639 0.0335195530726
0 0.930366492147 0.214152700186 0.0198952879581 0.0446927374302
0 0.922513089005 0.253258845438 0.020942408377 0.0446927374302
0 0.914659685864 0.324953445065 0.0240837696335 0.0614525139665
0 0.926701570681 0.295158286778 0.0251308900524 0.0502793296089
