0 0.178109854604 0.301542776999 0.0218093699515 0.0448807854137
0 0.241114701131 0.25175315568 0.0266558966074 0.054698457223
0 0.254846526656 0.269985974755 0.0234248788368 0.0406732117812
0 0.295234248788 0.229312762973 0.0250403877221 0.0490883590463
0 0.319466882068 0.236325385694 0.0266558966074 0.054698457223
0 0.339256865913 0.229312762973 0.0274636510501 0.0603085553997
0 0.365105008078 0.218793828892 0.0193861066236 0.0420757363254
0 0.322294022617 0.326086956522 0.0436187399031 0.0911640953717
0 0.435783521809 0.202664796634 0.0266558966074 0.0518934081346
0 0.445476575121 0.223001402525 0.0234248788368 0.0476858345021
0 0.464458804523 0.239831697055 0.0274636510501 0.0673211781206
0 0.505654281099 0.262973352034 0.0339256865913 0.0799438990182
0 0.546849757674 0.276297335203 0.0339256865913 0.0785413744741
0 0.615105008078 0.302945301543 0.0476575121163 0.0785413744741
