0 0.101019462465 0.399671052632 0.0352177942539 0.0756578947368
0 0.260426320667 0.28125 0.0185356811863 0.0328947368421
0 0.288693234476 0.259868421053 0.0139017608897 0.0328947368421
0 0.301204819277 0.263157894737 0.0203892493049 0.0361842105263
0 0.343836886006 0.268092105263 0.0185356811863 0.0328947368421
0 0.320667284523 0.222861842105 0.0129749768304 0.03125
0 0.345227062095 0.211348684211 0.0157553290083 0.03125
0 0.374884151993 0.222861842105 0.017608897127 0.0279605263158
0 0.430491195551 0.268914473684 0.0194624652456 0.0411184210526
0 0.417516218721 0.221217105263 0.0194624652456 0.0345394736842
0 0.379054680259 0.203947368421 0.0111214087118 0.0230263157895
0 0.382761816497 0.193256578947 0.0111214087118 0.0213815789474
0 0.410565338276 0.167763157895 0.0111214087118 0.0263157894737
0 0.424003707136 0.181743421053 0.0157553290083 0.0246710526316
0 0.465708989805 0.198190789474 0.0157553290083 0.0279605263158
0 0.453660797034 0.194901315789 0.0139017608897 0.03125
0 0.453197405005 0.166940789474 0.0129749768304 0.0279605263158
0 0.452270620945 0.142269736842 0.0129749768304 0.0246710526316
0 0.479610750695 0.162828947368 0.0139017608897 0.0263157894737
0 0.471733086191 0.144736842105 0.0111214087118 0.0263157894737
0 0.487488415199 0.132401315789 0.0111214087118 0.0246710526316
0 0.509267840593 0.194078947368 0.0139017608897 0.0230263157895
0 0.496756255792 0.228618421053 0.0203892493049 0.0361842105263
0 0.484708063021 0.294407894737 0.0278035217794 0.0460526315789
0 0.525949953661 0.135690789474 0.0157553290083 0.03125
0 0.547729379055 0.155427631579 0.0166821130677 0.03125
0 0.582020389249 0.153782894737 0.014828544949 0.0345394736842
0 0.545875810936 0.191611842105 0.0166821130677 0.03125
0 0.56765523633 0.111019736842 0.0120481927711 0.0213815789474
0 0.616311399444 0.139802631579 0.0129749768304 0.0263157894737
0 0.629286376274 0.124177631579 0.0111214087118 0.0246710526316
0 0.613531047266 0.120888157895 0.0111214087118 0.0213815789474
0 0.613067655236 0.0978618421053 0.0120481927711 0.0213815789474
0 0.639481000927 0.104440789474 0.0129749768304 0.0279605263158
0 0.59499536608 0.115953947368 0.014828544949 0.0213815789474
0 0.669138090825 0.120888157895 0.0129749768304 0.0279605263158
0 0.685820203892 0.136513157895 0.0129749768304 0.0230263157895
0 0.704355885079 0.134868421053 0.0129749768304 0.0296052631579
0 0.691380908248 0.100328947368 0.0111214087118 0.0263157894737
0 0.646895273401 0.170230263158 0.0166821130677 0.0279605263158
0 0.64828544949 0.208059210526 0.0157553290083 0.0378289473684
0 0.607043558851 0.212171052632 0.0222428174235 0.0328947368421
0 0.60843373494 0.253289473684 0.0231696014829 0.0427631578947
0 0.560240963855 0.291118421053 0.0250231696015 0.0493421052632
0 0.563021316033 0.244243421053 0.0213160333642 0.0411184210526
0 0.598239110287 0.335526315789 0.0287303058387 0.0559210526316
0 0.668674698795 0.34375 0.0250231696015 0.0592105263158
0 0.707136237257 0.288651315789 0.0240963855422 0.0476973684211
0 0.672845227062 0.239309210526 0.0185356811863 0.0411184210526
0 0.700185356812 0.209703947368 0.017608897127 0.0411184210526
0 0.686746987952 0.179276315789 0.0129749768304 0.0296052631579
0 0.727525486562 0.152960526316 0.014828544949 0.0296052631579
0 0.74328081557 0.180921052632 0.014828544949 0.0296052631579
0 0.748841519926 0.235197368421 0.0185356811863 0.0526315789474
0 0.777108433735 0.283717105263 0.0231696014829 0.0575657894737
0 0.861445783133 0.215460526316 0.017608897127 0.0361842105263
0 0.923076923077 0.265625 0.0185356811863 0.0411184210526
0 0.873030583874 0.194078947368 0.014828544949 0.0263157894737
0 0.846617238184 0.189144736842 0.0120481927711 0.0328947368421
0 0.846153846154 0.154605263158 0.014828544949 0.0296052631579
0 0.863299351251 0.148026315789 0.0120481927711 0.0263157894737
0 0.862372567192 0.124177631579 0.0101946246525 0.0246710526316
0 0.889712696942 0.125822368421 0.00926784059314 0.0246710526316
0 0.886468952734 0.179276315789 0.0139017608897 0.0230263157895
0 0.886932344764 0.155427631579 0.014828544949 0.0246710526316
0 0.925857275255 0.162006578947 0.014828544949 0.0378289473684
0 0.79749768304 0.174342105263 0.017608897127 0.0361842105263
0 0.807692307692 0.15625 0.0120481927711 0.0296052631579
0 0.827154772938 0.135690789474 0.0139017608897 0.03125
0 0.806765523633 0.128289473684 0.0120481927711 0.0263157894737
0 0.790083410565 0.131578947368 0.0120481927711 0.0263157894737
0 0.776645041705 0.116776315789 0.014828544949 0.0263157894737
0 0.751621872104 0.152960526316 0.014828544949 0.0296052631579
0 0.740500463392 0.141447368421 0.014828544949 0.0263157894737
0 0.753938832252 0.125822368421 0.0120481927711 0.0246710526316
0 0.748841519926 0.102796052632 0.0129749768304 0.0246710526316
0 0.732622798888 0.110197368421 0.0120481927711 0.0328947368421
