0 0.206708975521 0.487281399046 0.0507706255666 0.0906200317965
0 0.286491387126 0.471383147854 0.0471441523119 0.093799682035
0 0.310063463282 0.227344992051 0.0199456029012 0.0349761526232
0 0.344514959202 0.178855325914 0.0235720761559 0.0492845786963
0 0.38939256573 0.113672496025 0.0154125113327 0.033386327504
0 0.426110607434 0.168521462639 0.0163191296464 0.0413354531002
0 0.441976427924 0.178060413355 0.0226654578422 0.0349761526232
0 0.436536718042 0.155007949126 0.0172257479601 0.027027027027
0 0.485494106981 0.160572337043 0.0190389845875 0.0349761526232
0 0.520852221215 0.14546899841 0.0154125113327 0.027027027027
0 0.537624660018 0.159777424483 0.0181323662738 0.0429252782194
0 0.569809610154 0.158982511924 0.0154125113327 0.0349761526232
0 0.611514052584 0.0492845786963 0.0135992747053 0.0349761526232
0 0.732547597461 0.118441971383 0.0217588395286 0.0365659777424
