0 0.0524118738404 0.412353923205 0.0343228200371 0.0667779632721
0 0.250927643785 0.267946577629 0.0139146567718 0.0350584307179
0 0.28107606679 0.264607679466 0.0185528756957 0.0283806343907
0 0.319573283859 0.245409015025 0.0157699443414 0.0300500834725
0 0.334879406308 0.217028380634 0.0166975881262 0.0300500834725
0 0.363172541744 0.222871452421 0.0213358070501 0.0350584307179
0 0.363636363636 0.187813021703 0.0185528756957 0.0350584307179
0 0.391001855288 0.186978297162 0.0176252319109 0.0333889816361
0 0.411410018553 0.193656093489 0.0139146567718 0.0367278797997
0 0.398886827458 0.285475792988 0.0296846011132 0.0434056761269
0 0.360853432282 0.262938230384 0.0222634508349 0.0283806343907
0 0.340445269017 0.25959933222 0.0204081632653 0.0350584307179
0 0.439703153989 0.227879799666 0.0222634508349 0.0317195325543
0 0.473562152134 0.232888146912 0.0194805194805 0.0317195325543
0 0.463821892393 0.150250417362 0.0166975881262 0.0200333889816
0 0.49025974026 0.128547579299 0.0157699443414 0.0267111853088
0 0.522263450835 0.21285475793 0.0185528756957 0.0484140233723
0 0.493042671614 0.198664440735 0.0194805194805 0.0300500834725
0 0.56586270872 0.242904841402 0.025974025974 0.0550918196995
0 0.574211502783 0.171953255426 0.0204081632653 0.0333889816361
0 0.544063079777 0.165275459098 0.0176252319109 0.0300500834725
0 0.499072356215 0.302170283806 0.0296846011132 0.0500834724541
0 0.541280148423 0.307178631052 0.0231910946197 0.0601001669449
0 0.611781076067 0.311352253756 0.0361781076067 0.0517529215359
0 0.614100185529 0.266277128548 0.0222634508349 0.0417362270451
0 0.63172541744 0.200333889816 0.0166975881262 0.0333889816361
0 0.668831168831 0.257929883139 0.0278293135436 0.0417362270451
0 0.69758812616 0.289649415693 0.025974025974 0.0484140233723
0 0.665584415584 0.207846410684 0.0194805194805 0.0383973288815
0 0.689703153989 0.219532554257 0.0231910946197 0.0417362270451
0 0.700834879406 0.180300500835 0.0194805194805 0.0367278797997
0 0.71706864564 0.163606010017 0.0204081632653 0.0367278797997
0 0.750463821892 0.238731218698 0.0222634508349 0.0400667779633
0 0.790816326531 0.262103505843 0.0269016697588 0.0534223706177
0 0.83719851577 0.325542570952 0.0250463821892 0.0567612687813
0 0.857142857143 0.267111853088 0.0204081632653 0.0500834724541
0 0.921150278293 0.272120200334 0.0241187384045 0.0434056761269
0 0.907699443414 0.225375626043 0.0157699443414 0.0367278797997
0 0.82560296846 0.22203672788 0.0222634508349 0.0400667779633
0 0.776901669759 0.192821368948 0.0194805194805 0.0383973288815
0 0.752782931354 0.164440734558 0.0194805194805 0.0283806343907
0 0.736549165121 0.205342237062 0.0241187384045 0.0300500834725
0 0.738868274583 0.117696160267 0.0139146567718 0.0217028380634
0 0.788497217069 0.150250417362 0.0204081632653 0.0300500834725
0 0.807977736549 0.127712854758 0.0204081632653 0.0217028380634
0 0.833487940631 0.144407345576 0.0157699443414 0.0283806343907
0 0.834879406308 0.183639398998 0.0185528756957 0.0434056761269
0 0.862708719852 0.156928213689 0.0111317254174 0.0400667779633
0 0.894712430427 0.150250417362 0.0120593692022 0.0300500834725
0 0.88961038961 0.204507512521 0.0111317254174 0.0383973288815
0 0.642393320965 0.14774624374 0.0176252319109 0.0217028380634
0 0.679035250464 0.112687813022 0.012987012987 0.0283806343907
0 0.690630797774 0.14774624374 0.0120593692022 0.025041736227
0 0.670222634508 0.173622704508 0.0176252319109 0.0200333889816
0 0.588126159555 0.13856427379 0.0166975881262 0.0233722871452
0 0.560760667904 0.133555926544 0.0157699443414 0.0233722871452
0 0.612244897959 0.143572621035 0.0166975881262 0.0267111853088
0 0.639146567718 0.119365609349 0.012987012987 0.0217028380634
0 0.613172541744 0.116026711185 0.012987012987 0.0183639398998
0 0.764842300557 0.136894824708 0.0139146567718 0.0233722871452
