0 0.211363636364 0.456730769231 0.0372727272727 0.0833333333333
0 0.276363636364 0.255608974359 0.0236363636364 0.0528846153846
0 0.333636363636 0.148237179487 0.0181818181818 0.0336538461538
0 0.403636363636 0.111378205128 0.0145454545455 0.0304487179487
0 0.42 0.148237179487 0.0127272727273 0.0272435897436
0 0.445 0.16266025641 0.0154545454545 0.0336538461538
0 0.469090909091 0.171474358974 0.0181818181818 0.0384615384615
0 0.489090909091 0.140224358974 0.0127272727273 0.0272435897436
0 0.514545454545 0.141025641026 0.0127272727273 0.0288461538462
0 0.535 0.151442307692 0.0136363636364 0.0304487179487
0 0.562272727273 0.148237179487 0.0154545454545 0.0304487179487
0 0.761363636364 0.107371794872 0.0172727272727 0.0352564102564
