0 0.202519379845 0.35553633218 0.046511627907 0.0847750865052
0 0.292151162791 0.22491349481 0.0222868217054 0.038062283737
0 0.329941860465 0.235294117647 0.0203488372093 0.0415224913495
0 0.332848837209 0.212802768166 0.0164728682171 0.0311418685121
0 0.352228682171 0.19723183391 0.0145348837209 0.0311418685121
0 0.347868217054 0.177335640138 0.0135658914729 0.0294117647059
0 0.37742248062 0.198096885813 0.0164728682171 0.0363321799308
0 0.358527131783 0.245674740484 0.0213178294574 0.0415224913495
0 0.37984496124 0.248269896194 0.0193798449612 0.0363321799308
0 0.416182170543 0.241349480969 0.0242248062016 0.0432525951557
0 0.411821705426 0.217993079585 0.0193798449612 0.0311418685121
0 0.398255813953 0.191176470588 0.0174418604651 0.0328719723183
0 0.424903100775 0.145328719723 0.0106589147287 0.0242214532872
0 0.436531007752 0.166955017301 0.0164728682171 0.0259515570934
0 0.448158914729 0.147923875433 0.0145348837209 0.0294117647059
0 0.466085271318 0.164359861592 0.0174418604651 0.0346020761246
0 0.469476744186 0.136678200692 0.0106589147287 0.0242214532872
0 0.481589147287 0.175605536332 0.015503875969 0.0328719723183
0 0.451550387597 0.217993079585 0.0213178294574 0.038062283737
0 0.479651162791 0.226643598616 0.0193798449612 0.0415224913495
0 0.492248062016 0.149653979239 0.0174418604651 0.0328719723183
0 0.492248062016 0.13062283737 0.0135658914729 0.022491349481
0 0.501937984496 0.115916955017 0.015503875969 0.0311418685121
0 0.510174418605 0.140138408304 0.0145348837209 0.0311418685121
0 0.524224806202 0.124567474048 0.0135658914729 0.0311418685121
0 0.532945736434 0.178200692042 0.015503875969 0.0346020761246
0 0.496124031008 0.282871972318 0.0271317829457 0.060553633218
0 0.547965116279 0.294117647059 0.031976744186 0.0657439446367
0 0.566375968992 0.233564013841 0.0242248062016 0.0449826989619
0 0.556686046512 0.176470588235 0.0164728682171 0.0311418685121
0 0.552810077519 0.155709342561 0.0145348837209 0.0311418685121
0 0.565406976744 0.150519031142 0.0125968992248 0.0346020761246
0 0.583817829457 0.166089965398 0.0184108527132 0.038062283737
0 0.546996124031 0.145328719723 0.0106589147287 0.0242214532872
0 0.548934108527 0.125432525952 0.0145348837209 0.0259515570934
0 0.583333333333 0.11678200692 0.0116279069767 0.0328719723183
0 0.59496124031 0.13321799308 0.0135658914729 0.0311418685121
0 0.618217054264 0.163494809689 0.0174418604651 0.0328719723183
0 0.623546511628 0.125432525952 0.0125968992248 0.0294117647059
0 0.606589147287 0.113321799308 0.0135658914729 0.0294117647059
0 0.637596899225 0.104671280277 0.0116279069767 0.0259515570934
0 0.646317829457 0.132352941176 0.0135658914729 0.0328719723183
0 0.652131782946 0.118512110727 0.0135658914729 0.022491349481
0 0.664244186047 0.103806228374 0.00872093023256 0.0242214532872
0 0.682170542636 0.117647058824 0.0116279069767 0.0242214532872
0 0.687984496124 0.100346020761 0.0135658914729 0.0207612456747
0 0.612403100775 0.242214532872 0.0232558139535 0.0484429065744
0 0.618217054264 0.22491349481 0.0193798449612 0.0346020761246
0 0.611434108527 0.320934256055 0.0290697674419 0.0570934256055
0 0.703488372093 0.31401384083 0.0290697674419 0.060553633218
0 0.686531007752 0.245674740484 0.0222868217054 0.0553633217993
0 0.670542635659 0.179930795848 0.0193798449612 0.0415224913495
0 0.696705426357 0.157439446367 0.015503875969 0.0311418685121
0 0.713662790698 0.178200692042 0.0184108527132 0.0415224913495
0 0.71753875969 0.110726643599 0.0106589147287 0.0276816608997
0 0.747093023256 0.134948096886 0.015503875969 0.0346020761246
0 0.769864341085 0.156574394464 0.0145348837209 0.0328719723183
0 0.757751937984 0.185121107266 0.0174418604651 0.038062283737
0 0.71753875969 0.231833910035 0.0242248062016 0.0484429065744
0 0.728197674419 0.194636678201 0.0164728682171 0.0397923875433
0 0.759205426357 0.272491349481 0.0222868217054 0.0501730103806
0 0.731589147287 0.286332179931 0.0251937984496 0.0536332179931
0 0.751453488372 0.368512110727 0.0339147286822 0.0657439446367
0 0.77761627907 0.310553633218 0.0261627906977 0.0536332179931
0 0.812015503876 0.282871972318 0.0232558139535 0.060553633218
0 0.832848837209 0.307093425606 0.0261627906977 0.0640138408304
0 0.800872093023 0.218858131488 0.0184108527132 0.0432525951557
0 0.791666666667 0.17214532872 0.0174418604651 0.0363321799308
0 0.873062015504 0.260380622837 0.0193798449612 0.0501730103806
0 0.876453488372 0.22491349481 0.0184108527132 0.0484429065744
0 0.917635658915 0.33044982699 0.0232558139535 0.0588235294118
0 0.919573643411 0.288062283737 0.0213178294574 0.0501730103806
0 0.894864341085 0.414359861592 0.0377906976744 0.0778546712803
0 0.815891472868 0.39446366782 0.0387596899225 0.076124567474
0 0.929263565891 0.21107266436 0.0135658914729 0.038062283737
