0 0.046522556391 0.400332225914 0.0328947368421 0.0697674418605
0 0.251879699248 0.281561461794 0.0131578947368 0.031561461794
0 0.285714285714 0.263289036545 0.0112781954887 0.0282392026578
0 0.294642857143 0.259966777409 0.015977443609 0.0382059800664
0 0.31015037594 0.217607973422 0.015037593985 0.0332225913621
0 0.345864661654 0.218438538206 0.0169172932331 0.0348837209302
0 0.368890977444 0.213455149502 0.015977443609 0.0348837209302
0 0.381109022556 0.199335548173 0.0140977443609 0.0299003322259
0 0.406954887218 0.174418604651 0.0131578947368 0.0265780730897
0 0.426691729323 0.179401993355 0.015037593985 0.0365448504983
0 0.452537593985 0.142857142857 0.0122180451128 0.0232558139535
0 0.483082706767 0.132059800664 0.015037593985 0.0249169435216
0 0.473684210526 0.166943521595 0.0169172932331 0.031561461794
0 0.422932330827 0.21511627907 0.015037593985 0.031561461794
0 0.343045112782 0.264950166113 0.0187969924812 0.0415282392027
0 0.400845864662 0.293189368771 0.0253759398496 0.0415282392027
0 0.461936090226 0.218438538206 0.0140977443609 0.0448504983389
0 0.535244360902 0.135382059801 0.015977443609 0.0415282392027
0 0.488251879699 0.199335548173 0.015977443609 0.0332225913621
0 0.481203007519 0.222591362126 0.0169172932331 0.0398671096346
0 0.565789473684 0.114617940199 0.0093984962406 0.0265780730897
0 0.590695488722 0.103820598007 0.0122180451128 0.0282392026578
0 0.562969924812 0.148671096346 0.0187969924812 0.0348837209302
0 0.537593984962 0.170265780731 0.0244360902256 0.0415282392027
0 0.546992481203 0.202657807309 0.0187969924812 0.0431893687708
0 0.475563909774 0.303156146179 0.0263157894737 0.0548172757475
0 0.584116541353 0.15365448505 0.0178571428571 0.0382059800664
0 0.608082706767 0.110465116279 0.015037593985 0.0348837209302
0 0.625 0.0980066445183 0.0131578947368 0.0265780730897
0 0.559680451128 0.294850498339 0.0272556390977 0.0514950166113
0 0.559210526316 0.243355481728 0.0263157894737 0.0514950166113
0 0.614661654135 0.199335548173 0.0187969924812 0.0398671096346
0 0.609962406015 0.253322259136 0.0281954887218 0.0514950166113
0 0.621710526316 0.141196013289 0.0178571428571 0.0299003322259
0 0.638157894737 0.103820598007 0.0093984962406 0.0215946843854
0 0.668703007519 0.124584717608 0.0122180451128 0.0299003322259
0 0.702537593985 0.0980066445183 0.0122180451128 0.0299003322259
0 0.660244360902 0.203488372093 0.0178571428571 0.0382059800664
0 0.65507518797 0.18023255814 0.0187969924812 0.0348837209302
0 0.705357142857 0.141196013289 0.0178571428571 0.0365448504983
0 0.675751879699 0.154485049834 0.0187969924812 0.0398671096346
0 0.703477443609 0.18023255814 0.0216165413534 0.031561461794
0 0.708646616541 0.217607973422 0.0244360902256 0.0398671096346
0 0.65977443609 0.24584717608 0.0187969924812 0.0431893687708
0 0.676221804511 0.327242524917 0.0291353383459 0.0598006644518
0 0.71757518797 0.294019933555 0.0234962406015 0.0564784053156
0 0.738251879699 0.122093023256 0.0140977443609 0.0348837209302
0 0.74765037594 0.121262458472 0.0197368421053 0.0365448504983
0 0.732612781955 0.162790697674 0.015977443609 0.0398671096346
0 0.74765037594 0.182724252492 0.0178571428571 0.0431893687708
0 0.766917293233 0.12707641196 0.015037593985 0.0415282392027
0 0.785244360902 0.124584717608 0.015977443609 0.046511627907
0 0.795582706767 0.136212624585 0.015977443609 0.0398671096346
0 0.808740601504 0.128737541528 0.0122180451128 0.031561461794
0 0.759398496241 0.159468438538 0.0187969924812 0.0365448504983
0 0.774436090226 0.218438538206 0.0169172932331 0.0415282392027
0 0.779135338346 0.28488372093 0.0263157894737 0.0481727574751
0 0.797932330827 0.175249169435 0.0169172932331 0.0382059800664
0 0.829417293233 0.143687707641 0.0197368421053 0.0415282392027
0 0.843515037594 0.179401993355 0.0140977443609 0.0365448504983
0 0.851503759398 0.14950166113 0.0131578947368 0.046511627907
0 0.861842105263 0.150332225914 0.0225563909774 0.0448504983389
0 0.87030075188 0.12707641196 0.0112781954887 0.0348837209302
0 0.895676691729 0.130398671096 0.0131578947368 0.031561461794
0 0.869360902256 0.22342192691 0.015037593985 0.0415282392027
0 0.887687969925 0.202657807309 0.0216165413534 0.0431893687708
0 0.93045112782 0.156146179402 0.0131578947368 0.0332225913621
0 0.923402255639 0.1926910299 0.0122180451128 0.0332225913621
0 0.920112781955 0.272425249169 0.0187969924812 0.0431893687708
0 0.518327067669 0.170265780731 0.0197368421053 0.0382059800664
0 0.538063909774 0.241694352159 0.0178571428571 0.0382059800664
0 0.456766917293 0.171926910299 0.0169172932331 0.0348837209302
0 0.472744360902 0.193521594684 0.0187969924812 0.0415282392027
0 0.609022556391 0.326411960133 0.031954887218 0.0614617940199
0 0.889097744361 0.167774086379 0.015037593985 0.0398671096346
0 0.8125 0.166112956811 0.015977443609 0.0398671096346
