0 0.0559080095163 0.453781512605 0.035685963521 0.078431372549
0 0.230769230769 0.336834733894 0.0158604282316 0.0378151260504
0 0.252973830293 0.364845938375 0.0174464710547 0.046218487395
0 0.290642347343 0.359243697479 0.0198255352895 0.0434173669468
0 0.286677240285 0.301120448179 0.01506740682 0.0392156862745
0 0.328707375099 0.352240896359 0.0229976209358 0.046218487395
0 0.347343378271 0.327731092437 0.0190325138779 0.0336134453782
0 0.3493259318 0.292016806723 0.0166534496431 0.0378151260504
0 0.375892149088 0.330532212885 0.0190325138779 0.0392156862745
0 0.381839809675 0.267507002801 0.0166534496431 0.03081232493
0 0.403647898493 0.296218487395 0.0142743854084 0.0350140056022
0 0.400872323553 0.268207282913 0.0134813639968 0.0322128851541
0 0.402854877082 0.338235294118 0.0222045995242 0.0406162464986
0 0.425059476606 0.303921568627 0.0174464710547 0.0364145658263
0 0.440523394132 0.340336134454 0.0198255352895 0.0392156862745
0 0.464710547185 0.306722689076 0.0174464710547 0.0364145658263
0 0.423076923077 0.238795518207 0.0134813639968 0.0294117647059
0 0.436558287074 0.261204481793 0.0134813639968 0.0322128851541
0 0.46233148295 0.235994397759 0.0126883425852 0.0294117647059
0 0.465900079302 0.264705882353 0.01506740682 0.0364145658263
0 0.497620935765 0.264705882353 0.0103092783505 0.0280112044818
0 0.509516256939 0.273109243697 0.0166534496431 0.0364145658263
0 0.492069785884 0.313725490196 0.01506740682 0.0336134453782
0 0.455194290246 0.40756302521 0.0269627279937 0.0560224089636
0 0.516256938937 0.252100840336 0.0142743854084 0.0364145658263
0 0.534892942109 0.245798319328 0.0134813639968 0.0294117647059
0 0.545995241872 0.226890756303 0.0118953211737 0.0280112044818
0 0.559476605868 0.221288515406 0.0134813639968 0.0280112044818
0 0.561459159397 0.244397759104 0.0111022997621 0.0266106442577
0 0.567010309278 0.256302521008 0.0142743854084 0.0364145658263
0 0.551149881047 0.275910364146 0.0158604282316 0.0336134453782
0 0.584456780333 0.248599439776 0.0142743854084 0.0294117647059
0 0.587628865979 0.22268907563 0.0126883425852 0.0280112044818
0 0.597541633624 0.207983193277 0.0134813639968 0.0294117647059
0 0.610626486915 0.217787114846 0.0111022997621 0.0322128851541
0 0.624900872324 0.227591036415 0.0142743854084 0.0350140056022
0 0.629659000793 0.245798319328 0.0158604282316 0.0350140056022
0 0.646312450436 0.219887955182 0.0111022997621 0.0280112044818
0 0.657811260904 0.227591036415 0.0134813639968 0.0322128851541
0 0.676447264076 0.221988795518 0.0142743854084 0.0322128851541
0 0.683980967486 0.24649859944 0.0134813639968 0.0336134453782
0 0.657811260904 0.264005602241 0.0182394924663 0.0350140056022
0 0.673671689136 0.301820728291 0.0182394924663 0.0378151260504
0 0.62053925456 0.305322128852 0.0182394924663 0.0364145658263
0 0.629262490087 0.343837535014 0.0182394924663 0.0434173669468
0 0.642347343378 0.362745098039 0.0253766851705 0.0532212885154
0 0.674068199841 0.350840336134 0.020618556701 0.0490196078431
0 0.70340999207 0.410364145658 0.0237906423473 0.0560224089636
0 0.583663758921 0.336834733894 0.0237906423473 0.0434173669468
0 0.58287073751 0.391456582633 0.0237906423473 0.0574229691877
0 0.586439333862 0.427170868347 0.0277557494052 0.0672268907563
0 0.623711340206 0.460084033613 0.0340999206979 0.0658263305322
0 0.694290245837 0.47268907563 0.0436161776368 0.0658263305322
0 0.753766851705 0.440476190476 0.0309278350515 0.0602240896359
0 0.825138778747 0.43837535014 0.0293417922284 0.0560224089636
0 0.807295796987 0.493697478992 0.0348929421094 0.063025210084
0 0.714908802538 0.254201680672 0.0166534496431 0.0378151260504
0 0.72125297383 0.245798319328 0.0134813639968 0.0322128851541
0 0.738699444885 0.22619047619 0.0134813639968 0.0322128851541
0 0.706978588422 0.283613445378 0.0166534496431 0.0322128851541
0 0.762093576527 0.242296918768 0.0126883425852 0.0280112044818
0 0.7739888977 0.245098039216 0.0158604282316 0.0364145658263
0 0.762490087232 0.287114845938 0.0182394924663 0.0392156862745
0 0.799762093577 0.268907563025 0.0166534496431 0.0336134453782
0 0.819984139572 0.254201680672 0.0142743854084 0.0322128851541
0 0.827517842982 0.280112044818 0.01506740682 0.0336134453782
0 0.833465503569 0.268207282913 0.0126883425852 0.0322128851541
0 0.850515463918 0.256302521008 0.0118953211737 0.03081232493
0 0.869547977795 0.276610644258 0.01506740682 0.0350140056022
0 0.892545598731 0.310224089636 0.01506740682 0.0350140056022
0 0.907216494845 0.302521008403 0.0142743854084 0.0336134453782
0 0.911578112609 0.281512605042 0.0134813639968 0.0336134453782
0 0.798176050753 0.305322128852 0.0198255352895 0.0420168067227
0 0.817208564631 0.31162464986 0.0198255352895 0.0406162464986
0 0.856066613799 0.308823529412 0.0166534496431 0.0406162464986
0 0.883029341792 0.323529411765 0.0182394924663 0.0364145658263
0 0.913560666138 0.356442577031 0.0190325138779 0.0434173669468
0 0.852498017446 0.353641456583 0.0222045995242 0.0490196078431
0 0.816019032514 0.335434173669 0.0222045995242 0.0434173669468
0 0.837430610626 0.367647058824 0.0237906423473 0.0546218487395
0 0.790245836638 0.357142857143 0.0245836637589 0.0448179271709
0 0.886201427439 0.460784313725 0.0261697065821 0.0672268907563
0 0.531720856463 0.398459383754 0.0277557494052 0.0490196078431
0 0.524187153053 0.350140056022 0.0237906423473 0.0420168067227
