0 0.260504201681 0.459703947368 0.0485527544351 0.0970394736842
0 0.208216619981 0.457236842105 0.0485527544351 0.0953947368421
0 0.309990662932 0.297697368421 0.0242763772176 0.0361842105263
0 0.364612511671 0.265625 0.0270774976657 0.0509868421053
0 0.423902894491 0.278782894737 0.0280112044818 0.0444078947368
0 0.475256769374 0.331414473684 0.0224089635854 0.0542763157895
0 0.417833800187 0.231085526316 0.0196078431373 0.0345394736842
0 0.445378151261 0.229440789474 0.0168067226891 0.03125
0 0.449112978525 0.189144736842 0.0130718954248 0.0328947368421
0 0.482259570495 0.199835526316 0.0196078431373 0.0345394736842
0 0.466386554622 0.152138157895 0.0140056022409 0.0246710526316
0 0.483193277311 0.148026315789 0.0121381886088 0.0230263157895
0 0.526610644258 0.148026315789 0.0224089635854 0.0328947368421
0 0.551353874883 0.148026315789 0.015873015873 0.0328947368421
0 0.584500466853 0.143914473684 0.014939309057 0.03125
0 0.540149393091 0.200657894737 0.0233426704015 0.0361842105263
0 0.655929038282 0.254111842105 0.0289449112979 0.0476973684211
0 0.713818860878 0.286184210526 0.03081232493 0.0493421052632
0 0.767507002801 0.292763157895 0.0261437908497 0.0526315789474
0 0.880952380952 0.217927631579 0.0177404295051 0.0476973684211
0 0.797385620915 0.182565789474 0.0186741363212 0.0427631578947
0 0.757236227824 0.117598684211 0.0186741363212 0.0279605263158
0 0.806722689076 0.124177631579 0.0130718954248 0.03125
0 0.698412698413 0.152138157895 0.0186741363212 0.0411184210526
0 0.710550887021 0.147203947368 0.0186741363212 0.03125
0 0.742763772176 0.143092105263 0.015873015873 0.0361842105263
0 0.472455648926 0.191611842105 0.014939309057 0.0345394736842
