0 0.0556213017751 0.255296610169 0.0189349112426 0.0360169491525
0 0.0781065088757 0.238347457627 0.0165680473373 0.0275423728814
0 0.162721893491 0.305084745763 0.0366863905325 0.0889830508475
0 0.166863905325 0.450211864407 0.0378698224852 0.0868644067797
0 0.333136094675 0.154661016949 0.0201183431953 0.0296610169492
0 0.528402366864 0.151483050847 0.0224852071006 0.0487288135593
0 0.462721893491 0.173728813559 0.0213017751479 0.0381355932203
0 0.62899408284 0.201271186441 0.0248520710059 0.0550847457627
0 0.565088757396 0.0593220338983 0.0130177514793 0.0254237288136
0 0.592307692308 0.0603813559322 0.0130177514793 0.0275423728814
0 0.613017751479 0.0635593220339 0.0165680473373 0.0254237288136
0 0.74201183432 0.0762711864407 0.014201183432 0.0338983050847
0 0.798224852071 0.0963983050847 0.0153846153846 0.0360169491525
0 0.907100591716 0.16843220339 0.0130177514793 0.0317796610169
0 0.938461538462 0.190677966102 0.0118343195266 0.0296610169492
0 0.927810650888 0.238347457627 0.0189349112426 0.0360169491525
0 0.930177514793 0.172669491525 0.00710059171598 0.0233050847458
