0 0.200476190476 0.452782462057 0.0428571428571 0.0893760539629
0 0.491904761905 0.192242833052 0.0180952380952 0.0370994940978
0 0.524761904762 0.182967959528 0.0228571428571 0.0387858347386
0 0.544285714286 0.102023608769 0.0180952380952 0.0286677908938
0 0.719047619048 0.174536256324 0.0171428571429 0.0320404721754
0 0.755238095238 0.169477234401 0.0190476190476 0.0320404721754
0 0.804285714286 0.182124789207 0.02 0.0337268128162
0 0.812857142857 0.174536256324 0.0161904761905 0.0387858347386
0 0.851904761905 0.186340640809 0.0180952380952 0.0320404721754
0 0.89380952381 0.289207419899 0.0219047619048 0.0522765598651
0 0.956666666667 0.244519392917 0.0161904761905 0.0370994940978
