0 0.185149469624 0.33595113438 0.046287367406 0.0924956369983
0 0.378495660559 0.198952879581 0.0183220829315 0.0418848167539
0 0.381870781099 0.174520069808 0.0192864030858 0.0314136125654
0 0.4156219865 0.215532286213 0.0212150433944 0.043630017452
0 0.390067502411 0.272251308901 0.0260366441659 0.0453752181501
0 0.423818707811 0.184991273997 0.0241080038573 0.0349040139616
0 0.481195756991 0.183246073298 0.0270009643202 0.0453752181501
0 0.479267116683 0.156195462478 0.0173577627772 0.0366492146597
0 0.457087753134 0.227748691099 0.0212150433944 0.0401396160558
0 0.517357762777 0.197207678883 0.0241080038573 0.0523560209424
0 0.537608486017 0.197207678883 0.0202507232401 0.0418848167539
0 0.553519768563 0.0706806282723 0.0135004821601 0.0296684118674
0 0.578592092575 0.126527050611 0.0154291224687 0.0331588132635
0 0.622468659595 0.153577661431 0.0241080038573 0.0488656195462
0 0.606075216972 0.246945898778 0.0221793635487 0.0471204188482
0 0.637415621986 0.246945898778 0.0289296046287 0.0610820244328
0 0.626325940212 0.309773123909 0.0337512054002 0.0680628272251
0 0.733847637416 0.293193717277 0.0308582449373 0.0663176265271
0 0.685631629701 0.1815008726 0.0173577627772 0.0383944153578
0 0.710703953713 0.160558464223 0.0192864030858 0.0383944153578
0 0.711668273867 0.202443280977 0.0173577627772 0.0418848167539
0 0.744455159113 0.170157068063 0.0192864030858 0.0331588132635
0 0.755544840887 0.147469458988 0.016393442623 0.0331588132635
0 0.78206364513 0.144851657941 0.0192864030858 0.0383944153578
0 0.769527483124 0.175392670157 0.0173577627772 0.0366492146597
0 0.783992285439 0.184991273997 0.0154291224687 0.0314136125654
0 0.801832208293 0.173647469459 0.0125361620058 0.0366492146597
0 0.806171648987 0.219895287958 0.0250723240116 0.0488656195462
0 0.754580520733 0.206806282723 0.0202507232401 0.043630017452
0 0.837994214079 0.275741710297 0.0250723240116 0.0523560209424
0 0.875602700096 0.288830715532 0.0289296046287 0.0575916230366
0 0.915139826422 0.291448516579 0.0250723240116 0.0523560209424
0 0.918514946962 0.21815008726 0.0183220829315 0.0418848167539
0 0.941176470588 0.240837696335 0.0192864030858 0.0418848167539
0 0.946480231437 0.212041884817 0.016393442623 0.0331588132635
