0 0.914331896552 0.371401151631 0.020474137931 0.0479846449136
0 0.840517241379 0.355086372361 0.0301724137931 0.0652591170825
0 0.852370689655 0.309021113244 0.0193965517241 0.0537428023033
0 0.870150862069 0.289827255278 0.0161637931034 0.0460652591171
0 0.925107758621 0.29462571977 0.0226293103448 0.0518234165067
0 0.922952586207 0.241842610365 0.0140086206897 0.0383877159309
0 0.934267241379 0.236084452975 0.0150862068966 0.0383877159309
0 0.915409482759 0.174664107486 0.0118534482759 0.0307101727447
0 0.885237068966 0.149712092131 0.0140086206897 0.0307101727447
0 0.885775862069 0.225527831094 0.0172413793103 0.0441458733205
0 0.852909482759 0.214971209213 0.0140086206897 0.0345489443378
0 0.848599137931 0.142994241843 0.0118534482759 0.0364683301344
0 0.830818965517 0.169865642994 0.00862068965517 0.0287907869482
0 0.891702586207 0.187140115163 0.0140086206897 0.0326295585413
0 0.808728448276 0.190019193858 0.0140086206897 0.0383877159309
0 0.792564655172 0.212092130518 0.0161637931034 0.0441458733205
0 0.773168103448 0.182341650672 0.0140086206897 0.0345489443378
0 0.756465517241 0.119001919386 0.010775862069 0.0307101727447
0 0.787176724138 0.135316698656 0.0118534482759 0.0364683301344
0 0.81411637931 0.264875239923 0.0183189655172 0.0460652591171
0 0.809806034483 0.292706333973 0.0226293103448 0.0556621880998
0 0.719288793103 0.237044145873 0.020474137931 0.0518234165067
0 0.710129310345 0.190019193858 0.0150862068966 0.0345489443378
0 0.737607758621 0.18330134357 0.0161637931034 0.0403071017274
0 0.766702586207 0.146833013436 0.0118534482759 0.0326295585413
0 0.755387931034 0.357005758157 0.0301724137931 0.0652591170825
0 0.671875 0.298464491363 0.020474137931 0.0518234165067
0 0.6875 0.350287907869 0.0280172413793 0.063339731286
0 0.672952586207 0.17754318618 0.0140086206897 0.0403071017274
0 0.669181034483 0.230326295585 0.0193965517241 0.0460652591171
0 0.690732758621 0.122840690979 0.010775862069 0.0268714011516
0 0.727909482759 0.0758157389635 0.0118534482759 0.0287907869482
0 0.632543103448 0.0671785028791 0.010775862069 0.0230326295585
0 0.609375 0.0671785028791 0.00969827586207 0.0230326295585
0 0.579202586207 0.0662188099808 0.00969827586207 0.021113243762
0 0.632543103448 0.115163147793 0.010775862069 0.0307101727447
0 0.640625 0.142034548944 0.0118534482759 0.0307101727447
0 0.662715517241 0.131477927063 0.0129310344828 0.0287907869482
0 0.676185344828 0.103646833013 0.0118534482759 0.0230326295585
0 0.659482758621 0.104606525912 0.010775862069 0.0249520153551
0 0.625538793103 0.207293666027 0.0183189655172 0.0460652591171
0 0.617456896552 0.260076775432 0.0172413793103 0.0479846449136
0 0.614762931034 0.308061420345 0.0269396551724 0.0595009596929
0 0.567349137931 0.254318618042 0.020474137931 0.0441458733205
0 0.551724137931 0.301343570058 0.0280172413793 0.0614203454894
0 0.54849137931 0.185220729367 0.0129310344828 0.0364683301344
0 0.552262931034 0.16122840691 0.0118534482759 0.0345489443378
0 0.583512931034 0.153550863724 0.0140086206897 0.0307101727447
0 0.533405172414 0.0566218809981 0.00862068965517 0.021113243762
0 0.525323275862 0.152591170825 0.0140086206897 0.0326295585413
0 0.495150862069 0.156429942418 0.0140086206897 0.0364683301344
0 0.461206896552 0.13915547025 0.0129310344828 0.0287907869482
0 0.480603448276 0.173704414587 0.0150862068966 0.0403071017274
0 0.457435344828 0.173704414587 0.0161637931034 0.0326295585413
0 0.443965517241 0.151631477927 0.0150862068966 0.0307101727447
0 0.480064655172 0.227447216891 0.0183189655172 0.0441458733205
0 0.415948275862 0.157389635317 0.0129310344828 0.0268714011516
0 0.420797413793 0.176583493282 0.0140086206897 0.0307101727447
0 0.411637931034 0.214011516315 0.0193965517241 0.0364683301344
0 0.442349137931 0.226487523992 0.020474137931 0.042226487524
0 0.343211206897 0.179462571977 0.0161637931034 0.0326295585413
0 0.350754310345 0.192898272553 0.0118534482759 0.0287907869482
0 0.308728448276 0.237044145873 0.0161637931034 0.0441458733205
0 0.503771551724 0.274472168906 0.020474137931 0.0499040307102
0 0.190193965517 0.454894433781 0.0398706896552 0.0959692898273
