0 0.0993705035971 0.574773413897 0.0404676258993 0.0740181268882
0 0.185701438849 0.365558912387 0.0170863309353 0.036253776435
0 0.226618705036 0.373867069486 0.0197841726619 0.0438066465257
0 0.254496402878 0.333081570997 0.0197841726619 0.0317220543807
0 0.254946043165 0.395770392749 0.0278776978417 0.0513595166163
0 0.289118705036 0.410876132931 0.0296762589928 0.0422960725076
0 0.31654676259 0.357250755287 0.0251798561151 0.0377643504532
0 0.328237410072 0.311933534743 0.0179856115108 0.0287009063444
0 0.364658273381 0.351963746224 0.0188848920863 0.0302114803625
0 0.389388489209 0.361027190332 0.0251798561151 0.0422960725076
0 0.372302158273 0.274924471299 0.0179856115108 0.0271903323263
0 0.41321942446 0.267371601208 0.0170863309353 0.02416918429
0 0.4375 0.273413897281 0.0152877697842 0.0271903323263
0 0.44964028777 0.256797583082 0.0161870503597 0.02416918429
0 0.460431654676 0.23413897281 0.0125899280576 0.0211480362538
0 0.512589928058 0.253021148036 0.0179856115108 0.0256797583082
0 0.496402877698 0.284743202417 0.0161870503597 0.0287009063444
0 0.509892086331 0.290785498489 0.0179856115108 0.0317220543807
0 0.549910071942 0.289274924471 0.0188848920863 0.0317220543807
0 0.545863309353 0.256042296073 0.0179856115108 0.0377643504532
0 0.566097122302 0.260574018127 0.0206834532374 0.0287009063444
0 0.563848920863 0.226586102719 0.0143884892086 0.02416918429
0 0.578237410072 0.22583081571 0.0215827338129 0.0256797583082
0 0.614208633094 0.216767371601 0.0197841726619 0.0317220543807
0 0.629946043165 0.225075528701 0.0170863309353 0.0302114803625
0 0.644334532374 0.230362537764 0.011690647482 0.0317220543807
0 0.669514388489 0.221299093656 0.0170863309353 0.0287009063444
0 0.686151079137 0.227341389728 0.0161870503597 0.0287009063444
0 0.643435251799 0.263595166163 0.0152877697842 0.0317220543807
0 0.601618705036 0.259818731118 0.0179856115108 0.02416918429
0 0.452787769784 0.337613293051 0.0242805755396 0.0347432024169
0 0.493705035971 0.342145015106 0.0215827338129 0.0377643504532
0 0.434352517986 0.370090634441 0.0251798561151 0.0453172205438
0 0.383992805755 0.317975830816 0.0179856115108 0.0287009063444
0 0.460881294964 0.431268882175 0.0314748201439 0.0558912386707
0 0.535071942446 0.37915407855 0.0215827338129 0.0422960725076
0 0.53821942446 0.42749244713 0.0260791366906 0.0543806646526
0 0.599370503597 0.356495468278 0.0260791366906 0.0422960725076
0 0.60476618705 0.407099697885 0.0278776978417 0.0407854984894
0 0.593974820144 0.485649546828 0.0296762589928 0.0649546827795
0 0.63714028777 0.503776435045 0.0314748201439 0.0589123867069
0 0.732014388489 0.431268882175 0.0269784172662 0.0528700906344
0 0.714478417266 0.563444108761 0.0368705035971 0.0725075528701
0 0.791816546763 0.454682779456 0.0296762589928 0.0543806646526
0 0.842176258993 0.534743202417 0.0314748201439 0.0694864048338
0 0.873201438849 0.493957703927 0.0323741007194 0.0604229607251
0 0.944694244604 0.500755287009 0.033273381295 0.0589123867069
0 0.883992805755 0.40332326284 0.0251798561151 0.0543806646526
0 0.833633093525 0.378398791541 0.0197841726619 0.0407854984894
0 0.846672661871 0.356495468278 0.0224820143885 0.0422960725076
0 0.836330935252 0.316465256798 0.0179856115108 0.0377643504532
0 0.82868705036 0.251510574018 0.0152877697842 0.0287009063444
0 0.800809352518 0.249244712991 0.0152877697842 0.02416918429
0 0.760341726619 0.256042296073 0.0206834532374 0.0377643504532
0 0.783723021583 0.277190332326 0.0260791366906 0.0407854984894
0 0.723920863309 0.313444108761 0.0251798561151 0.0407854984894
0 0.717176258993 0.268882175227 0.0170863309353 0.036253776435
0 0.688399280576 0.333836858006 0.0224820143885 0.0392749244713
0 0.678057553957 0.287009063444 0.0179856115108 0.0332326283988
0 0.643435251799 0.379909365559 0.0260791366906 0.0528700906344
0 0.67131294964 0.392749244713 0.0242805755396 0.0483383685801
0 0.700989208633 0.383685800604 0.0260791366906 0.036253776435
0 0.638489208633 0.319486404834 0.0269784172662 0.0438066465257
0 0.865107913669 0.262084592145 0.0143884892086 0.0256797583082
0 0.880395683453 0.289274924471 0.0161870503597 0.0377643504532
0 0.902877697842 0.266616314199 0.0179856115108 0.0317220543807
0 0.899730215827 0.351963746224 0.0206834532374 0.0422960725076
0 0.877248201439 0.342900302115 0.0224820143885 0.0422960725076
0 0.922212230216 0.349697885196 0.0170863309353 0.0468277945619
0 0.927158273381 0.311933534743 0.0179856115108 0.0287009063444
0 0.971672661871 0.299093655589 0.011690647482 0.02416918429
0 0.966276978417 0.332326283988 0.0206834532374 0.0332326283988
0 0.947841726619 0.361782477341 0.0197841726619 0.0317220543807
0 0.963579136691 0.391238670695 0.0224820143885 0.0332326283988
