0 0.0587668593449 0.315517241379 0.0250481695568 0.0586206896552
0 0.271676300578 0.226724137931 0.0173410404624 0.0327586206897
0 0.330924855491 0.251724137931 0.0183044315992 0.0413793103448
0 0.381984585742 0.25775862069 0.0260115606936 0.05
0 0.41859344894 0.278448275862 0.02408477842 0.0465517241379
0 0.407032755299 0.221551724138 0.0183044315992 0.0362068965517
0 0.394026974952 0.196551724138 0.0154142581888 0.0310344827586
0 0.372832369942 0.193103448276 0.0154142581888 0.0344827586207
0 0.391136801541 0.173275862069 0.0134874759152 0.0258620689655
0 0.409441233141 0.171551724138 0.0173410404624 0.0362068965517
0 0.444123314066 0.214655172414 0.0173410404624 0.0362068965517
0 0.441233140655 0.175862068966 0.0134874759152 0.0275862068966
0 0.439306358382 0.154310344828 0.0134874759152 0.0224137931034
0 0.468208092486 0.143103448276 0.0134874759152 0.0275862068966
0 0.481213872832 0.155172413793 0.0125240847784 0.0275862068966
0 0.480732177264 0.184482758621 0.0154142581888 0.0310344827586
0 0.463391136802 0.218965517241 0.019267822736 0.0413793103448
0 0.51204238921 0.218965517241 0.0183044315992 0.0379310344828
0 0.523121387283 0.185344827586 0.0173410404624 0.0396551724138
0 0.497591522158 0.141379310345 0.0125240847784 0.0310344827586
0 0.52697495183 0.141379310345 0.0115606936416 0.0275862068966
0 0.539980732177 0.143103448276 0.0105973025048 0.0241379310345
0 0.544797687861 0.19224137931 0.0183044315992 0.0396551724138
0 0.53901734104 0.125 0.00867052023121 0.0224137931034
0 0.55105973025 0.143103448276 0.00963391136802 0.0172413793103
0 0.567437379576 0.144827586207 0.0115606936416 0.0241379310345
0 0.580443159923 0.128448275862 0.00867052023121 0.0224137931034
0 0.589595375723 0.170689655172 0.0173410404624 0.0275862068966
0 0.595375722543 0.137068965517 0.0115606936416 0.0327586206897
0 0.605009633911 0.123275862069 0.00963391136802 0.0224137931034
0 0.612716763006 0.112068965517 0.0115606936416 0.0275862068966
0 0.627167630058 0.129310344828 0.0134874759152 0.0310344827586
0 0.618497109827 0.168965517241 0.0154142581888 0.0344827586207
0 0.641136801541 0.123275862069 0.014450867052 0.0327586206897
0 0.657996146435 0.149137931034 0.0154142581888 0.0362068965517
0 0.65655105973 0.116379310345 0.0125240847784 0.0293103448276
0 0.660886319846 0.121551724138 0.0115606936416 0.0258620689655
0 0.685934489403 0.123275862069 0.0134874759152 0.0293103448276
0 0.694605009634 0.112068965517 0.0115606936416 0.0310344827586
0 0.71098265896 0.118103448276 0.0115606936416 0.0327586206897
0 0.570809248555 0.277586206897 0.0260115606936 0.0586206896552
0 0.583333333333 0.251724137931 0.0260115606936 0.048275862069
0 0.634393063584 0.245689655172 0.0221579961464 0.05
0 0.618015414258 0.234482758621 0.0163776493256 0.0310344827586
0 0.661849710983 0.200862068966 0.0173410404624 0.0362068965517
0 0.68063583815 0.212068965517 0.0221579961464 0.051724137931
0 0.675337186898 0.278448275862 0.0269749518304 0.0465517241379
0 0.707129094412 0.19224137931 0.0173410404624 0.0431034482759
0 0.734585741811 0.14224137931 0.0125240847784 0.0362068965517
0 0.749518304432 0.147413793103 0.00963391136802 0.0293103448276
0 0.757707129094 0.160344827586 0.0163776493256 0.0310344827586
0 0.742774566474 0.189655172414 0.0154142581888 0.0344827586207
0 0.759633911368 0.206034482759 0.0183044315992 0.0396551724138
0 0.765895953757 0.251724137931 0.0173410404624 0.0413793103448
0 0.774566473988 0.301724137931 0.0308285163776 0.0586206896552
0 0.735549132948 0.268103448276 0.0221579961464 0.0534482758621
0 0.731695568401 0.247413793103 0.0221579961464 0.0431034482759
0 0.827071290944 0.309482758621 0.0260115606936 0.05
0 0.792389210019 0.219827586207 0.0183044315992 0.0362068965517
0 0.842485549133 0.241379310345 0.0163776493256 0.0448275862069
0 0.868015414258 0.273275862069 0.0269749518304 0.0534482758621
0 0.909441233141 0.358620689655 0.0269749518304 0.0655172413793
0 0.922447013487 0.30775862069 0.0163776493256 0.05
0 0.895472061657 0.246551724138 0.0183044315992 0.0310344827586
0 0.921965317919 0.285344827586 0.019267822736 0.0362068965517
0 0.933526011561 0.236206896552 0.0173410404624 0.0413793103448
0 0.949903660886 0.225 0.00963391136802 0.0293103448276
0 0.94894026975 0.194827586207 0.0115606936416 0.0275862068966
0 0.950385356455 0.174137931034 0.0163776493256 0.0275862068966
0 0.914739884393 0.168103448276 0.014450867052 0.0293103448276
0 0.907032755299 0.190517241379 0.014450867052 0.0327586206897
0 0.846820809249 0.202586206897 0.0211946050096 0.0327586206897
0 0.811175337187 0.163793103448 0.0173410404624 0.0344827586207
0 0.802504816956 0.138793103448 0.0154142581888 0.0293103448276
0 0.778901734104 0.144827586207 0.0163776493256 0.0310344827586
0 0.823699421965 0.148275862069 0.0115606936416 0.0241379310345
0 0.840077071291 0.161206896552 0.0134874759152 0.0362068965517
0 0.856454720617 0.152586206897 0.0115606936416 0.0189655172414
0 0.879094412331 0.173275862069 0.014450867052 0.0293103448276
0 0.893063583815 0.156034482759 0.0115606936416 0.0224137931034
0 0.860789980732 0.186206896552 0.014450867052 0.0310344827586
