0 0.814624505929 0.262973352034 0.0118577075099 0.0266479663394
0 0.83162055336 0.262272089762 0.0110671936759 0.0280504908836
0 0.835968379447 0.279102384292 0.0118577075099 0.0308555399719
0 0.848221343874 0.255960729313 0.00948616600791 0.0238429172511
0 0.875098814229 0.284011220196 0.0110671936759 0.0350631136045
0 0.907114624506 0.272791023843 0.00869565217391 0.0266479663394
0 0.90790513834 0.308555399719 0.0102766798419 0.0308555399719
0 0.871146245059 0.323983169705 0.0110671936759 0.0336605890603
0 0.866007905138 0.354137447405 0.0150197628458 0.0462833099579
0 0.88418972332 0.389901823282 0.0181818181818 0.0476858345021
0 0.898814229249 0.341514726508 0.0142292490119 0.0350631136045
0 0.908300395257 0.354838709677 0.0142292490119 0.0504908835905
0 0.880632411067 0.455119214586 0.0268774703557 0.0603085553997
0 0.82766798419 0.308555399719 0.0142292490119 0.0336605890603
0 0.807509881423 0.338709677419 0.0150197628458 0.0406732117812
0 0.789328063241 0.361150070126 0.0181818181818 0.0490883590463
0 0.835177865613 0.4095371669 0.0166007905138 0.0448807854137
0 0.823320158103 0.450911640954 0.0213438735178 0.0518934081346
0 0.786561264822 0.540673211781 0.0268774703557 0.0715287517532
0 0.718577075099 0.397615708275 0.0205533596838 0.0518934081346
0 0.750197628458 0.430575035063 0.0189723320158 0.0532959326788
0 0.737549407115 0.291023842917 0.0126482213439 0.0378681626928
0 0.73162055336 0.230715287518 0.0102766798419 0.0266479663394
0 0.758102766798 0.239130434783 0.0110671936759 0.0266479663394
0 0.751778656126 0.269284712482 0.0126482213439 0.0364656381487
0 0.782608695652 0.300140252454 0.0126482213439 0.0336605890603
0 0.790909090909 0.279803646564 0.0134387351779 0.0350631136045
0 0.689328063241 0.260869565217 0.0126482213439 0.0308555399719
0 0.702766798419 0.287517531557 0.0142292490119 0.0364656381487
0 0.71581027668 0.256661991585 0.0118577075099 0.0308555399719
0 0.660079051383 0.267180925666 0.0142292490119 0.0294530154278
0 0.671541501976 0.350631136045 0.0181818181818 0.0476858345021
0 0.633992094862 0.332398316971 0.0173913043478 0.039270687237
0 0.629644268775 0.388499298738 0.0229249011858 0.0561009817672
0 0.599209486166 0.385694249649 0.0189723320158 0.0532959326788
0 0.62371541502 0.455119214586 0.0284584980237 0.0687237026648
0 0.690513833992 0.474053295933 0.0308300395257 0.0729312762973
0 0.568774703557 0.427769985975 0.0276679841897 0.0617110799439
0 0.534782608696 0.408134642356 0.0229249011858 0.0532959326788
0 0.549802371542 0.347124824684 0.0181818181818 0.0406732117812
0 0.584584980237 0.326086956522 0.0181818181818 0.0406732117812
0 0.56442687747 0.281206171108 0.0126482213439 0.0350631136045
0 0.6 0.206872370266 0.00948616600791 0.0238429172511
0 0.613438735178 0.214586255259 0.00948616600791 0.0196353436185
0 0.637154150198 0.214586255259 0.00790513833992 0.0252454417952
0 0.551778656126 0.219495091164 0.0110671936759 0.0238429172511
0 0.559683794466 0.244039270687 0.0110671936759 0.0252454417952
0 0.551778656126 0.260168302945 0.0126482213439 0.0294530154278
0 0.581422924901 0.248948106592 0.0118577075099 0.0322580645161
0 0.624901185771 0.248948106592 0.0118577075099 0.0266479663394
0 0.652173913043 0.238429172511 0.0110671936759 0.0252454417952
0 0.660869565217 0.232819074334 0.0110671936759 0.0280504908836
0 0.444268774704 0.251051893408 0.0110671936759 0.0252454417952
0 0.464031620553 0.267882187938 0.0110671936759 0.0308555399719
0 0.491699604743 0.26507713885 0.0110671936759 0.0308555399719
0 0.508695652174 0.281206171108 0.0118577075099 0.0350631136045
0 0.512648221344 0.241234221599 0.0118577075099 0.0280504908836
0 0.524110671937 0.253155680224 0.0126482213439 0.0322580645161
0 0.493675889328 0.319775596073 0.0134387351779 0.0364656381487
0 0.457312252964 0.314165497896 0.0150197628458 0.0308555399719
0 0.437944664032 0.339410939691 0.0189723320158 0.0448807854137
0 0.428458498024 0.310659186536 0.0158102766798 0.0378681626928
0 0.448616600791 0.410939691445 0.0245059288538 0.0617110799439
0 0.404743083004 0.262973352034 0.0110671936759 0.0322580645161
0 0.394466403162 0.269985974755 0.0142292490119 0.0350631136045
0 0.420158102767 0.275596072931 0.0134387351779 0.0294530154278
0 0.400395256917 0.304347826087 0.0118577075099 0.0308555399719
0 0.398814229249 0.335904628331 0.0166007905138 0.0406732117812
0 0.377865612648 0.332398316971 0.0158102766798 0.0336605890603
0 0.352173913043 0.29523141655 0.0118577075099 0.0294530154278
0 0.347826086957 0.328190743338 0.0142292490119 0.0308555399719
0 0.328063241107 0.368863955119 0.0189723320158 0.0448807854137
0 0.22766798419 0.340813464236 0.0126482213439 0.0364656381487
0 0.260079051383 0.347124824684 0.0158102766798 0.0406732117812
0 0.286956521739 0.305750350631 0.0126482213439 0.0336605890603
0 0.284584980237 0.368863955119 0.0142292490119 0.0420757363254
0 0.100395256917 0.484572230014 0.0363636363636 0.0771388499299
0 0.613438735178 0.309256661992 0.0142292490119 0.0406732117812
0 0.5604743083 0.220196353436 0.00948616600791 0.0224403927069
