0 0.19972826087 0.422169811321 0.0425724637681 0.0738993710692
0 0.398097826087 0.128144654088 0.0135869565217 0.0267295597484
0 0.423913043478 0.149371069182 0.0108695652174 0.0251572327044
0 0.447463768116 0.186320754717 0.0163043478261 0.0330188679245
0 0.468297101449 0.185534591195 0.0199275362319 0.0345911949686
0 0.490036231884 0.155660377358 0.0144927536232 0.0251572327044
0 0.498188405797 0.172955974843 0.0163043478261 0.0283018867925
0 0.535778985507 0.168238993711 0.0135869565217 0.0283018867925
0 0.560235507246 0.167452830189 0.0153985507246 0.0298742138365
0 0.750452898551 0.12106918239 0.0208333333333 0.0345911949686
