0 0.172037422037 0.399246704331 0.0446985446985 0.116760828625
0 0.663201663202 0.512241054614 0.0686070686071 0.124293785311
0 0.376299376299 0.136534839925 0.016632016632 0.0282485875706
0 0.408004158004 0.161958568738 0.0135135135135 0.0376647834275
0 0.410083160083 0.248587570621 0.0135135135135 0.0338983050847
0 0.425155925156 0.223163841808 0.018711018711 0.0395480225989
0 0.451143451143 0.23352165725 0.018711018711 0.0338983050847
0 0.471413721414 0.159133709981 0.0135135135135 0.0357815442561
0 0.47817047817 0.181732580038 0.018711018711 0.0357815442561
0 0.582120582121 0.130885122411 0.016632016632 0.0282485875706
0 0.522349272349 0.197740112994 0.0259875259875 0.0376647834275
0 0.556652806653 0.202448210923 0.0280665280665 0.0433145009416
0 0.608627858628 0.241996233522 0.0280665280665 0.0357815442561
0 0.633575883576 0.255178907721 0.0239085239085 0.0508474576271
0 0.714137214137 0.162900188324 0.016632016632 0.0320150659134
0 0.718814968815 0.18549905838 0.0155925155925 0.0320150659134
0 0.739604989605 0.172316384181 0.0135135135135 0.0433145009416
0 0.756756756757 0.200564971751 0.016632016632 0.0320150659134
0 0.782224532225 0.197740112994 0.0135135135135 0.0414312617702
0 0.831600831601 0.271186440678 0.02079002079 0.0527306967985
0 0.882016632017 0.264595103578 0.0239085239085 0.0546139359699
0 0.940228690229 0.245762711864 0.0197505197505 0.0395480225989
0 0.950623700624 0.207156308851 0.0155925155925 0.0414312617702
