0 0.116666666667 0.339483394834 0.0333333333333 0.0738007380074
0 0.3109375 0.237084870849 0.0197916666667 0.0387453874539
0 0.315625 0.207564575646 0.01875 0.0387453874539
0 0.348958333333 0.213099630996 0.0208333333333 0.0350553505535
0 0.408854166667 0.209409594096 0.0260416666667 0.0424354243542
0 0.4140625 0.163284132841 0.015625 0.0387453874539
0 0.4265625 0.175276752768 0.0177083333333 0.0369003690037
0 0.444270833333 0.207564575646 0.0197916666667 0.049815498155
0 0.4515625 0.183579335793 0.015625 0.0313653136531
0 0.451041666667 0.151291512915 0.0145833333333 0.029520295203
0 0.4625 0.139298892989 0.0125 0.0276752767528
0 0.490104166667 0.175276752768 0.015625 0.0369003690037
0 0.499479166667 0.215867158672 0.021875 0.0516605166052
0 0.503125 0.279520295203 0.03125 0.0608856088561
0 0.508333333333 0.144833948339 0.0145833333333 0.0276752767528
0 0.506770833333 0.122693726937 0.0114583333333 0.0239852398524
0 0.5265625 0.122693726937 0.0135416666667 0.0313653136531
0 0.535416666667 0.143911439114 0.0145833333333 0.029520295203
0 0.525520833333 0.155904059041 0.015625 0.0350553505535
0 0.561979166667 0.189114391144 0.0239583333333 0.0424354243542
0 0.563020833333 0.153136531365 0.015625 0.0369003690037
0 0.5515625 0.124538745387 0.015625 0.0387453874539
0 0.588541666667 0.112546125461 0.0145833333333 0.0332103321033
0 0.590625 0.175276752768 0.01875 0.0442804428044
0 0.6046875 0.147601476015 0.015625 0.0405904059041
0 0.630729166667 0.14667896679 0.0135416666667 0.0313653136531
0 0.63125 0.118081180812 0.0125 0.0258302583026
0 0.638541666667 0.0959409594096 0.0125 0.0332103321033
0 0.616145833333 0.104243542435 0.0114583333333 0.0276752767528
0 0.61875 0.141143911439 0.0125 0.0313653136531
0 0.659895833333 0.128228782288 0.0177083333333 0.0313653136531
0 0.666145833333 0.116236162362 0.0135416666667 0.029520295203
0 0.6421875 0.124538745387 0.0114583333333 0.0313653136531
0 0.682291666667 0.120848708487 0.0125 0.0350553505535
0 0.693229166667 0.119003690037 0.015625 0.0313653136531
0 0.711979166667 0.123616236162 0.0135416666667 0.029520295203
0 0.725520833333 0.14852398524 0.0135416666667 0.0350553505535
0 0.711979166667 0.159594095941 0.015625 0.0350553505535
0 0.70625 0.206642066421 0.0208333333333 0.0405904059041
0 0.672916666667 0.217712177122 0.0208333333333 0.0442804428044
0 0.663020833333 0.180811808118 0.0197916666667 0.0405904059041
0 0.6328125 0.207564575646 0.0260416666667 0.0461254612546
0 0.641145833333 0.25184501845 0.0239583333333 0.049815498155
0 0.61875 0.29704797048 0.0291666666667 0.070110701107
0 0.585416666667 0.274907749077 0.0270833333333 0.0664206642066
0 0.594791666667 0.238929889299 0.025 0.0461254612546
0 0.68125 0.266605166052 0.025 0.049815498155
0 0.680208333333 0.329335793358 0.0354166666667 0.0793357933579
0 0.741666666667 0.411439114391 0.0416666666667 0.0774907749077
0 0.8359375 0.361623616236 0.040625 0.0590405904059
0 0.840104166667 0.306273062731 0.028125 0.0590405904059
0 0.816666666667 0.285055350554 0.0270833333333 0.0645756457565
0 0.821354166667 0.250922509225 0.0239583333333 0.0442804428044
0 0.730729166667 0.227859778598 0.0239583333333 0.0461254612546
0 0.745833333333 0.173431734317 0.01875 0.0369003690037
0 0.759895833333 0.129151291513 0.015625 0.0332103321033
0 0.769270833333 0.142066420664 0.0177083333333 0.0405904059041
0 0.788541666667 0.140221402214 0.0166666666667 0.0332103321033
0 0.779166666667 0.187269372694 0.01875 0.0387453874539
0 0.797395833333 0.171586715867 0.015625 0.0369003690037
0 0.805208333333 0.200184501845 0.01875 0.0424354243542
0 0.81875 0.191881918819 0.0229166666667 0.0442804428044
0 0.833333333333 0.167896678967 0.0166666666667 0.0405904059041
0 0.85 0.182656826568 0.0145833333333 0.0369003690037
0 0.851041666667 0.156826568266 0.0145833333333 0.0369003690037
0 0.867708333333 0.177121771218 0.0166666666667 0.0369003690037
0 0.85625 0.214022140221 0.01875 0.0405904059041
0 0.890625 0.233394833948 0.0208333333333 0.0535055350554
0 0.897916666667 0.19557195572 0.01875 0.0442804428044
0 0.880208333333 0.160516605166 0.0145833333333 0.0405904059041
0 0.8921875 0.160516605166 0.0135416666667 0.0332103321033
0 0.917708333333 0.166974169742 0.0166666666667 0.0387453874539
0 0.9484375 0.177121771218 0.0135416666667 0.0369003690037
0 0.953125 0.214022140221 0.0145833333333 0.0332103321033
0 0.938020833333 0.237084870849 0.0177083333333 0.0387453874539
0 0.933854166667 0.256457564576 0.0177083333333 0.0405904059041
0 0.9265625 0.293357933579 0.021875 0.0516605166052
0 0.9140625 0.318265682657 0.0260416666667 0.0608856088561
0 0.88125 0.309040590406 0.0270833333333 0.049815498155
