0 0.225912067353 0.499173553719 0.0551917680075 0.099173553719
0 0.426566884939 0.265289256198 0.0243217960711 0.0479338842975
0 0.426099158092 0.214876033058 0.0233863423761 0.0429752066116
0 0.453227315248 0.229752066116 0.0252572497661 0.0462809917355
0 0.483629560337 0.313223140496 0.0280636108513 0.0578512396694
0 0.537885874649 0.355371900826 0.0299345182413 0.0528925619835
0 0.770346117867 0.181818181818 0.0271281571562 0.0595041322314
0 0.739476145931 0.152066115702 0.021515434986 0.0462809917355
0 0.712815715622 0.145454545455 0.0205799812909 0.0396694214876
0 0.870439663237 0.211570247934 0.0233863423761 0.0528925619835
