0 0.0626213592233 0.30412371134 0.0203883495146 0.0515463917526
0 0.289805825243 0.235395189003 0.0184466019417 0.0378006872852
0 0.309223300971 0.234536082474 0.0145631067961 0.0360824742268
0 0.350485436893 0.182130584192 0.0155339805825 0.0309278350515
0 0.371844660194 0.200171821306 0.0174757281553 0.0360824742268
0 0.36067961165 0.221649484536 0.0203883495146 0.0343642611684
0 0.364563106796 0.246563573883 0.0184466019417 0.0395189003436
0 0.384466019417 0.247422680412 0.0174757281553 0.0412371134021
0 0.416990291262 0.189003436426 0.0184466019417 0.0378006872852
0 0.428155339806 0.20618556701 0.0174757281553 0.0343642611684
0 0.429611650485 0.231958762887 0.0203883495146 0.0412371134021
0 0.447572815534 0.219931271478 0.0194174757282 0.0412371134021
0 0.418446601942 0.142611683849 0.0155339805825 0.0378006872852
0 0.450970873786 0.175257731959 0.0203883495146 0.0412371134021
0 0.491747572816 0.221649484536 0.0184466019417 0.0412371134021
0 0.485922330097 0.18470790378 0.0184466019417 0.03264604811
0 0.477184466019 0.138316151203 0.0145631067961 0.0292096219931
0 0.492233009709 0.147766323024 0.0116504854369 0.0309278350515
0 0.512621359223 0.123711340206 0.0116504854369 0.0240549828179
0 0.523300970874 0.137457044674 0.0116504854369 0.0274914089347
0 0.511165048544 0.147766323024 0.0106796116505 0.0240549828179
0 0.513106796117 0.178694158076 0.0165048543689 0.0378006872852
0 0.526699029126 0.166666666667 0.0165048543689 0.0343642611684
0 0.561650485437 0.181271477663 0.0165048543689 0.0360824742268
0 0.559223300971 0.157216494845 0.0135922330097 0.0257731958763
0 0.55145631068 0.145189003436 0.0116504854369 0.0257731958763
0 0.558252427184 0.121993127148 0.0135922330097 0.0274914089347
0 0.579126213592 0.126288659794 0.0126213592233 0.03264604811
0 0.585436893204 0.115979381443 0.0116504854369 0.0292096219931
0 0.58932038835 0.17439862543 0.0155339805825 0.03264604811
0 0.592718446602 0.152920962199 0.0145631067961 0.0309278350515
0 0.609708737864 0.122852233677 0.0135922330097 0.0292096219931
0 0.623786407767 0.146048109966 0.0126213592233 0.0309278350515
0 0.633009708738 0.129725085911 0.0135922330097 0.03264604811
0 0.617961165049 0.112542955326 0.0106796116505 0.0257731958763
0 0.634466019417 0.109965635739 0.0106796116505 0.020618556701
0 0.662621359223 0.14089347079 0.0165048543689 0.0343642611684
0 0.664077669903 0.113402061856 0.0135922330097 0.0240549828179
0 0.672330097087 0.107388316151 0.0106796116505 0.0257731958763
0 0.68932038835 0.120274914089 0.0135922330097 0.0274914089347
0 0.690776699029 0.102233676976 0.0126213592233 0.0257731958763
0 0.71213592233 0.103951890034 0.0126213592233 0.0257731958763
0 0.569417475728 0.237113402062 0.026213592233 0.0584192439863
0 0.497087378641 0.286941580756 0.0330097087379 0.0652920962199
0 0.544660194175 0.296391752577 0.0291262135922 0.0704467353952
0 0.610194174757 0.236254295533 0.0281553398058 0.0498281786942
0 0.636893203883 0.218213058419 0.021359223301 0.0446735395189
0 0.620388349515 0.299828178694 0.0368932038835 0.0567010309278
0 0.67572815534 0.245704467354 0.0233009708738 0.0584192439863
0 0.667961165049 0.177835051546 0.0174757281553 0.0360824742268
0 0.706310679612 0.158075601375 0.0165048543689 0.0343642611684
0 0.716019417476 0.189003436426 0.0165048543689 0.0412371134021
0 0.709708737864 0.22852233677 0.021359223301 0.0481099656357
0 0.726213592233 0.285223367698 0.0271844660194 0.0618556701031
0 0.693203883495 0.305841924399 0.0291262135922 0.0549828178694
0 0.729126213592 0.14089347079 0.0135922330097 0.0309278350515
0 0.75145631068 0.166666666667 0.0174757281553 0.0378006872852
0 0.756310679612 0.195017182131 0.0194174757282 0.0429553264605
0 0.755825242718 0.139175257732 0.0165048543689 0.0274914089347
0 0.802427184466 0.156357388316 0.0165048543689 0.0343642611684
0 0.796116504854 0.14175257732 0.0135922330097 0.0292096219931
0 0.803398058252 0.227663230241 0.0203883495146 0.0498281786942
0 0.779611650485 0.23883161512 0.0233009708738 0.0446735395189
0 0.78640776699 0.319587628866 0.0252427184466 0.0584192439863
0 0.757281553398 0.372852233677 0.0349514563107 0.0687285223368
0 0.844660194175 0.373711340206 0.031067961165 0.0704467353952
0 0.837378640777 0.308419243986 0.026213592233 0.0601374570447
0 0.826699029126 0.255154639175 0.0203883495146 0.0463917525773
0 0.868446601942 0.259450171821 0.0223300970874 0.0584192439863
0 0.891747572816 0.231099656357 0.0242718446602 0.0463917525773
0 0.941262135922 0.215635738832 0.0165048543689 0.0463917525773
0 0.927184466019 0.284364261168 0.0194174757282 0.0463917525773
0 0.921359223301 0.323883161512 0.0233009708738 0.0601374570447
0 0.911650485437 0.426116838488 0.0388349514563 0.0756013745704
