0 0.0701754385965 0.306818181818 0.0253411306043 0.0506993006993
0 0.33918128655 0.222902097902 0.0175438596491 0.0402097902098
0 0.350877192982 0.196678321678 0.0155945419103 0.0367132867133
0 0.343079922027 0.180944055944 0.0175438596491 0.0367132867133
0 0.408382066277 0.204545454545 0.0175438596491 0.0384615384615
0 0.418128654971 0.174825174825 0.0155945419103 0.0314685314685
0 0.424951267057 0.152972027972 0.0136452241715 0.0297202797203
0 0.450292397661 0.175699300699 0.0194931773879 0.0297202797203
0 0.437621832359 0.229895104895 0.0214424951267 0.0402097902098
0 0.47514619883 0.226398601399 0.0204678362573 0.0472027972028
0 0.472222222222 0.187937062937 0.0204678362573 0.0437062937063
0 0.453216374269 0.15034965035 0.0136452241715 0.0314685314685
0 0.462475633528 0.144230769231 0.0146198830409 0.0332167832168
0 0.471734892788 0.157342657343 0.0155945419103 0.034965034965
0 0.497563352827 0.140734265734 0.0126705653021 0.0262237762238
0 0.511695906433 0.126748251748 0.0136452241715 0.0227272727273
0 0.522904483431 0.132867132867 0.0107212475634 0.0244755244755
0 0.535087719298 0.136363636364 0.0136452241715 0.0314685314685
0 0.525828460039 0.155594405594 0.0165692007797 0.034965034965
0 0.503411306043 0.161713286713 0.0146198830409 0.0297202797203
0 0.549707602339 0.118881118881 0.0116959064327 0.027972027972
0 0.560428849903 0.152972027972 0.0136452241715 0.0332167832168
0 0.554093567251 0.186188811189 0.0146198830409 0.0332167832168
0 0.555068226121 0.156468531469 0.0165692007797 0.0262237762238
0 0.584307992203 0.170454545455 0.0185185185185 0.0332167832168
0 0.590155945419 0.144230769231 0.0146198830409 0.0262237762238
0 0.517056530214 0.286713286713 0.0263157894737 0.041958041958
0 0.554093567251 0.295454545455 0.0282651072125 0.0594405594406
0 0.575048732943 0.247377622378 0.0233918128655 0.0506993006993
0 0.61306042885 0.26486013986 0.0292397660819 0.0472027972028
0 0.620857699805 0.297202797203 0.0292397660819 0.0629370629371
0 0.620857699805 0.207167832168 0.0214424951267 0.0437062937063
0 0.598927875244 0.124125874126 0.0126705653021 0.027972027972
0 0.611111111111 0.112762237762 0.0116959064327 0.0262237762238
0 0.617446393762 0.142482517483 0.0165692007797 0.0402097902098
0 0.632066276803 0.157342657343 0.0146198830409 0.034965034965
0 0.632553606238 0.102272727273 0.0116959064327 0.0297202797203
0 0.649122807018 0.136363636364 0.0116959064327 0.027972027972
0 0.656432748538 0.105769230769 0.0126705653021 0.0262237762238
0 0.659356725146 0.120629370629 0.0126705653021 0.0244755244755
0 0.678849902534 0.111888111888 0.0107212475634 0.0244755244755
0 0.677875243665 0.128496503497 0.0107212475634 0.0262237762238
0 0.699317738791 0.124125874126 0.0126705653021 0.0244755244755
0 0.7261208577 0.146853146853 0.0155945419103 0.034965034965
0 0.704191033138 0.159965034965 0.0146198830409 0.0297202797203
0 0.667641325536 0.175699300699 0.0194931773879 0.0402097902098
0 0.663255360624 0.214160839161 0.0185185185185 0.0437062937063
0 0.668615984405 0.270979020979 0.0233918128655 0.048951048951
0 0.675925925926 0.33479020979 0.0321637426901 0.0681818181818
0 0.708576998051 0.222027972028 0.0214424951267 0.0559440559441
0 0.702729044834 0.192307692308 0.0194931773879 0.041958041958
0 0.737816764133 0.16958041958 0.0116959064327 0.0314685314685
0 0.743664717349 0.129370629371 0.0155945419103 0.0314685314685
0 0.767543859649 0.175699300699 0.0146198830409 0.0297202797203
0 0.740740740741 0.159090909091 0.0136452241715 0.027972027972
0 0.778752436647 0.131118881119 0.0116959064327 0.027972027972
0 0.7977582846 0.173951048951 0.0126705653021 0.0332167832168
0 0.778265107212 0.200174825175 0.0165692007797 0.0402097902098
0 0.793859649123 0.286713286713 0.0204678362573 0.0629370629371
0 0.814814814815 0.256993006993 0.0155945419103 0.048951048951
0 0.839668615984 0.215909090909 0.0165692007797 0.0367132867133
0 0.808966861598 0.197552447552 0.0155945419103 0.034965034965
0 0.755360623782 0.340034965035 0.0272904483431 0.0576923076923
0 0.828947368421 0.352272727273 0.0282651072125 0.0646853146853
0 0.845516569201 0.30506993007 0.0204678362573 0.0576923076923
0 0.865984405458 0.284965034965 0.0204678362573 0.0559440559441
0 0.875730994152 0.228146853147 0.0165692007797 0.0472027972028
0 0.824074074074 0.181818181818 0.0146198830409 0.0384615384615
0 0.834307992203 0.15472027972 0.0155945419103 0.0332167832168
0 0.846003898635 0.191433566434 0.0136452241715 0.0402097902098
0 0.860623781676 0.187937062937 0.0116959064327 0.0332167832168
0 0.87134502924 0.16520979021 0.0136452241715 0.0402097902098
0 0.881578947368 0.201923076923 0.0146198830409 0.0332167832168
0 0.893762183236 0.194055944056 0.0116959064327 0.0454545454545
0 0.900584795322 0.188811188811 0.00974658869396 0.027972027972
0 0.935185185185 0.177447552448 0.0126705653021 0.0402097902098
0 0.932261208577 0.208041958042 0.0126705653021 0.0384615384615
0 0.93469785575 0.253496503497 0.0136452241715 0.041958041958
0 0.913255360624 0.281468531469 0.0194931773879 0.0524475524476
0 0.91081871345 0.319055944056 0.0224171539961 0.0611888111888
