0 0.089603960396 0.282986111111 0.0207920792079 0.0486111111111
0 0.279207920792 0.237847222222 0.0158415841584 0.03125
0 0.294059405941 0.234375 0.0138613861386 0.0277777777778
0 0.331683168317 0.225694444444 0.0158415841584 0.03125
0 0.35099009901 0.184895833333 0.0148514851485 0.0295138888889
0 0.355445544554 0.201388888889 0.0158415841584 0.0277777777778
0 0.35099009901 0.230902777778 0.0188118811881 0.03125
0 0.379207920792 0.2421875 0.0178217821782 0.0329861111111
0 0.379702970297 0.208333333333 0.0148514851485 0.0277777777778
0 0.392574257426 0.215277777778 0.0188118811881 0.0381944444444
0 0.412376237624 0.241319444444 0.0207920792079 0.0381944444444
0 0.406435643564 0.177083333333 0.0148514851485 0.0277777777778
0 0.403465346535 0.167534722222 0.0128712871287 0.0225694444444
0 0.427722772277 0.168402777778 0.0118811881188 0.0173611111111
0 0.424752475248 0.194444444444 0.0138613861386 0.0243055555556
0 0.430198019802 0.209201388889 0.0148514851485 0.0295138888889
0 0.44801980198 0.203125 0.0148514851485 0.0243055555556
0 0.461881188119 0.217881944444 0.0188118811881 0.0329861111111
0 0.446534653465 0.256944444444 0.0217821782178 0.0381944444444
0 0.451485148515 0.1640625 0.0158415841584 0.0295138888889
0 0.490099009901 0.157986111111 0.0118811881188 0.0243055555556
0 0.50099009901 0.160590277778 0.0138613861386 0.0260416666667
0 0.506435643564 0.136284722222 0.0108910891089 0.0190972222222
0 0.534158415842 0.139756944444 0.0148514851485 0.0295138888889
0 0.528712871287 0.189236111111 0.0158415841584 0.0277777777778
0 0.508910891089 0.191840277778 0.0138613861386 0.0295138888889
0 0.540594059406 0.167534722222 0.0138613861386 0.0295138888889
0 0.55396039604 0.134548611111 0.0128712871287 0.0260416666667
0 0.557920792079 0.146701388889 0.0148514851485 0.0295138888889
0 0.561881188119 0.190972222222 0.0148514851485 0.0347222222222
0 0.572277227723 0.171006944444 0.0138613861386 0.0329861111111
0 0.579702970297 0.149305555556 0.0128712871287 0.0277777777778
0 0.59801980198 0.0833333333333 0.0118811881188 0.0208333333333
0 0.620792079208 0.110243055556 0.00990099009901 0.0190972222222
0 0.619801980198 0.128472222222 0.0118811881188 0.0208333333333
0 0.599504950495 0.151909722222 0.0128712871287 0.0260416666667
0 0.610396039604 0.170138888889 0.0128712871287 0.0277777777778
0 0.629702970297 0.1484375 0.0118811881188 0.0260416666667
0 0.645544554455 0.127604166667 0.0138613861386 0.0260416666667
0 0.664356435644 0.1171875 0.0118811881188 0.0225694444444
0 0.667326732673 0.130208333333 0.0118811881188 0.0208333333333
0 0.647524752475 0.163194444444 0.0118811881188 0.0243055555556
0 0.685148514851 0.142361111111 0.0138613861386 0.0277777777778
0 0.690594059406 0.119791666667 0.0108910891089 0.0208333333333
0 0.712871287129 0.125 0.0138613861386 0.0243055555556
0 0.59900990099 0.235243055556 0.019801980198 0.0364583333333
0 0.643564356436 0.261284722222 0.0257425742574 0.0399305555556
0 0.674752475248 0.191840277778 0.0168316831683 0.0329861111111
0 0.688118811881 0.229166666667 0.0178217821782 0.0381944444444
0 0.693069306931 0.276041666667 0.0178217821782 0.0416666666667
0 0.70297029703 0.3203125 0.0257425742574 0.0607638888889
0 0.720792079208 0.194444444444 0.0158415841584 0.03125
0 0.706435643564 0.188368055556 0.0188118811881 0.0329861111111
0 0.739603960396 0.157986111111 0.0138613861386 0.0277777777778
0 0.743564356436 0.177951388889 0.0178217821782 0.0329861111111
0 0.760396039604 0.205729166667 0.0178217821782 0.0329861111111
0 0.740594059406 0.241319444444 0.0178217821782 0.0381944444444
0 0.774752475248 0.252604166667 0.0188118811881 0.046875
0 0.800495049505 0.296875 0.0247524752475 0.0451388888889
0 0.807920792079 0.222222222222 0.0178217821782 0.0347222222222
0 0.828712871287 0.271701388889 0.0217821782178 0.046875
0 0.84801980198 0.228298611111 0.0168316831683 0.0364583333333
0 0.917821782178 0.360243055556 0.0257425742574 0.0538194444444
0 0.929702970297 0.265625 0.0178217821782 0.0381944444444
0 0.95198019802 0.227430555556 0.0148514851485 0.03125
0 0.942079207921 0.216145833333 0.0148514851485 0.0329861111111
0 0.958910891089 0.202256944444 0.0128712871287 0.0295138888889
0 0.95198019802 0.1953125 0.0108910891089 0.0225694444444
0 0.918811881188 0.1640625 0.0138613861386 0.0225694444444
0 0.913861386139 0.188368055556 0.0138613861386 0.0329861111111
0 0.907425742574 0.191840277778 0.0128712871287 0.0329861111111
0 0.900495049505 0.219618055556 0.0128712871287 0.0399305555556
0 0.887128712871 0.246527777778 0.019801980198 0.0416666666667
0 0.877227722772 0.190104166667 0.0158415841584 0.0295138888889
0 0.881683168317 0.168402777778 0.0128712871287 0.0243055555556
0 0.861881188119 0.1640625 0.0108910891089 0.0260416666667
0 0.84603960396 0.172743055556 0.0148514851485 0.0295138888889
0 0.837623762376 0.1875 0.0118811881188 0.0243055555556
0 0.823762376238 0.217013888889 0.0158415841584 0.0243055555556
0 0.801485148515 0.177951388889 0.0128712871287 0.0225694444444
0 0.809405940594 0.143229166667 0.0108910891089 0.0225694444444
0 0.841584158416 0.146701388889 0.00990099009901 0.0225694444444
0 0.791089108911 0.158854166667 0.0118811881188 0.0260416666667
0 0.778712871287 0.155381944444 0.0128712871287 0.0225694444444
0 0.786138613861 0.140625 0.0118811881188 0.0208333333333
0 0.764851485149 0.144965277778 0.0128712871287 0.0295138888889
0 0.75297029703 0.388888888889 0.0306930693069 0.0625
