0 0.176563737134 0.466527196653 0.0475059382423 0.0934449093445
0 0.230799683294 0.334030683403 0.0150435471101 0.0320781032078
0 0.258511480602 0.34170153417 0.0197941409343 0.0418410041841
0 0.287410926366 0.301952580195 0.0174188440222 0.0376569037657
0 0.280680918448 0.370292887029 0.021377672209 0.0432357043236
0 0.332145684877 0.356345885635 0.0197941409343 0.0460251046025
0 0.351148060174 0.31659693166 0.0166270783848 0.0334728033473
0 0.349168646081 0.29009762901 0.0174188440222 0.0306834030683
0 0.387569279493 0.318688981869 0.0134600158353 0.0348675034868
0 0.403008709422 0.328451882845 0.0205859065717 0.0376569037657
0 0.402612826603 0.294979079498 0.0166270783848 0.0348675034868
0 0.399049881235 0.272663877266 0.0158353127474 0.0264993026499
0 0.389944576405 0.255230125523 0.0150435471101 0.0306834030683
0 0.431512272367 0.300557880056 0.0205859065717 0.0432357043236
0 0.420823436263 0.261506276151 0.0150435471101 0.0292887029289
0 0.436262866192 0.26290097629 0.0158353127474 0.0348675034868
0 0.464766429137 0.295676429568 0.0158353127474 0.0278940027894
0 0.462391132225 0.258716875872 0.0158353127474 0.0320781032078
0 0.451306413302 0.244769874477 0.0142517814727 0.0264993026499
0 0.459619952494 0.234309623431 0.0134600158353 0.0251046025105
0 0.491290577989 0.313807531381 0.0197941409343 0.0390516039052
0 0.487331749802 0.266387726639 0.0166270783848 0.0334728033473
0 0.497228820269 0.252440725244 0.0126682501979 0.0251046025105
0 0.507521773555 0.276150627615 0.0158353127474 0.0334728033473
0 0.50910530483 0.241283124128 0.0126682501979 0.0306834030683
0 0.521773555028 0.244769874477 0.0158353127474 0.0376569037657
0 0.555027711797 0.218967921897 0.0126682501979 0.0251046025105
0 0.561361836896 0.23640167364 0.0142517814727 0.0264993026499
0 0.566904196358 0.255927475593 0.0126682501979 0.0320781032078
0 0.59026128266 0.239191073919 0.0118764845606 0.0292887029289
0 0.588677751386 0.219665271967 0.0118764845606 0.023709902371
0 0.599762470309 0.204323570432 0.0134600158353 0.0264993026499
0 0.612034837688 0.216178521618 0.0126682501979 0.0251046025105
0 0.624703087886 0.246861924686 0.0142517814727 0.0306834030683
0 0.651227236738 0.21059972106 0.0150435471101 0.0306834030683
0 0.657165479018 0.227336122734 0.0126682501979 0.0278940027894
0 0.668250197941 0.225244072524 0.0126682501979 0.0292887029289
0 0.524544734759 0.354951185495 0.0261282660333 0.0571827057183
0 0.495645288994 0.375871687587 0.0269200316706 0.0627615062762
0 0.536817102138 0.396792189679 0.0300870942201 0.0516039051604
0 0.578780680918 0.380055788006 0.0285035629454 0.0543933054393
0 0.582739509105 0.325662482566 0.0205859065717 0.0460251046025
0 0.542359461599 0.276847977685 0.0158353127474 0.0320781032078
0 0.599762470309 0.42119944212 0.0261282660333 0.0613668061367
0 0.625098970705 0.452580195258 0.0372129849565 0.0739191073919
0 0.651227236738 0.364714086471 0.0261282660333 0.0488145048815
0 0.631037212985 0.335425383543 0.0237529691211 0.0460251046025
0 0.617973079968 0.301952580195 0.0197941409343 0.0432357043236
0 0.653206650831 0.276847977685 0.0190023752969 0.0376569037657
0 0.677355502771 0.348675034868 0.021377672209 0.0585774058577
0 0.689231987332 0.506973500697 0.0403800475059 0.0822873082287
0 0.706254948535 0.397489539749 0.0300870942201 0.0557880055788
0 0.766033254157 0.41980474198 0.0292953285827 0.0557880055788
0 0.780680918448 0.490934449093 0.0348376880443 0.0669456066946
0 0.824228028504 0.434449093445 0.0253365003959 0.0627615062762
0 0.83729216152 0.370292887029 0.0245447347585 0.0516039051604
0 0.793349168646 0.357740585774 0.0237529691211 0.0488145048815
0 0.895882818686 0.461645746165 0.0324623911322 0.0641562064156
0 0.889152810768 0.391910739191 0.0269200316706 0.0529986052999
0 0.901821060966 0.350767085077 0.0190023752969 0.0404463040446
0 0.875692794933 0.325662482566 0.0221694378464 0.0460251046025
0 0.844418052257 0.332635983264 0.0197941409343 0.0432357043236
0 0.81631037213 0.304044630404 0.0221694378464 0.044630404463
0 0.791765637371 0.299163179916 0.0190023752969 0.0376569037657
0 0.796120348377 0.273361227336 0.0182106096595 0.0362622036262
0 0.790577988915 0.246164574616 0.0166270783848 0.0320781032078
0 0.763262074426 0.261506276151 0.0158353127474 0.0320781032078
0 0.759699129058 0.23640167364 0.0150435471101 0.0292887029289
0 0.739509105305 0.283124128312 0.0174188440222 0.0390516039052
0 0.730799683294 0.26290097629 0.0126682501979 0.0292887029289
0 0.745843230404 0.260808926081 0.0126682501979 0.0306834030683
0 0.730007917656 0.232217573222 0.0142517814727 0.0320781032078
0 0.710213776722 0.249651324965 0.0158353127474 0.0334728033473
0 0.693982581156 0.301952580195 0.0197941409343 0.0376569037657
0 0.687252573238 0.249651324965 0.0158353127474 0.0334728033473
0 0.819081551861 0.257322175732 0.0150435471101 0.0348675034868
0 0.830562153603 0.270571827057 0.0142517814727 0.0362622036262
0 0.849168646081 0.255927475593 0.0134600158353 0.0376569037657
0 0.867775138559 0.274058577406 0.0174188440222 0.0376569037657
0 0.905384006334 0.305439330544 0.0150435471101 0.0278940027894
0 0.909342834521 0.279637377964 0.0134600158353 0.023709902371
