0 0.829281767956 0.365877712032 0.0497237569061 0.100591715976
0 0.875138121547 0.266272189349 0.0220994475138 0.0552268244576
0 0.702762430939 0.236686390533 0.0243093922652 0.0394477317554
0 0.666850828729 0.2258382643 0.0254143646409 0.0414201183432
0 0.630386740331 0.211045364892 0.0232044198895 0.043392504931
0 0.580110497238 0.234714003945 0.0243093922652 0.0473372781065
0 0.536464088398 0.213017751479 0.0254143646409 0.0394477317554
0 0.454696132597 0.230769230769 0.0209944751381 0.043392504931
0 0.367403314917 0.191321499014 0.0165745856354 0.0355029585799
0 0.325966850829 0.198224852071 0.0198895027624 0.0335305719921
0 0.395027624309 0.170611439842 0.014364640884 0.0335305719921
0 0.411602209945 0.176528599606 0.0165745856354 0.0335305719921
0 0.439779005525 0.159763313609 0.0154696132597 0.0355029585799
0 0.438121546961 0.13708086785 0.014364640884 0.025641025641
0 0.459116022099 0.162721893491 0.0165745856354 0.0374753451677
0 0.465193370166 0.133136094675 0.017679558011 0.025641025641
0 0.47679558011 0.158777120316 0.0209944751381 0.0374753451677
0 0.498895027624 0.122287968442 0.014364640884 0.0355029585799
0 0.5 0.189349112426 0.0232044198895 0.043392504931
0 0.522651933702 0.174556213018 0.0198895027624 0.0414201183432
0 0.498342541436 0.158777120316 0.017679558011 0.0295857988166
0 0.525414364641 0.12426035503 0.014364640884 0.0315581854043
0 0.538674033149 0.147928994083 0.0187845303867 0.0394477317554
0 0.557458563536 0.153846153846 0.0209944751381 0.0315581854043
0 0.567955801105 0.130177514793 0.017679558011 0.043392504931
0 0.579005524862 0.117357001972 0.017679558011 0.0295857988166
0 0.597237569061 0.139053254438 0.0187845303867 0.0295857988166
0 0.578453038674 0.180473372781 0.0187845303867 0.0335305719921
0 0.544751381215 0.183431952663 0.0220994475138 0.0315581854043
0 0.618232044199 0.100591715976 0.0209944751381 0.0276134122288
0 0.616574585635 0.161735700197 0.017679558011 0.0315581854043
0 0.624861878453 0.123274161736 0.0165745856354 0.0335305719921
0 0.654696132597 0.135108481262 0.0121546961326 0.0295857988166
0 0.65635359116 0.112426035503 0.0132596685083 0.0276134122288
0 0.672928176796 0.108481262327 0.0110497237569 0.0315581854043
0 0.704972375691 0.120315581854 0.0132596685083 0.0276134122288
0 0.655248618785 0.189349112426 0.017679558011 0.0394477317554
0 0.695027624309 0.176528599606 0.017679558011 0.0374753451677
0 0.714917127072 0.182445759369 0.017679558011 0.0374753451677
0 0.720994475138 0.14201183432 0.014364640884 0.0355029585799
0 0.736464088398 0.144970414201 0.014364640884 0.0295857988166
0 0.740883977901 0.169625246548 0.014364640884 0.0315581854043
0 0.797237569061 0.205128205128 0.0187845303867 0.043392504931
0 0.770165745856 0.173570019724 0.0132596685083 0.043392504931
0 0.759116022099 0.136094674556 0.0132596685083 0.0276134122288
0 0.793370165746 0.127218934911 0.0132596685083 0.0295857988166
0 0.806629834254 0.157790927022 0.0154696132597 0.0355029585799
0 0.820994475138 0.129191321499 0.0110497237569 0.0335305719921
0 0.82817679558 0.168639053254 0.014364640884 0.0374753451677
0 0.854143646409 0.20315581854 0.017679558011 0.0473372781065
0 0.851933701657 0.145956607495 0.0110497237569 0.0355029585799
0 0.872928176796 0.143984220907 0.0132596685083 0.0315581854043
0 0.90773480663 0.175542406312 0.014364640884 0.0394477317554
0 0.941436464088 0.165680473373 0.0132596685083 0.0355029585799
0 0.924309392265 0.246548323471 0.0232044198895 0.0552268244576
0 0.89226519337 0.236686390533 0.0187845303867 0.0473372781065
0 0.93591160221 0.227810650888 0.017679558011 0.0453648915187
