0 0.430200729927 0.207928802589 0.0155109489051 0.0404530744337
0 0.463959854015 0.206310679612 0.0191605839416 0.0436893203883
0 0.608576642336 0.116504854369 0.0127737226277 0.0258899676375
0 0.62454379562 0.13996763754 0.0118613138686 0.0242718446602
0 0.651916058394 0.128640776699 0.0100364963504 0.0210355987055
0 0.664233576642 0.152103559871 0.0127737226277 0.0194174757282
0 0.752737226277 0.153721682848 0.014598540146 0.0291262135922
0 0.768248175182 0.154530744337 0.0127737226277 0.0307443365696
0 0.825729927007 0.266181229773 0.0182481751825 0.046925566343
0 0.890054744526 0.26213592233 0.0136861313869 0.0355987055016
0 0.890967153285 0.22572815534 0.0155109489051 0.0307443365696
0 0.868613138686 0.195792880259 0.014598540146 0.0323624595469
0 0.940693430657 0.195792880259 0.0127737226277 0.0323624595469
0 0.919251824818 0.260517799353 0.0155109489051 0.0388349514563
