0 0.267214799589 0.231464737794 0.0143884892086 0.0361663652803
0 0.32887975334 0.244122965642 0.0205549845838 0.0470162748644
0 0.358170606372 0.19801084991 0.0154162384378 0.0343580470163
0 0.377183967112 0.183544303797 0.016443987667 0.0271247739602
0 0.383350462487 0.209764918626 0.016443987667 0.0289330922242
0 0.406474820144 0.169981916817 0.0174717368962 0.0361663652803
0 0.423432682425 0.155515370705 0.0143884892086 0.0289330922242
0 0.439876670092 0.176311030741 0.016443987667 0.0343580470163
0 0.447070914697 0.21157323689 0.0184994861254 0.0470162748644
0 0.421891058582 0.22061482821 0.0154162384378 0.0289330922242
0 0.408530318602 0.232368896926 0.0256937307297 0.0524412296564
0 0.50668036999 0.213381555154 0.0226104830421 0.0506329113924
0 0.464542651593 0.209764918626 0.0184994861254 0.0289330922242
0 0.462487153135 0.145569620253 0.0123329907503 0.0271247739602
0 0.486125385406 0.153707052441 0.0143884892086 0.0325497287523
0 0.499486125385 0.141048824593 0.0143884892086 0.0325497287523
0 0.511305241521 0.149186256781 0.0133607399794 0.0271247739602
0 0.516443987667 0.134719710669 0.0113052415211 0.0271247739602
0 0.520554984584 0.184448462929 0.0154162384378 0.0433996383363
0 0.534943473792 0.167269439421 0.0133607399794 0.0307414104882
0 0.531860226105 0.144665461121 0.0154162384378 0.0289330922242
0 0.540082219938 0.138336347197 0.0113052415211 0.0271247739602
0 0.560123329908 0.189873417722 0.0184994861254 0.0397830018083
0 0.566289825283 0.142857142857 0.0143884892086 0.0253164556962
0 0.580164439877 0.126582278481 0.0133607399794 0.0253164556962
0 0.602774922919 0.175406871609 0.0174717368962 0.0361663652803
0 0.597122302158 0.148282097649 0.016443987667 0.0253164556962
0 0.617677286742 0.169981916817 0.016443987667 0.0361663652803
0 0.604830421377 0.115732368897 0.0113052415211 0.0253164556962
0 0.618191161357 0.115732368897 0.0113052415211 0.0289330922242
0 0.634121274409 0.132911392405 0.0143884892086 0.0271247739602
0 0.630010277492 0.117540687161 0.0143884892086 0.0180831826401
0 0.655190133607 0.143761301989 0.0174717368962 0.0343580470163
0 0.656731757451 0.120253164557 0.0123329907503 0.0271247739602
0 0.679856115108 0.130198915009 0.0154162384378 0.0289330922242
0 0.687564234327 0.113924050633 0.0123329907503 0.0289330922242
0 0.708119218911 0.123869801085 0.0123329907503 0.0307414104882
0 0.56372045221 0.298372513562 0.0256937307297 0.0470162748644
0 0.568345323741 0.259493670886 0.0246659815005 0.0415913200723
0 0.625385405961 0.263110307414 0.0256937307297 0.0488245931284
0 0.642857142857 0.19801084991 0.0195272353546 0.0415913200723
0 0.674717368962 0.226039783002 0.0215827338129 0.0506329113924
0 0.685508735868 0.259493670886 0.0226104830421 0.0488245931284
0 0.729188078109 0.287522603978 0.0318602261048 0.0578661844485
0 0.700411099692 0.209764918626 0.0174717368962 0.0397830018083
0 0.700924974306 0.182640144665 0.016443987667 0.0325497287523
0 0.736382322713 0.149186256781 0.0195272353546 0.0343580470163
0 0.745632065776 0.141048824593 0.0154162384378 0.0325497287523
0 0.76618705036 0.141952983725 0.0154162384378 0.0343580470163
0 0.742034943474 0.18896925859 0.0184994861254 0.0343580470163
0 0.754367934224 0.21609403255 0.0184994861254 0.0452079566004
0 0.76618705036 0.253164556962 0.0215827338129 0.0542495479204
0 0.793422404933 0.308318264014 0.0246659815005 0.0596745027125
0 0.848406988695 0.326401446655 0.0277492291881 0.0632911392405
0 0.862795477903 0.286618444846 0.0256937307297 0.0560578661844
0 0.924460431655 0.344484629295 0.0277492291881 0.0669077757685
0 0.919835560123 0.302893309222 0.0205549845838 0.0415913200723
0 0.924460431655 0.249547920434 0.0195272353546 0.0433996383363
0 0.889516957862 0.24321880651 0.0174717368962 0.0379746835443
0 0.840184994861 0.244122965642 0.0215827338129 0.0433996383363
0 0.79753340185 0.221518987342 0.0143884892086 0.0379746835443
0 0.802672147996 0.169981916817 0.0143884892086 0.0361663652803
0 0.802672147996 0.137432188065 0.0123329907503 0.0361663652803
0 0.821685508736 0.141048824593 0.0133607399794 0.0325497287523
0 0.812435765673 0.163652802893 0.0133607399794 0.0307414104882
0 0.838643371017 0.152802893309 0.0143884892086 0.0343580470163
0 0.854059609455 0.162748643761 0.0143884892086 0.0253164556962
0 0.86125385406 0.194394213382 0.0184994861254 0.0415913200723
0 0.838129496403 0.206148282098 0.0174717368962 0.0325497287523
0 0.868961973279 0.178119349005 0.0174717368962 0.0343580470163
0 0.887461459404 0.160036166365 0.0133607399794 0.0343580470163
0 0.914696813977 0.172694394213 0.0123329907503 0.0343580470163
0 0.89260020555 0.21609403255 0.0154162384378 0.0307414104882
0 0.94295991778 0.209764918626 0.0133607399794 0.0289330922242
0 0.951695786228 0.183544303797 0.0123329907503 0.0307414104882
