0 0.127606338616 0.563860667634 0.0450375312761 0.0827285921626
0 0.225604670559 0.335994194485 0.0175145954962 0.0391872278665
0 0.254795663053 0.346153846154 0.0208507089241 0.0420899854862
0 0.277731442869 0.370827285922 0.0250208507089 0.0420899854862
0 0.282735613011 0.310595065312 0.0200166805671 0.0377358490566
0 0.326105087573 0.370101596517 0.023352793995 0.0464441219158
0 0.348623853211 0.322206095791 0.0183486238532 0.0435413642961
0 0.350708924103 0.293904208999 0.0158465387823 0.0275761973875
0 0.384070058382 0.33381712627 0.0191826522102 0.0377358490566
0 0.407005838198 0.33526850508 0.0216847372811 0.0406386066763
0 0.406171809842 0.298258345428 0.0183486238532 0.033381712627
0 0.396163469558 0.259796806967 0.0150125104254 0.0319303338171
0 0.42869057548 0.272859216255 0.0150125104254 0.0319303338171
0 0.431609674729 0.305515239478 0.0191826522102 0.0420899854862
0 0.448290241868 0.33381712627 0.022518765638 0.0435413642961
0 0.470809007506 0.304789550073 0.0191826522102 0.0319303338171
0 0.505838198499 0.315674891147 0.022518765638 0.044992743106
0 0.476230191827 0.264150943396 0.0166805671393 0.0348330914369
0 0.458298582152 0.246734397678 0.0175145954962 0.0290275761974
0 0.467472894078 0.235849056604 0.0175145954962 0.0304789550073
0 0.494161801501 0.265602322206 0.0191826522102 0.0377358490566
0 0.50542118432 0.256894049347 0.0166805671393 0.0319303338171
0 0.518765638032 0.242380261248 0.0166805671393 0.0348330914369
0 0.522518765638 0.27358490566 0.0175145954962 0.0362844702467
0 0.541701417848 0.250362844702 0.0175145954962 0.033381712627
0 0.554628857381 0.2793904209 0.0183486238532 0.0362844702467
0 0.576313594662 0.256894049347 0.0166805671393 0.0348330914369
0 0.572143452877 0.227866473149 0.0116763969975 0.0261248185776
0 0.566305254379 0.216981132075 0.0100083402836 0.021770682148
0 0.585904920767 0.235849056604 0.0141784820684 0.0304789550073
0 0.603836530442 0.22206095791 0.0133444537114 0.0290275761974
0 0.608006672227 0.204644412192 0.0150125104254 0.0261248185776
0 0.5988323603 0.246734397678 0.0150125104254 0.0319303338171
0 0.628023352794 0.212626995646 0.0166805671393 0.0304789550073
0 0.640950792327 0.222786647315 0.0125104253545 0.0304789550073
0 0.644703919933 0.243105950653 0.0183486238532 0.0362844702467
0 0.665554628857 0.204644412192 0.0150125104254 0.0290275761974
0 0.675979983319 0.22641509434 0.0141784820684 0.0290275761974
0 0.68682235196 0.224238026125 0.0108423686405 0.0246734397678
0 0.490825688073 0.38824383164 0.0325271059216 0.0653120464441
0 0.548790658882 0.404208998549 0.0350291909925 0.0537010159652
0 0.541701417848 0.350507982583 0.0258548790659 0.044992743106
0 0.590909090909 0.371552975327 0.024186822352 0.0493468795356
0 0.599666388657 0.32946298984 0.0216847372811 0.0435413642961
0 0.58798999166 0.444847605225 0.0366972477064 0.0682148040639
0 0.64011676397 0.467343976778 0.0358632193495 0.0754716981132
0 0.64011676397 0.302612481858 0.0208507089241 0.0420899854862
0 0.671809841535 0.27793904209 0.0191826522102 0.044992743106
0 0.697247706422 0.298258345428 0.0200166805671 0.0420899854862
0 0.649291075897 0.347605224964 0.022518765638 0.044992743106
0 0.665137614679 0.380986937591 0.0275229357798 0.0537010159652
0 0.690992493745 0.362119013062 0.022518765638 0.0507982583454
0 0.729357798165 0.404208998549 0.0291909924937 0.0537010159652
0 0.702668890742 0.55007256894 0.0425354462052 0.0783744557329
0 0.833611342786 0.506531204644 0.0408673894912 0.0841799709724
0 0.850291909925 0.447750362845 0.0291909924937 0.0682148040639
0 0.789824854045 0.427431059507 0.0316930775646 0.0653120464441
0 0.710592160133 0.299709724238 0.0200166805671 0.0420899854862
0 0.708507089241 0.245283018868 0.0175145954962 0.0348330914369
0 0.731025854879 0.250362844702 0.0191826522102 0.033381712627
0 0.737281067556 0.236574746009 0.0150125104254 0.0348330914369
0 0.751042535446 0.227140783745 0.0141784820684 0.0275761973875
0 0.775646371977 0.271407837446 0.0166805671393 0.0348330914369
0 0.783152627189 0.238751814224 0.0150125104254 0.0304789550073
0 0.814011676397 0.243831640058 0.0166805671393 0.0377358490566
0 0.819015846539 0.269230769231 0.0150125104254 0.0304789550073
0 0.816096747289 0.298258345428 0.0175145954962 0.033381712627
0 0.813594662219 0.359216255443 0.024186822352 0.0507982583454
0 0.927439532944 0.465166908563 0.0300250208507 0.0624092888244
0 0.918682235196 0.39404934688 0.0208507089241 0.0478955007257
0 0.862385321101 0.374455732946 0.0250208507089 0.0522496371553
0 0.848206839033 0.307692307692 0.0166805671393 0.0435413642961
0 0.85988323603 0.272859216255 0.0183486238532 0.0377358490566
0 0.846538782319 0.258345428157 0.0166805671393 0.0377358490566
0 0.87906588824 0.253265602322 0.0150125104254 0.033381712627
0 0.893661384487 0.317851959361 0.0175145954962 0.0406386066763
0 0.871976647206 0.335994194485 0.0191826522102 0.044992743106
0 0.936613844871 0.354136429608 0.0183486238532 0.0406386066763
0 0.934528773978 0.311320754717 0.0141784820684 0.0420899854862
0 0.916597164304 0.298984034833 0.0166805671393 0.0406386066763
0 0.89824854045 0.269956458636 0.0150125104254 0.0406386066763
0 0.943286071726 0.269956458636 0.0183486238532 0.0435413642961
