0 0.763627819549 0.329787234043 0.0272556390977 0.0540098199673
0 0.606203007519 0.279050736498 0.0225563909774 0.0572831423895
0 0.484492481203 0.317512274959 0.0253759398496 0.0523731587561
0 0.537593984962 0.351063829787 0.0244360902256 0.0572831423895
0 0.586466165414 0.400163666121 0.0357142857143 0.0572831423895
0 0.543233082707 0.139116202946 0.0112781954887 0.0261865793781
0 0.553571428571 0.144026186579 0.0131578947368 0.0261865793781
0 0.046992481203 0.353518821604 0.0206766917293 0.0327332242226
0 0.907894736842 0.157937806874 0.0112781954887 0.0245499181669
0 0.934210526316 0.161211129296 0.0093984962406 0.0245499181669
