0 0.199152542373 0.353333333333 0.0442561205273 0.0933333333333
0 0.285310734463 0.254166666667 0.0244821092279 0.045
0 0.315913370998 0.218333333333 0.0141242937853 0.0266666666667
0 0.316384180791 0.266666666667 0.0169491525424 0.0333333333333
0 0.338512241055 0.27 0.0197740112994 0.0366666666667
0 0.346516007533 0.221666666667 0.0188323917137 0.0333333333333
0 0.372410546139 0.21 0.0141242937853 0.0333333333333
0 0.379472693032 0.23 0.0207156308851 0.03
0 0.391242937853 0.199166666667 0.0216572504708 0.045
0 0.431732580038 0.284166666667 0.0235404896422 0.055
0 0.424670433145 0.215833333333 0.0207156308851 0.0416666666667
0 0.426553672316 0.173333333333 0.0169491525424 0.03
0 0.441619585687 0.195833333333 0.0188323917137 0.035
0 0.460922787194 0.216666666667 0.0178907721281 0.0366666666667
0 0.463747645951 0.19 0.0178907721281 0.0333333333333
0 0.450564971751 0.1725 0.0178907721281 0.0283333333333
0 0.451506591337 0.1475 0.0160075329567 0.025
0 0.473634651601 0.154166666667 0.015065913371 0.035
0 0.49670433145 0.190833333333 0.0197740112994 0.035
0 0.504708097928 0.175833333333 0.0169491525424 0.0283333333333
0 0.488229755179 0.13 0.0141242937853 0.0266666666667
0 0.525423728814 0.141666666667 0.0188323917137 0.0333333333333
0 0.551789077213 0.160833333333 0.0169491525424 0.035
0 0.547080979284 0.194166666667 0.0207156308851 0.0416666666667
0 0.574858757062 0.165833333333 0.0160075329567 0.0383333333333
0 0.556497175141 0.1225 0.0131826741996 0.0316666666667
0 0.583804143126 0.119166666667 0.015065913371 0.025
0 0.581450094162 0.138333333333 0.0160075329567 0.0233333333333
0 0.59274952919 0.100833333333 0.0160075329567 0.025
0 0.608757062147 0.116666666667 0.0122410546139 0.0266666666667
0 0.618644067797 0.0991666666667 0.0131826741996 0.025
0 0.622410546139 0.14 0.0169491525424 0.0333333333333
0 0.638418079096 0.110833333333 0.0131826741996 0.0283333333333
0 0.651129943503 0.100833333333 0.0160075329567 0.0316666666667
0 0.668549905838 0.12 0.0169491525424 0.03
0 0.693502824859 0.0983333333333 0.0160075329567 0.0333333333333
0 0.658192090395 0.1625 0.0225988700565 0.045
0 0.666666666667 0.2 0.0207156308851 0.0533333333333
0 0.607344632768 0.21 0.0263653483992 0.0466666666667
0 0.611111111111 0.254166666667 0.030131826742 0.055
0 0.563088512241 0.249166666667 0.0263653483992 0.0483333333333
0 0.54802259887 0.3075 0.0338983050847 0.065
0 0.494350282486 0.299166666667 0.0282485875706 0.0516666666667
0 0.682674199623 0.329166666667 0.0320150659134 0.065
0 0.611581920904 0.338333333333 0.0386064030132 0.07
0 0.666195856874 0.251666666667 0.0197740112994 0.05
0 0.710451977401 0.2225 0.0235404896422 0.0483333333333
0 0.719397363465 0.283333333333 0.030131826742 0.0666666666667
0 0.772128060264 0.285833333333 0.0263653483992 0.055
0 0.698210922787 0.18 0.0178907721281 0.04
0 0.697269303202 0.144166666667 0.0178907721281 0.0383333333333
0 0.713276836158 0.134166666667 0.0178907721281 0.045
0 0.735875706215 0.128333333333 0.0160075329567 0.0333333333333
0 0.75 0.144166666667 0.0141242937853 0.035
0 0.737758945386 0.1625 0.0178907721281 0.0383333333333
0 0.75 0.188333333333 0.0178907721281 0.0466666666667
0 0.761299435028 0.179166666667 0.0141242937853 0.0383333333333
0 0.767890772128 0.1325 0.0160075329567 0.0316666666667
0 0.755649717514 0.105 0.0160075329567 0.0266666666667
0 0.803672316384 0.1775 0.0216572504708 0.0416666666667
0 0.813088512241 0.1275 0.0122410546139 0.0316666666667
0 0.806026365348 0.1425 0.0131826741996 0.0216666666667
0 0.833804143126 0.1375 0.0160075329567 0.0383333333333
0 0.827212806026 0.169166666667 0.0160075329567 0.0383333333333
0 0.848399246704 0.1875 0.0169491525424 0.0483333333333
0 0.868173258004 0.165833333333 0.0188323917137 0.0383333333333
0 0.870056497175 0.135833333333 0.015065913371 0.0283333333333
0 0.882297551789 0.185 0.0207156308851 0.0466666666667
0 0.873822975518 0.2275 0.0225988700565 0.0516666666667
0 0.919020715631 0.28 0.0244821092279 0.06
0 0.924670433145 0.185833333333 0.0188323917137 0.0416666666667
0 0.898775894539 0.1675 0.0141242937853 0.035
0 0.903013182674 0.131666666667 0.015065913371 0.03
0 0.927495291902 0.149166666667 0.015065913371 0.0316666666667
