0 0.900649953575 0.222408026756 0.0129990714949 0.0334448160535
0 0.89182915506 0.244147157191 0.0139275766017 0.0367892976589
0 0.924326833798 0.249163879599 0.0157845868152 0.0401337792642
0 0.821727019499 0.251672240803 0.0185701021356 0.0484949832776
0 0.761838440111 0.13127090301 0.0102135561746 0.0351170568562
0 0.77669452182 0.137959866221 0.0120705663881 0.0317725752508
0 0.587279480037 0.0610367892977 0.0102135561746 0.0217391304348
0 0.626276694522 0.128762541806 0.0120705663881 0.0301003344482
0 0.649025069638 0.11872909699 0.0111420612813 0.0267558528428
0 0.645311049211 0.137959866221 0.0129990714949 0.0284280936455
0 0.595636025998 0.222408026756 0.0176415970288 0.0501672240803
0 0.413184772516 0.215719063545 0.016713091922 0.0367892976589
