0 0.0802063789869 0.49584717608 0.0590994371482 0.111295681063
0 0.258911819887 0.284053156146 0.0168855534709 0.0398671096346
0 0.28799249531 0.255813953488 0.015009380863 0.0299003322259
0 0.312382739212 0.235049833887 0.0206378986867 0.0415282392027
0 0.348499061914 0.221760797342 0.0196998123827 0.0415282392027
0 0.375703564728 0.201827242525 0.0196998123827 0.0348837209302
0 0.65243902439 0.0971760797342 0.0121951219512 0.031561461794
0 0.6904315197 0.103820598007 0.0168855534709 0.0382059800664
0 0.453095684803 0.144518272425 0.0131332082552 0.0299003322259
0 0.411350844278 0.171096345515 0.0121951219512 0.0299003322259
0 0.555347091932 0.112956810631 0.0168855534709 0.0398671096346
0 0.589587242026 0.0996677740864 0.0121951219512 0.0265780730897
0 0.483583489681 0.136212624585 0.0140712945591 0.0299003322259
0 0.873358348968 0.127906976744 0.0131332082552 0.0265780730897
0 0.817073170732 0.124584717608 0.015009380863 0.0398671096346
0 0.739681050657 0.113787375415 0.0178236397749 0.031561461794
0 0.746716697936 0.116279069767 0.015009380863 0.0299003322259
0 0.768761726079 0.117109634551 0.0140712945591 0.0282392026578
0 0.78095684803 0.11877076412 0.0103189493433 0.0249169435216
0 0.534709193246 0.132059800664 0.0168855534709 0.0382059800664
0 0.524859287054 0.13122923588 0.0121951219512 0.0332225913621
0 0.34756097561 0.274916943522 0.015947467167 0.0382059800664
0 0.41181988743 0.220099667774 0.0131332082552 0.0348837209302
0 0.461538461538 0.196013289037 0.0187617260788 0.0398671096346
0 0.487335834897 0.190199335548 0.0215759849906 0.0415282392027
0 0.492026266417 0.224252491694 0.0234521575985 0.046511627907
0 0.571294559099 0.170265780731 0.0243902439024 0.0448504983389
0 0.536116322702 0.194352159468 0.015947467167 0.0332225913621
0 0.628048780488 0.146179401993 0.0196998123827 0.0365448504983
0 0.687617260788 0.15365448505 0.0168855534709 0.0348837209302
0 0.399624765478 0.285714285714 0.0206378986867 0.0498338870432
0 0.482176360225 0.314784053156 0.0243902439024 0.0548172757475
0 0.550656660413 0.308139534884 0.0243902439024 0.0548172757475
0 0.606472795497 0.212624584718 0.0196998123827 0.0531561461794
0 0.647748592871 0.177740863787 0.0178236397749 0.0398671096346
0 0.66181988743 0.205980066445 0.0178236397749 0.0365448504983
0 0.714821763602 0.187707641196 0.0168855534709 0.046511627907
0 0.746247654784 0.179401993355 0.0140712945591 0.0398671096346
0 0.605534709193 0.323089700997 0.0290806754221 0.0514950166113
0 0.664165103189 0.259136212625 0.0243902439024 0.0398671096346
0 0.679174484053 0.341362126246 0.0243902439024 0.0581395348837
0 0.711069418386 0.281561461794 0.0300187617261 0.0548172757475
0 0.747185741088 0.25415282392 0.0215759849906 0.046511627907
0 0.784240150094 0.284053156146 0.0300187617261 0.0564784053156
0 0.805347091932 0.176079734219 0.0178236397749 0.0398671096346
0 0.828799249531 0.170265780731 0.015947467167 0.0348837209302
0 0.852720450281 0.187707641196 0.0206378986867 0.0531561461794
0 0.901031894934 0.130398671096 0.0121951219512 0.031561461794
0 0.927767354597 0.154485049834 0.0131332082552 0.0299003322259
0 0.892589118199 0.194352159468 0.0215759849906 0.0398671096346
0 0.871951219512 0.226744186047 0.0215759849906 0.0448504983389
0 0.818011257036 0.233388704319 0.0206378986867 0.0481727574751
0 0.931988742964 0.284053156146 0.03095684803 0.0498338870432
0 0.927298311445 0.203488372093 0.0215759849906 0.0382059800664
0 0.299249530957 0.266611295681 0.0168855534709 0.0415282392027
0 0.375703564728 0.225913621262 0.0196998123827 0.0332225913621
0 0.372889305816 0.209302325581 0.0234521575985 0.0265780730897
0 0.469512195122 0.15780730897 0.0178236397749 0.0365448504983
0 0.547842401501 0.159468438538 0.0187617260788 0.0398671096346
0 0.624765478424 0.0963455149502 0.0093808630394 0.0166112956811
0 0.570356472795 0.236710963455 0.0187617260788 0.0448504983389
0 0.668855534709 0.121262458472 0.0168855534709 0.0299003322259
0 0.726547842402 0.142857142857 0.015947467167 0.0431893687708
0 0.840994371482 0.147009966777 0.0178236397749 0.0348837209302
0 0.703564727955 0.21926910299 0.0225140712946 0.0398671096346
0 0.795497185741 0.137043189369 0.0112570356473 0.0348837209302
0 0.452157598499 0.216777408638 0.0206378986867 0.0382059800664
0 0.584896810507 0.151993355482 0.0178236397749 0.0382059800664
0 0.74765478424 0.155315614618 0.0187617260788 0.031561461794
0 0.621013133208 0.116279069767 0.015009380863 0.0265780730897
0 0.640712945591 0.122093023256 0.0131332082552 0.0249169435216
