0 0.0949803149606 0.310787671233 0.0226377952756 0.0428082191781
0 0.109744094488 0.296232876712 0.0206692913386 0.041095890411
0 0.170767716535 0.281678082192 0.0206692913386 0.0428082191781
0 0.177657480315 0.255136986301 0.0187007874016 0.0342465753425
0 0.233267716535 0.235445205479 0.0196850393701 0.0428082191781
0 0.272637795276 0.273116438356 0.0236220472441 0.0428082191781
0 0.303641732283 0.265410958904 0.0265748031496 0.041095890411
0 0.281496062992 0.232020547945 0.0177165354331 0.0393835616438
0 0.290354330709 0.252568493151 0.0137795275591 0.0291095890411
0 0.316437007874 0.217465753425 0.0206692913386 0.041095890411
