0 0.331384015595 0.191564147627 0.0214424951267 0.0316344463972
0 0.344541910331 0.16783831283 0.0204678362573 0.0404217926186
0 0.486354775828 0.191564147627 0.0331384015595 0.0632688927944
0 0.55604288499 0.188927943761 0.0204678362573 0.0509666080844
0 0.577485380117 0.22934973638 0.0282651072125 0.0544815465729
0 0.617446393762 0.186291739895 0.0243664717349 0.0492091388401
0 0.644736842105 0.226713532513 0.0243664717349 0.0492091388401
0 0.689083820663 0.231985940246 0.0253411306043 0.0527240773286
0 0.751461988304 0.279437609842 0.0253411306043 0.0562390158172
0 0.769493177388 0.247803163445 0.0243664717349 0.0562390158172
0 0.82992202729 0.152899824253 0.0224171539961 0.0492091388401
0 0.826023391813 0.247803163445 0.0224171539961 0.0597539543058
0 0.82261208577 0.310193321617 0.0292397660819 0.0755711775044
0 0.91179337232 0.328646748682 0.0341130604288 0.0878734622144
0 0.931773879142 0.283831282953 0.0350877192982 0.0755711775044
