0 0.0910898965792 0.572390572391 0.0437549721559 0.10101010101
0 0.224741447892 0.292929292929 0.0198886237072 0.047138047138
0 0.209626093874 0.27861952862 0.0151153540175 0.0488215488215
0 0.277247414479 0.265993265993 0.0167064439141 0.03367003367
0 0.271280827367 0.240740740741 0.0159108989658 0.037037037037
0 0.302704852824 0.220538720539 0.0151153540175 0.043771043771
0 0.326968973747 0.234848484848 0.0159108989658 0.0488215488215
0 0.345266507558 0.223063973064 0.0143198090692 0.0521885521886
0 0.364359586317 0.265993265993 0.0159108989658 0.037037037037
0 0.387828162291 0.256734006734 0.0151153540175 0.0387205387205
0 0.435163086714 0.308080808081 0.0206841686555 0.0505050505051
0 0.463404932379 0.255050505051 0.0182975338107 0.0420875420875
0 0.358790771679 0.207070707071 0.0143198090692 0.040404040404
0 0.382259347653 0.201178451178 0.0167064439141 0.0387205387205
0 0.423627684964 0.199494949495 0.0151153540175 0.0387205387205
0 0.42800318218 0.16835016835 0.0143198090692 0.03367003367
0 0.447494033413 0.167508417508 0.0119331742243 0.0286195286195
0 0.471360381862 0.178451178451 0.0151153540175 0.037037037037
0 0.48846459825 0.210437710438 0.0175019888624 0.040404040404
0 0.485282418457 0.155723905724 0.0143198090692 0.0353535353535
0 0.511933174224 0.180134680135 0.0151153540175 0.037037037037
0 0.517501988862 0.159932659933 0.0167064439141 0.037037037037
0 0.540175019889 0.238215488215 0.0159108989658 0.0387205387205
0 0.560063643596 0.215488215488 0.0159108989658 0.037037037037
0 0.550914876691 0.166666666667 0.0151153540175 0.03367003367
0 0.548130469372 0.138888888889 0.0127287191726 0.0319865319865
0 0.570007955449 0.141414141414 0.0135242641209 0.040404040404
0 0.589896579157 0.128787878788 0.0119331742243 0.0353535353535
0 0.598647573588 0.159090909091 0.0151153540175 0.0319865319865
0 0.6046141607 0.181818181818 0.0127287191726 0.037037037037
0 0.610978520286 0.207070707071 0.0143198090692 0.03367003367
0 0.459029435163 0.180134680135 0.0111376292761 0.037037037037
0 0.62092283214 0.131313131313 0.0135242641209 0.040404040404
0 0.638424821002 0.149831649832 0.0151153540175 0.03367003367
0 0.656722354813 0.133838383838 0.0135242641209 0.0387205387205
0 0.683373110581 0.143097643098 0.0127287191726 0.03367003367
0 0.704057279236 0.159932659933 0.0127287191726 0.037037037037
0 0.647175815434 0.188552188552 0.0135242641209 0.037037037037
0 0.678599840891 0.171717171717 0.0127287191726 0.037037037037
0 0.573190135243 0.179292929293 0.0167064439141 0.0319865319865
0 0.564836913286 0.346801346801 0.0190930787589 0.0505050505051
0 0.600238663484 0.383838383838 0.024661893397 0.0572390572391
0 0.607000795545 0.306397306397 0.0254574383453 0.0572390572391
0 0.651949085123 0.256734006734 0.0182975338107 0.0488215488215
0 0.688544152745 0.224747474747 0.0167064439141 0.0387205387205
0 0.650357995227 0.409932659933 0.024661893397 0.0589225589226
0 0.709626093874 0.420033670034 0.0254574383453 0.0622895622896
0 0.78599840891 0.45202020202 0.0270485282418 0.0723905723906
0 0.860381861575 0.489898989899 0.0278440731901 0.0740740740741
0 0.872712808274 0.4132996633 0.0206841686555 0.0656565656566
0 0.945107398568 0.451178451178 0.0254574383453 0.0639730639731
0 0.713206046142 0.268518518519 0.0214797136038 0.0488215488215
0 0.733094669849 0.23569023569 0.0167064439141 0.043771043771
0 0.736276849642 0.192760942761 0.0151153540175 0.0353535353535
0 0.760540970565 0.18771043771 0.0127287191726 0.0353535353535
0 0.768098647574 0.215488215488 0.0119331742243 0.030303030303
0 0.786396181384 0.254208754209 0.0151153540175 0.043771043771
0 0.742243436754 0.29797979798 0.0206841686555 0.047138047138
0 0.805489260143 0.308922558923 0.0182975338107 0.0521885521886
0 0.809069212411 0.232323232323 0.0159108989658 0.037037037037
0 0.798329355609 0.195286195286 0.0135242641209 0.037037037037
0 0.830946698488 0.218855218855 0.0119331742243 0.037037037037
0 0.861972951472 0.239057239057 0.0135242641209 0.037037037037
0 0.870326173429 0.226430976431 0.0127287191726 0.0387205387205
0 0.887828162291 0.258417508418 0.0127287191726 0.0420875420875
0 0.896976929196 0.243265993266 0.0119331742243 0.0353535353535
0 0.87907716786 0.300505050505 0.0159108989658 0.0454545454545
0 0.85600636436 0.31734006734 0.0190930787589 0.0387205387205
0 0.852824184566 0.369528619529 0.0159108989658 0.0555555555556
0 0.915274463007 0.338383838384 0.0151153540175 0.0505050505051
0 0.917263325378 0.276094276094 0.0143198090692 0.040404040404
0 0.942322991249 0.259259259259 0.0135242641209 0.037037037037
0 0.970564836913 0.255050505051 0.0127287191726 0.0319865319865
0 0.961018297534 0.377946127946 0.0175019888624 0.0488215488215
0 0.962211614956 0.342592592593 0.0151153540175 0.0353535353535
0 0.961416070008 0.308922558923 0.0119331742243 0.0387205387205
