0 0.0686507936508 0.535242290749 0.0484126984127 0.104258443465
0 0.263888888889 0.222466960352 0.0214285714286 0.0367107195301
0 0.316666666667 0.20778267254 0.0174603174603 0.0337738619677
0 0.319841269841 0.18281938326 0.0190476190476 0.0396475770925
0 0.344047619048 0.200440528634 0.018253968254 0.0455212922173
0 0.362301587302 0.188693098385 0.0198412698413 0.0367107195301
0 0.37380952381 0.17033773862 0.015873015873 0.0352422907489
0 0.417063492063 0.159324522761 0.018253968254 0.0425844346549
0 0.403571428571 0.20704845815 0.0166666666667 0.0381791483113
0 0.371031746032 0.235682819383 0.0261904761905 0.0484581497797
0 0.442063492063 0.267254038179 0.0238095238095 0.0469897209985
0 0.436507936508 0.176945668135 0.0190476190476 0.0425844346549
0 0.459920634921 0.149779735683 0.018253968254 0.0323054331865
0 0.476587301587 0.130690161527 0.0150793650794 0.0264317180617
0 0.483333333333 0.14610866373 0.0174603174603 0.0337738619677
0 0.503968253968 0.132158590308 0.0142857142857 0.0264317180617
0 0.500793650794 0.18281938326 0.0174603174603 0.0367107195301
0 0.480952380952 0.204845814978 0.0190476190476 0.0396475770925
0 0.53373015873 0.192364170338 0.018253968254 0.0352422907489
0 0.537698412698 0.140234948605 0.0198412698413 0.0367107195301
0 0.560317460317 0.140234948605 0.015873015873 0.0337738619677
0 0.562301587302 0.113803230543 0.0166666666667 0.0308370044053
0 0.581746031746 0.123348017621 0.0190476190476 0.0323054331865
0 0.600396825397 0.113069016153 0.0166666666667 0.0293685756241
0 0.612301587302 0.154185022026 0.0119047619048 0.0323054331865
0 0.597619047619 0.171806167401 0.015873015873 0.0352422907489
0 0.621428571429 0.17107195301 0.015873015873 0.0367107195301
0 0.621031746032 0.135829662261 0.0198412698413 0.0337738619677
0 0.636904761905 0.108663729809 0.0150793650794 0.0381791483113
0 0.653571428571 0.118208516887 0.0119047619048 0.0337738619677
0 0.654761904762 0.161527165932 0.0126984126984 0.0323054331865
0 0.656349206349 0.221732745962 0.0190476190476 0.0528634361233
0 0.61626984127 0.250367107195 0.0261904761905 0.0425844346549
0 0.567857142857 0.3046989721 0.0230158730159 0.0602055800294
0 0.608333333333 0.324522760646 0.0246031746032 0.0558002936858
0 0.663492063492 0.350954478708 0.0269841269841 0.0558002936858
0 0.672619047619 0.121145374449 0.0134920634921 0.0337738619677
0 0.687301587302 0.135829662261 0.0174603174603 0.0337738619677
0 0.718650793651 0.13436123348 0.0150793650794 0.0367107195301
0 0.715873015873 0.185022026432 0.0174603174603 0.0323054331865
0 0.717857142857 0.234948604993 0.018253968254 0.0528634361233
0 0.742063492063 0.174743024963 0.0190476190476 0.0381791483113
0 0.762301587302 0.17107195301 0.0166666666667 0.0367107195301
0 0.782142857143 0.149045521292 0.0150793650794 0.0308370044053
0 0.781746031746 0.181350954479 0.015873015873 0.0396475770925
0 0.746825396825 0.20704845815 0.0206349206349 0.0440528634361
0 0.767857142857 0.246696035242 0.018253968254 0.0440528634361
0 0.72380952381 0.363436123348 0.0269841269841 0.0631424375918
0 0.809920634921 0.17107195301 0.018253968254 0.0367107195301
0 0.83373015873 0.188693098385 0.0150793650794 0.0367107195301
0 0.817063492063 0.20778267254 0.0166666666667 0.0425844346549
0 0.800793650794 0.223935389134 0.0190476190476 0.0484581497797
0 0.818650793651 0.262114537445 0.0214285714286 0.0543318649046
0 0.801984126984 0.397209985316 0.0277777777778 0.0748898678414
0 0.856746031746 0.456681350954 0.0277777777778 0.0704845814978
0 0.86746031746 0.316446402349 0.0206349206349 0.0513950073421
0 0.893253968254 0.360499265786 0.0230158730159 0.0602055800294
0 0.874603174603 0.199706314244 0.0142857142857 0.0381791483113
0 0.869841269841 0.215124816446 0.015873015873 0.0367107195301
0 0.890873015873 0.250367107195 0.0166666666667 0.0455212922173
0 0.90753968254 0.214390602056 0.0134920634921 0.0352422907489
0 0.910317460317 0.196769456681 0.015873015873 0.0381791483113
0 0.946428571429 0.205580029369 0.0134920634921 0.0352422907489
0 0.937698412698 0.232745961821 0.0150793650794 0.0367107195301
0 0.924206349206 0.296622613803 0.018253968254 0.0558002936858
0 0.945238095238 0.334067547724 0.0206349206349 0.0602055800294
0 0.980555555556 0.225403817915 0.0119047619048 0.0279001468429
0 0.976587301587 0.256975036711 0.0119047619048 0.0352422907489
0 0.977380952381 0.282672540382 0.0134920634921 0.0367107195301
0 0.979365079365 0.319383259912 0.0142857142857 0.0455212922173
0 0.954365079365 0.407488986784 0.0198412698413 0.0631424375918
