0 0.250278086763 0.267857142857 0.0244716351502 0.0515873015873
0 0.326473859844 0.208333333333 0.0211345939933 0.0396825396825
0 0.369299221357 0.196428571429 0.0155728587319 0.031746031746
0 0.399332591769 0.175595238095 0.0155728587319 0.0297619047619
0 0.415461624027 0.177579365079 0.0166852057842 0.0337301587302
0 0.430478309232 0.173611111111 0.0155728587319 0.0337301587302
0 0.440489432703 0.15873015873 0.0133481646274 0.0277777777778
0 0.44382647386 0.144841269841 0.0111234705228 0.0238095238095
0 0.462180200222 0.169642857143 0.0144605116796 0.0337301587302
0 0.47552836485 0.165674603175 0.0122358175751 0.0337301587302
0 0.472747497219 0.212301587302 0.020022246941 0.0436507936508
0 0.5 0.195436507937 0.0166852057842 0.0337301587302
0 0.501112347052 0.164682539683 0.0166852057842 0.031746031746
0 0.483314794216 0.145833333333 0.0100111234705 0.0218253968254
0 0.464961067853 0.143849206349 0.0133481646274 0.0257936507937
0 0.497775305895 0.133928571429 0.0122358175751 0.0257936507937
0 0.521134593993 0.173611111111 0.0144605116796 0.0337301587302
0 0.537263626251 0.149801587302 0.0133481646274 0.0297619047619
0 0.527252502781 0.132936507937 0.0111234705228 0.0277777777778
0 0.546718576196 0.190476190476 0.0166852057842 0.031746031746
0 0.535038932147 0.22123015873 0.020022246941 0.0416666666667
0 0.578420467186 0.188492063492 0.020022246941 0.0357142857143
0 0.560066740823 0.160714285714 0.0166852057842 0.031746031746
0 0.57063403782 0.136904761905 0.0133481646274 0.031746031746
0 0.58064516129 0.126984126984 0.0133481646274 0.031746031746
0 0.600667408231 0.146825396825 0.0155728587319 0.0277777777778
0 0.61957730812 0.179563492063 0.0155728587319 0.0297619047619
0 0.621802002225 0.157738095238 0.0111234705228 0.0218253968254
0 0.621245828699 0.113095238095 0.0122358175751 0.0238095238095
0 0.655728587319 0.138888888889 0.0144605116796 0.0277777777778
0 0.662402669633 0.118055555556 0.0100111234705 0.0218253968254
0 0.677975528365 0.121031746032 0.0122358175751 0.0238095238095
0 0.705228031146 0.125992063492 0.00889877641824 0.0218253968254
0 0.586763070078 0.244047619048 0.0233592880979 0.047619047619
0 0.632925472747 0.204365079365 0.0177975528365 0.0515873015873
0 0.65850945495 0.196428571429 0.020022246941 0.0357142857143
0 0.666295884316 0.228174603175 0.0244716351502 0.0515873015873
0 0.709677419355 0.235119047619 0.0222469410456 0.0535714285714
0 0.696885428254 0.177579365079 0.0166852057842 0.0376984126984
0 0.717463848721 0.183531746032 0.0177975528365 0.0376984126984
0 0.723025583982 0.150793650794 0.0155728587319 0.031746031746
0 0.739710789766 0.154761904762 0.0133481646274 0.0238095238095
0 0.742491657397 0.180555555556 0.0166852057842 0.0357142857143
0 0.76084538376 0.143849206349 0.0111234705228 0.0297619047619
0 0.769744160178 0.179563492063 0.0155728587319 0.0337301587302
0 0.77808676307 0.15873015873 0.0122358175751 0.0277777777778
0 0.788097886541 0.181547619048 0.0144605116796 0.0337301587302
0 0.79977753059 0.209325396825 0.0155728587319 0.0376984126984
0 0.798665183537 0.145833333333 0.0111234705228 0.0297619047619
0 0.808676307008 0.164682539683 0.0155728587319 0.0277777777778
0 0.82424916574 0.139880952381 0.0133481646274 0.0297619047619
0 0.830367074527 0.175595238095 0.0122358175751 0.0297619047619
0 0.824805339266 0.202380952381 0.0144605116796 0.0357142857143
0 0.85595105673 0.212301587302 0.0166852057842 0.0357142857143
0 0.855394883204 0.155753968254 0.0133481646274 0.0337301587302
0 0.886540600667 0.15873015873 0.0155728587319 0.031746031746
0 0.908787541713 0.179563492063 0.0111234705228 0.0297619047619
0 0.898220244716 0.24503968254 0.0189098998888 0.0496031746032
0 0.880978865406 0.277777777778 0.0222469410456 0.0396825396825
0 0.926585094549 0.265873015873 0.0177975528365 0.0515873015873
0 0.938264738598 0.235119047619 0.0166852057842 0.0376984126984
0 0.938264738598 0.206349206349 0.0122358175751 0.0238095238095
0 0.940489432703 0.174603174603 0.0144605116796 0.0277777777778
