0 0.199140401146 0.48275862069 0.0448901623687 0.0919540229885
0 0.304680038204 0.251231527094 0.0152817574021 0.0394088669951
0 0.339541547278 0.282430213465 0.0200573065903 0.0459770114943
0 0.356255969436 0.258620689655 0.0171919770774 0.0377668308703
0 0.39111747851 0.20197044335 0.0162368672397 0.0295566502463
0 0.432664756447 0.215927750411 0.0152817574021 0.0344827586207
0 0.454632282713 0.221674876847 0.0171919770774 0.0328407224959
0 0.438395415473 0.174876847291 0.0133715377268 0.0311986863711
0 0.45558739255 0.190476190476 0.0152817574021 0.0295566502463
0 0.484718242598 0.202791461412 0.0162368672397 0.0311986863711
0 0.460840496657 0.154351395731 0.0143266475645 0.0197044334975
0 0.488538681948 0.320197044335 0.0238777459408 0.0426929392447
0 0.568767908309 0.233169129721 0.0238777459408 0.0426929392447
0 0.564947468959 0.300492610837 0.0238777459408 0.055829228243
0 0.621298949379 0.297208538588 0.0315186246418 0.0656814449918
0 0.621298949379 0.247947454844 0.0238777459408 0.0459770114943
0 0.63323782235 0.213464696223 0.0191021967526 0.0426929392447
0 0.675262655205 0.26026272578 0.0210124164279 0.0443349753695
0 0.683381088825 0.207717569787 0.0219675262655 0.0443349753695
0 0.73400191022 0.282430213465 0.025787965616 0.0459770114943
0 0.79417382999 0.307881773399 0.0219675262655 0.0541871921182
0 0.702960840497 0.16091954023 0.0152817574021 0.0328407224959
0 0.718242597899 0.185550082102 0.0152817574021 0.0328407224959
0 0.727793696275 0.141215106732 0.0152817574021 0.0295566502463
0 0.709169054441 0.0993431855501 0.0124164278892 0.0279146141215
0 0.747851002865 0.114121510673 0.0152817574021 0.0311986863711
0 0.766475644699 0.118226600985 0.0124164278892 0.0229885057471
0 0.768385864374 0.149425287356 0.0143266475645 0.0295566502463
0 0.761222540592 0.189655172414 0.0171919770774 0.0377668308703
0 0.81852913085 0.176518883415 0.0152817574021 0.0377668308703
0 0.841451766953 0.121510673235 0.0133715377268 0.0394088669951
0 0.870582617001 0.183087027915 0.0162368672397 0.0377668308703
0 0.892072588348 0.230706075534 0.0171919770774 0.0443349753695
0 0.9111747851 0.193760262726 0.0133715377268 0.0295566502463
0 0.946036294174 0.186371100164 0.0162368672397 0.0443349753695
0 0.94746895893 0.120689655172 0.0133715377268 0.0311986863711
0 0.439828080229 0.282430213465 0.025787965616 0.0525451559934
0 0.621776504298 0.1026272578 0.00955109837631 0.0246305418719
0 0.630850047755 0.114121510673 0.0105062082139 0.0213464696223
0 0.591212989494 0.158456486043 0.0114613180516 0.0246305418719
0 0.509551098376 0.168308702791 0.0143266475645 0.0311986863711
0 0.549665711557 0.131362889984 0.0124164278892 0.0295566502463
0 0.544890162369 0.146141215107 0.0162368672397 0.0328407224959
0 0.569723018147 0.154351395731 0.0143266475645 0.0229885057471
0 0.573543457498 0.120689655172 0.0105062082139 0.0246305418719
0 0.830945558739 0.128078817734 0.0114613180516 0.0295566502463
