0 0.196043165468 0.188959660297 0.0203836930456 0.0467091295117
0 0.230815347722 0.188959660297 0.0203836930456 0.0382165605096
0 0.41067146283 0.154989384289 0.0251798561151 0.0382165605096
0 0.529976019185 0.185774946921 0.0215827338129 0.036093418259
0 0.592925659472 0.162420382166 0.0179856115108 0.036093418259
0 0.619904076739 0.146496815287 0.0215827338129 0.0467091295117
0 0.64928057554 0.130573248408 0.0179856115108 0.0403397027601
0 0.672661870504 0.203821656051 0.0239808153477 0.0467091295117
0 0.715827338129 0.162420382166 0.0215827338129 0.0403397027601
0 0.744604316547 0.272823779193 0.0287769784173 0.0573248407643
0 0.761990407674 0.229299363057 0.0251798561151 0.0552016985138
0 0.744604316547 0.347133757962 0.031175059952 0.0615711252654
0 0.815347721823 0.259023354565 0.0287769784173 0.0552016985138
0 0.820743405276 0.367303609342 0.0323741007194 0.0764331210191
0 0.928057553957 0.454352441614 0.0407673860911 0.0806794055202
