0 0.278468899522 0.257166947723 0.0153110047847 0.0286677908938
0 0.293779904306 0.268128161889 0.0172248803828 0.0303541315346
0 0.371770334928 0.264755480607 0.0143540669856 0.0370994940978
0 0.36028708134 0.222596964587 0.0143540669856 0.0303541315346
0 0.366028708134 0.199831365936 0.0162679425837 0.0286677908938
0 0.407177033493 0.22934232715 0.0239234449761 0.0573355817875
0 0.440669856459 0.22934232715 0.0181818181818 0.0404721753794
0 0.466028708134 0.231028667791 0.0172248803828 0.0370994940978
0 0.444976076555 0.189713322091 0.0114832535885 0.0320404721754
0 0.409090909091 0.173693086003 0.0124401913876 0.0202360876897
0 0.397129186603 0.197301854975 0.0133971291866 0.0337268128162
0 0.462200956938 0.157672849916 0.0133971291866 0.0252951096121
0 0.465071770335 0.193929173693 0.0153110047847 0.0236087689713
0 0.518181818182 0.199831365936 0.0200956937799 0.0320404721754
0 0.485645933014 0.204047217538 0.0143540669856 0.0337268128162
0 0.488038277512 0.169477234401 0.0153110047847 0.0286677908938
0 0.503349282297 0.132377740304 0.00956937799043 0.0252951096121
0 0.54019138756 0.134064080944 0.0124401913876 0.0219224283305
0 0.551196172249 0.126475548061 0.0114832535885 0.0236087689713
0 0.561722488038 0.136593591906 0.0114832535885 0.026981450253
0 0.585167464115 0.171163575042 0.0143540669856 0.0286677908938
0 0.538755980861 0.191399662732 0.0153110047847 0.0219224283305
0 0.524401913876 0.171163575042 0.0114832535885 0.0219224283305
0 0.599043062201 0.160202360877 0.0133971291866 0.026981450253
0 0.579425837321 0.141652613828 0.0124401913876 0.026981450253
0 0.583732057416 0.12478920742 0.0133971291866 0.026981450253
0 0.592344497608 0.10370994941 0.0114832535885 0.0219224283305
0 0.606220095694 0.114671163575 0.0124401913876 0.0236087689713
0 0.637799043062 0.107082630691 0.0105263157895 0.0219224283305
0 0.638277511962 0.136593591906 0.0114832535885 0.0236087689713
0 0.648325358852 0.136593591906 0.0124401913876 0.0236087689713
0 0.664593301435 0.116357504216 0.0124401913876 0.026981450253
0 0.695693779904 0.107082630691 0.0114832535885 0.0286677908938
0 0.613397129187 0.219224283305 0.0191387559809 0.0370994940978
0 0.522009569378 0.280775716695 0.0200956937799 0.0455311973019
0 0.558373205742 0.258853288364 0.0181818181818 0.035413153457
0 0.560765550239 0.301011804384 0.0210526315789 0.0421585160202
0 0.601435406699 0.331365935919 0.0239234449761 0.0522765598651
0 0.609090909091 0.263912310287 0.0200956937799 0.0455311973019
0 0.67033492823 0.210792580101 0.0162679425837 0.0370994940978
0 0.653588516746 0.175379426644 0.0153110047847 0.0337268128162
0 0.671291866029 0.16694772344 0.0124401913876 0.0303541315346
0 0.685645933014 0.183811129848 0.0143540669856 0.0303541315346
0 0.692822966507 0.23018549747 0.0191387559809 0.035413153457
0 0.677511961722 0.307757166948 0.0287081339713 0.0455311973019
0 0.743062200957 0.35497470489 0.0315789473684 0.0623946037099
0 0.785645933014 0.393760539629 0.0287081339713 0.0758853288364
0 0.887559808612 0.360876897133 0.0277511961722 0.070826306914
0 0.906698564593 0.301011804384 0.022009569378 0.0590219224283
0 0.906698564593 0.260539629005 0.0181818181818 0.0320404721754
0 0.916746411483 0.233558178752 0.0172248803828 0.0455311973019
0 0.912918660287 0.204047217538 0.0172248803828 0.0404721753794
0 0.917224880383 0.158516020236 0.0124401913876 0.026981450253
0 0.811004784689 0.313659359191 0.0258373205742 0.0505902192243
0 0.762200956938 0.273187183811 0.0239234449761 0.0505902192243
0 0.723923444976 0.254637436762 0.0239234449761 0.0472175379427
0 0.722009569378 0.199831365936 0.0200956937799 0.035413153457
0 0.76028708134 0.215851602024 0.0181818181818 0.043844856661
0 0.775598086124 0.203204047218 0.0143540669856 0.0320404721754
0 0.798086124402 0.241989881956 0.022966507177 0.0387858347386
0 0.815789473684 0.20910623946 0.0162679425837 0.0337268128162
0 0.867464114833 0.20910623946 0.0143540669856 0.0370994940978
0 0.861722488038 0.254637436762 0.0181818181818 0.0472175379427
0 0.888516746411 0.185497470489 0.0143540669856 0.0337268128162
0 0.881339712919 0.168634064081 0.0133971291866 0.026981450253
0 0.888516746411 0.147554806071 0.0162679425837 0.0320404721754
0 0.848325358852 0.16694772344 0.0124401913876 0.026981450253
0 0.853110047847 0.136593591906 0.0124401913876 0.0236087689713
0 0.821052631579 0.143338954469 0.0133971291866 0.0236087689713
0 0.825837320574 0.127318718381 0.0114832535885 0.0219224283305
0 0.791866028708 0.158516020236 0.0143540669856 0.0303541315346
0 0.772727272727 0.16694772344 0.0143540669856 0.0303541315346
0 0.743062200957 0.154300168634 0.0143540669856 0.0286677908938
0 0.759330143541 0.131534569983 0.0124401913876 0.026981450253
0 0.735406698565 0.121416526138 0.0143540669856 0.026981450253
