0 0.174090909091 0.208400646204 0.0227272727273 0.0355411954766
0 0.183636363636 0.243134087237 0.02 0.0565428109855
0 0.201363636364 0.378836833603 0.0445454545455 0.105008077544
0 0.290909090909 0.218901453958 0.0236363636364 0.0306946688207
0 0.302727272727 0.176090468498 0.0181818181818 0.032310177706
0 0.392272727273 0.193861066236 0.0136363636364 0.0355411954766
0 0.404545454545 0.196284329564 0.0163636363636 0.0371567043619
0 0.416818181818 0.217285945073 0.0209090909091 0.0436187399031
0 0.567272727273 0.163166397415 0.0254545454545 0.0516962843296
0 0.608636363636 0.0993537964459 0.01 0.0177705977383
0 0.655454545455 0.117124394184 0.0163636363636 0.0274636510501
0 0.752727272727 0.141357027464 0.0145454545455 0.0242326332795
0 0.767727272727 0.147819063005 0.0118181818182 0.0274636510501
0 0.82 0.261712439418 0.02 0.048465266559
0 0.867272727273 0.193861066236 0.0145454545455 0.032310177706
0 0.939545454545 0.182552504039 0.0136363636364 0.032310177706
0 0.888636363636 0.253634894992 0.0190909090909 0.0355411954766
0 0.918636363636 0.252827140549 0.0172727272727 0.0371567043619
