0 0.124388254486 0.547720797721 0.0415986949429 0.0783475783476
0 0.210848287113 0.349715099715 0.0203915171289 0.0384615384615
0 0.238580750408 0.377492877493 0.0236541598695 0.045584045584
0 0.267128874388 0.383903133903 0.0220228384992 0.0470085470085
0 0.267536704731 0.318376068376 0.0195758564437 0.0356125356125
0 0.323001631321 0.358262108262 0.0277324632953 0.0470085470085
0 0.337275693312 0.337606837607 0.0187601957586 0.037037037037
0 0.30057096248 0.338319088319 0.0220228384992 0.0413105413105
0 0.332381729201 0.301994301994 0.0154975530179 0.031339031339
0 0.365008156607 0.342592592593 0.0220228384992 0.0413105413105
0 0.391517128874 0.337606837607 0.0244698205546 0.045584045584
0 0.386623164763 0.301994301994 0.0179445350734 0.034188034188
0 0.385399673736 0.284188034188 0.0154975530179 0.0242165242165
0 0.375611745514 0.262108262108 0.0171288743883 0.034188034188
0 0.411092985318 0.259259259259 0.0179445350734 0.037037037037
0 0.431484502447 0.264245014245 0.0163132137031 0.0356125356125
0 0.415986949429 0.312678062678 0.0195758564437 0.0384615384615
0 0.433931484502 0.353276353276 0.026101141925 0.042735042735
0 0.446574225122 0.321937321937 0.0220228384992 0.039886039886
0 0.478792822186 0.324074074074 0.0244698205546 0.0555555555556
0 0.443719412724 0.273504273504 0.0163132137031 0.031339031339
0 0.444942903752 0.246438746439 0.0122349102773 0.02849002849
0 0.452283849918 0.237179487179 0.0171288743883 0.0242165242165
0 0.499592169657 0.274216524217 0.0187601957586 0.0413105413105
0 0.49836867863 0.242877492877 0.0163132137031 0.0299145299145
0 0.519168026101 0.252136752137 0.0187601957586 0.034188034188
0 0.533034257749 0.281339031339 0.0187601957586 0.0413105413105
0 0.553425774878 0.257834757835 0.0187601957586 0.039886039886
0 0.545269168026 0.220797720798 0.0171288743883 0.02849002849
0 0.552610114192 0.207977207977 0.0154975530179 0.025641025641
0 0.582381729201 0.257122507123 0.0179445350734 0.0356125356125
0 0.581566068515 0.230056980057 0.0146818923328 0.0270655270655
0 0.590946166395 0.210113960114 0.0171288743883 0.0299145299145
0 0.610522022838 0.217948717949 0.0154975530179 0.037037037037
0 0.619494290375 0.230769230769 0.0154975530179 0.02849002849
0 0.61867862969 0.259259259259 0.0154975530179 0.039886039886
0 0.6455954323 0.214387464387 0.0138662316476 0.0270655270655
0 0.656199021207 0.237891737892 0.0154975530179 0.034188034188
0 0.661500815661 0.220085470085 0.0163132137031 0.0299145299145
0 0.453507340946 0.416666666667 0.0358890701468 0.0669515669516
0 0.520799347471 0.423789173789 0.0334420880914 0.0698005698006
0 0.515089722675 0.369658119658 0.031810766721 0.0555555555556
0 0.581158238173 0.338319088319 0.0236541598695 0.0470085470085
0 0.595024469821 0.38603988604 0.0236541598695 0.045584045584
0 0.570146818923 0.459401709402 0.0342577487765 0.0754985754986
0 0.615008156607 0.487179487179 0.0407830342577 0.0712250712251
0 0.639885807504 0.383190883191 0.0285481239804 0.0598290598291
0 0.628058727569 0.349715099715 0.0228384991843 0.0441595441595
0 0.615415986949 0.314102564103 0.0220228384992 0.0413105413105
0 0.650081566069 0.281339031339 0.021207177814 0.0413105413105
0 0.65660685155 0.316951566952 0.0244698205546 0.0441595441595
0 0.670065252855 0.371082621083 0.0236541598695 0.0470085470085
0 0.69779771615 0.412393162393 0.0301794453507 0.0584045584046
0 0.682300163132 0.547720797721 0.0383360522023 0.0783475783476
0 0.753262642741 0.430199430199 0.0350734094617 0.0598290598291
0 0.802610114192 0.525641025641 0.0424143556281 0.0826210826211
0 0.82911908646 0.47150997151 0.036704730832 0.0683760683761
0 0.887030995106 0.474358974359 0.036704730832 0.0769230769231
0 0.835644371941 0.404558404558 0.0285481239804 0.0626780626781
0 0.792006525285 0.364672364672 0.0228384991843 0.045584045584
0 0.806280587276 0.344017094017 0.0220228384992 0.0470085470085
0 0.779363784666 0.316951566952 0.0187601957586 0.0384615384615
0 0.754893964111 0.287749287749 0.0203915171289 0.042735042735
0 0.723491027732 0.270655270655 0.0179445350734 0.034188034188
0 0.692903752039 0.302706552707 0.0203915171289 0.0413105413105
0 0.684339314845 0.261396011396 0.0179445350734 0.0413105413105
0 0.713295269168 0.247150997151 0.0138662316476 0.0356125356125
0 0.726753670473 0.247863247863 0.0146818923328 0.025641025641
0 0.759380097879 0.244301994302 0.0195758564437 0.0356125356125
0 0.788336052202 0.244301994302 0.0171288743883 0.0356125356125
0 0.803425774878 0.272792022792 0.0195758564437 0.0299145299145
0 0.821778140294 0.261396011396 0.0154975530179 0.0356125356125
0 0.833605220228 0.277065527066 0.0179445350734 0.0413105413105
0 0.851141924959 0.264957264957 0.0138662316476 0.037037037037
0 0.82911908646 0.32905982906 0.0220228384992 0.048433048433
0 0.849918433931 0.339031339031 0.021207177814 0.045584045584
0 0.874796084829 0.325498575499 0.0220228384992 0.0470085470085
0 0.876835236542 0.297008547009 0.0163132137031 0.0299145299145
0 0.893556280587 0.326923076923 0.0203915171289 0.0413105413105
0 0.915986949429 0.37037037037 0.026101141925 0.0541310541311
0 0.904159869494 0.308404558405 0.0203915171289 0.0384615384615
0 0.913539967374 0.2849002849 0.0179445350734 0.031339031339
