0 0.268488745981 0.256360078278 0.02679528403 0.0547945205479
0 0.308145766345 0.23385518591 0.0203644158628 0.0489236790607
0 0.345123258307 0.228962818004 0.0300107181136 0.0587084148728
0 0.408360128617 0.20156555773 0.0150053590568 0.0430528375734
0 0.436763129689 0.239726027397 0.0203644158628 0.0450097847358
0 0.440514469453 0.179060665362 0.0192926045016 0.0332681017613
0 0.451768488746 0.14481409002 0.016077170418 0.0313111545988
0 0.476956055734 0.178082191781 0.0192926045016 0.0430528375734
0 0.539657020364 0.175146771037 0.016077170418 0.041095890411
0 0.553054662379 0.189823874755 0.0171489817792 0.0391389432485
0 0.606645230439 0.139921722114 0.0171489817792 0.041095890411
0 0.622722400857 0.128180039139 0.0128617363344 0.0332681017613
0 0.660235798499 0.16927592955 0.0171489817792 0.041095890411
0 0.660235798499 0.22602739726 0.021436227224 0.0489236790607
0 0.609324758842 0.221135029354 0.0246516613076 0.0469667318982
0 0.62540192926 0.265166340509 0.0203644158628 0.0450097847358
0 0.620042872454 0.324853228963 0.0310825294748 0.0743639921722
0 0.658628081458 0.29843444227 0.02679528403 0.0489236790607
0 0.675241157556 0.374755381605 0.032154340836 0.0645792563601
0 0.727224008574 0.219178082192 0.0246516613076 0.0587084148728
0 0.802786709539 0.254403131115 0.0257234726688 0.0508806262231
0 0.865487674169 0.270058708415 0.0225080385852 0.0547945205479
0 0.920685959271 0.247553816047 0.0192926045016 0.0450097847358
