0 0.882943143813 0.254285714286 0.0100334448161 0.0285714285714
0 0.849080267559 0.252142857143 0.0108695652174 0.03
0 0.866220735786 0.267857142857 0.0117056856187 0.0328571428571
0 0.860367892977 0.276428571429 0.0150501672241 0.0357142857143
0 0.902591973244 0.278571428571 0.0125418060201 0.0314285714286
0 0.946070234114 0.279285714286 0.0108695652174 0.0242857142857
0 0.942307692308 0.303571428571 0.0117056856187 0.0357142857143
0 0.899665551839 0.307142857143 0.0150501672241 0.0342857142857
0 0.920986622074 0.320714285714 0.0158862876254 0.0385714285714
0 0.935618729097 0.347142857143 0.0183946488294 0.0428571428571
0 0.890468227425 0.331428571429 0.0167224080268 0.04
0 0.86872909699 0.369285714286 0.0183946488294 0.0557142857143
0 0.913461538462 0.457857142857 0.0242474916388 0.0642857142857
0 0.855351170569 0.442142857143 0.0267558528428 0.0614285714286
0 0.843227424749 0.521428571429 0.0259197324415 0.0685714285714
0 0.818143812709 0.36 0.0175585284281 0.0457142857143
0 0.84364548495 0.336428571429 0.0150501672241 0.0414285714286
0 0.778428093645 0.422142857143 0.0250836120401 0.0557142857143
0 0.780518394649 0.282142857143 0.0142140468227 0.0357142857143
0 0.82525083612 0.305 0.0133779264214 0.0385714285714
0 0.846989966555 0.318571428571 0.0150501672241 0.04
0 0.83110367893 0.279285714286 0.0150501672241 0.0328571428571
0 0.76881270903 0.232857142857 0.0125418060201 0.0314285714286
0 0.748745819398 0.243571428571 0.0142140468227 0.0357142857143
0 0.748327759197 0.258571428571 0.0133779264214 0.0342857142857
0 0.766722408027 0.262142857143 0.0133779264214 0.0328571428571
0 0.786371237458 0.245 0.0125418060201 0.0357142857143
0 0.792642140468 0.246428571429 0.0150501672241 0.03
0 0.733277591973 0.283571428571 0.0150501672241 0.0357142857143
0 0.704013377926 0.219285714286 0.0117056856187 0.0271428571429
0 0.706939799331 0.241428571429 0.0125418060201 0.0314285714286
0 0.680602006689 0.227857142857 0.0117056856187 0.0271428571429
0 0.661789297659 0.205714285714 0.00919732441472 0.0228571428571
0 0.679765886288 0.260714285714 0.0150501672241 0.0328571428571
0 0.692307692308 0.296428571429 0.0167224080268 0.0385714285714
0 0.644230769231 0.244285714286 0.0142140468227 0.0285714285714
0 0.644230769231 0.221428571429 0.0125418060201 0.0257142857143
0 0.630434782609 0.215 0.0133779264214 0.0242857142857
0 0.612876254181 0.205 0.0100334448161 0.0242857142857
0 0.637959866221 0.293571428571 0.0183946488294 0.0385714285714
0 0.608277591973 0.217857142857 0.0108695652174 0.03
0 0.601588628763 0.246428571429 0.0125418060201 0.0271428571429
0 0.567307692308 0.214285714286 0.00919732441472 0.0228571428571
0 0.584030100334 0.257857142857 0.0125418060201 0.0328571428571
0 0.575668896321 0.246428571429 0.0125418060201 0.03
0 0.547240802676 0.244285714286 0.0142140468227 0.0314285714286
0 0.55602006689 0.277142857143 0.0117056856187 0.0342857142857
0 0.526337792642 0.247142857143 0.0108695652174 0.0285714285714
0 0.520903010033 0.272857142857 0.0150501672241 0.0342857142857
0 0.475752508361 0.234285714286 0.0117056856187 0.0257142857143
0 0.429765886288 0.234285714286 0.0117056856187 0.0257142857143
0 0.439799331104 0.264285714286 0.0150501672241 0.0342857142857
0 0.473244147157 0.262857142857 0.0133779264214 0.0285714285714
0 0.493311036789 0.261428571429 0.0150501672241 0.0342857142857
0 0.475334448161 0.297142857143 0.0158862876254 0.0342857142857
0 0.502090301003 0.315714285714 0.0175585284281 0.04
0 0.388795986622 0.260714285714 0.0117056856187 0.0271428571429
0 0.406772575251 0.265714285714 0.0142140468227 0.0285714285714
0 0.436454849498 0.305 0.0167224080268 0.0385714285714
0 0.410535117057 0.297142857143 0.0133779264214 0.0314285714286
0 0.354096989967 0.288571428571 0.0125418060201 0.0314285714286
0 0.359113712375 0.322857142857 0.0142140468227 0.0314285714286
0 0.386705685619 0.329285714286 0.0175585284281 0.0385714285714
0 0.408862876254 0.335 0.0183946488294 0.0385714285714
0 0.33110367893 0.351428571429 0.0200668896321 0.0428571428571
0 0.283862876254 0.302857142857 0.0142140468227 0.0314285714286
0 0.291806020067 0.356428571429 0.0200668896321 0.0414285714286
0 0.227424749164 0.335 0.0150501672241 0.0328571428571
0 0.252090301003 0.367857142857 0.0158862876254 0.0442857142857
0 0.710702341137 0.479285714286 0.0317725752508 0.0842857142857
0 0.727424749164 0.405 0.0250836120401 0.05
0 0.695652173913 0.350714285714 0.0200668896321 0.0442857142857
0 0.661789297659 0.363571428571 0.0242474916388 0.0528571428571
0 0.600752508361 0.332142857143 0.0209030100334 0.0442857142857
0 0.648829431438 0.34 0.0183946488294 0.0457142857143
0 0.645484949833 0.464285714286 0.0334448160535 0.0657142857143
0 0.600334448161 0.397142857143 0.0234113712375 0.06
0 0.603678929766 0.435 0.0267558528428 0.07
0 0.448578595318 0.341428571429 0.0209030100334 0.0457142857143
0 0.466973244147 0.401428571429 0.0275919732441 0.0571428571429
0 0.0129598662207 0.420714285714 0.0242474916388 0.0528571428571
0 0.536371237458 0.347142857143 0.0225752508361 0.0485714285714
0 0.548494983278 0.4 0.0267558528428 0.0542857142857
