0 0.08175842235 0.452218430034 0.0287592440427 0.0682593856655
0 0.136811832375 0.570819112628 0.0336894001643 0.0733788395904
0 0.0583401807724 0.377133105802 0.0246507806081 0.061433447099
0 0.0575184880855 0.206484641638 0.0213640098603 0.037542662116
0 0.0920295809367 0.0981228668942 0.0147904683648 0.0255972696246
0 0.116269515201 0.188566552901 0.0172555464256 0.0358361774744
0 0.159819227609 0.12457337884 0.0139687756779 0.037542662116
0 0.191454396056 0.172354948805 0.0147904683648 0.037542662116
0 0.175431388661 0.233788395904 0.0156121610518 0.0409556313993
0 0.241166803615 0.241467576792 0.0221857025472 0.0563139931741
0 0.214872637634 0.314846416382 0.0221857025472 0.0529010238908
0 0.213640098603 0.448805460751 0.0279375513558 0.0546075085324
0 0.550123253903 0.441979522184 0.0271158586689 0.0750853242321
0 0.456861133936 0.257679180887 0.0230073952342 0.0443686006826
0 0.487263763353 0.198805460751 0.0180772391126 0.0392491467577
0 0.518488085456 0.145051194539 0.0147904683648 0.0443686006826
0 0.557107641742 0.27133105802 0.0230073952342 0.0546075085324
0 0.698849630238 0.32337883959 0.0205423171734 0.0529010238908
0 0.364009860312 0.198805460751 0.0197206244864 0.0392491467577
0 0.3175842235 0.207337883959 0.0172555464256 0.0324232081911
0 0.29622021364 0.172354948805 0.0156121610518 0.037542662116
0 0.298274445357 0.136518771331 0.0180772391126 0.037542662116
0 0.262530813476 0.0998293515358 0.0156121610518 0.0324232081911
0 0.229663105998 0.123720136519 0.0156121610518 0.0290102389078
0 0.371405094495 0.0631399317406 0.0115036976171 0.0307167235495
0 0.400986031224 0.0699658703072 0.0115036976171 0.0307167235495
0 0.433853738702 0.142491467577 0.0164338537387 0.0358361774744
0 0.388249794577 0.149317406143 0.0156121610518 0.0324232081911
0 0.441659819228 0.0639931740614 0.012325390304 0.0255972696246
0 0.472473294988 0.105802047782 0.0147904683648 0.0307167235495
0 0.476170912079 0.143344709898 0.0156121610518 0.0307167235495
0 0.493837304848 0.101535836177 0.013147082991 0.0290102389078
0 0.518488085456 0.0819112627986 0.00986031224322 0.0238907849829
0 0.495480690222 0.0511945392491 0.0115036976171 0.0273037542662
0 0.555053410025 0.0605802047782 0.0139687756779 0.0324232081911
0 0.585045193098 0.172354948805 0.0180772391126 0.0443686006826
0 0.623664749384 0.20819112628 0.0180772391126 0.0409556313993
0 0.605587510271 0.100682593857 0.013147082991 0.0307167235495
0 0.585456039441 0.0767918088737 0.012325390304 0.0307167235495
0 0.635990139688 0.0904436860068 0.0147904683648 0.0273037542662
0 0.669268693509 0.130546075085 0.0156121610518 0.042662116041
0 0.720624486442 0.185153583618 0.0147904683648 0.0392491467577
0 0.742399342646 0.18771331058 0.0139687756779 0.0341296928328
0 0.72514379622 0.241467576792 0.0172555464256 0.0563139931741
0 0.794576828266 0.335324232082 0.0279375513558 0.0631399317406
0 0.789646672145 0.179180887372 0.013147082991 0.0409556313993
0 0.8270336894 0.202218430034 0.0172555464256 0.0460750853242
0 0.870994248151 0.242320819113 0.0164338537387 0.0409556313993
0 0.891947411668 0.275597269625 0.0156121610518 0.0460750853242
0 0.945768282662 0.332764505119 0.0164338537387 0.0511945392491
