0 0.0860314523589 0.525704809287 0.0462534690102 0.116086235489
0 0.0874190564292 0.406301824212 0.0416281221092 0.102819237148
0 0.139685476411 0.427031509121 0.040703052729 0.0945273631841
0 0.209990749306 0.287728026534 0.0296022201665 0.0547263681592
0 0.372802960222 0.294361525705 0.0314523589269 0.0580431177446
0 0.401942645698 0.423714759536 0.0305272895467 0.0746268656716
0 0.464847363552 0.230514096186 0.0212765957447 0.0464344941957
0 0.387141535615 0.212271973466 0.0175763182239 0.0364842454395
0 0.618408880666 0.240464344942 0.0249768732655 0.0663349917081
0 0.569380203515 0.136815920398 0.0175763182239 0.028192371476
0 0.729879740981 0.132669983416 0.0240518038853 0.0530679933665
0 0.721554116559 0.0597014925373 0.0166512488437 0.0298507462687
0 0.763644773358 0.0746268656716 0.0120259019426 0.0232172470978
