0 0.0698113207547 0.438655462185 0.0452830188679 0.10756302521
0 0.257547169811 0.281512605042 0.0188679245283 0.0352941176471
0 0.284905660377 0.266386554622 0.0188679245283 0.0352941176471
0 0.302830188679 0.257142857143 0.0188679245283 0.0403361344538
0 0.325471698113 0.266386554622 0.0188679245283 0.0453781512605
0 0.344811320755 0.27731092437 0.0179245283019 0.0436974789916
0 0.397169811321 0.30756302521 0.0245283018868 0.0504201680672
0 0.322641509434 0.22268907563 0.0169811320755 0.0352941176471
0 0.348113207547 0.21512605042 0.0169811320755 0.036974789916
0 0.353773584906 0.240336134454 0.0188679245283 0.0336134453782
0 0.375 0.227731092437 0.0216981132075 0.0319327731092
0 0.420754716981 0.221008403361 0.0169811320755 0.0386554621849
0 0.497169811321 0.287394957983 0.0264150943396 0.0605042016807
0 0.387735849057 0.210924369748 0.0188679245283 0.0319327731092
0 0.409433962264 0.175630252101 0.0150943396226 0.0319327731092
0 0.427830188679 0.182352941176 0.0141509433962 0.0352941176471
0 0.459433962264 0.168067226891 0.0169811320755 0.036974789916
0 0.454245283019 0.142016806723 0.0141509433962 0.0285714285714
0 0.449056603774 0.221008403361 0.0188679245283 0.0420168067227
0 0.480188679245 0.163025210084 0.0132075471698 0.0302521008403
0 0.474056603774 0.147899159664 0.0122641509434 0.0268907563025
0 0.487264150943 0.136974789916 0.0103773584906 0.0218487394958
0 0.497641509434 0.23025210084 0.0198113207547 0.0403361344538
0 0.464150943396 0.2 0.0150943396226 0.0336134453782
0 0.445283018868 0.196638655462 0.0150943396226 0.0336134453782
0 0.479716981132 0.199159663866 0.0160377358491 0.0386554621849
0 0.504716981132 0.204201680672 0.0169811320755 0.0386554621849
0 0.507547169811 0.166386554622 0.0150943396226 0.0336134453782
0 0.50141509434 0.152100840336 0.0122641509434 0.0319327731092
0 0.529245283019 0.134453781513 0.0150943396226 0.0302521008403
0 0.535377358491 0.172268907563 0.0198113207547 0.0420168067227
0 0.550943396226 0.154621848739 0.0132075471698 0.0302521008403
0 0.540094339623 0.129411764706 0.0122641509434 0.0268907563025
0 0.562264150943 0.133613445378 0.0150943396226 0.0285714285714
0 0.571698113208 0.113445378151 0.0132075471698 0.0252100840336
0 0.585849056604 0.13781512605 0.011320754717 0.0302521008403
0 0.57358490566 0.163025210084 0.0169811320755 0.0336134453782
0 0.588679245283 0.126890756303 0.011320754717 0.0252100840336
0 0.599056603774 0.100840336134 0.0132075471698 0.0268907563025
0 0.619339622642 0.101680672269 0.0122641509434 0.0285714285714
0 0.622641509434 0.142016806723 0.0150943396226 0.0386554621849
0 0.635849056604 0.121008403361 0.0132075471698 0.0268907563025
0 0.640566037736 0.105042016807 0.011320754717 0.0285714285714
0 0.673113207547 0.12268907563 0.0141509433962 0.0268907563025
0 0.690566037736 0.105882352941 0.0132075471698 0.0336134453782
0 0.568396226415 0.240336134454 0.0198113207547 0.036974789916
0 0.56320754717 0.294957983193 0.0245283018868 0.0588235294118
0 0.604245283019 0.332773109244 0.027358490566 0.0638655462185
0 0.609905660377 0.255462184874 0.027358490566 0.0571428571429
0 0.62641509434 0.189915966387 0.0188679245283 0.0436974789916
0 0.650943396226 0.176470588235 0.0188679245283 0.0470588235294
0 0.664622641509 0.205882352941 0.0198113207547 0.0521008403361
0 0.681603773585 0.243697478992 0.0198113207547 0.0504201680672
0 0.698113207547 0.215966386555 0.0207547169811 0.0487394957983
0 0.688679245283 0.141176470588 0.0132075471698 0.0302521008403
0 0.716037735849 0.13781512605 0.0132075471698 0.0436974789916
0 0.742452830189 0.117647058824 0.0132075471698 0.0336134453782
0 0.751886792453 0.110924369748 0.0132075471698 0.0336134453782
0 0.734433962264 0.153781512605 0.0160377358491 0.0420168067227
0 0.678301886792 0.336134453782 0.0283018867925 0.0672268907563
0 0.71320754717 0.287394957983 0.0283018867925 0.0571428571429
0 0.743867924528 0.204201680672 0.0160377358491 0.0420168067227
0 0.763679245283 0.23025210084 0.0198113207547 0.053781512605
0 0.774056603774 0.278991596639 0.0254716981132 0.0571428571429
0 0.759433962264 0.156302521008 0.0132075471698 0.0336134453782
0 0.749056603774 0.147058823529 0.0132075471698 0.0319327731092
0 0.769811320755 0.136974789916 0.0150943396226 0.0352941176471
0 0.790094339623 0.120168067227 0.0122641509434 0.0319327731092
0 0.796226415094 0.131932773109 0.00943396226415 0.0319327731092
0 0.810377358491 0.120168067227 0.011320754717 0.0319327731092
0 0.799056603774 0.18487394958 0.0150943396226 0.0403361344538
0 0.824528301887 0.157142857143 0.0150943396226 0.0386554621849
0 0.833490566038 0.134453781513 0.0141509433962 0.036974789916
0 0.856603773585 0.150420168067 0.011320754717 0.0285714285714
0 0.854245283019 0.181512605042 0.0141509433962 0.0336134453782
0 0.870283018868 0.150420168067 0.0122641509434 0.0319327731092
0 0.873113207547 0.125210084034 0.0122641509434 0.0285714285714
0 0.878301886792 0.218487394958 0.0150943396226 0.0403361344538
0 0.900471698113 0.126890756303 0.0103773584906 0.0285714285714
0 0.93679245283 0.165546218487 0.0132075471698 0.0352941176471
0 0.88679245283 0.193277310924 0.0132075471698 0.0403361344538
0 0.933490566038 0.274789915966 0.0235849056604 0.0487394957983
0 0.892924528302 0.178151260504 0.0141509433962 0.036974789916
0 0.897169811321 0.163025210084 0.0150943396226 0.036974789916
