0 0.154564315353 0.393854748603 0.0373443983402 0.102420856611
0 0.382261410788 0.154562383613 0.0134854771784 0.0297951582868
0 0.386929460581 0.208566108007 0.0145228215768 0.0372439478585
0 0.414937759336 0.2104283054 0.0145228215768 0.0335195530726
0 0.444502074689 0.220670391061 0.0155601659751 0.0353817504655
0 0.471991701245 0.164804469274 0.0186721991701 0.0353817504655
0 0.570539419087 0.118249534451 0.0103734439834 0.0279329608939
0 0.510892116183 0.184357541899 0.0176348547718 0.0372439478585
0 0.551348547718 0.188081936685 0.0155601659751 0.0409683426443
0 0.616182572614 0.252327746741 0.0269709543568 0.0428305400372
0 0.782157676349 0.211359404097 0.0165975103734 0.0502793296089
0 0.831950207469 0.256983240223 0.0207468879668 0.048417132216
0 0.934647302905 0.194599627561 0.0207468879668 0.0502793296089
0 0.921161825726 0.266294227188 0.0228215767635 0.0409683426443
