0 0.173209028459 0.492146596859 0.0480863591757 0.087260034904
0 0.256624141315 0.272251308901 0.0225711481845 0.0383944153578
0 0.282630029441 0.253926701571 0.0196270853778 0.043630017452
0 0.390088321884 0.26352530541 0.0225711481845 0.0383944153578
0 0.375858684985 0.1815008726 0.01766437684 0.0383944153578
0 0.351815505397 0.246073298429 0.0206084396467 0.0383944153578
0 0.398920510304 0.223385689354 0.0166830225711 0.0383944153578
0 0.404808635918 0.173647469459 0.0147203140334 0.0261780104712
0 0.431795878312 0.231239092496 0.0196270853778 0.043630017452
0 0.443081452404 0.201570680628 0.0186457311089 0.0331588132635
0 0.453385672228 0.150087260035 0.0157016683023 0.0279232111693
0 0.477428851816 0.147469458988 0.0147203140334 0.0331588132635
0 0.478900883219 0.184118673647 0.01766437684 0.0366492146597
0 0.501962708538 0.184118673647 0.0186457311089 0.0401396160558
0 0.510794896958 0.124781849913 0.0127576054956 0.022687609075
0 0.536800785083 0.123909249564 0.0157016683023 0.0244328097731
0 0.546614327772 0.195462478185 0.0215897939156 0.0383944153578
0 0.578017664377 0.173647469459 0.0235525024534 0.0401396160558
0 0.585868498528 0.142233856894 0.0157016683023 0.0331588132635
0 0.617762512267 0.146596858639 0.0186457311089 0.0314136125654
0 0.56624141315 0.0689354275742 0.0157016683023 0.0366492146597
0 0.65456329735 0.14572425829 0.01766437684 0.0366492146597
0 0.650637880275 0.112565445026 0.0137389597645 0.0261780104712
0 0.657016683023 0.0488656195462 0.0127576054956 0.0244328097731
0 0.699214916585 0.0602094240838 0.0186457311089 0.0366492146597
0 0.696270853778 0.19109947644 0.0225711481845 0.043630017452
0 0.662904808636 0.219022687609 0.0264965652601 0.0471204188482
0 0.612365063788 0.264397905759 0.0255152109912 0.0541012216405
0 0.559371933268 0.260034904014 0.0235525024534 0.0523560209424
0 0.542688910697 0.323734729494 0.0274779195289 0.0541012216405
0 0.49116781158 0.316753926702 0.036310107949 0.0610820244328
0 0.68105986261 0.320244328098 0.0372914622179 0.0680628272251
0 0.719823356232 0.27312390925 0.0284592737978 0.0680628272251
0 0.747791952895 0.234729493892 0.0215897939156 0.0506108202443
0 0.735034347399 0.185863874346 0.0235525024534 0.0506108202443
0 0.786555446516 0.193717277487 0.0225711481845 0.0523560209424
0 0.81452404318 0.237347294939 0.0235525024534 0.0488656195462
0 0.780667320903 0.287958115183 0.0264965652601 0.0488656195462
0 0.763493621197 0.317626527051 0.0314033366045 0.0732984293194
0 0.802747791953 0.4092495637 0.0353287536801 0.0785340314136
0 0.801766437684 0.134380453752 0.0157016683023 0.0349040139616
0 0.833169774289 0.138743455497 0.01766437684 0.0366492146597
0 0.847890088322 0.128272251309 0.0137389597645 0.0296684118674
0 0.875368007851 0.130017452007 0.0157016683023 0.0331588132635
0 0.834151128557 0.204188481675 0.0215897939156 0.0558464223386
0 0.835623159961 0.306282722513 0.036310107949 0.0680628272251
0 0.900392541708 0.376090750436 0.0441609421001 0.0890052356021
0 0.909224730128 0.317626527051 0.0323846908734 0.0732984293194
0 0.870951913641 0.252181500873 0.0225711481845 0.0575916230366
0 0.879784102061 0.212914485166 0.0186457311089 0.0488656195462
0 0.92492639843 0.220767888307 0.0245338567223 0.0541012216405
0 0.922963689892 0.283595113438 0.0284592737978 0.0610820244328
0 0.909715407262 0.144851657941 0.01766437684 0.0314136125654
0 0.936211972522 0.155322862129 0.0157016683023 0.0418848167539
