0 0.0513944223108 0.393602225313 0.0231075697211 0.0472878998609
0 0.312749003984 0.236439499305 0.0167330677291 0.0305980528512
0 0.343027888446 0.217663421419 0.0167330677291 0.0375521557719
0 0.340239043825 0.256606397775 0.0191235059761 0.0347705146036
0 0.369322709163 0.221140472879 0.0167330677291 0.0305980528512
0 0.3796812749 0.222531293463 0.0151394422311 0.0333796940195
0 0.371314741036 0.257997218359 0.0175298804781 0.0375521557719
0 0.397609561753 0.264255910987 0.0191235059761 0.0389429763561
0 0.402788844622 0.23504867872 0.0167330677291 0.0305980528512
0 0.424701195219 0.261474269819 0.0239043824701 0.0445062586926
0 0.433466135458 0.225312934631 0.0191235059761 0.0361613351878
0 0.425896414343 0.194019471488 0.0167330677291 0.0319888734353
0 0.446613545817 0.166898470097 0.0135458167331 0.0250347705146
0 0.458167330677 0.17107093185 0.0127490039841 0.0222531293463
0 0.450996015936 0.191933240612 0.0143426294821 0.0278164116829
0 0.46812749004 0.146731571627 0.0119521912351 0.0236439499305
0 0.484462151394 0.146036161335 0.0111553784861 0.0250347705146
0 0.482071713147 0.217663421419 0.0159362549801 0.0347705146036
0 0.513545816733 0.188456189152 0.0167330677291 0.0319888734353
0 0.509561752988 0.146731571627 0.0119521912351 0.0236439499305
0 0.519521912351 0.160639777469 0.0127490039841 0.0236439499305
0 0.520717131474 0.132127955494 0.0103585657371 0.0250347705146
0 0.535059760956 0.148817802503 0.0119521912351 0.0250347705146
0 0.542629482072 0.136995827538 0.00956175298805 0.0264255910987
0 0.551792828685 0.166203059805 0.0135458167331 0.0264255910987
0 0.560557768924 0.144645340751 0.0119521912351 0.0278164116829
0 0.564940239044 0.122392211405 0.0111553784861 0.0250347705146
0 0.586454183267 0.118219749652 0.0111553784861 0.0250347705146
0 0.593625498008 0.116828929068 0.0111553784861 0.0278164116829
0 0.600398406375 0.128650904033 0.0135458167331 0.029207232267
0 0.58764940239 0.143949930459 0.0151394422311 0.029207232267
0 0.578884462151 0.168289290682 0.0151394422311 0.0305980528512
0 0.624701195219 0.139777468707 0.0127490039841 0.0264255910987
0 0.632270916335 0.133518776078 0.0103585657371 0.0222531293463
0 0.638645418327 0.124478442281 0.0103585657371 0.0236439499305
0 0.653784860558 0.128650904033 0.0135458167331 0.0264255910987
0 0.665737051793 0.136300417246 0.0135458167331 0.0250347705146
0 0.665338645418 0.112656467316 0.00956175298805 0.0250347705146
0 0.66015936255 0.107093184979 0.0119521912351 0.0250347705146
0 0.697211155378 0.118219749652 0.0127490039841 0.0222531293463
0 0.613545816733 0.109874826147 0.0111553784861 0.0222531293463
0 0.616733067729 0.210013908206 0.0191235059761 0.0361613351878
0 0.613545816733 0.247566063978 0.0223107569721 0.0445062586926
0 0.557768924303 0.263560500695 0.0223107569721 0.0431154381085
0 0.534262948207 0.293463143255 0.0262948207171 0.0445062586926
0 0.585657370518 0.321974965229 0.0254980079681 0.0542420027816
0 0.670916334661 0.267037552156 0.0239043824701 0.0528511821975
0 0.687250996016 0.220445062587 0.0167330677291 0.0375521557719
0 0.690039840637 0.190542420028 0.0159362549801 0.0333796940195
0 0.729880478088 0.210709318498 0.0207171314741 0.0431154381085
0 0.714342629482 0.155771905424 0.0151394422311 0.0361613351878
0 0.735059760956 0.13769123783 0.0167330677291 0.0305980528512
0 0.750996015936 0.146036161335 0.0167330677291 0.0305980528512
0 0.75577689243 0.240611961057 0.0215139442231 0.0445062586926
0 0.774103585657 0.225312934631 0.0183266932271 0.0361613351878
0 0.765338645418 0.299721835883 0.0231075697211 0.0542420027816
0 0.827091633466 0.346314325452 0.0286852589641 0.0667593880389
0 0.835458167331 0.313630041725 0.0294820717131 0.0514603616134
0 0.912749003984 0.340751043115 0.0247011952191 0.0472878998609
0 0.921912350598 0.290681502086 0.0191235059761 0.0361613351878
0 0.869322709163 0.246870653686 0.0223107569721 0.0403337969402
0 0.827888446215 0.252433936022 0.0191235059761 0.0375521557719
0 0.83625498008 0.205146036161 0.0167330677291 0.0319888734353
0 0.843824701195 0.18776077886 0.0159362549801 0.0305980528512
0 0.91235059761 0.225312934631 0.0207171314741 0.0417246175243
0 0.926693227092 0.201668984701 0.0159362549801 0.0333796940195
0 0.929880478088 0.167593880389 0.0159362549801 0.0319888734353
0 0.938645418327 0.15438108484 0.0159362549801 0.0305980528512
0 0.914741035857 0.143949930459 0.0127490039841 0.029207232267
0 0.90438247012 0.153685674548 0.0143426294821 0.029207232267
0 0.89203187251 0.181502086231 0.0167330677291 0.0375521557719
0 0.866932270916 0.152990264256 0.0143426294821 0.0305980528512
0 0.873705179283 0.140472878999 0.0119521912351 0.0222531293463
0 0.834262948207 0.151599443672 0.0159362549801 0.0305980528512
0 0.837848605578 0.127955493741 0.0119521912351 0.0222531293463
0 0.802788844622 0.181502086231 0.0151394422311 0.029207232267
0 0.811553784861 0.156467315716 0.0151394422311 0.029207232267
0 0.808366533865 0.127260083449 0.0135458167331 0.0236439499305
0 0.787250996016 0.119610570236 0.0111553784861 0.0250347705146
0 0.7796812749 0.155771905424 0.0151394422311 0.0333796940195
0 0.880478087649 0.47983310153 0.0286852589641 0.0611961057024
0 0.299203187251 0.306675938804 0.0183266932271 0.0236439499305
