0 0.109455292909 0.2605893186 0.0174717368962 0.0460405156538
0 0.296505652621 0.235727440147 0.0133607399794 0.0331491712707
0 0.299075025694 0.213627992634 0.0143884892086 0.0257826887661
0 0.338129496403 0.220073664825 0.0143884892086 0.0349907918969
0 0.359198355601 0.222836095764 0.0154162384378 0.036832412523
0 0.357656731757 0.196132596685 0.0143884892086 0.0276243093923
0 0.350976361768 0.17679558011 0.0133607399794 0.0331491712707
0 0.381294964029 0.197974217311 0.0143884892086 0.0276243093923
0 0.384892086331 0.229281767956 0.0154162384378 0.0386740331492
0 0.39825282631 0.209944751381 0.0154162384378 0.0331491712707
0 0.419321685509 0.233885819521 0.0143884892086 0.0294659300184
0 0.412127440904 0.255985267035 0.0184994861254 0.036832412523
0 0.410585817061 0.160220994475 0.0113052415211 0.0257826887661
0 0.429599177801 0.163904235727 0.0123329907503 0.0294659300184
0 0.452209660843 0.158379373849 0.0143884892086 0.0294659300184
0 0.44964028777 0.197053406998 0.0174717368962 0.0331491712707
0 0.466598150051 0.207182320442 0.0184994861254 0.0386740331492
0 0.429085303186 0.19152854512 0.0133607399794 0.0257826887661
0 0.504624871531 0.181399631676 0.016443987667 0.0313075506446
0 0.500513874615 0.15561694291 0.0143884892086 0.0276243093923
0 0.49331963001 0.139963167587 0.0123329907503 0.0257826887661
0 0.507708119219 0.128913443831 0.0102774922919 0.0220994475138
0 0.536998972251 0.133517495396 0.0154162384378 0.0276243093923
0 0.529804727646 0.174953959484 0.0174717368962 0.036832412523
0 0.564748201439 0.184162062615 0.0154162384378 0.0331491712707
0 0.547276464543 0.174953959484 0.0133607399794 0.0220994475138
0 0.571942446043 0.161141804788 0.0154162384378 0.0276243093923
0 0.55704008222 0.136279926335 0.0123329907503 0.0294659300184
0 0.560637204522 0.127071823204 0.0113052415211 0.0184162062615
0 0.583761562179 0.136279926335 0.0123329907503 0.0294659300184
0 0.605344295992 0.120626151013 0.0082219938335 0.0165745856354
0 0.6197327852 0.1197053407 0.0123329907503 0.0220994475138
0 0.602261048304 0.140883977901 0.0143884892086 0.0202578268877
0 0.61408016444 0.159300184162 0.0133607399794 0.0313075506446
0 0.646968139774 0.116942909761 0.0133607399794 0.02394106814
0 0.652620760534 0.104051565378 0.0082219938335 0.0165745856354
0 0.666495375128 0.10773480663 0.00924974306269 0.0202578268877
0 0.670606372045 0.122467771639 0.0113052415211 0.0202578268877
0 0.661870503597 0.145488029466 0.0143884892086 0.0331491712707
0 0.641315519013 0.151933701657 0.0143884892086 0.0276243093923
0 0.631038026721 0.139963167587 0.0123329907503 0.0220994475138
0 0.678314491264 0.182320441989 0.0143884892086 0.0331491712707
0 0.688591983556 0.133517495396 0.0123329907503 0.0276243093923
0 0.693216855087 0.111418047882 0.0113052415211 0.02394106814
0 0.716341212744 0.114180478821 0.0123329907503 0.0257826887661
0 0.633607399794 0.211786372007 0.0174717368962 0.0331491712707
0 0.603288797533 0.228360957643 0.0205549845838 0.0441988950276
0 0.647995889003 0.245856353591 0.0215827338129 0.0423572744015
0 0.6901336074 0.220994475138 0.0174717368962 0.0405156537753
0 0.699383350462 0.256906077348 0.0195272353546 0.0423572744015
0 0.705035971223 0.313996316759 0.0287769784173 0.0570902394107
0 0.755909558068 0.382136279926 0.0277492291881 0.0681399631676
0 0.710688591984 0.180478821363 0.0154162384378 0.0294659300184
0 0.724563206578 0.178637200737 0.016443987667 0.036832412523
0 0.742548818088 0.148250460405 0.0154162384378 0.0349907918969
0 0.745118191161 0.169429097606 0.016443987667 0.0331491712707
0 0.738951695786 0.237569060773 0.0184994861254 0.0405156537753
0 0.768756423433 0.20073664825 0.016443987667 0.0405156537753
0 0.772867420349 0.24861878453 0.0205549845838 0.0405156537753
0 0.768242548818 0.134438305709 0.0133607399794 0.0294659300184
0 0.787769784173 0.134438305709 0.0113052415211 0.0294659300184
0 0.794450154162 0.147329650092 0.0102774922919 0.0257826887661
0 0.811921891059 0.140883977901 0.0102774922919 0.02394106814
0 0.808838643371 0.170349907919 0.0123329907503 0.02394106814
0 0.807810894142 0.208103130755 0.0123329907503 0.036832412523
0 0.825796505653 0.204419889503 0.0133607399794 0.0294659300184
0 0.807297019527 0.286372007366 0.0256937307297 0.0460405156538
0 0.844295991778 0.253222836096 0.0215827338129 0.0497237569061
0 0.850976361768 0.21546961326 0.0143884892086 0.0294659300184
0 0.840184994861 0.17679558011 0.0113052415211 0.0257826887661
0 0.846351490236 0.166666666667 0.0113052415211 0.02394106814
0 0.843268242549 0.138121546961 0.0113052415211 0.0257826887661
0 0.863309352518 0.153775322284 0.0123329907503 0.0276243093923
0 0.881808838643 0.164825046041 0.0102774922919 0.02394106814
0 0.877697841727 0.17955801105 0.0123329907503 0.0276243093923
0 0.890030832477 0.235727440147 0.016443987667 0.036832412523
0 0.903391572456 0.219152854512 0.016443987667 0.036832412523
0 0.91726618705 0.183241252302 0.0133607399794 0.0313075506446
0 0.921377183967 0.15561694291 0.0133607399794 0.0202578268877
0 0.957862281603 0.195211786372 0.0143884892086 0.0294659300184
0 0.944501541624 0.213627992634 0.0143884892086 0.0294659300184
0 0.932168550874 0.226519337017 0.0143884892086 0.0257826887661
0 0.937821171634 0.249539594843 0.0174717368962 0.0386740331492
0 0.911099691675 0.35635359116 0.0256937307297 0.0570902394107
