0 0.145144076841 0.222433460076 0.0192102454642 0.0304182509506
0 0.287086446105 0.402091254753 0.0576307363927 0.11216730038
0 0.397011739594 0.515209125475 0.0661686232657 0.136882129278
0 0.345784418356 0.210076045627 0.0213447171825 0.0475285171103
0 0.401280683031 0.268060836502 0.0213447171825 0.041825095057
0 0.424226254002 0.211977186312 0.0160085378869 0.032319391635
0 0.470117395945 0.226235741445 0.0181430096051 0.0342205323194
0 0.50053361793 0.209125475285 0.0213447171825 0.0342205323194
0 0.575773745998 0.111216730038 0.0117395944504 0.0247148288973
0 0.607257203842 0.109315589354 0.0106723585912 0.0209125475285
0 0.637673425827 0.116920152091 0.00960512273212 0.0247148288973
0 0.583778014941 0.255703422053 0.025613660619 0.0361216730038
0 0.615795090715 0.245247148289 0.0234791889007 0.041825095057
0 0.654215581644 0.124524714829 0.0106723585912 0.0171102661597
