0 0.333653846154 0.300986842105 0.0211538461538 0.0394736842105
0 0.345673076923 0.235197368421 0.0125 0.0394736842105
0 0.358173076923 0.227796052632 0.0201923076923 0.0378289473684
0 0.416826923077 0.299342105263 0.0221153846154 0.0394736842105
0 0.394711538462 0.224506578947 0.0125 0.0345394736842
0 0.409134615385 0.213815789474 0.0163461538462 0.0394736842105
0 0.429326923077 0.243421052632 0.0182692307692 0.0328947368421
0 0.458653846154 0.210526315789 0.0192307692308 0.0361842105263
0 0.477884615385 0.175986842105 0.0211538461538 0.0328947368421
0 0.471153846154 0.269736842105 0.0211538461538 0.0328947368421
0 0.494711538462 0.225328947368 0.0221153846154 0.0361842105263
0 0.524038461538 0.163651315789 0.0230769230769 0.0345394736842
0 0.542788461538 0.175164473684 0.0144230769231 0.0378289473684
0 0.558653846154 0.162006578947 0.0230769230769 0.03125
0 0.531730769231 0.204769736842 0.0211538461538 0.0378289473684
0 0.577403846154 0.181743421053 0.0201923076923 0.0345394736842
0 0.596634615385 0.168585526316 0.0201923076923 0.0345394736842
0 0.564903846154 0.264802631579 0.0259615384615 0.0427631578947
0 0.602884615385 0.266447368421 0.0269230769231 0.0493421052632
0 0.572115384615 0.320723684211 0.025 0.0493421052632
0 0.654326923077 0.311677631579 0.0259615384615 0.0641447368421
0 0.655288461538 0.207236842105 0.0163461538462 0.0427631578947
0 0.66875 0.219572368421 0.0240384615385 0.0476973684211
0 0.695673076923 0.171052631579 0.0163461538462 0.0328947368421
0 0.773557692308 0.144736842105 0.0182692307692 0.0296052631579
0 0.736538461538 0.172697368421 0.0173076923077 0.0361842105263
0 0.741346153846 0.199835526316 0.0173076923077 0.0476973684211
0 0.7125 0.240953947368 0.0211538461538 0.0444078947368
0 0.738942307692 0.265625 0.0278846153846 0.0542763157895
0 0.774038461538 0.239309210526 0.0192307692308 0.0476973684211
0 0.782692307692 0.204769736842 0.0211538461538 0.0411184210526
0 0.800480769231 0.151315789474 0.0144230769231 0.0328947368421
0 0.828846153846 0.171875 0.0192307692308 0.0345394736842
0 0.767788461538 0.363486842105 0.0355769230769 0.0723684210526
0 0.785096153846 0.302631578947 0.0240384615385 0.0526315789474
0 0.816346153846 0.257401315789 0.025 0.0608552631579
0 0.832692307692 0.228618421053 0.0230769230769 0.0493421052632
0 0.864423076923 0.157894736842 0.0173076923077 0.0328947368421
0 0.889423076923 0.209703947368 0.0192307692308 0.0378289473684
0 0.854326923077 0.207236842105 0.0201923076923 0.0361842105263
0 0.873076923077 0.272203947368 0.025 0.0542763157895
0 0.848557692308 0.319078947368 0.0240384615385 0.0493421052632
0 0.921634615385 0.271381578947 0.0317307692308 0.0526315789474
0 0.770673076923 0.189144736842 0.0221153846154 0.0394736842105
0 0.615865384615 0.115131578947 0.0163461538462 0.0263157894737
0 0.606730769231 0.236842105263 0.0288461538462 0.0427631578947
