0 0.0664498141264 0.394563426689 0.0381040892193 0.0708401976936
0 0.256505576208 0.280889621087 0.0167286245353 0.0345963756178
0 0.283921933086 0.267710049423 0.0176579925651 0.0280065897858
0 0.301579925651 0.266062602965 0.0157992565056 0.0444810543657
0 0.309014869888 0.236408566722 0.0176579925651 0.0313014827018
0 0.324814126394 0.247940691928 0.0176579925651 0.0313014827018
0 0.341078066914 0.276771004942 0.0204460966543 0.0428336079077
0 0.401022304833 0.285831960461 0.0232342007435 0.0477759472817
0 0.370817843866 0.214168039539 0.0167286245353 0.0296540362438
0 0.381505576208 0.216639209226 0.0157992565056 0.0378912685338
0 0.386617100372 0.197693574959 0.0167286245353 0.0296540362438
0 0.407992565056 0.175453047776 0.0167286245353 0.0313014827018
0 0.406598513011 0.22981878089 0.0157992565056 0.0313014827018
0 0.42936802974 0.191927512356 0.0148698884758 0.0313014827018
0 0.444237918216 0.196046128501 0.0167286245353 0.0296540362438
0 0.442379182156 0.225700164745 0.0167286245353 0.0395387149918
0 0.46468401487 0.232289950577 0.0223048327138 0.0362438220758
0 0.46375464684 0.196046128501 0.0148698884758 0.0329489291598
0 0.484665427509 0.19686985173 0.0176579925651 0.0313014827018
0 0.458178438662 0.169686985173 0.0130111524164 0.0263591433278
0 0.463289962825 0.15568369028 0.0176579925651 0.0313014827018
0 0.484665427509 0.16392092257 0.021375464684 0.0313014827018
0 0.486059479554 0.13097199341 0.0111524163569 0.0214168039539
0 0.51626394052 0.164744645799 0.0157992565056 0.0296540362438
0 0.51719330855 0.137561779242 0.0120817843866 0.0247116968699
0 0.526951672862 0.140856672158 0.0130111524164 0.0280065897858
0 0.539498141264 0.158154859967 0.0139405204461 0.0329489291598
0 0.533457249071 0.201812191104 0.0185873605948 0.0378912685338
0 0.55250929368 0.140032948929 0.0139405204461 0.0296540362438
0 0.560873605948 0.112850082372 0.0120817843866 0.0247116968699
0 0.573420074349 0.164744645799 0.0185873605948 0.0428336079077
0 0.581784386617 0.133443163097 0.0092936802974 0.0263591433278
0 0.594795539033 0.148270181219 0.0185873605948 0.0329489291598
0 0.60687732342 0.129324546952 0.0130111524164 0.0280065897858
0 0.597118959108 0.101317957166 0.0139405204461 0.0280065897858
0 0.622676579926 0.101317957166 0.0148698884758 0.0247116968699
0 0.634758364312 0.124382207578 0.0130111524164 0.0181219110379
0 0.647769516729 0.0996705107084 0.0130111524164 0.0280065897858
0 0.668215613383 0.126029654036 0.0130111524164 0.0280065897858
0 0.682620817844 0.102965403624 0.0139405204461 0.0280065897858
0 0.685873605948 0.144975288303 0.0148698884758 0.0329489291598
0 0.710037174721 0.144975288303 0.0148698884758 0.0362438220758
0 0.705855018587 0.184514003295 0.0176579925651 0.0362438220758
0 0.644516728625 0.186985172982 0.0232342007435 0.0345963756178
0 0.640799256506 0.232289950577 0.0195167286245 0.0461285008237
0 0.600836431227 0.205930807249 0.021375464684 0.0362438220758
0 0.57156133829 0.244645799012 0.0223048327138 0.0411861614498
0 0.610130111524 0.252883031301 0.025092936803 0.0477759472817
0 0.659851301115 0.257825370675 0.0223048327138 0.0477759472817
0 0.691914498141 0.225700164745 0.0195167286245 0.0428336079077
0 0.717936802974 0.281713344316 0.025092936803 0.0527182866557
0 0.668215613383 0.355024711697 0.0315985130112 0.0642504118616
0 0.608271375465 0.330313014827 0.0269516728625 0.0642504118616
0 0.55529739777 0.290774299835 0.0288104089219 0.0543657331137
0 0.48373605948 0.308072487644 0.025092936803 0.0494233937397
0 0.735130111524 0.125205930807 0.0130111524164 0.0296540362438
0 0.74907063197 0.107907742998 0.0111524163569 0.0280065897858
0 0.742100371747 0.151565074135 0.0139405204461 0.0263591433278
0 0.737453531599 0.174629324547 0.0157992565056 0.0329489291598
0 0.731412639405 0.200988467875 0.0185873605948 0.0395387149918
0 0.745353159851 0.25370675453 0.0204460966543 0.0494233937397
0 0.782992565056 0.284184514003 0.0288104089219 0.0576606260297
0 0.815985130112 0.256177924217 0.0204460966543 0.0477759472817
0 0.756505576208 0.172981878089 0.0148698884758 0.0362438220758
0 0.798791821561 0.18863261944 0.0157992565056 0.0345963756178
0 0.764869888476 0.133443163097 0.0130111524164 0.0263591433278
0 0.774163568773 0.123558484349 0.0111524163569 0.0263591433278
0 0.78717472119 0.140032948929 0.0111524163569 0.0296540362438
0 0.801579925651 0.1392092257 0.0120817843866 0.0247116968699
0 0.829460966543 0.144975288303 0.0139405204461 0.0329489291598
0 0.848048327138 0.150741350906 0.0157992565056 0.0345963756178
0 0.863382899628 0.131795716639 0.0130111524164 0.0263591433278
0 0.866635687732 0.159802306425 0.0139405204461 0.0362438220758
0 0.892657992565 0.131795716639 0.0120817843866 0.0296540362438
0 0.891728624535 0.16392092257 0.0120817843866 0.0247116968699
0 0.921468401487 0.158154859967 0.0102230483271 0.0230642504119
0 0.918680297398 0.177100494234 0.0139405204461 0.0280065897858
0 0.921933085502 0.210049423394 0.0167286245353 0.0378912685338
0 0.881040892193 0.200164744646 0.0148698884758 0.0378912685338
0 0.8406133829 0.186161449753 0.0157992565056 0.0428336079077
0 0.835966542751 0.17215815486 0.0157992565056 0.0345963756178
0 0.862918215613 0.222405271829 0.0157992565056 0.0461285008237
0 0.915892193309 0.285008237232 0.0232342007435 0.0527182866557
