0 0.184879288437 0.252262443439 0.0292249047014 0.0475113122172
0 0.266836086404 0.22963800905 0.0228716645489 0.0429864253394
0 0.309402795426 0.211538461538 0.0266836086404 0.052036199095
0 0.327191867853 0.219457013575 0.0266836086404 0.0542986425339
0 0.338627700127 0.190045248869 0.0241423125794 0.0452488687783
0 0.350698856417 0.262443438914 0.0330368487929 0.0723981900452
0 0.390088945362 0.211538461538 0.0254129606099 0.052036199095
0 0.391359593393 0.169683257919 0.0279542566709 0.0542986425339
0 0.428208386277 0.18778280543 0.0279542566709 0.0497737556561
0 0.482210927573 0.178733031674 0.0216010165184 0.0542986425339
0 0.552731893266 0.203619909502 0.0330368487929 0.0633484162896
0 0.620076238882 0.252262443439 0.0381194409149 0.0656108597285
