0 0.181388012618 0.359550561798 0.0536277602524 0.0898876404494
0 0.317560462671 0.230337078652 0.0105152471083 0.0337078651685
0 0.621976866456 0.0992509363296 0.0115667718191 0.0262172284644
0 0.634069400631 0.102059925094 0.01261829653 0.0205992509363
0 0.660357518402 0.106741573034 0.01261829653 0.0299625468165
0 0.591482649842 0.105805243446 0.0136698212408 0.0243445692884
0 0.554153522608 0.120786516854 0.0147213459516 0.0318352059925
0 0.514721345952 0.107677902622 0.0136698212408 0.0243445692884
0 0.701892744479 0.11797752809 0.0157728706625 0.0262172284644
0 0.475814931651 0.126404494382 0.0115667718191 0.0280898876404
0 0.415352260778 0.158239700375 0.0147213459516 0.0280898876404
0 0.349106203996 0.201310861423 0.0168243953733 0.0355805243446
0 0.321766561514 0.205056179775 0.0168243953733 0.0280898876404
0 0.413249211356 0.198501872659 0.0168243953733 0.0299625468165
0 0.446898002103 0.204119850187 0.018927444795 0.0299625468165
0 0.490536277603 0.153558052434 0.0178759200841 0.0337078651685
0 0.513669821241 0.148876404494 0.0178759200841 0.0393258426966
0 0.53785488959 0.145131086142 0.0199789695058 0.0318352059925
0 0.576761303891 0.133895131086 0.0199789695058 0.0355805243446
0 0.559411146162 0.182584269663 0.0231335436383 0.0430711610487
0 0.605152471083 0.142322097378 0.0178759200841 0.0374531835206
0 0.643533123028 0.145131086142 0.0168243953733 0.0355805243446
0 0.673501577287 0.139513108614 0.0178759200841 0.0318352059925
0 0.486855941115 0.213483146067 0.0252365930599 0.0486891385768
0 0.762355415352 0.14606741573 0.0168243953733 0.0337078651685
0 0.786540483701 0.132958801498 0.0168243953733 0.0299625468165
0 0.527339642482 0.272471910112 0.0325972660358 0.0505617977528
0 0.586225026288 0.281835205993 0.0220820189274 0.0580524344569
0 0.604100946372 0.301498127341 0.0431125131441 0.0749063670412
0 0.621976866456 0.25468164794 0.0262881177708 0.0524344569288
0 0.641430073607 0.197565543071 0.0210304942166 0.0430711610487
0 0.669821240799 0.207865168539 0.0273396424816 0.0561797752809
0 0.713459516299 0.182584269663 0.0199789695058 0.0393258426966
0 0.722923238696 0.2265917603 0.0220820189274 0.0486891385768
0 0.685594111462 0.261235955056 0.0273396424816 0.0505617977528
0 0.700841219769 0.322097378277 0.0304942166141 0.0749063670412
0 0.738696109359 0.387640449438 0.0304942166141 0.0524344569288
0 0.802839116719 0.209737827715 0.0241850683491 0.0411985018727
0 0.801261829653 0.167602996255 0.0168243953733 0.0318352059925
0 0.774973711882 0.189138576779 0.0210304942166 0.0374531835206
0 0.845951629863 0.15074906367 0.0157728706625 0.0355805243446
0 0.883280757098 0.152621722846 0.0147213459516 0.0355805243446
0 0.917981072555 0.168539325843 0.0147213459516 0.0374531835206
0 0.944269190326 0.170411985019 0.01261829653 0.0411985018727
0 0.859095688749 0.198501872659 0.0168243953733 0.0449438202247
0 0.805993690852 0.284644194757 0.0304942166141 0.0674157303371
0 0.833859095689 0.228464419476 0.0273396424816 0.0524344569288
0 0.884858044164 0.191011235955 0.0199789695058 0.0411985018727
0 0.940588853838 0.224719101124 0.0241850683491 0.0449438202247
0 0.876971608833 0.260299625468 0.018927444795 0.0524344569288
0 0.827549947424 0.354868913858 0.0315457413249 0.061797752809
0 0.933228180862 0.288389513109 0.0241850683491 0.063670411985
0 0.922187171399 0.361423220974 0.0252365930599 0.0486891385768
0 0.896950578339 0.413857677903 0.0357518401682 0.0711610486891
0 0.463196635121 0.149812734082 0.0136698212408 0.0299625468165
0 0.531545741325 0.123595505618 0.0178759200841 0.0224719101124
0 0.556256572029 0.154494382022 0.0168243953733 0.0355805243446
0 0.617770767613 0.117041198502 0.0199789695058 0.0430711610487
0 0.593585699264 0.169475655431 0.0157728706625 0.0393258426966
0 0.762355415352 0.124531835206 0.0147213459516 0.0280898876404
0 0.820715036803 0.183520599251 0.0220820189274 0.0524344569288
0 0.84858044164 0.311797752809 0.0294426919033 0.0580524344569
0 0.880126182965 0.224719101124 0.0210304942166 0.0524344569288
0 0.938485804416 0.197565543071 0.0220820189274 0.0505617977528
0 0.424815983176 0.172284644195 0.0147213459516 0.0262172284644
0 0.658780231335 0.135767790262 0.0157728706625 0.0318352059925
0 0.594111461619 0.23595505618 0.0231335436383 0.0524344569288
