0 0.189990732159 0.423393739703 0.0389249304912 0.0757825370675
0 0.265060240964 0.266062602965 0.0129749768304 0.0247116968699
0 0.293327154773 0.280889621087 0.017608897127 0.0313014827018
0 0.288229842447 0.251235584843 0.0185356811863 0.0313014827018
0 0.336886005561 0.285831960461 0.0194624652456 0.0345963756178
0 0.37859128823 0.279242174629 0.0157553290083 0.0345963756178
0 0.360055607044 0.235584843493 0.0139017608897 0.0296540362438
0 0.371640407785 0.199341021417 0.014828544949 0.0296540362438
0 0.396200185357 0.200988467875 0.0139017608897 0.0230642504119
0 0.392956441149 0.228171334432 0.0185356811863 0.0313014827018
0 0.398053753475 0.169686985173 0.0139017608897 0.0230642504119
0 0.430954587581 0.18039538715 0.0166821130677 0.0280065897858
0 0.448563484708 0.234761120264 0.0166821130677 0.0313014827018
0 0.488878591288 0.220757825371 0.0157553290083 0.0362438220758
0 0.457831325301 0.186985172982 0.0129749768304 0.0280065897858
0 0.449490268767 0.153212520593 0.0111214087118 0.0263591433278
0 0.474976830399 0.154859967051 0.0120481927711 0.0197693574959
0 0.516682113068 0.204283360791 0.0139017608897 0.0362438220758
0 0.518072289157 0.144975288303 0.0129749768304 0.0230642504119
0 0.530120481928 0.171334431631 0.0111214087118 0.0263591433278
0 0.509267840593 0.132619439868 0.0101946246525 0.0247116968699
0 0.492585727525 0.18863261944 0.0120481927711 0.0247116968699
0 0.501390176089 0.16392092257 0.0129749768304 0.0280065897858
0 0.559777571826 0.170510708402 0.014828544949 0.0280065897858
0 0.582483781279 0.17215815486 0.0157553290083 0.0280065897858
0 0.587117701576 0.146622734761 0.0139017608897 0.0230642504119
0 0.604726598703 0.152388797364 0.0157553290083 0.0247116968699
0 0.590361445783 0.119439868204 0.0129749768304 0.0214168039539
0 0.569508804449 0.128500823723 0.0101946246525 0.0263591433278
0 0.556997219648 0.127677100494 0.0111214087118 0.0247116968699
0 0.652919369787 0.140032948929 0.0120481927711 0.0263591433278
0 0.667284522706 0.117792421746 0.0129749768304 0.0247116968699
0 0.708063021316 0.105436573311 0.00926784059314 0.0296540362438
0 0.631603336423 0.112850082372 0.0101946246525 0.0181219110379
0 0.620481927711 0.102965403624 0.0101946246525 0.0247116968699
0 0.640407784986 0.140856672158 0.0111214087118 0.0214168039539
0 0.506487488415 0.317133443163 0.0268767377201 0.0444810543657
0 0.528730305839 0.349258649094 0.0213160333642 0.0494233937397
0 0.560240963855 0.260296540362 0.0194624652456 0.0428336079077
0 0.627432808156 0.249588138386 0.0166821130677 0.0444810543657
0 0.630676552363 0.212520593081 0.017608897127 0.0362438220758
0 0.669601482854 0.218286655684 0.017608897127 0.0378912685338
0 0.669138090825 0.167215815486 0.014828544949 0.0313014827018
0 0.696941612604 0.185337726524 0.0185356811863 0.0444810543657
0 0.696478220575 0.156507413509 0.0139017608897 0.0230642504119
0 0.72984244671 0.168039538715 0.0139017608897 0.0329489291598
0 0.741890639481 0.116968698517 0.0139017608897 0.0296540362438
0 0.60750695088 0.310543657331 0.0231696014829 0.0576606260297
0 0.693697868397 0.313838550247 0.0287303058387 0.0510708401977
0 0.72937905468 0.252059308072 0.0185356811863 0.0461285008237
0 0.70250231696 0.241350906096 0.0185356811863 0.0345963756178
0 0.73030583874 0.205930807249 0.0129749768304 0.0329489291598
0 0.751158480074 0.157331136738 0.0139017608897 0.0247116968699
0 0.776181649676 0.134266886326 0.0101946246525 0.0280065897858
0 0.784986098239 0.140856672158 0.0129749768304 0.0280065897858
0 0.812789620019 0.159802306425 0.0129749768304 0.0296540362438
0 0.834569045412 0.142504118616 0.0120481927711 0.0247116968699
0 0.867933271548 0.130148270181 0.0101946246525 0.0230642504119
0 0.77062094532 0.209225700165 0.017608897127 0.0329489291598
0 0.752548656163 0.238879736409 0.0185356811863 0.0428336079077
0 0.749304911956 0.341021416804 0.0287303058387 0.0658978583196
0 0.794253938832 0.285831960461 0.0185356811863 0.0477759472817
0 0.809082483781 0.260296540362 0.0185356811863 0.0395387149918
0 0.830398517146 0.208401976936 0.0166821130677 0.0411861614498
0 0.856811862836 0.144975288303 0.0120481927711 0.0230642504119
0 0.852177942539 0.18039538715 0.0120481927711 0.0280065897858
0 0.888322520853 0.169686985173 0.0101946246525 0.0230642504119
0 0.897590361446 0.185337726524 0.0120481927711 0.0280065897858
0 0.929101019462 0.161449752883 0.0101946246525 0.0263591433278
0 0.91936978684 0.215815485997 0.014828544949 0.0230642504119
0 0.923076923077 0.250411861614 0.0166821130677 0.0362438220758
0 0.901760889713 0.297364085667 0.0222428174235 0.0576606260297
0 0.879981464319 0.370675453048 0.0268767377201 0.0626029654036
0 0.814643188137 0.339373970346 0.0296570898981 0.0593080724876
0 0.83781278962 0.30313014827 0.0222428174235 0.0560131795717
0 0.86515291937 0.267710049423 0.017608897127 0.0444810543657
0 0.874420759963 0.209225700165 0.0157553290083 0.0461285008237
