0 0.0806754221388 0.532231404959 0.0581613508443 0.109090909091
0 0.258442776735 0.282644628099 0.0140712945591 0.0198347107438
0 0.274859287054 0.271900826446 0.015009380863 0.0314049586777
0 0.305347091932 0.252892561983 0.015947467167 0.0396694214876
0 0.317542213884 0.277685950413 0.0178236397749 0.0330578512397
0 0.318480300188 0.222314049587 0.0140712945591 0.0347107438017
0 0.34756097561 0.213223140496 0.0140712945591 0.0264462809917
0 0.356941838649 0.22479338843 0.0140712945591 0.0363636363636
0 0.353189493433 0.256198347107 0.0178236397749 0.0363636363636
0 0.375703564728 0.234710743802 0.0178236397749 0.0297520661157
0 0.393527204503 0.192561983471 0.015947467167 0.0280991735537
0 0.409005628518 0.173553719008 0.0112570356473 0.0264462809917
0 0.46904315197 0.195867768595 0.015009380863 0.0347107438017
0 0.467636022514 0.247107438017 0.0178236397749 0.0314049586777
0 0.498592870544 0.195867768595 0.0140712945591 0.0314049586777
0 0.485459662289 0.162809917355 0.0140712945591 0.0247933884298
0 0.488742964353 0.13305785124 0.0112570356473 0.0247933884298
0 0.546435272045 0.157024793388 0.0178236397749 0.0429752066116
0 0.561444652908 0.143801652893 0.015947467167 0.0297520661157
0 0.561444652908 0.10826446281 0.0121951219512 0.0280991735537
0 0.58818011257 0.136363636364 0.0093808630394 0.0247933884298
0 0.543621013133 0.197520661157 0.0196998123827 0.0314049586777
0 0.43574108818 0.269421487603 0.0215759849906 0.0528925619835
0 0.56894934334 0.247107438017 0.0196998123827 0.0446280991736
0 0.496716697936 0.285950413223 0.0253283302064 0.0528925619835
0 0.545966228893 0.295041322314 0.0262664165103 0.0611570247934
0 0.581144465291 0.371900826446 0.03095684803 0.0429752066116
0 0.686210131332 0.338016528926 0.0290806754221 0.0644628099174
0 0.608348968105 0.247107438017 0.0215759849906 0.0512396694215
0 0.665103189493 0.253719008264 0.0225140712946 0.0446280991736
0 0.72373358349 0.278512396694 0.0234521575985 0.0578512396694
0 0.781425891182 0.284297520661 0.0262664165103 0.0561983471074
0 0.627110694184 0.198347107438 0.015947467167 0.0396694214876
0 0.611163227017 0.14958677686 0.015947467167 0.0347107438017
0 0.615853658537 0.109090909091 0.0121951219512 0.0297520661157
0 0.700281425891 0.095867768595 0.0121951219512 0.0297520661157
0 0.65478424015 0.182644628099 0.015009380863 0.0413223140496
0 0.705909943715 0.181818181818 0.0178236397749 0.0330578512397
0 0.709193245779 0.219834710744 0.0206378986867 0.0429752066116
0 0.737804878049 0.204958677686 0.015947467167 0.0429752066116
0 0.764071294559 0.226446280992 0.0234521575985 0.0495867768595
0 0.719981238274 0.13305785124 0.015947467167 0.0314049586777
0 0.743433395872 0.115702479339 0.0121951219512 0.0330578512397
0 0.751876172608 0.113223140496 0.0121951219512 0.0314049586777
0 0.75703564728 0.14958677686 0.015009380863 0.0347107438017
0 0.770637898687 0.129752066116 0.0121951219512 0.0347107438017
0 0.785178236398 0.123140495868 0.0112570356473 0.0280991735537
0 0.801125703565 0.176033057851 0.0187617260788 0.0347107438017
0 0.870544090056 0.128099173554 0.0112570356473 0.0314049586777
0 0.886960600375 0.182644628099 0.015947467167 0.0314049586777
0 0.874765478424 0.22479338843 0.015947467167 0.0396694214876
0 0.908536585366 0.135537190083 0.0103189493433 0.0330578512397
0 0.932457786116 0.152892561983 0.0131332082552 0.0280991735537
0 0.926829268293 0.197520661157 0.015009380863 0.0347107438017
0 0.930581613508 0.288429752066 0.0187617260788 0.0413223140496
0 0.898686679174 0.171074380165 0.0112570356473 0.0314049586777
0 0.835834896811 0.136363636364 0.0112570356473 0.0347107438017
0 0.849437148218 0.144628099174 0.0140712945591 0.0314049586777
0 0.852251407129 0.180165289256 0.0121951219512 0.0363636363636
0 0.830206378987 0.160330578512 0.0131332082552 0.0330578512397
0 0.813789868668 0.128099173554 0.0121951219512 0.0280991735537
0 0.801594746717 0.14132231405 0.0103189493433 0.0280991735537
0 0.766416510319 0.157851239669 0.015009380863 0.0380165289256
0 0.669324577861 0.2 0.0178236397749 0.0396694214876
0 0.629924953096 0.095867768595 0.00844277673546 0.0231404958678
0 0.639774859287 0.101652892562 0.0112570356473 0.0314049586777
0 0.65478424015 0.111570247934 0.0093808630394 0.0247933884298
0 0.668386491557 0.120661157025 0.0121951219512 0.0264462809917
0 0.684333958724 0.145454545455 0.0121951219512 0.0363636363636
0 0.427767354597 0.186776859504 0.0131332082552 0.0264462809917
0 0.446998123827 0.195867768595 0.015947467167 0.0280991735537
0 0.416979362101 0.225619834711 0.0140712945591 0.0347107438017
0 0.456848030019 0.222314049587 0.015009380863 0.0413223140496
0 0.453564727955 0.146280991736 0.0103189493433 0.0247933884298
0 0.454033771107 0.168595041322 0.0131332082552 0.0297520661157
0 0.512195121951 0.167768595041 0.015009380863 0.0314049586777
0 0.582551594747 0.15867768595 0.0131332082552 0.0396694214876
0 0.599437148218 0.100826446281 0.0131332082552 0.0297520661157
0 0.735928705441 0.164462809917 0.0140712945591 0.0380165289256
