0 0.191983122363 0.442486085343 0.042194092827 0.0834879406308
0 0.306962025316 0.236549165121 0.0210970464135 0.0352504638219
0 0.34335443038 0.206864564007 0.0200421940928 0.0315398886827
0 0.408227848101 0.217996289425 0.0168776371308 0.0278293135436
0 0.442510548523 0.237476808905 0.0200421940928 0.0333951762523
0 0.483122362869 0.229128014842 0.0210970464135 0.0426716141002
0 0.414556962025 0.184601113173 0.0168776371308 0.0278293135436
0 0.441983122363 0.192949907236 0.0168776371308 0.0333951762523
0 0.420358649789 0.153988868275 0.0179324894515 0.0296846011132
0 0.424050632911 0.114100185529 0.0168776371308 0.0278293135436
0 0.46835443038 0.142857142857 0.0126582278481 0.025974025974
0 0.479957805907 0.177179962894 0.0147679324895 0.0315398886827
0 0.487341772152 0.148423005566 0.0126582278481 0.0222634508349
0 0.506856540084 0.149350649351 0.0137130801688 0.0278293135436
0 0.51582278481 0.145640074212 0.0084388185654 0.0241187384045
0 0.525316455696 0.148423005566 0.0147679324895 0.0333951762523
0 0.543248945148 0.140074211503 0.0147679324895 0.0278293135436
0 0.56223628692 0.152133580705 0.0147679324895 0.0296846011132
0 0.545358649789 0.173469387755 0.0168776371308 0.0315398886827
0 0.558016877637 0.192949907236 0.0147679324895 0.0333951762523
0 0.564873417722 0.256029684601 0.0263713080169 0.0482374768089
0 0.498417721519 0.278293135436 0.0263713080169 0.0445269016698
0 0.598628691983 0.146567717996 0.0179324894515 0.0333951762523
0 0.626054852321 0.133580705009 0.0158227848101 0.0296846011132
0 0.574367088608 0.290352504638 0.0284810126582 0.0649350649351
0 0.635548523207 0.203153988868 0.0221518987342 0.0500927643785
0 0.614451476793 0.278293135436 0.0242616033755 0.0630797773655
0 0.626054852321 0.298701298701 0.0284810126582 0.0705009276438
0 0.67141350211 0.291280148423 0.0263713080169 0.0519480519481
0 0.674050632911 0.332096474954 0.0316455696203 0.0667903525046
0 0.663502109705 0.189239332096 0.0189873417722 0.0408163265306
0 0.672995780591 0.214285714286 0.0168776371308 0.0463821892393
0 0.707805907173 0.200371057514 0.0189873417722 0.0408163265306
0 0.704641350211 0.17439703154 0.0189873417722 0.0371057513915
0 0.724683544304 0.158627087199 0.0147679324895 0.0352504638219
0 0.738924050633 0.190166975881 0.0158227848101 0.0315398886827
0 0.723101265823 0.230983302412 0.0221518987342 0.0500927643785
0 0.808016877637 0.207792207792 0.0189873417722 0.0482374768089
0 0.837025316456 0.227272727273 0.0179324894515 0.0426716141002
0 0.814873417722 0.255102040816 0.0179324894515 0.0500927643785
0 0.802742616034 0.294990723562 0.0210970464135 0.0630797773655
0 0.871308016878 0.296846011132 0.0168776371308 0.0482374768089
0 0.868670886076 0.322820037106 0.0200421940928 0.0556586270872
0 0.902426160338 0.332096474954 0.0242616033755 0.0705009276438
0 0.896097046414 0.419294990724 0.0305907172996 0.0853432282004
0 0.930907172996 0.245825602968 0.0179324894515 0.0463821892393
0 0.904008438819 0.10667903525 0.0126582278481 0.0278293135436
0 0.92194092827 0.119666048237 0.0168776371308 0.0352504638219
0 0.972573839662 0.117810760668 0.0126582278481 0.0315398886827
0 0.973101265823 0.157699443414 0.0158227848101 0.0333951762523
