0 0.386812045691 0.412199630314 0.0446521287643 0.0924214417745
0 0.271028037383 0.221811460259 0.0166147455867 0.0332717190388
0 0.294392523364 0.216266173752 0.0176531671859 0.0332717190388
0 0.326583592939 0.209796672828 0.0155763239875 0.0314232902033
0 0.344236760125 0.167282809612 0.0114226375909 0.0277264325323
0 0.348909657321 0.20887245841 0.0166147455867 0.0295748613678
0 0.367082035306 0.202402957486 0.0134994807892 0.0277264325323
0 0.371754932503 0.221811460259 0.018691588785 0.0369685767098
0 0.385773624091 0.243068391867 0.0197300103842 0.0425138632163
0 0.388888888889 0.203327171904 0.0176531671859 0.0295748613678
0 0.379023883697 0.163585951941 0.01246105919 0.0240295748614
0 0.409657320872 0.158964879852 0.0134994807892 0.0258780036969
0 0.415887850467 0.179297597043 0.0134994807892 0.0295748613678
0 0.418483904465 0.15157116451 0.0103842159917 0.0184842883549
0 0.441848390447 0.142329020333 0.0134994807892 0.0258780036969
0 0.43717549325 0.194085027726 0.0166147455867 0.0332717190388
0 0.464174454829 0.195009242144 0.018691588785 0.0388170055453
0 0.441329179647 0.177449168207 0.01246105919 0.0258780036969
0 0.440809968847 0.236598890943 0.0176531671859 0.0369685767098
0 0.481308411215 0.128465804067 0.0114226375909 0.0240295748614
0 0.484942886812 0.140480591497 0.0145379023884 0.0258780036969
0 0.490134994808 0.171903881701 0.0145379023884 0.0295748613678
0 0.496365524403 0.120147874307 0.0103842159917 0.0221811460259
0 0.510903426791 0.144177449168 0.01246105919 0.0258780036969
0 0.521806853583 0.171903881701 0.0134994807892 0.0295748613678
0 0.539979231568 0.157116451017 0.0145379023884 0.0295748613678
0 0.548286604361 0.126617375231 0.01246105919 0.0314232902033
0 0.570612668744 0.128465804067 0.0134994807892 0.0240295748614
0 0.552959501558 0.178373382625 0.0176531671859 0.0314232902033
0 0.518172377985 0.128465804067 0.0103842159917 0.0166358595194
0 0.585669781931 0.158964879852 0.0166147455867 0.0332717190388
0 0.598130841121 0.148798521257 0.01246105919 0.0277264325323
0 0.618380062305 0.133086876155 0.0155763239875 0.0258780036969
0 0.598650051921 0.13123844732 0.0114226375909 0.0221811460259
0 0.593977154725 0.1146025878 0.0103842159917 0.0147874306839
0 0.629283489097 0.109057301294 0.0103842159917 0.0184842883549
0 0.63707165109 0.109057301294 0.0114226375909 0.0258780036969
0 0.646417445483 0.106284658041 0.0114226375909 0.0277264325323
0 0.652647975078 0.138632162662 0.0134994807892 0.0295748613678
0 0.641225337487 0.150646950092 0.0114226375909 0.0277264325323
0 0.592419522326 0.220887245841 0.0176531671859 0.0351201478743
0 0.595534787124 0.210720887246 0.0197300103842 0.0258780036969
0 0.636552440291 0.244916820702 0.018691588785 0.0351201478743
0 0.652128764278 0.238447319778 0.018691588785 0.0295748613678
0 0.66199376947 0.172828096118 0.0155763239875 0.0314232902033
0 0.685358255452 0.10258780037 0.0103842159917 0.0203327171904
0 0.690031152648 0.119223659889 0.0155763239875 0.0277264325323
0 0.709761163032 0.107208872458 0.0134994807892 0.0295748613678
0 0.70041536864 0.175600739372 0.0155763239875 0.0332717190388
0 0.717030114226 0.177449168207 0.0155763239875 0.0295748613678
0 0.734164070613 0.141404805915 0.01246105919 0.0277264325323
0 0.744029075805 0.157116451017 0.0134994807892 0.0332717190388
0 0.753894080997 0.192236598891 0.0145379023884 0.0332717190388
0 0.735202492212 0.231053604436 0.018691588785 0.0406654343808
0 0.692107995846 0.250462107209 0.0197300103842 0.0425138632163
0 0.696261682243 0.305914972274 0.0280373831776 0.0573012939002
0 0.764797507788 0.341959334566 0.0280373831776 0.0591497227357
0 0.799065420561 0.283733826248 0.0238836967809 0.0462107208872
0 0.830737279335 0.243992606285 0.018691588785 0.0443622920518
0 0.773624091381 0.243068391867 0.0228452751817 0.0388170055453
0 0.802180685358 0.199630314233 0.0155763239875 0.0369685767098
0 0.793354101765 0.161737523105 0.0103842159917 0.0240295748614
0 0.781931464174 0.121072088725 0.0103842159917 0.0277264325323
0 0.808930425753 0.132162661738 0.0103842159917 0.0240295748614
0 0.822949117342 0.132162661738 0.00934579439252 0.0240295748614
0 0.840083073728 0.149722735675 0.01246105919 0.0258780036969
0 0.833333333333 0.166358595194 0.0114226375909 0.0295748613678
0 0.820353063344 0.198706099815 0.0145379023884 0.0277264325323
0 0.842159916926 0.215341959335 0.0166147455867 0.0425138632163
0 0.856178608515 0.211645101664 0.0155763239875 0.0351201478743
0 0.872793354102 0.178373382625 0.0134994807892 0.0314232902033
0 0.877985462098 0.15988909427 0.0114226375909 0.0314232902033
0 0.856697819315 0.146950092421 0.0103842159917 0.0277264325323
0 0.910695742471 0.144177449168 0.01246105919 0.0258780036969
0 0.910176531672 0.164510166359 0.0114226375909 0.0258780036969
0 0.902388369678 0.18022181146 0.01246105919 0.0314232902033
0 0.904465212876 0.212569316081 0.0145379023884 0.0295748613678
0 0.897715472482 0.227356746765 0.0176531671859 0.0443622920518
0 0.946002076843 0.174676524954 0.0103842159917 0.0203327171904
0 0.957943925234 0.177449168207 0.0114226375909 0.0184842883549
0 0.933541017653 0.200554528651 0.01246105919 0.0277264325323
0 0.929387331256 0.240295748614 0.0166147455867 0.0332717190388
0 0.913291796469 0.351201478743 0.0238836967809 0.0591497227357
