0 0.07340862423 0.306921675774 0.0215605749487 0.0455373406193
0 0.322895277207 0.234972677596 0.0154004106776 0.0327868852459
0 0.339835728953 0.20218579235 0.0164271047228 0.0291438979964
0 0.355749486653 0.207650273224 0.0154004106776 0.0291438979964
0 0.423511293634 0.204007285974 0.017453798768 0.0327868852459
0 0.434804928131 0.153916211293 0.0133470225873 0.023679417122
0 0.42864476386 0.182149362477 0.0133470225873 0.0218579234973
0 0.452258726899 0.165755919854 0.0133470225873 0.0255009107468
0 0.452772073922 0.21766848816 0.0164271047228 0.0346083788707
0 0.485626283368 0.225865209472 0.0164271047228 0.0364298724954
0 0.483572895277 0.18306010929 0.0164271047228 0.0309653916211
0 0.489733059548 0.15664845173 0.0123203285421 0.0218579234973
0 0.49794661191 0.164845173042 0.0123203285421 0.023679417122
0 0.479466119097 0.138433515483 0.0123203285421 0.0218579234973
0 0.515400410678 0.130236794171 0.0123203285421 0.0200364298725
0 0.513347022587 0.153916211293 0.0143737166324 0.0273224043716
0 0.533880903491 0.167577413479 0.0143737166324 0.0255009107468
0 0.548254620123 0.178506375228 0.0164271047228 0.0327868852459
0 0.54568788501 0.193078324226 0.0154004106776 0.0255009107468
0 0.534394250513 0.133879781421 0.0112936344969 0.023679417122
0 0.548254620123 0.13752276867 0.0123203285421 0.023679417122
0 0.570841889117 0.153916211293 0.0143737166324 0.0273224043716
0 0.558521560575 0.144808743169 0.0123203285421 0.0200364298725
0 0.58726899384 0.129326047359 0.0143737166324 0.0255009107468
0 0.604209445585 0.146630236794 0.0133470225873 0.023679417122
0 0.597535934292 0.168488160291 0.0143737166324 0.023679417122
0 0.609856262834 0.132969034608 0.0102669404517 0.0145719489982
0 0.61498973306 0.112932604736 0.0123203285421 0.0255009107468
0 0.63501026694 0.125683060109 0.0112936344969 0.0218579234973
0 0.645277207392 0.114754098361 0.0112936344969 0.0255009107468
0 0.66273100616 0.120218579235 0.00924024640657 0.0182149362477
0 0.666837782341 0.132969034608 0.00924024640657 0.0182149362477
0 0.683778234086 0.133879781421 0.0123203285421 0.0273224043716
0 0.693531827515 0.131147540984 0.00924024640657 0.0182149362477
0 0.646303901437 0.154826958106 0.0133470225873 0.0255009107468
0 0.756160164271 0.132058287796 0.0133470225873 0.0273224043716
0 0.765400410678 0.143897996357 0.0133470225873 0.0255009107468
0 0.758213552361 0.161202185792 0.0133470225873 0.0273224043716
0 0.783880903491 0.145719489982 0.0133470225873 0.0291438979964
0 0.713552361396 0.171220400729 0.0143737166324 0.0291438979964
0 0.709445585216 0.204918032787 0.0164271047228 0.0346083788707
0 0.7181724846 0.23679417122 0.0215605749487 0.040072859745
0 0.744353182752 0.187613843352 0.0164271047228 0.0327868852459
0 0.666324435318 0.193989071038 0.0164271047228 0.0309653916211
0 0.668377823409 0.219489981785 0.0164271047228 0.0346083788707
0 0.677104722793 0.268670309654 0.0154004106776 0.0346083788707
0 0.694045174538 0.325136612022 0.0287474332649 0.063752276867
0 0.619609856263 0.302367941712 0.023613963039 0.0546448087432
0 0.590862422998 0.281420765027 0.023613963039 0.0491803278689
0 0.583675564682 0.253187613843 0.023613963039 0.0364298724954
0 0.63501026694 0.216757741348 0.0215605749487 0.040072859745
0 0.52977412731 0.284153005464 0.0246406570842 0.0437158469945
0 0.744353182752 0.368852459016 0.0266940451745 0.0601092896175
0 0.821868583162 0.366120218579 0.0297741273101 0.0619307832423
0 0.91273100616 0.401639344262 0.0308008213552 0.0601092896175
0 0.909650924025 0.376138433515 0.0266940451745 0.0491803278689
0 0.861396303901 0.317850637523 0.0225872689938 0.0382513661202
0 0.874229979466 0.299635701275 0.017453798768 0.0273224043716
0 0.810061601643 0.295081967213 0.0246406570842 0.0437158469945
0 0.812628336756 0.266848816029 0.017453798768 0.0346083788707
0 0.838295687885 0.23679417122 0.0195071868583 0.040072859745
0 0.794661190965 0.225865209472 0.0205338809035 0.040072859745
0 0.808521560575 0.200364298725 0.017453798768 0.0327868852459
0 0.798767967146 0.183970856102 0.0164271047228 0.0291438979964
0 0.786960985626 0.194899817851 0.0154004106776 0.0364298724954
0 0.831622176591 0.182149362477 0.0164271047228 0.0327868852459
0 0.844969199179 0.16029143898 0.0164271047228 0.0255009107468
0 0.849589322382 0.203096539162 0.017453798768 0.0382513661202
0 0.869609856263 0.191256830601 0.0143737166324 0.0291438979964
0 0.882443531828 0.164845173042 0.0154004106776 0.0273224043716
0 0.908624229979 0.178506375228 0.0123203285421 0.0327868852459
0 0.915297741273 0.180327868852 0.0112936344969 0.0255009107468
0 0.936858316222 0.176684881603 0.0112936344969 0.0291438979964
0 0.936858316222 0.20218579235 0.0154004106776 0.0327868852459
0 0.932238193018 0.234972677596 0.0184804928131 0.0364298724954
0 0.930698151951 0.284153005464 0.0195071868583 0.0473588342441
0 0.892197125257 0.239526411658 0.0184804928131 0.0418943533698
0 0.889117043121 0.209471766849 0.0164271047228 0.0291438979964
