0 0.166169154229 0.256118881119 0.0199004975124 0.0472027972028
0 0.255721393035 0.206293706294 0.01592039801 0.0384615384615
0 0.306965174129 0.261363636364 0.0328358208955 0.0611888111888
0 0.345771144279 0.227272727273 0.0228855721393 0.034965034965
0 0.393034825871 0.250874125874 0.0199004975124 0.0367132867133
0 0.500995024876 0.285839160839 0.0348258706468 0.0786713286713
0 0.426865671642 0.159090909091 0.0119402985075 0.0244755244755
0 0.448258706468 0.157342657343 0.0129353233831 0.0244755244755
0 0.47263681592 0.129370629371 0.0139303482587 0.0314685314685
0 0.505472636816 0.153846153846 0.0139303482587 0.027972027972
0 0.521393034826 0.179195804196 0.0139303482587 0.0297202797203
0 0.546766169154 0.185314685315 0.0169154228856 0.034965034965
0 0.947263681592 0.20979020979 0.0119402985075 0.0314685314685
