0 0.428571428571 0.201938610662 0.018315018315 0.0452342487884
0 0.462912087912 0.205169628433 0.0228937728938 0.048465266559
0 0.612637362637 0.110662358643 0.021978021978 0.0306946688207
0 0.651556776557 0.125201938611 0.0137362637363 0.0306946688207
0 0.752747252747 0.147819063005 0.014652014652 0.0371567043619
0 0.771062271062 0.14943457189 0.018315018315 0.0339256865913
0 0.826007326007 0.260096930533 0.018315018315 0.0613893376414
0 0.892857142857 0.253634894992 0.025641025641 0.0452342487884
0 0.871794871795 0.188206785137 0.0164835164835 0.0403877221325
0 0.891941391941 0.221324717286 0.0164835164835 0.048465266559
0 0.942307692308 0.191437802908 0.014652014652 0.0339256865913
0 0.920787545788 0.255250403877 0.0192307692308 0.0516962843296
0 0.625457875458 0.145395799677 0.0164835164835 0.032310177706
