0 0.0784716516023 0.564814814815 0.0517666392769 0.112794612795
0 0.20377978636 0.270202020202 0.0213640098603 0.0387205387205
0 0.212818405916 0.295454545455 0.0213640098603 0.0420875420875
0 0.261298274445 0.242424242424 0.0180772391126 0.040404040404
0 0.276910435497 0.25 0.0180772391126 0.0488215488215
0 0.292111750205 0.220538720539 0.0205423171734 0.047138047138
0 0.321281840592 0.236531986532 0.0197206244864 0.0555555555556
0 0.332785538209 0.220538720539 0.0180772391126 0.0505050505051
0 0.350041084634 0.205387205387 0.0180772391126 0.040404040404
0 0.352917009039 0.272727272727 0.0221857025472 0.0538720538721
0 0.382908792112 0.257575757576 0.0180772391126 0.043771043771
0 0.374691865242 0.198653198653 0.0164338537387 0.040404040404
0 0.416598192276 0.199494949495 0.0164338537387 0.0387205387205
0 0.427280197206 0.303872053872 0.0230073952342 0.0521885521886
0 0.459326211997 0.255892255892 0.0213640098603 0.043771043771
0 0.429334428924 0.171717171717 0.0172555464256 0.040404040404
0 0.442070665571 0.16835016835 0.0147904683648 0.023569023569
0 0.467543138866 0.179292929293 0.0213640098603 0.0420875420875
0 0.479457682827 0.159090909091 0.0156121610518 0.0387205387205
0 0.485620377979 0.210437710438 0.0197206244864 0.037037037037
0 0.508216926869 0.177609427609 0.0172555464256 0.0387205387205
0 0.517255546426 0.166666666667 0.0156121610518 0.037037037037
0 0.538208709942 0.234006734007 0.0197206244864 0.047138047138
0 0.557107641742 0.214646464646 0.0164338537387 0.0420875420875
0 0.555053410025 0.164983164983 0.0188989317995 0.043771043771
0 0.544371405094 0.143097643098 0.0156121610518 0.03367003367
0 0.571898110107 0.140572390572 0.0147904683648 0.0353535353535
0 0.588331963846 0.131313131313 0.0147904683648 0.037037037037
0 0.575595727198 0.179292929293 0.0188989317995 0.0420875420875
0 0.595727198028 0.159932659933 0.0147904683648 0.030303030303
0 0.604354971241 0.18265993266 0.0139687756779 0.0353535353535
0 0.614215283484 0.203703703704 0.0172555464256 0.047138047138
0 0.604765817584 0.301346801347 0.0246507806081 0.0572390572391
0 0.567789646672 0.343434343434 0.0246507806081 0.0505050505051
0 0.597370583402 0.38468013468 0.0279375513558 0.0656565656566
0 0.62325390304 0.137205387205 0.0139687756779 0.0387205387205
0 0.645439605588 0.150673400673 0.0156121610518 0.0353535353535
0 0.649548069022 0.18771043771 0.0156121610518 0.0387205387205
0 0.660230073952 0.136363636364 0.0139687756779 0.03367003367
0 0.685702547247 0.145622895623 0.0139687756779 0.0319865319865
0 0.679539852095 0.164141414141 0.0147904683648 0.0420875420875
0 0.706655710764 0.159090909091 0.0147904683648 0.0353535353535
0 0.691865242399 0.220538720539 0.0180772391126 0.043771043771
0 0.656532456861 0.260101010101 0.0262941659819 0.0555555555556
0 0.720624486442 0.266835016835 0.0230073952342 0.0420875420875
0 0.735414954807 0.23569023569 0.0197206244864 0.040404040404
0 0.739112571898 0.201178451178 0.0172555464256 0.0387205387205
0 0.767460969597 0.191077441077 0.0180772391126 0.0420875420875
0 0.775267050123 0.209595959596 0.0172555464256 0.0454545454545
0 0.656121610518 0.404882154882 0.0320460147905 0.0555555555556
0 0.719802793755 0.414983164983 0.0345110928513 0.0656565656566
0 0.747740345111 0.289562289562 0.0246507806081 0.047138047138
0 0.80566967954 0.197811447811 0.0188989317995 0.0353535353535
0 0.816762530813 0.232323232323 0.0180772391126 0.040404040404
0 0.791290057518 0.26430976431 0.0213640098603 0.0538720538721
0 0.812243221035 0.304713804714 0.0188989317995 0.0572390572391
0 0.795398520953 0.441077441077 0.0295809367297 0.0774410774411
0 0.86729663106 0.489057239057 0.0304026294166 0.0791245791246
0 0.857436318817 0.378787878788 0.0238290879211 0.0606060606061
0 0.839359079704 0.223905723906 0.0172555464256 0.040404040404
0 0.86729663106 0.239898989899 0.0172555464256 0.0353535353535
0 0.877156943303 0.229797979798 0.0156121610518 0.0387205387205
0 0.898931799507 0.261784511785 0.0147904683648 0.0420875420875
0 0.905916187346 0.240740740741 0.0139687756779 0.03367003367
0 0.866885784717 0.318181818182 0.0197206244864 0.0505050505051
0 0.886606409203 0.300505050505 0.0164338537387 0.0420875420875
0 0.926047658176 0.3367003367 0.0164338537387 0.0505050505051
0 0.889482333607 0.397306397306 0.0238290879211 0.0538720538721
0 0.946179129006 0.390572390572 0.0205423171734 0.0572390572391
0 0.960147904684 0.447811447811 0.025472473295 0.0774410774411
0 0.974116680362 0.373737373737 0.0188989317995 0.047138047138
0 0.974116680362 0.344276094276 0.0156121610518 0.0454545454545
0 0.974527526705 0.316498316498 0.0164338537387 0.040404040404
0 0.928512736237 0.276936026936 0.0147904683648 0.0420875420875
0 0.953985209532 0.256734006734 0.013147082991 0.0420875420875
0 0.986852917009 0.263468013468 0.013147082991 0.0387205387205
