0 0.125946969697 0.570598006645 0.0606060606061 0.117940199336
0 0.273674242424 0.257475083056 0.0132575757576 0.0299003322259
0 0.286458333333 0.25 0.0160984848485 0.0282392026578
0 0.295454545455 0.285714285714 0.0208333333333 0.0332225913621
0 0.378787878788 0.279069767442 0.0170454545455 0.0332225913621
0 0.364109848485 0.264950166113 0.0123106060606 0.0182724252492
0 0.34990530303 0.233388704319 0.0160984848485 0.0282392026578
0 0.375 0.237541528239 0.0170454545455 0.0265780730897
0 0.38446969697 0.18438538206 0.0132575757576 0.0265780730897
0 0.397727272727 0.1926910299 0.0113636363636 0.0265780730897
0 0.423768939394 0.178571428571 0.0123106060606 0.0282392026578
0 0.423768939394 0.152823920266 0.0142045454545 0.0265780730897
0 0.454545454545 0.183554817276 0.0132575757576 0.0249169435216
0 0.450284090909 0.159468438538 0.0104166666667 0.0199335548173
0 0.470643939394 0.190199335548 0.0132575757576 0.031561461794
0 0.460227272727 0.234219269103 0.0189393939394 0.0365448504983
0 0.482954545455 0.225913621262 0.0170454545455 0.0332225913621
0 0.501420454545 0.195182724252 0.0142045454545 0.0348837209302
0 0.530303030303 0.205980066445 0.0189393939394 0.0332225913621
0 0.515625 0.171926910299 0.0142045454545 0.0249169435216
0 0.480587121212 0.151993355482 0.0123106060606 0.0215946843854
0 0.476325757576 0.132890365449 0.0113636363636 0.0199335548173
0 0.513257575758 0.130398671096 0.0094696969697 0.0215946843854
0 0.530776515152 0.137873754153 0.0104166666667 0.0232558139535
0 0.549715909091 0.121262458472 0.0142045454545 0.0265780730897
0 0.560132575758 0.103820598007 0.0142045454545 0.0249169435216
0 0.580965909091 0.15365448505 0.0123106060606 0.0249169435216
0 0.560132575758 0.174418604651 0.0160984848485 0.0232558139535
0 0.566287878788 0.132059800664 0.0113636363636 0.0249169435216
0 0.589962121212 0.102159468439 0.0094696969697 0.0182724252492
0 0.606534090909 0.107973421927 0.0123106060606 0.0199335548173
0 0.596117424242 0.175249169435 0.0142045454545 0.0282392026578
0 0.61884469697 0.160299003322 0.0123106060606 0.0249169435216
0 0.628787878788 0.125415282392 0.0113636363636 0.0249169435216
0 0.624526515152 0.0955149501661 0.00852272727273 0.0182724252492
0 0.655776515152 0.133720930233 0.0104166666667 0.0249169435216
0 0.661458333333 0.115448504983 0.0104166666667 0.014950166113
0 0.661458333333 0.0971760797342 0.00852272727273 0.0182724252492
0 0.684185606061 0.101328903654 0.0123106060606 0.0232558139535
0 0.707859848485 0.113787375415 0.0142045454545 0.0282392026578
0 0.501420454545 0.297342192691 0.0217803030303 0.046511627907
0 0.548768939394 0.324750830565 0.0198863636364 0.0415282392027
0 0.581912878788 0.245016611296 0.0198863636364 0.0348837209302
0 0.63115530303 0.24584717608 0.0217803030303 0.0431893687708
0 0.640625 0.199335548173 0.0198863636364 0.0365448504983
0 0.660984848485 0.166112956811 0.0151515151515 0.0299003322259
0 0.675662878788 0.210132890365 0.0217803030303 0.0348837209302
0 0.639678030303 0.317275747508 0.0255681818182 0.0498338870432
0 0.705492424242 0.308970099668 0.0265151515152 0.0531561461794
0 0.752367424242 0.382059800664 0.0274621212121 0.063122923588
0 0.822916666667 0.411129568106 0.030303030303 0.0647840531561
0 0.908617424242 0.414451827243 0.03125 0.0714285714286
0 0.925189393939 0.308139534884 0.0246212121212 0.0514950166113
0 0.855587121212 0.294850498339 0.0236742424242 0.0481727574751
0 0.821496212121 0.242524916944 0.0198863636364 0.0365448504983
0 0.768939393939 0.256644518272 0.0246212121212 0.0481727574751
0 0.776515151515 0.225083056478 0.0265151515152 0.031561461794
0 0.784564393939 0.18438538206 0.0179924242424 0.0299003322259
0 0.739109848485 0.25415282392 0.0198863636364 0.0531561461794
0 0.712121212121 0.242524916944 0.0265151515152 0.0398671096346
0 0.708333333333 0.147840531561 0.0151515151515 0.0299003322259
0 0.719223484848 0.181893687708 0.0160984848485 0.031561461794
0 0.742897727273 0.200996677741 0.0179924242424 0.0365448504983
0 0.736742424242 0.167774086379 0.0132575757576 0.0265780730897
0 0.750946969697 0.144518272425 0.0151515151515 0.0365448504983
0 0.756628787879 0.112956810631 0.0132575757576 0.0299003322259
0 0.772253787879 0.132059800664 0.0142045454545 0.0348837209302
0 0.790246212121 0.132059800664 0.0142045454545 0.031561461794
0 0.825757575758 0.142026578073 0.0151515151515 0.0382059800664
0 0.844223484848 0.136212624585 0.0104166666667 0.0299003322259
0 0.875473484848 0.163621262458 0.0142045454545 0.031561461794
0 0.879734848485 0.146179401993 0.0113636363636 0.0232558139535
0 0.866003787879 0.119601328904 0.0123106060606 0.0265780730897
0 0.883996212121 0.115448504983 0.0123106060606 0.0249169435216
0 0.847537878788 0.210132890365 0.0170454545455 0.0448504983389
0 0.899147727273 0.203488372093 0.0160984848485 0.0348837209302
0 0.895833333333 0.262458471761 0.0189393939394 0.0498338870432
0 0.92803030303 0.264950166113 0.0170454545455 0.0382059800664
0 0.94696969697 0.24584717608 0.0208333333333 0.0431893687708
0 0.938920454545 0.211794019934 0.0160984848485 0.0382059800664
0 0.947916666667 0.155315614618 0.0113636363636 0.0249169435216
0 0.915246212121 0.132059800664 0.0123106060606 0.0249169435216
0 0.904356060606 0.168604651163 0.0170454545455 0.0282392026578
0 0.912878787879 0.165282392027 0.0113636363636 0.0282392026578
