0 0.159171597633 0.4125 0.0508875739645 0.0958333333333
0 0.38224852071 0.201041666667 0.0189349112426 0.0354166666667
0 0.427218934911 0.2625 0.0236686390533 0.0541666666667
0 0.450887573964 0.228125 0.0284023668639 0.0479166666667
0 0.483431952663 0.167708333333 0.0201183431953 0.0395833333333
0 0.569822485207 0.136458333333 0.0153846153846 0.0270833333333
0 0.462130177515 0.329166666667 0.0272189349112 0.0541666666667
0 0.514792899408 0.290625 0.0331360946746 0.05625
0 0.630769230769 0.241666666667 0.0236686390533 0.05
0 0.692307692308 0.182291666667 0.0165680473373 0.04375
