0 0.0534026465028 0.368811881188 0.031190926276 0.0643564356436
0 0.258506616257 0.289603960396 0.0217391304348 0.0412541254125
0 0.284971644612 0.259075907591 0.0217391304348 0.039603960396
0 0.305293005671 0.23597359736 0.0189035916824 0.036303630363
0 0.318525519849 0.252475247525 0.0226843100189 0.039603960396
0 0.351134215501 0.272277227723 0.023629489603 0.046204620462
0 0.384215500945 0.302805280528 0.0274102079395 0.0577557755776
0 0.374291115312 0.215346534653 0.0170132325142 0.0379537953795
0 0.391776937618 0.216171617162 0.0179584120983 0.039603960396
0 0.420132325142 0.229372937294 0.0217391304348 0.042904290429
0 0.422967863894 0.190594059406 0.0179584120983 0.0313531353135
0 0.410207939509 0.174092409241 0.0151228733459 0.0280528052805
0 0.450850661626 0.193069306931 0.0170132325142 0.036303630363
0 0.448487712665 0.226897689769 0.0198487712665 0.0346534653465
0 0.488185255198 0.224422442244 0.0217391304348 0.042904290429
0 0.495274102079 0.196369636964 0.0170132325142 0.036303630363
0 0.478733459357 0.172442244224 0.0141776937618 0.0280528052805
0 0.484404536862 0.160066006601 0.0160680529301 0.03300330033
0 0.470699432892 0.155940594059 0.0132325141777 0.0247524752475
0 0.45652173913 0.151815181518 0.0132325141777 0.026402640264
0 0.459829867675 0.176567656766 0.0141776937618 0.026402640264
0 0.475425330813 0.195544554455 0.0189035916824 0.0280528052805
0 0.525992438563 0.210396039604 0.0198487712665 0.0412541254125
0 0.509451795841 0.174917491749 0.0151228733459 0.03300330033
0 0.491493383743 0.131188118812 0.00945179584121 0.0214521452145
0 0.525519848771 0.144389438944 0.0132325141777 0.0313531353135
0 0.535916824197 0.13201320132 0.0132325141777 0.026402640264
0 0.551039697543 0.150165016502 0.0170132325142 0.039603960396
0 0.499527410208 0.282178217822 0.0255198487713 0.0528052805281
0 0.565689981096 0.289603960396 0.0274102079395 0.0610561056106
0 0.567107750473 0.24504950495 0.0226843100189 0.0478547854785
0 0.579867674858 0.1699669967 0.0141776937618 0.042904290429
0 0.568525519849 0.113861386139 0.0141776937618 0.026402640264
0 0.590737240076 0.126237623762 0.0151228733459 0.0346534653465
0 0.622873345936 0.143564356436 0.0189035916824 0.03300330033
0 0.605860113422 0.0990099009901 0.0151228733459 0.029702970297
0 0.624763705104 0.116336633663 0.0113421550095 0.0214521452145
0 0.62145557656 0.0998349834983 0.0103969754253 0.0214521452145
0 0.645557655955 0.124587458746 0.0170132325142 0.0313531353135
0 0.656427221172 0.10396039604 0.0122873345936 0.026402640264
0 0.686672967864 0.118811881188 0.0160680529301 0.03300330033
0 0.690926275992 0.106435643564 0.0132325141777 0.0280528052805
0 0.693761814745 0.153465346535 0.0189035916824 0.042904290429
0 0.65595463138 0.171617161716 0.0189035916824 0.042904290429
0 0.62618147448 0.19801980198 0.0217391304348 0.049504950495
0 0.62145557656 0.257425742574 0.0255198487713 0.0561056105611
0 0.605387523629 0.340759075908 0.0293005671078 0.0676567656766
0 0.670132325142 0.34900990099 0.0340264650284 0.0709570957096
0 0.724952741021 0.295379537954 0.0283553875236 0.0594059405941
0 0.666824196597 0.260726072607 0.0255198487713 0.049504950495
0 0.667296786389 0.210396039604 0.0207939508507 0.0412541254125
0 0.700378071834 0.21699669967 0.0226843100189 0.0478547854785
0 0.706994328922 0.175742574257 0.0189035916824 0.0346534653465
0 0.716446124764 0.141914191419 0.0170132325142 0.036303630363
0 0.737712665406 0.125412541254 0.0141776937618 0.039603960396
0 0.784971644612 0.293729372937 0.0274102079395 0.0627062706271
0 0.76370510397 0.21699669967 0.0245746691871 0.0544554455446
0 0.747164461248 0.179867986799 0.0217391304348 0.046204620462
0 0.764650283554 0.159240924092 0.0170132325142 0.0313531353135
0 0.752835538752 0.13696369637 0.0160680529301 0.03300330033
0 0.772684310019 0.125412541254 0.0141776937618 0.03300330033
0 0.789224952741 0.126237623762 0.0151228733459 0.0379537953795
0 0.807655954631 0.132838283828 0.0179584120983 0.0313531353135
0 0.819470699433 0.127062706271 0.0132325141777 0.026402640264
0 0.814744801512 0.174092409241 0.0189035916824 0.0379537953795
0 0.829395085066 0.175742574257 0.0179584120983 0.0346534653465
0 0.852551984877 0.188118811881 0.0207939508507 0.042904290429
0 0.844517958412 0.140264026403 0.0122873345936 0.03300330033
0 0.85775047259 0.149339933993 0.0179584120983 0.0379537953795
0 0.876654064272 0.126237623762 0.0141776937618 0.0379537953795
0 0.877599243856 0.207095709571 0.0160680529301 0.0478547854785
0 0.893667296786 0.190594059406 0.0179584120983 0.0445544554455
0 0.901701323251 0.136138613861 0.0189035916824 0.0379537953795
0 0.934310018904 0.162541254125 0.0160680529301 0.0379537953795
0 0.931947069943 0.19801980198 0.0226843100189 0.046204620462
0 0.929111531191 0.278877887789 0.0245746691871 0.0627062706271
0 0.826086956522 0.227722772277 0.0226843100189 0.042904290429
