0 0.271835132483 0.224258289703 0.0196270853778 0.0366492146597
0 0.340039254171 0.234729493892 0.0186457311089 0.0366492146597
0 0.364573110893 0.269633507853 0.0264965652601 0.0366492146597
0 0.409224730128 0.274869109948 0.01766437684 0.0366492146597
0 0.428361138371 0.216404886562 0.0147203140334 0.0314136125654
0 0.449460255152 0.21815008726 0.0117762512267 0.0349040139616
0 0.483316977429 0.224258289703 0.0225711481845 0.0296684118674
0 0.390088321884 0.225130890052 0.0147203140334 0.0279232111693
0 0.368989205103 0.196335078534 0.01766437684 0.0401396160558
0 0.401373895976 0.165794066318 0.0157016683023 0.0349040139616
0 0.42492639843 0.171029668412 0.0157016683023 0.0314136125654
0 0.482826300294 0.160558464223 0.0196270853778 0.0279232111693
0 0.472031403337 0.135253054101 0.0157016683023 0.0331588132635
0 0.516683022571 0.1815008726 0.0166830225711 0.0383944153578
0 0.53532875368 0.200698080279 0.0147203140334 0.0383944153578
0 0.574582924436 0.277486910995 0.0264965652601 0.0523560209424
0 0.581943081452 0.239092495637 0.0215897939156 0.0279232111693
0 0.629048086359 0.202443280977 0.01766437684 0.0314136125654
0 0.681550539745 0.260907504363 0.0264965652601 0.0401396160558
0 0.677134445535 0.219895287958 0.01766437684 0.0314136125654
0 0.722276741904 0.242582897033 0.0137389597645 0.0383944153578
0 0.71197252208 0.186736474695 0.0166830225711 0.0314136125654
0 0.685966633955 0.120418848168 0.0137389597645 0.0279232111693
0 0.714916584887 0.109947643979 0.0166830225711 0.0383944153578
0 0.671246319921 0.10907504363 0.0137389597645 0.0261780104712
0 0.582433758587 0.118673647469 0.0107948969578 0.0314136125654
0 0.519136408243 0.129144851658 0.01766437684 0.0279232111693
0 0.737487733072 0.262652705061 0.0186457311089 0.0471204188482
0 0.764965652601 0.293193717277 0.0245338567223 0.0628272251309
0 0.821393523062 0.298429319372 0.0274779195289 0.0558464223386
0 0.903827281649 0.342059336824 0.0235525024534 0.0593368237347
0 0.8675171737 0.268760907504 0.01766437684 0.0453752181501
0 0.842983316977 0.23647469459 0.01766437684 0.0366492146597
0 0.790480863592 0.224258289703 0.0225711481845 0.0366492146597
0 0.741413150147 0.201570680628 0.0166830225711 0.0296684118674
0 0.761040235525 0.174520069808 0.0107948969578 0.0244328097731
0 0.79685966634 0.159685863874 0.0117762512267 0.0261780104712
0 0.786064769382 0.140488656195 0.00981354268891 0.0261780104712
0 0.816486751717 0.142233856894 0.00981354268891 0.0331588132635
0 0.844946025515 0.155322862129 0.0157016683023 0.0314136125654
0 0.907752698724 0.208551483421 0.0157016683023 0.0296684118674
0 0.893523061825 0.152705061082 0.0127576054956 0.0261780104712
0 0.915112855741 0.156195462478 0.0107948969578 0.0296684118674
0 0.934739941119 0.232984293194 0.0127576054956 0.0331588132635
0 0.934739941119 0.307155322862 0.0186457311089 0.0383944153578
0 0.913150147203 0.260907504363 0.0166830225711 0.0401396160558
0 0.582924435721 0.175392670157 0.0117762512267 0.0296684118674
0 0.615799803729 0.170157068063 0.0147203140334 0.0296684118674
0 0.725711481845 0.150087260035 0.0147203140334 0.0314136125654
0 0.61481844946 0.296684118674 0.0382728164868 0.0628272251309
0 0.60598626104 0.121291448517 0.0107948969578 0.0191972076789
0 0.607458292444 0.101221640489 0.0137389597645 0.0174520069808
0 0.625122669284 0.119546247818 0.00981354268891 0.0191972076789
0 0.65456329735 0.116055846422 0.00981354268891 0.022687609075
0 0.859175662414 0.155322862129 0.0107948969578 0.0314136125654
0 0.847399411187 0.205061082024 0.0186457311089 0.0296684118674
0 0.956329735034 0.214659685864 0.0166830225711 0.0279232111693
0 0.864082433759 0.1815008726 0.0147203140334 0.0349040139616
0 0.955348380765 0.180628272251 0.0166830225711 0.0366492146597
0 0.657016683023 0.142233856894 0.0147203140334 0.0366492146597
0 0.631010794897 0.136998254799 0.0137389597645 0.0296684118674
0 0.531894013739 0.143979057592 0.01766437684 0.0296684118674
0 0.470068694799 0.19982547993 0.0157016683023 0.0331588132635
0 0.427870461237 0.149214659686 0.0137389597645 0.0261780104712
0 0.498037291462 0.128272251309 0.0147203140334 0.0191972076789
0 0.498527968597 0.148342059337 0.0137389597645 0.0279232111693
0 0.385672227674 0.191972076789 0.0157016683023 0.0418848167539
