0 0.0946385052803 0.574358974359 0.0495532087734 0.105982905983
0 0.191714053615 0.305128205128 0.021121039805 0.0461538461538
0 0.222177091795 0.299145299145 0.0235580828595 0.0581196581197
0 0.246953696182 0.264957264957 0.0194963444354 0.0444444444444
0 0.303411860276 0.248717948718 0.017059301381 0.0393162393162
0 0.303818034119 0.217094017094 0.0227457351747 0.0478632478632
0 0.329000812348 0.238461538462 0.0178716490658 0.0461538461538
0 0.341592201462 0.226495726496 0.017059301381 0.0461538461538
0 0.362713241267 0.276068376068 0.0186839967506 0.0495726495726
0 0.359057676686 0.206837606838 0.0194963444354 0.0444444444444
0 0.383021933387 0.204273504274 0.0186839967506 0.042735042735
0 0.398862713241 0.239316239316 0.0178716490658 0.0478632478632
0 0.429325751422 0.330769230769 0.0219333874898 0.0598290598291
0 0.431762794476 0.201709401709 0.0186839967506 0.0410256410256
0 0.43744922827 0.177777777778 0.0154346060114 0.0410256410256
0 0.452071486596 0.180341880342 0.0203086921202 0.0529914529915
0 0.465475223396 0.257264957265 0.0243704305443 0.0564102564103
0 0.488627132413 0.209401709402 0.0186839967506 0.0461538461538
0 0.478878960195 0.168376068376 0.0203086921202 0.0393162393162
0 0.493907392364 0.15811965812 0.0146222583266 0.0461538461538
0 0.517059301381 0.178632478632 0.0219333874898 0.0564102564103
0 0.546709991877 0.221367521368 0.0162469536962 0.042735042735
0 0.558895207149 0.176068376068 0.021121039805 0.0410256410256
0 0.547522339561 0.141025641026 0.0178716490658 0.0461538461538
0 0.571080422421 0.219658119658 0.0162469536962 0.0393162393162
0 0.578797725426 0.183760683761 0.0186839967506 0.0461538461538
0 0.575142160845 0.139316239316 0.0178716490658 0.042735042735
0 0.595044679123 0.132478632479 0.0154346060114 0.0358974358974
0 0.603574329813 0.163247863248 0.0194963444354 0.0393162393162
0 0.601137286759 0.201709401709 0.0162469536962 0.0410256410256
0 0.619415109667 0.205982905983 0.017059301381 0.0461538461538
0 0.627944760357 0.135897435897 0.0129975629569 0.0358974358974
0 0.650690495532 0.148717948718 0.0129975629569 0.0410256410256
0 0.653939886271 0.194017094017 0.0146222583266 0.0358974358974
0 0.663281884647 0.152991452991 0.0154346060114 0.0495726495726
0 0.686027619821 0.167521367521 0.0154346060114 0.0410256410256
0 0.692120227457 0.147008547009 0.0129975629569 0.0307692307692
0 0.718115353371 0.164102564103 0.0146222583266 0.0410256410256
0 0.657595450853 0.260683760684 0.0251827782291 0.0598290598291
0 0.602355808286 0.302564102564 0.0268074735987 0.0649572649573
0 0.539398862713 0.386324786325 0.0259951259139 0.0649572649573
0 0.589358245329 0.416239316239 0.0316815597076 0.0700854700855
0 0.666125101543 0.423076923077 0.0292445166531 0.0735042735043
0 0.708773354996 0.222222222222 0.0138099106418 0.0410256410256
0 0.720958570268 0.288034188034 0.0235580828595 0.0598290598291
0 0.742079610073 0.235897435897 0.0154346060114 0.0444444444444
0 0.748578391552 0.305128205128 0.0186839967506 0.0529914529915
0 0.728269699431 0.42905982906 0.0251827782291 0.0752136752137
0 0.762388302193 0.206837606838 0.0154346060114 0.0376068376068
0 0.779853777417 0.211965811966 0.0178716490658 0.0512820512821
0 0.808285946385 0.197435897436 0.0194963444354 0.0495726495726
0 0.820064987815 0.233333333333 0.0186839967506 0.0393162393162
0 0.828594638505 0.223076923077 0.0146222583266 0.0393162393162
0 0.790008123477 0.271794871795 0.0251827782291 0.0512820512821
0 0.814784727864 0.308547008547 0.021121039805 0.0564102564103
0 0.791226645004 0.47094017094 0.0308692120227 0.100854700855
0 0.855808285946 0.495726495726 0.0300568643379 0.0752136752137
0 0.890739236393 0.411965811966 0.0219333874898 0.0581196581197
0 0.958570268075 0.482051282051 0.0259951259139 0.0717948717949
0 0.965069049553 0.411965811966 0.0227457351747 0.0615384615385
0 0.974004874086 0.378632478632 0.0162469536962 0.0495726495726
0 0.976848090983 0.322222222222 0.0203086921202 0.0461538461538
0 0.981316003249 0.267521367521 0.0178716490658 0.042735042735
0 0.947197400487 0.249572649573 0.0146222583266 0.0410256410256
0 0.931356620634 0.283760683761 0.0105605199025 0.0410256410256
0 0.930544272949 0.347008547009 0.017059301381 0.0512820512821
0 0.866368805849 0.369230769231 0.0235580828595 0.0581196581197
0 0.868399675061 0.317094017094 0.0194963444354 0.0461538461538
0 0.887083671812 0.283760683761 0.0146222583266 0.0444444444444
0 0.901299756296 0.271794871795 0.0121852152721 0.034188034188
0 0.907392363932 0.244444444444 0.0146222583266 0.0444444444444
0 0.867181153534 0.24188034188 0.0154346060114 0.0393162393162
