0 0.0859247135843 0.575704225352 0.0458265139116 0.105633802817
0 0.183715220949 0.302816901408 0.018821603928 0.0528169014085
0 0.213584288052 0.295774647887 0.0229132569558 0.0528169014085
0 0.256137479542 0.253521126761 0.0212765957447 0.0387323943662
0 0.296644844517 0.231514084507 0.0204582651391 0.0475352112676
0 0.297872340426 0.256161971831 0.0212765957447 0.044014084507
0 0.31914893617 0.239436619718 0.0180032733224 0.0457746478873
0 0.339198036007 0.223591549296 0.0155482815057 0.0352112676056
0 0.353927986907 0.210387323944 0.0204582651391 0.0334507042254
0 0.380523731588 0.199823943662 0.0180032733224 0.0404929577465
0 0.378068739771 0.255281690141 0.0180032733224 0.0352112676056
0 0.357610474632 0.279049295775 0.0229132569558 0.0475352112676
0 0.430441898527 0.325704225352 0.0245499181669 0.056338028169
0 0.425941080196 0.204225352113 0.0155482815057 0.0387323943662
0 0.432078559738 0.175176056338 0.013093289689 0.044014084507
0 0.447217675941 0.176936619718 0.0155482815057 0.0299295774648
0 0.463993453355 0.164612676056 0.0163666121113 0.0404929577465
0 0.484860883797 0.165492957746 0.0139116202946 0.0422535211268
0 0.483633387889 0.217429577465 0.0163666121113 0.0404929577465
0 0.461129296236 0.264964788732 0.0204582651391 0.0475352112676
0 0.511865793781 0.178697183099 0.0171849427169 0.0475352112676
0 0.547463175123 0.147007042254 0.013093289689 0.0404929577465
0 0.570785597381 0.144366197183 0.0139116202946 0.0352112676056
0 0.589607201309 0.135563380282 0.0139116202946 0.0352112676056
0 0.600245499182 0.162852112676 0.0155482815057 0.0334507042254
0 0.572831423895 0.208626760563 0.0163666121113 0.0404929577465
0 0.54705400982 0.228873239437 0.0155482815057 0.0387323943662
0 0.623977086743 0.134683098592 0.0155482815057 0.0299295774648
0 0.616612111293 0.208626760563 0.0139116202946 0.0404929577465
0 0.598199672668 0.202464788732 0.0163666121113 0.0422535211268
0 0.650163666121 0.147887323944 0.0139116202946 0.0352112676056
0 0.662847790507 0.141725352113 0.0147299509002 0.0299295774648
0 0.651391162029 0.19014084507 0.0147299509002 0.0352112676056
0 0.684942716858 0.147007042254 0.0147299509002 0.0299295774648
0 0.684533551555 0.174295774648 0.0139116202946 0.0422535211268
0 0.704173486088 0.169894366197 0.0155482815057 0.0369718309859
0 0.689852700491 0.222711267606 0.0163666121113 0.0369718309859
0 0.667757774141 0.244718309859 0.0212765957447 0.0492957746479
0 0.617839607201 0.308978873239 0.0229132569558 0.0475352112676
0 0.567103109656 0.360035211268 0.0278232405892 0.0616197183099
0 0.602291325696 0.381161971831 0.0245499181669 0.0580985915493
0 0.654255319149 0.411971830986 0.0270049099836 0.0598591549296
0 0.716857610475 0.417253521127 0.0245499181669 0.0704225352113
0 0.789279869067 0.463908450704 0.0270049099836 0.0792253521127
0 0.863747954173 0.513204225352 0.0253682487725 0.0792253521127
0 0.886661211129 0.426936619718 0.0204582651391 0.0545774647887
0 0.95294599018 0.506161971831 0.0220949263502 0.068661971831
0 0.944762684124 0.396126760563 0.0204582651391 0.056338028169
0 0.974631751227 0.380281690141 0.0163666121113 0.0492957746479
0 0.984451718494 0.277288732394 0.013093289689 0.044014084507
0 0.946399345336 0.256161971831 0.0139116202946 0.0334507042254
0 0.976268412439 0.338908450704 0.0180032733224 0.0475352112676
0 0.93085106383 0.286091549296 0.0155482815057 0.044014084507
0 0.903027823241 0.241197183099 0.0155482815057 0.0352112676056
0 0.900163666121 0.276408450704 0.0147299509002 0.0352112676056
0 0.887888707038 0.299295774648 0.0147299509002 0.0457746478873
0 0.870294599018 0.244718309859 0.0122749590835 0.0387323943662
0 0.840425531915 0.234154929577 0.0180032733224 0.0422535211268
0 0.820376432079 0.245598591549 0.0155482815057 0.0369718309859
0 0.797872340426 0.238556338028 0.0147299509002 0.0334507042254
0 0.807692307692 0.202464788732 0.0163666121113 0.0387323943662
0 0.769230769231 0.198943661972 0.0147299509002 0.0422535211268
0 0.745908346972 0.205985915493 0.0171849427169 0.0387323943662
0 0.73977086743 0.244718309859 0.0163666121113 0.0422535211268
0 0.728723404255 0.234154929577 0.0155482815057 0.0316901408451
0 0.749181669394 0.302816901408 0.0155482815057 0.0528169014085
0 0.813011456628 0.31426056338 0.0204582651391 0.0510563380282
0 0.78682487725 0.282570422535 0.0171849427169 0.0475352112676
0 0.862520458265 0.357394366197 0.0180032733224 0.0492957746479
0 0.865384615385 0.326584507042 0.018821603928 0.0510563380282
0 0.922667757774 0.353873239437 0.0171849427169 0.0528169014085
