0 0.0800159235669 0.447508896797 0.0199044585987 0.0551601423488
0 0.0668789808917 0.512455516014 0.0207006369427 0.0533807829181
0 0.12300955414 0.629003558719 0.0230891719745 0.076512455516
0 0.0457802547771 0.253558718861 0.0135350318471 0.0302491103203
0 0.0481687898089 0.23487544484 0.0119426751592 0.0355871886121
0 0.158439490446 0.165480427046 0.0127388535032 0.0391459074733
0 0.125 0.238434163701 0.015923566879 0.0391459074733
0 0.185907643312 0.215302491103 0.0119426751592 0.0355871886121
0 0.173168789809 0.284697508897 0.015127388535 0.0391459074733
0 0.244824840764 0.304270462633 0.0167197452229 0.0498220640569
0 0.236066878981 0.36743772242 0.0199044585987 0.0551601423488
0 0.208996815287 0.45640569395 0.0199044585987 0.0551601423488
0 0.19148089172 0.151245551601 0.0103503184713 0.0320284697509
0 0.224920382166 0.160142348754 0.0103503184713 0.0284697508897
0 0.24402866242 0.142348754448 0.0103503184713 0.0320284697509
0 0.296974522293 0.174377224199 0.0143312101911 0.0427046263345
0 0.294187898089 0.217971530249 0.0167197452229 0.0373665480427
0 0.309315286624 0.248220640569 0.0167197452229 0.0409252669039
0 0.327627388535 0.246441281139 0.0119426751592 0.0338078291815
0 0.357085987261 0.105871886121 0.0103503184713 0.0302491103203
0 0.37898089172 0.192170818505 0.0127388535032 0.0355871886121
0 0.398885350318 0.110320284698 0.0127388535032 0.0284697508897
0 0.419585987261 0.107651245552 0.0111464968153 0.0266903914591
0 0.418789808917 0.197508896797 0.015923566879 0.0284697508897
0 0.455812101911 0.137010676157 0.015127388535 0.0213523131673
0 0.464570063694 0.136120996441 0.00875796178344 0.0302491103203
0 0.505573248408 0.124555160142 0.0111464968153 0.0213523131673
0 0.535828025478 0.0934163701068 0.00955414012739 0.0266903914591
0 0.47372611465 0.23487544484 0.0191082802548 0.0427046263345
0 0.478105095541 0.304270462633 0.0199044585987 0.0462633451957
0 0.498805732484 0.196619217082 0.0119426751592 0.0373665480427
0 0.556130573248 0.329181494662 0.0199044585987 0.0462633451957
0 0.546974522293 0.185943060498 0.0111464968153 0.0373665480427
0 0.575238853503 0.111209964413 0.00875796178344 0.0266903914591
0 0.572054140127 0.160142348754 0.0103503184713 0.0320284697509
0 0.59076433121 0.150355871886 0.0111464968153 0.0266903914591
0 0.614649681529 0.13256227758 0.0127388535032 0.0231316725979
0 0.572054140127 0.217971530249 0.0119426751592 0.0373665480427
0 0.615445859873 0.23665480427 0.0143312101911 0.0355871886121
0 0.642515923567 0.166370106762 0.0111464968153 0.0302491103203
0 0.558121019108 0.505338078292 0.0254777070064 0.0604982206406
0 0.675955414013 0.349644128114 0.0207006369427 0.0551601423488
0 0.6875 0.232206405694 0.015127388535 0.0338078291815
0 0.719347133758 0.237544483986 0.0103503184713 0.0302491103203
0 0.710589171975 0.196619217082 0.0119426751592 0.0302491103203
0 0.767515923567 0.230427046263 0.015923566879 0.0302491103203
0 0.807722929936 0.253558718861 0.015127388535 0.0338078291815
0 0.779458598726 0.389679715302 0.0175159235669 0.0498220640569
0 0.837181528662 0.284697508897 0.0135350318471 0.0355871886121
0 0.917595541401 0.381672597865 0.0183121019108 0.0444839857651
0 0.701831210191 0.289145907473 0.0167197452229 0.0409252669039
0 0.464171974522 0.180604982206 0.0111464968153 0.0231316725979
