0 0.232948583421 0.386531365314 0.0608604407135 0.112546125461
0 0.53777544596 0.184501845018 0.0199370409234 0.0405904059041
0 0.58184679958 0.144833948339 0.0178384050367 0.0461254612546
0 0.59758656873 0.158671586716 0.0157397691501 0.0332103321033
0 0.644281217209 0.175276752768 0.0230849947534 0.0590405904059
0 0.667890870934 0.183579335793 0.0136411332634 0.0424354243542
0 0.683105981112 0.212177121771 0.0251836306401 0.0479704797048
0 0.726128016789 0.193726937269 0.0188877229801 0.0442804428044
0 0.776495278069 0.229704797048 0.0230849947534 0.049815498155
0 0.832109129066 0.252767527675 0.0188877229801 0.0516605166052
0 0.749737670514 0.274907749077 0.0220356768101 0.0553505535055
0 0.762329485834 0.362546125461 0.0283315844701 0.0682656826568
0 0.805351521511 0.388376383764 0.0325288562434 0.0682656826568
0 0.915529905561 0.392066420664 0.0325288562434 0.0645756457565
