0 0.204259438529 0.453608247423 0.0445304937076 0.0824742268041
0 0.493223620523 0.190721649485 0.0183930300097 0.0343642611684
0 0.521781219748 0.182989690722 0.0174249757986 0.0429553264605
0 0.5701839303 0.139175257732 0.0154888673766 0.0378006872852
0 0.718296224589 0.181271477663 0.0174249757986 0.0429553264605
0 0.765246853824 0.170962199313 0.0164569215876 0.0429553264605
0 0.805905130687 0.18470790378 0.0164569215876 0.0360824742268
0 0.815101645692 0.172680412371 0.0154888673766 0.03264604811
0 0.851403678606 0.186426116838 0.0145208131655 0.03264604811
0 0.890609874153 0.29381443299 0.0212971926428 0.0446735395189
0 0.956921587609 0.246563573883 0.0203291384318 0.0429553264605
0 0.984511132623 0.139175257732 0.0154888673766 0.0343642611684
