0 0.212049335863 0.431780366057 0.0597722960152 0.0948419301165
0 0.26660341556 0.26455906822 0.022770398482 0.0499168053245
0 0.293168880455 0.268718801997 0.0208728652751 0.0415973377704
0 0.321631878558 0.220465890183 0.0170777988615 0.0282861896839
0 0.326375711575 0.248752079867 0.0208728652751 0.0382695507488
0 0.356261859583 0.257071547421 0.0218216318786 0.0549084858569
0 0.366223908918 0.211314475874 0.0151802656546 0.0399334442596
0 0.389468690702 0.186356073211 0.0161290322581 0.0299500831947
0 0.397533206831 0.301164725458 0.0265654648956 0.0399334442596
0 0.407020872865 0.222961730449 0.0189753320683 0.0366056572379
0 0.420777988615 0.187188019967 0.0180265654649 0.0282861896839
0 0.457305502846 0.151414309484 0.0189753320683 0.0332778702163
0 0.447817836812 0.210482529118 0.022770398482 0.0282861896839
0 0.494781783681 0.141430948419 0.0161290322581 0.0332778702163
0 0.481024667932 0.198003327787 0.0151802656546 0.0366056572379
0 0.50284629981 0.160565723794 0.0151802656546 0.0382695507488
0 0.520872865275 0.150582362729 0.0170777988615 0.0316139767055
0 0.476755218216 0.240432612313 0.0275142314991 0.0382695507488
0 0.396110056926 0.272046589018 0.0275142314991 0.0349417637271
0 0.537001897533 0.217970049917 0.022770398482 0.0399334442596
0 0.559297912713 0.165557404326 0.0199240986717 0.0382695507488
0 0.539373814042 0.170549084859 0.0180265654649 0.0249584026622
0 0.572580645161 0.1231281198 0.0199240986717 0.0366056572379
0 0.579222011385 0.171381031614 0.0161290322581 0.0332778702163
0 0.595825426945 0.168885191348 0.0208728652751 0.0382695507488
0 0.611954459203 0.133943427621 0.0189753320683 0.0316139767055
0 0.513282732448 0.310316139767 0.0398481973435 0.0549084858569
0 0.590132827324 0.223793677205 0.0246679316888 0.0615640599002
0 0.655123339658 0.123960066556 0.0218216318786 0.0316139767055
0 0.65559772296 0.147254575707 0.0246679316888 0.0316139767055
0 0.623814041746 0.211314475874 0.0237191650854 0.0465890183028
0 0.59440227704 0.298668885191 0.0256166982922 0.0482529118136
0 0.639468690702 0.322795341098 0.0265654648956 0.0532445923461
0 0.668406072106 0.272046589018 0.0237191650854 0.0515806988353
0 0.663662239089 0.190515806988 0.0199240986717 0.0382695507488
0 0.680740037951 0.214642262895 0.0199240986717 0.0499168053245
0 0.715844402277 0.195507487521 0.0237191650854 0.044925124792
0 0.71394686907 0.150582362729 0.0180265654649 0.0349417637271
0 0.723908918406 0.148086522463 0.0189753320683 0.0366056572379
0 0.745730550285 0.12146422629 0.0151802656546 0.0399334442596
0 0.744781783681 0.174708818636 0.0151802656546 0.0366056572379
0 0.757115749526 0.202163061564 0.0208728652751 0.0382695507488
0 0.729601518027 0.297836938436 0.0284629981025 0.0499168053245
0 0.765180265655 0.302828618968 0.0351043643264 0.0465890183028
0 0.773244781784 0.239600665557 0.0246679316888 0.0465890183028
0 0.775616698292 0.146422628952 0.0180265654649 0.0432612312812
0 0.789848197343 0.215474209651 0.0237191650854 0.044925124792
0 0.814516129032 0.194675540765 0.0218216318786 0.0299500831947
0 0.824478178368 0.131447587354 0.0170777988615 0.0366056572379
0 0.8610056926 0.141430948419 0.0237191650854 0.0499168053245
0 0.851992409867 0.166389351082 0.0208728652751 0.0332778702163
0 0.849620493359 0.209650582363 0.0313092979127 0.0499168053245
0 0.850569259962 0.307820299501 0.0313092979127 0.0532445923461
0 0.857685009488 0.274542429285 0.0303605313093 0.0698835274542
0 0.889468690702 0.202163061564 0.0180265654649 0.0415973377704
0 0.896584440228 0.18302828619 0.0151802656546 0.0366056572379
0 0.906546489564 0.162229617304 0.0237191650854 0.0415973377704
0 0.932637571157 0.218801996672 0.0265654648956 0.044925124792
0 0.926470588235 0.269550748752 0.0256166982922 0.0599001663894
0 0.688330170778 0.139767054908 0.0218216318786 0.0465890183028
0 0.700189753321 0.252079866889 0.0246679316888 0.044925124792
