0 0.179320679321 0.251318101933 0.022977022977 0.0386643233743
0 0.371128871129 0.198594024605 0.018981018981 0.0316344463972
0 0.418081918082 0.215289982425 0.012987012987 0.0298769771529
0 0.454545454545 0.226713532513 0.01998001998 0.0281195079086
0 0.562937062937 0.187170474517 0.012987012987 0.0298769771529
0 0.573426573427 0.158172231986 0.013986013986 0.0351493848858
0 0.634365634366 0.124780316344 0.013986013986 0.02460456942
0 0.674825174825 0.176625659051 0.014985014985 0.0369068541301
0 0.683816183816 0.22144112478 0.020979020979 0.0351493848858
0 0.678821178821 0.254833040422 0.022977022977 0.0421792618629
0 0.625374625375 0.218804920914 0.01998001998 0.0404217926186
0 0.628371628372 0.267135325132 0.017982017982 0.0421792618629
0 0.641358641359 0.30755711775 0.023976023976 0.0597539543058
0 0.94005994006 0.24165202109 0.021978021978 0.0333919156415
