0 0.251633986928 0.365448504983 0.0364145658263 0.0730897009967
0 0.257236227824 0.283222591362 0.0196078431373 0.0348837209302
0 0.28431372549 0.269102990033 0.0196078431373 0.0332225913621
0 0.302521008403 0.256644518272 0.0205415499533 0.0382059800664
0 0.31045751634 0.298172757475 0.0270774976657 0.0415282392027
0 0.310924369748 0.231727574751 0.0168067226891 0.0282392026578
0 0.333333333333 0.225913621262 0.0168067226891 0.0332225913621
0 0.345471521942 0.270764119601 0.0205415499533 0.046511627907
0 0.361344537815 0.224252491694 0.0186741363212 0.0398671096346
0 0.377684407096 0.211794019934 0.0177404295051 0.0382059800664
0 0.403828197946 0.229235880399 0.0196078431373 0.0431893687708
0 0.428104575163 0.274916943522 0.0214752567694 0.0448504983389
0 0.429038281979 0.242524916944 0.0177404295051 0.0365448504983
0 0.411764705882 0.171926910299 0.0130718954248 0.0348837209302
0 0.46218487395 0.235880398671 0.0205415499533 0.046511627907
0 0.467320261438 0.196013289037 0.015873015873 0.0332225913621
0 0.477124183007 0.164451827243 0.0112044817927 0.0265780730897
0 0.46918767507 0.155315614618 0.0121381886088 0.0249169435216
0 0.452847805789 0.138704318937 0.0112044817927 0.0215946843854
0 0.430905695612 0.1926910299 0.0177404295051 0.0299003322259
0 0.50700280112 0.190199335548 0.0186741363212 0.031561461794
0 0.484126984127 0.132890365449 0.0121381886088 0.0265780730897
0 0.520074696545 0.161129568106 0.0168067226891 0.0299003322259
0 0.52380952381 0.134551495017 0.014939309057 0.0299003322259
0 0.537348272642 0.160299003322 0.0196078431373 0.0348837209302
0 0.559757236228 0.164451827243 0.0196078431373 0.0365448504983
0 0.53781512605 0.200996677741 0.0205415499533 0.0299003322259
0 0.548085901027 0.132890365449 0.0112044817927 0.0232558139535
0 0.55929038282 0.112956810631 0.0168067226891 0.0232558139535
0 0.586834733894 0.0980066445183 0.0140056022409 0.0265780730897
0 0.591970121382 0.119601328904 0.014939309057 0.0265780730897
0 0.59243697479 0.147840531561 0.015873015873 0.0332225913621
0 0.608776844071 0.139534883721 0.0186741363212 0.0332225913621
0 0.625116713352 0.11877076412 0.0121381886088 0.0282392026578
0 0.62558356676 0.10049833887 0.0130718954248 0.0282392026578
0 0.64939309057 0.0996677740864 0.0121381886088 0.0299003322259
0 0.65172735761 0.11877076412 0.014939309057 0.031561461794
0 0.685340802988 0.107973421927 0.0168067226891 0.0332225913621
0 0.679738562092 0.152823920266 0.0186741363212 0.046511627907
0 0.639122315593 0.197674418605 0.0196078431373 0.0365448504983
0 0.601307189542 0.222591362126 0.0224089635854 0.0498338870432
0 0.563492063492 0.240863787375 0.0233426704015 0.046511627907
0 0.53781512605 0.321428571429 0.0298786181139 0.0614617940199
0 0.484126984127 0.301495016611 0.0289449112979 0.0514950166113
0 0.582633053221 0.365448504983 0.0336134453782 0.063122923588
0 0.678338001867 0.33803986711 0.03081232493 0.0614617940199
0 0.660130718954 0.260797342193 0.0224089635854 0.046511627907
0 0.656862745098 0.21096345515 0.0233426704015 0.046511627907
0 0.696078431373 0.221760797342 0.0252100840336 0.0481727574751
0 0.707282913165 0.179401993355 0.0214752567694 0.0398671096346
0 0.709617180205 0.146179401993 0.0186741363212 0.0332225913621
0 0.725957049486 0.171096345515 0.015873015873 0.0398671096346
0 0.743230625584 0.193521594684 0.0224089635854 0.0481727574751
0 0.748366013072 0.21926910299 0.0214752567694 0.0398671096346
0 0.77964519141 0.291528239203 0.0280112044818 0.0614617940199
0 0.713818860878 0.294019933555 0.0252100840336 0.0564784053156
0 0.732026143791 0.132890365449 0.0168067226891 0.0365448504983
0 0.755368814192 0.108803986711 0.0130718954248 0.031561461794
0 0.771708683473 0.126245847176 0.0140056022409 0.0232558139535
0 0.774509803922 0.16196013289 0.0214752567694 0.0348837209302
0 0.802521008403 0.183554817276 0.0177404295051 0.0382059800664
0 0.819327731092 0.25415282392 0.0252100840336 0.0498338870432
0 0.84593837535 0.198504983389 0.014939309057 0.0382059800664
0 0.834733893557 0.167774086379 0.014939309057 0.0365448504983
0 0.824929971989 0.142857142857 0.015873015873 0.0332225913621
0 0.796918767507 0.146179401993 0.0121381886088 0.0265780730897
0 0.80578898226 0.132890365449 0.0112044817927 0.0299003322259
0 0.859010270775 0.158637873754 0.014939309057 0.0348837209302
0 0.866013071895 0.12707641196 0.015873015873 0.0282392026578
0 0.891223155929 0.130398671096 0.0140056022409 0.031561461794
0 0.897292250233 0.163621262458 0.0168067226891 0.0348837209302
0 0.881886087768 0.171096345515 0.0196078431373 0.0332225913621
0 0.86974789916 0.203488372093 0.0177404295051 0.0415282392027
0 0.866946778711 0.229235880399 0.0177404295051 0.0332225913621
0 0.929038281979 0.27657807309 0.0224089635854 0.0448504983389
0 0.894957983193 0.211794019934 0.0177404295051 0.0415282392027
0 0.924836601307 0.207641196013 0.0177404295051 0.0332225913621
0 0.922035480859 0.177740863787 0.0121381886088 0.0265780730897
0 0.923902894491 0.15365448505 0.0121381886088 0.0215946843854
