0 0.208972845336 0.351464435146 0.0377804014168 0.0794979079498
0 0.278040141677 0.266736401674 0.0177095631641 0.0313807531381
0 0.326446280992 0.280334728033 0.0200708382527 0.0376569037657
0 0.340023612751 0.255230125523 0.0188902007084 0.0376569037657
0 0.421487603306 0.280334728033 0.0188902007084 0.0418410041841
0 0.436835891381 0.225941422594 0.0141676505313 0.0334728033473
0 0.417945690673 0.216527196653 0.0188902007084 0.0355648535565
0 0.362455726092 0.21129707113 0.0165289256198 0.0334728033473
0 0.378984651712 0.199790794979 0.0141676505313 0.0230125523013
0 0.417355371901 0.174686192469 0.012987012987 0.0271966527197
0 0.458087367178 0.214435146444 0.0165289256198 0.0355648535565
0 0.462219598583 0.195606694561 0.0153482880756 0.0271966527197
0 0.441558441558 0.157949790795 0.0141676505313 0.0313807531381
0 0.476977567887 0.133891213389 0.00944510035419 0.0167364016736
0 0.486422668241 0.173640167364 0.0141676505313 0.0251046025105
0 0.468122786305 0.17050209205 0.0106257378985 0.0271966527197
0 0.459858323495 0.157949790795 0.012987012987 0.0230125523013
0 0.536599763872 0.163179916318 0.0153482880756 0.0251046025105
0 0.525383707202 0.202928870293 0.0165289256198 0.0292887029289
0 0.513577331759 0.135983263598 0.0165289256198 0.0292887029289
0 0.556080283353 0.171548117155 0.0165289256198 0.0292887029289
0 0.572018890201 0.155857740586 0.012987012987 0.0313807531381
0 0.551948051948 0.124476987448 0.012987012987 0.0230125523013
0 0.582054309327 0.105648535565 0.0118063754427 0.0230125523013
0 0.602715466352 0.11820083682 0.0106257378985 0.0313807531381
0 0.678276269185 0.101464435146 0.0106257378985 0.0230125523013
0 0.472845336482 0.323221757322 0.0247933884298 0.0397489539749
0 0.542502951594 0.30230125523 0.0224321133412 0.0523012552301
0 0.590318772137 0.336820083682 0.0306965761511 0.0502092050209
0 0.66587957497 0.330543933054 0.0306965761511 0.0627615062762
0 0.565525383707 0.244769874477 0.0188902007084 0.0460251046025
0 0.600944510035 0.255230125523 0.0188902007084 0.0418410041841
0 0.609208972845 0.207112970711 0.0165289256198 0.0460251046025
0 0.661157024793 0.206066945607 0.0212514757969 0.0439330543933
0 0.667650531287 0.160041841004 0.0153482880756 0.0355648535565
0 0.681227863046 0.187238493724 0.0165289256198 0.0355648535565
0 0.695985832349 0.216527196653 0.0224321133412 0.0439330543933
0 0.699527744982 0.146443514644 0.012987012987 0.0251046025105
0 0.727272727273 0.125523012552 0.0165289256198 0.0292887029289
0 0.744391971665 0.114016736402 0.0153482880756 0.0313807531381
0 0.739079102715 0.0669456066946 0.0141676505313 0.0292887029289
0 0.757378984652 0.132845188285 0.012987012987 0.0230125523013
0 0.741440377804 0.152719665272 0.0165289256198 0.0251046025105
0 0.73199527745 0.166317991632 0.0141676505313 0.0271966527197
0 0.74321133412 0.193514644351 0.0153482880756 0.0355648535565
0 0.703069657615 0.281380753138 0.0271546635183 0.0523012552301
0 0.651711924439 0.264644351464 0.0212514757969 0.0439330543933
0 0.762691853601 0.314853556485 0.025974025974 0.0523012552301
0 0.860684769776 0.226987447699 0.0188902007084 0.0439330543933
0 0.911452184179 0.185146443515 0.0165289256198 0.0313807531381
0 0.956906729634 0.176778242678 0.0200708382527 0.0523012552301
0 0.893152302243 0.133891213389 0.0106257378985 0.0251046025105
0 0.875442739079 0.132845188285 0.012987012987 0.0230125523013
0 0.863636363636 0.133891213389 0.0153482880756 0.0251046025105
0 0.85360094451 0.143305439331 0.00944510035419 0.0271966527197
0 0.846517119244 0.154811715481 0.0141676505313 0.0251046025105
0 0.836481700118 0.174686192469 0.012987012987 0.0271966527197
0 0.872491145218 0.182008368201 0.0141676505313 0.0292887029289
0 0.8093270366 0.164225941423 0.0106257378985 0.0230125523013
0 0.816410861865 0.135983263598 0.0153482880756 0.0251046025105
0 0.804014167651 0.129707112971 0.0118063754427 0.0292887029289
0 0.791617473436 0.141213389121 0.012987012987 0.0230125523013
0 0.789846517119 0.18410041841 0.0212514757969 0.0418410041841
