0 0.339435146444 0.208646616541 0.0177824267782 0.0338345864662
0 0.474372384937 0.203947368421 0.0282426778243 0.062030075188
0 0.549686192469 0.191729323308 0.0177824267782 0.0338345864662
0 0.550732217573 0.232142857143 0.0282426778243 0.062030075188
0 0.584205020921 0.22462406015 0.0219665271967 0.0507518796992
0 0.61820083682 0.201127819549 0.0230125523013 0.0451127819549
0 0.635983263598 0.235902255639 0.0230125523013 0.0507518796992
0 0.660041841004 0.211466165414 0.0209205020921 0.046992481203
0 0.698744769874 0.213345864662 0.0188284518828 0.0394736842105
0 0.725941422594 0.269736842105 0.0230125523013 0.0582706766917
0 0.82269874477 0.292293233083 0.0261506276151 0.0507518796992
0 0.871861924686 0.260338345865 0.0219665271967 0.0582706766917
0 0.932531380753 0.292293233083 0.0282426778243 0.0657894736842
0 0.911610878661 0.304511278195 0.0240585774059 0.0601503759398
0 0.904288702929 0.335526315789 0.0303347280335 0.0657894736842
