0 0.0550887021475 0.435855263158 0.0410830999066 0.0855263157895
0 0.0690943043884 0.532072368421 0.0392156862745 0.103618421053
0 0.130718954248 0.439144736842 0.0354808590103 0.0986842105263
0 0.384687208217 0.202302631579 0.0224089635854 0.0394736842105
0 0.398225957049 0.233552631579 0.0214752567694 0.0493421052632
0 0.465452847806 0.225328947368 0.0214752567694 0.0427631578947
0 0.492530345472 0.215460526316 0.03081232493 0.0526315789474
0 0.521008403361 0.143092105263 0.0224089635854 0.0460526315789
0 0.566760037348 0.131578947368 0.014939309057 0.0230263157895
0 0.71568627451 0.124177631579 0.0233426704015 0.0476973684211
0 0.615312791783 0.240131578947 0.0205415499533 0.0460526315789
0 0.960784313725 0.128289473684 0.0205415499533 0.0460526315789
0 0.961251167134 0.1875 0.0252100840336 0.0493421052632
