0 0.169990503324 0.469949916528 0.0417853751187 0.0684474123539
0 0.254510921178 0.262103505843 0.0132953466287 0.0300500834725
0 0.275403608737 0.267946577629 0.0151946818613 0.025041736227
0 0.298670465337 0.255425709516 0.014245014245 0.0267111853088
0 0.298195631529 0.295492487479 0.017094017094 0.0400667779633
0 0.355175688509 0.262938230384 0.017094017094 0.0283806343907
0 0.374643874644 0.272954924875 0.0161443494777 0.0350584307179
0 0.395536562203 0.289649415693 0.0180436847104 0.0383973288815
0 0.326685660019 0.22203672788 0.0151946818613 0.0233722871452
0 0.349952516619 0.207011686144 0.0123456790123 0.0200333889816
0 0.364197530864 0.223706176962 0.0180436847104 0.0267111853088
0 0.401709401709 0.221202003339 0.0189933523267 0.0350584307179
0 0.441595441595 0.229549248748 0.017094017094 0.0383973288815
0 0.483380816714 0.230383973289 0.0208926875594 0.0333889816361
0 0.499525166192 0.198664440735 0.0151946818613 0.0267111853088
0 0.480056980057 0.188647746244 0.0123456790123 0.0300500834725
0 0.439696106363 0.191986644407 0.017094017094 0.0300500834725
0 0.411206077873 0.189482470785 0.017094017094 0.0283806343907
0 0.390313390313 0.186143572621 0.0189933523267 0.0317195325543
0 0.451092117759 0.154424040067 0.011396011396 0.025041736227
0 0.464862298196 0.158597662771 0.014245014245 0.0233722871452
0 0.495726495726 0.155258764608 0.0132953466287 0.0267111853088
0 0.485280151947 0.134390651085 0.011396011396 0.0217028380634
0 0.527540360874 0.161101836394 0.0161443494777 0.025041736227
0 0.530389363723 0.205342237062 0.0161443494777 0.0367278797997
0 0.554605887939 0.162771285476 0.0132953466287 0.0317195325543
0 0.575973409307 0.163606010017 0.0180436847104 0.0300500834725
0 0.55698005698 0.126043405676 0.0123456790123 0.025041736227
0 0.590218423552 0.12938230384 0.0104463437797 0.0217028380634
0 0.625356125356 0.143572621035 0.0123456790123 0.0267111853088
0 0.602089268756 0.140233722871 0.011396011396 0.0267111853088
0 0.617283950617 0.122704507513 0.011396011396 0.0183639398998
0 0.647198480532 0.135225375626 0.0104463437797 0.0267111853088
0 0.673314339981 0.124373956594 0.011396011396 0.0283806343907
0 0.532763532764 0.297161936561 0.0265906932574 0.0534223706177
0 0.578347578348 0.22203672788 0.0189933523267 0.0434056761269
0 0.584045584046 0.288814691152 0.022792022792 0.0467445742905
0 0.610636277303 0.323038397329 0.0265906932574 0.0484140233723
0 0.630579297246 0.24040066778 0.0208926875594 0.0434056761269
0 0.636277302944 0.197829716194 0.017094017094 0.0317195325543
0 0.672364672365 0.179465776294 0.0132953466287 0.0283806343907
0 0.680436847104 0.213689482471 0.0161443494777 0.0367278797997
0 0.673314339981 0.266277128548 0.022792022792 0.0484140233723
0 0.721747388414 0.28714524207 0.0208926875594 0.0400667779633
0 0.715574548908 0.232053422371 0.019943019943 0.0434056761269
0 0.707977207977 0.183639398998 0.014245014245 0.0333889816361
0 0.696106362773 0.156928213689 0.0132953466287 0.0267111853088
0 0.717473884141 0.156093489149 0.014245014245 0.025041736227
0 0.735517568851 0.168614357262 0.014245014245 0.0267111853088
0 0.747863247863 0.149415692821 0.014245014245 0.025041736227
0 0.739316239316 0.127712854758 0.014245014245 0.025041736227
0 0.745014245014 0.201168614357 0.0180436847104 0.0317195325543
0 0.775403608737 0.232053422371 0.019943019943 0.0467445742905
0 0.780626780627 0.19449081803 0.0189933523267 0.0383973288815
0 0.773029439696 0.160267111853 0.0151946818613 0.0233722871452
0 0.776353276353 0.121869782972 0.00854700854701 0.0233722871452
0 0.792022792023 0.142737896494 0.017094017094 0.0317195325543
0 0.814814814815 0.182804674457 0.017094017094 0.0383973288815
0 0.837606837607 0.216193656093 0.017094017094 0.0350584307179
0 0.87559354226 0.227879799666 0.0151946818613 0.0417362270451
0 0.854226020893 0.192821368948 0.014245014245 0.0317195325543
0 0.841405508072 0.150250417362 0.0151946818613 0.0300500834725
0 0.872744539411 0.156093489149 0.017094017094 0.0317195325543
0 0.782526115859 0.292153589316 0.022792022792 0.0534223706177
0 0.844729344729 0.337228714524 0.0237416904084 0.0467445742905
0 0.948717948718 0.262938230384 0.0132953466287 0.0517529215359
0 0.922602089269 0.257929883139 0.014245014245 0.0317195325543
0 0.896011396011 0.176961602671 0.014245014245 0.0333889816361
0 0.905508072175 0.14858096828 0.014245014245 0.0333889816361
0 0.881291547958 0.198664440735 0.011396011396 0.0233722871452
