0 0.0485282418457 0.389818688982 0.0238663484487 0.0571827057183
0 0.287191726333 0.271966527197 0.0175019888624 0.0418410041841
0 0.317024661893 0.276150627615 0.0214797136038 0.0390516039052
0 0.307875894988 0.232914923291 0.0159108989658 0.0306834030683
0 0.343675417661 0.260111576011 0.0190930787589 0.0404463040446
0 0.345664280032 0.310320781032 0.0182975338107 0.0404463040446
0 0.384645982498 0.292189679219 0.0214797136038 0.0432357043236
0 0.350437549722 0.228033472803 0.0167064439141 0.0320781032078
0 0.352824184566 0.209205020921 0.0151153540175 0.0278940027894
0 0.379872712808 0.228730822873 0.0182975338107 0.0362622036262
0 0.408114558473 0.195258019526 0.0159108989658 0.0306834030683
0 0.425616547335 0.227336122734 0.0190930787589 0.0418410041841
0 0.443914081146 0.193165969317 0.0127287191726 0.0320781032078
0 0.463007159905 0.234309623431 0.0175019888624 0.0418410041841
0 0.438743038982 0.177824267782 0.0167064439141 0.0376569037657
0 0.449085123309 0.153417015342 0.0151153540175 0.0278940027894
0 0.468575974543 0.145746164575 0.0143198090692 0.0292887029289
0 0.468575974543 0.169456066946 0.0143198090692 0.0264993026499
0 0.505171042164 0.133891213389 0.0127287191726 0.0278940027894
0 0.511137629276 0.167364016736 0.0151153540175 0.0362622036262
0 0.505171042164 0.188284518828 0.0175019888624 0.0362622036262
0 0.524661893397 0.15760111576 0.0119331742243 0.0306834030683
0 0.527048528242 0.140864714086 0.0151153540175 0.0278940027894
0 0.544550517104 0.165969316597 0.0151153540175 0.0334728033473
0 0.558472553699 0.142259414226 0.0143198090692 0.0334728033473
0 0.552108194113 0.13179916318 0.0127287191726 0.0264993026499
0 0.565632458234 0.124128312413 0.0127287191726 0.0278940027894
0 0.579952267303 0.163877266388 0.0127287191726 0.0320781032078
0 0.590692124105 0.169456066946 0.0151153540175 0.0376569037657
0 0.587907716786 0.138772663877 0.0159108989658 0.0348675034868
0 0.591089896579 0.1059972106 0.0143198090692 0.0251046025105
0 0.615354017502 0.107391910739 0.0119331742243 0.0251046025105
0 0.650357995227 0.100418410042 0.0119331742243 0.0251046025105
0 0.612569610183 0.13249651325 0.0143198090692 0.0278940027894
0 0.640811455847 0.141562064156 0.0151153540175 0.0320781032078
0 0.661893396977 0.134588563459 0.0127287191726 0.0292887029289
0 0.658711217184 0.109483960948 0.0111376292761 0.0264993026499
0 0.686555290374 0.111576011158 0.0127287191726 0.0278940027894
0 0.614956245028 0.21129707113 0.0175019888624 0.0432357043236
0 0.545346062053 0.291492329149 0.0278440731901 0.0557880055788
0 0.56722354813 0.254532775453 0.0206841686555 0.0460251046025
0 0.608989657916 0.249651324965 0.0230708035004 0.0529986052999
0 0.595067621321 0.329846582985 0.0334128878282 0.0627615062762
0 0.667462211615 0.257322175732 0.0270485282418 0.0599721059972
0 0.675019888624 0.216875871688 0.0198886237072 0.0488145048815
0 0.683373110581 0.188981868898 0.0175019888624 0.0404463040446
0 0.703659506762 0.218270571827 0.0214797136038 0.0488145048815
0 0.778440731901 0.117852161785 0.0135242641209 0.0292887029289
0 0.803500397772 0.124128312413 0.0127287191726 0.0306834030683
0 0.837311058075 0.126917712692 0.0119331742243 0.0334728033473
0 0.832935560859 0.135983263598 0.0143198090692 0.0320781032078
0 0.874701670644 0.133891213389 0.0119331742243 0.0334728033473
0 0.864359586317 0.146443514644 0.0135242641209 0.0334728033473
0 0.904534606205 0.140167364017 0.0127287191726 0.0376569037657
0 0.892601431981 0.161087866109 0.0143198090692 0.0320781032078
0 0.93476531424 0.163877266388 0.0143198090692 0.0376569037657
0 0.889419252188 0.18479776848 0.0159108989658 0.0320781032078
0 0.929196499602 0.21059972106 0.0175019888624 0.0418410041841
0 0.927605409706 0.227336122734 0.0175019888624 0.0418410041841
0 0.850039777247 0.162482566248 0.0135242641209 0.0348675034868
0 0.817422434368 0.154114365411 0.0151153540175 0.0348675034868
0 0.782816229117 0.154811715481 0.0143198090692 0.0306834030683
0 0.771678599841 0.145048814505 0.0127287191726 0.0362622036262
0 0.737867939539 0.142259414226 0.0151153540175 0.0306834030683
0 0.727923627685 0.135983263598 0.0127287191726 0.0320781032078
0 0.725934765314 0.182705718271 0.0182975338107 0.0390516039052
0 0.760540970565 0.177824267782 0.0190930787589 0.0376569037657
0 0.801909307876 0.181311018131 0.0175019888624 0.0390516039052
0 0.738265712013 0.230822873082 0.0238663484487 0.0543933054393
0 0.772871917263 0.266387726639 0.024661893397 0.0557880055788
0 0.811058074781 0.249651324965 0.0198886237072 0.047419804742
0 0.774065234686 0.215481171548 0.0190930787589 0.0460251046025
0 0.823786793954 0.214086471409 0.0167064439141 0.0432357043236
0 0.854415274463 0.241980474198 0.0206841686555 0.0460251046025
0 0.826173428799 0.34239888424 0.0278440731901 0.0739191073919
0 0.833333333333 0.300557880056 0.0262529832936 0.0627615062762
0 0.873110580748 0.223849372385 0.0198886237072 0.0488145048815
0 0.907319013524 0.306834030683 0.0230708035004 0.0585774058577
0 0.88385043755 0.431659693166 0.030230708035 0.0767085076709
0 0.717581543357 0.15829846583 0.0143198090692 0.0348675034868
