0 0.198359073359 0.408075601375 0.0415057915058 0.0807560137457
0 0.262065637066 0.272336769759 0.0144787644788 0.0360824742268
0 0.296332046332 0.244845360825 0.0135135135135 0.0257731958763
0 0.301158301158 0.258591065292 0.0135135135135 0.0257731958763
0 0.324806949807 0.25 0.0144787644788 0.0292096219931
0 0.324806949807 0.213058419244 0.0144787644788 0.0274914089347
0 0.343146718147 0.210481099656 0.0125482625483 0.0257731958763
0 0.355694980695 0.25 0.0164092664093 0.0360824742268
0 0.38416988417 0.264604810997 0.019305019305 0.0412371134021
0 0.417471042471 0.276632302405 0.0202702702703 0.0446735395189
0 0.383687258687 0.203608247423 0.0144787644788 0.0360824742268
0 0.407818532819 0.177835051546 0.0125482625483 0.0257731958763
0 0.419401544402 0.18470790378 0.0144787644788 0.03264604811
0 0.438223938224 0.16323024055 0.0135135135135 0.0343642611684
0 0.460424710425 0.159793814433 0.0135135135135 0.0309278350515
0 0.465733590734 0.148625429553 0.0106177606178 0.0223367697595
0 0.478764478764 0.14089347079 0.0135135135135 0.0274914089347
0 0.482142857143 0.21735395189 0.0164092664093 0.0360824742268
0 0.430019305019 0.244845360825 0.0202702702703 0.03264604811
0 0.498552123552 0.190721649485 0.0183397683398 0.0343642611684
0 0.507722007722 0.124570446735 0.011583011583 0.0257731958763
0 0.523166023166 0.133161512027 0.0135135135135 0.0223367697595
0 0.52750965251 0.208762886598 0.0183397683398 0.0360824742268
0 0.559362934363 0.14089347079 0.0106177606178 0.0309278350515
0 0.578667953668 0.132302405498 0.0144787644788 0.020618556701
0 0.58832046332 0.139175257732 0.0125482625483 0.020618556701
0 0.600386100386 0.104810996564 0.0135135135135 0.020618556701
0 0.624034749035 0.111683848797 0.0125482625483 0.020618556701
0 0.627895752896 0.135738831615 0.0144787644788 0.0309278350515
0 0.6138996139 0.152920962199 0.0173745173745 0.0309278350515
0 0.646235521236 0.116838487973 0.0144787644788 0.0240549828179
0 0.665540540541 0.122852233677 0.0125482625483 0.0223367697595
0 0.654922779923 0.161512027491 0.0183397683398 0.0343642611684
0 0.618725868726 0.199312714777 0.0173745173745 0.0412371134021
0 0.571911196911 0.172680412371 0.0144787644788 0.0360824742268
0 0.537644787645 0.180412371134 0.019305019305 0.0309278350515
0 0.502413127413 0.29295532646 0.0222007722008 0.0567010309278
0 0.552123552124 0.314432989691 0.027027027027 0.0481099656357
0 0.573359073359 0.237972508591 0.0212355212355 0.0429553264605
0 0.608590733591 0.256013745704 0.0222007722008 0.0481099656357
0 0.657335907336 0.203608247423 0.019305019305 0.0395189003436
0 0.668436293436 0.248281786942 0.0183397683398 0.0463917525773
0 0.682432432432 0.304982817869 0.0250965250965 0.0704467353952
0 0.704633204633 0.220790378007 0.015444015444 0.0395189003436
0 0.723455598456 0.255154639175 0.0202702702703 0.0498281786942
0 0.742760617761 0.334192439863 0.0318532818533 0.0635738831615
0 0.778474903475 0.288659793814 0.0222007722008 0.0515463917526
0 0.748069498069 0.242268041237 0.0173745173745 0.0378006872852
0 0.746621621622 0.202749140893 0.0183397683398 0.0378006872852
0 0.717664092664 0.195017182131 0.0183397683398 0.0360824742268
0 0.696911196911 0.153780068729 0.015444015444 0.0360824742268
0 0.730694980695 0.15206185567 0.0135135135135 0.0360824742268
0 0.748552123552 0.152920962199 0.0164092664093 0.0343642611684
0 0.772683397683 0.127147766323 0.0125482625483 0.0309278350515
0 0.766891891892 0.17439862543 0.0106177606178 0.03264604811
0 0.802123552124 0.13058419244 0.0135135135135 0.0343642611684
0 0.793918918919 0.186426116838 0.0164092664093 0.0395189003436
0 0.811776061776 0.170962199313 0.015444015444 0.0360824742268
0 0.798745173745 0.158075601375 0.0144787644788 0.0343642611684
0 0.840250965251 0.139175257732 0.0125482625483 0.0343642611684
0 0.874517374517 0.143470790378 0.0135135135135 0.0360824742268
0 0.846525096525 0.183848797251 0.015444015444 0.0378006872852
0 0.840733590734 0.220790378007 0.019305019305 0.0429553264605
0 0.822393822394 0.235395189003 0.019305019305 0.0481099656357
0 0.894787644788 0.198453608247 0.0173745173745 0.0395189003436
0 0.882239382239 0.245704467354 0.019305019305 0.0618556701031
0 0.917953667954 0.273195876289 0.019305019305 0.0481099656357
