0 0.126628664495 0.630393996248 0.0268729641694 0.0712945590994
0 0.075325732899 0.539399624765 0.021986970684 0.0581613508443
0 0.0749185667752 0.448405253283 0.0179153094463 0.0562851782364
0 0.194218241042 0.463414634146 0.0187296416938 0.0675422138837
0 0.235342019544 0.389305816135 0.0162866449511 0.0506566604128
0 0.242263843648 0.31425891182 0.0187296416938 0.0393996247655
0 0.171009771987 0.275797373358 0.014657980456 0.0375234521576
0 0.179560260586 0.187617260788 0.0138436482085 0.0337711069418
0 0.163273615635 0.189493433396 0.0122149837134 0.0300187617261
0 0.112785016287 0.21200750469 0.0154723127036 0.0375234521576
0 0.0370521172638 0.196060037523 0.0138436482085 0.0281425891182
0 0.042345276873 0.258911819887 0.014657980456 0.0412757973734
0 0.197475570033 0.130393996248 0.0105863192182 0.031894934334
0 0.223941368078 0.143527204503 0.0114006514658 0.0281425891182
0 0.245928338762 0.118198874296 0.0114006514658 0.0375234521576
0 0.299267100977 0.145403377111 0.0105863192182 0.0281425891182
0 0.300081433225 0.171669793621 0.0154723127036 0.0393996247655
0 0.289087947883 0.206378986867 0.0130293159609 0.0412757973734
0 0.316368078176 0.245778611632 0.0154723127036 0.0375234521576
0 0.358306188925 0.21669793621 0.014657980456 0.0431519699812
0 0.376221498371 0.18105065666 0.014657980456 0.0393996247655
0 0.41490228013 0.171669793621 0.0138436482085 0.0393996247655
0 0.360749185668 0.0872420262664 0.00977198697068 0.031894934334
0 0.404315960912 0.0928705440901 0.0105863192182 0.0281425891182
0 0.434853420195 0.0966228893058 0.0114006514658 0.0243902439024
0 0.458469055375 0.143527204503 0.0130293159609 0.0281425891182
0 0.467833876221 0.134146341463 0.0122149837134 0.0281425891182
0 0.482491856678 0.0769230769231 0.0105863192182 0.0300187617261
0 0.502442996743 0.0431519699812 0.0130293159609 0.0300187617261
0 0.526872964169 0.0806754221388 0.00977198697068 0.0225140712946
0 0.50325732899 0.180112570356 0.0130293159609 0.0375234521576
0 0.494299674267 0.230769230769 0.0130293159609 0.0412757973734
0 0.480863192182 0.30487804878 0.0187296416938 0.0393996247655
0 0.548859934853 0.179174484053 0.0130293159609 0.0281425891182
0 0.573697068404 0.206378986867 0.0154723127036 0.0337711069418
0 0.562703583062 0.322701688555 0.0179153094463 0.0487804878049
0 0.527280130293 0.484990619137 0.0268729641694 0.0544090056285
0 0.688925081433 0.353658536585 0.0195439739414 0.046904315197
0 0.714983713355 0.285178236398 0.014657980456 0.0375234521576
0 0.633550488599 0.255159474672 0.014657980456 0.0300187617261
0 0.650244299674 0.151031894934 0.0105863192182 0.0281425891182
0 0.580618892508 0.151031894934 0.0114006514658 0.0243902439024
0 0.599348534202 0.146341463415 0.0114006514658 0.0262664165103
0 0.623778501629 0.115384615385 0.0114006514658 0.0281425891182
0 0.591205211726 0.0975609756098 0.00977198697068 0.0225140712946
0 0.705618892508 0.230769230769 0.0122149837134 0.0337711069418
0 0.715390879479 0.218574108818 0.0105863192182 0.031894934334
0 0.733306188925 0.217636022514 0.0122149837134 0.0300187617261
0 0.778094462541 0.214821763602 0.0138436482085 0.031894934334
0 0.818403908795 0.242026266417 0.014657980456 0.0375234521576
0 0.777687296417 0.372420262664 0.0211726384365 0.0581613508443
0 0.859527687296 0.285178236398 0.0138436482085 0.0337711069418
0 0.930374592834 0.383677298311 0.0154723127036 0.0393996247655
