0 0.21671388102 0.51269035533 0.0481586402266 0.0947546531303
0 0.431067044381 0.263959390863 0.0217186024551 0.0406091370558
0 0.421624173749 0.219966159052 0.0179414542021 0.0406091370558
0 0.45656279509 0.228426395939 0.0217186024551 0.0406091370558
0 0.487724268178 0.313028764805 0.0330500472144 0.0575296108291
0 0.542965061379 0.359560067682 0.0264400377715 0.0490693739425
0 0.722379603399 0.179357021997 0.0264400377715 0.0507614213198
0 0.71954674221 0.134517766497 0.0169971671388 0.0389170896785
0 0.751180358829 0.142131979695 0.0179414542021 0.0270727580372
0 0.882436260623 0.215736040609 0.0198300283286 0.0456852791878
