0 0.0866721177433 0.545605306799 0.0457890433361 0.109452736318
0 0.210956663941 0.260364842454 0.0179885527392 0.0398009950249
0 0.21790678659 0.277777777778 0.0220768601799 0.044776119403
0 0.266557645135 0.235489220564 0.0179885527392 0.0431177446103
0 0.298855273917 0.205638474295 0.0188062142273 0.0364842454395
0 0.29517579722 0.235489220564 0.0196238757155 0.0431177446103
0 0.324611610793 0.225538971808 0.0179885527392 0.0464344941957
0 0.334423548651 0.226368159204 0.0163532297629 0.0414593698176
0 0.353229762878 0.266169154229 0.0212591986917 0.0514096185738
0 0.353638593622 0.197346600332 0.0188062142273 0.0364842454395
0 0.389206868357 0.233830845771 0.0179885527392 0.0398009950249
0 0.383483237939 0.188225538972 0.0179885527392 0.0381426202322
0 0.412101390025 0.172470978441 0.0163532297629 0.0298507462687
0 0.423957481603 0.188225538972 0.0155355682747 0.0348258706468
0 0.42968111202 0.289386401327 0.0188062142273 0.0381426202322
0 0.46688470973 0.233830845771 0.0196238757155 0.0431177446103
0 0.46688470973 0.173300165837 0.0163532297629 0.0348258706468
0 0.488552739166 0.200663349917 0.0155355682747 0.0331674958541
0 0.483237939493 0.149253731343 0.0147179067866 0.0331674958541
0 0.448487326247 0.160033167496 0.0139002452984 0.0248756218905
0 0.512673753066 0.163349917081 0.0179885527392 0.0480928689884
0 0.523712183156 0.158374792703 0.0139002452984 0.0315091210614
0 0.5241210139 0.225538971808 0.0163532297629 0.0464344941957
0 0.549059689289 0.135986733002 0.0139002452984 0.0364842454395
0 0.553965658217 0.148424543947 0.0139002452984 0.0315091210614
0 0.57031888798 0.132669983416 0.0155355682747 0.0331674958541
0 0.592804578904 0.124378109453 0.0147179067866 0.0298507462687
0 0.600572363042 0.146766169154 0.0139002452984 0.028192371476
0 0.606295993459 0.175787728027 0.0139002452984 0.0331674958541
0 0.601798855274 0.210613598673 0.0179885527392 0.0431177446103
0 0.57726901063 0.21144278607 0.0130825838103 0.0248756218905
0 0.577677841374 0.169983416252 0.0155355682747 0.0348258706468
0 0.628372853639 0.12271973466 0.0139002452984 0.0331674958541
0 0.654946852003 0.133499170813 0.0163532297629 0.0381426202322
0 0.654129190515 0.172470978441 0.0147179067866 0.0364842454395
0 0.687653311529 0.135157545605 0.0130825838103 0.0315091210614
0 0.683973834832 0.151741293532 0.0155355682747 0.0414593698176
0 0.706050695012 0.153399668325 0.0139002452984 0.0381426202322
0 0.767784137367 0.17495854063 0.0147179067866 0.0315091210614
0 0.757972199509 0.194029850746 0.0130825838103 0.0364842454395
0 0.775551921504 0.199834162521 0.0155355682747 0.0414593698176
0 0.809893704007 0.186567164179 0.0139002452984 0.0414593698176
0 0.81929681112 0.222222222222 0.0163532297629 0.0364842454395
0 0.831152902698 0.207296849088 0.0155355682747 0.0364842454395
0 0.740801308258 0.224709784411 0.0196238757155 0.044776119403
0 0.691332788226 0.210613598673 0.017170891251 0.0431177446103
0 0.654538021259 0.244610281924 0.0220768601799 0.0547263681592
0 0.607522485691 0.282752902156 0.0245298446443 0.0580431177446
0 0.570727718724 0.326699834163 0.0212591986917 0.0563847429519
0 0.600572363042 0.376451077944 0.0253475061325 0.0563847429519
0 0.655764513491 0.384742951907 0.0261651676206 0.0630182421227
0 0.725265739984 0.390547263682 0.0261651676206 0.0580431177446
0 0.714636140638 0.274461028192 0.0212591986917 0.044776119403
0 0.748160261652 0.292703150912 0.0212591986917 0.0381426202322
0 0.793949304988 0.247927031509 0.0179885527392 0.044776119403
0 0.799264104661 0.305140961857 0.0237121831562 0.0497512437811
0 0.866721177433 0.228855721393 0.0147179067866 0.0364842454395
0 0.878577269011 0.232172470978 0.0122649223222 0.0298507462687
0 0.900245298446 0.224709784411 0.0163532297629 0.0315091210614
0 0.903515944399 0.25456053068 0.0163532297629 0.0381426202322
0 0.93172526574 0.258706467662 0.0155355682747 0.0364842454395
0 0.955028618152 0.243781094527 0.0163532297629 0.0364842454395
0 0.983237939493 0.253731343284 0.0122649223222 0.0398009950249
0 0.873671300082 0.289386401327 0.0188062142273 0.044776119403
0 0.890842191333 0.285240464345 0.0155355682747 0.0364842454395
0 0.929272281276 0.321724709784 0.0188062142273 0.0464344941957
0 0.97792313982 0.307628524046 0.0163532297629 0.0480928689884
0 0.977105478332 0.357379767828 0.0179885527392 0.0547263681592
0 0.95380212592 0.36815920398 0.0188062142273 0.0431177446103
0 0.858135731807 0.350746268657 0.0220768601799 0.0580431177446
0 0.882665576451 0.408789386401 0.0220768601799 0.06135986733
0 0.956663941128 0.428689883914 0.022894521668 0.0580431177446
0 0.792722812756 0.455223880597 0.0318887980376 0.077943615257
0 0.864268192968 0.517412935323 0.0310711365495 0.0696517412935
