0 0.188760806916 0.266286644951 0.0240153698367 0.0407166123779
0 0.0557156580211 0.318403908795 0.0192122958694 0.0342019543974
0 0.418828049952 0.194625407166 0.0211335254563 0.0309446254072
0 0.510566762728 0.152280130293 0.016330451489 0.0309446254072
0 0.593179634966 0.134364820847 0.014409221902 0.0309446254072
0 0.496157540826 0.188110749186 0.0182516810759 0.0276872964169
0 0.519692603266 0.186482084691 0.0211335254563 0.0374592833876
0 0.474543707973 0.228013029316 0.0230547550432 0.042345276873
0 0.444284341979 0.25651465798 0.0278578290106 0.0472312703583
0 0.508645533141 0.285016286645 0.0259365994236 0.0456026058632
0 0.658981748319 0.240228013029 0.0230547550432 0.0537459283388
0 0.725264169068 0.186482084691 0.0249759846302 0.0407166123779
