0 0.129921259843 0.508384146341 0.0503937007874 0.114329268293
0 0.239763779528 0.251524390244 0.0165354330709 0.0396341463415
0 0.247244094488 0.266768292683 0.0204724409449 0.0426829268293
0 0.292125984252 0.228658536585 0.0188976377953 0.0396341463415
0 0.311417322835 0.232469512195 0.0196850393701 0.0411585365854
0 0.323228346457 0.201981707317 0.0181102362205 0.0381097560976
0 0.343700787402 0.210365853659 0.0196850393701 0.0396341463415
0 0.364566929134 0.201981707317 0.0173228346457 0.0350609756098
0 0.378346456693 0.190548780488 0.0149606299213 0.030487804878
0 0.379921259843 0.250762195122 0.0212598425197 0.047256097561
0 0.402755905512 0.182926829268 0.0149606299213 0.0365853658537
0 0.415748031496 0.217987804878 0.0173228346457 0.0365853658537
0 0.453149606299 0.285823170732 0.0228346456693 0.0533536585366
0 0.446456692913 0.163109756098 0.0173228346457 0.030487804878
0 0.446062992126 0.185213414634 0.0165354330709 0.0381097560976
0 0.477165354331 0.157012195122 0.0157480314961 0.0335365853659
0 0.49094488189 0.167682926829 0.0165354330709 0.0396341463415
0 0.509448818898 0.147103658537 0.0125984251969 0.032012195122
0 0.529133858268 0.163109756098 0.0173228346457 0.0396341463415
0 0.537401574803 0.154725609756 0.0149606299213 0.0381097560976
0 0.507874015748 0.198170731707 0.0204724409449 0.0365853658537
0 0.484251968504 0.233231707317 0.0220472440945 0.0487804878049
0 0.561417322835 0.205030487805 0.0173228346457 0.0350609756098
0 0.564960629921 0.135670731707 0.0165354330709 0.0335365853659
0 0.569291338583 0.155487804878 0.0157480314961 0.0365853658537
0 0.588582677165 0.188262195122 0.0165354330709 0.0350609756098
0 0.593700787402 0.165396341463 0.0173228346457 0.0350609756098
0 0.588582677165 0.134908536585 0.0165354330709 0.032012195122
0 0.611023622047 0.116615853659 0.0157480314961 0.0289634146341
0 0.617322834646 0.149390243902 0.0157480314961 0.030487804878
0 0.622047244094 0.169969512195 0.0141732283465 0.0381097560976
0 0.63188976378 0.189024390244 0.0149606299213 0.0365853658537
0 0.625590551181 0.278201219512 0.0244094488189 0.0594512195122
0 0.587795275591 0.315548780488 0.0275590551181 0.0457317073171
0 0.612992125984 0.352896341463 0.0291338582677 0.0594512195122
0 0.642125984252 0.12881097561 0.0133858267717 0.0350609756098
0 0.672440944882 0.136432926829 0.0157480314961 0.0289634146341
0 0.666141732283 0.147865853659 0.0157480314961 0.0335365853659
0 0.66968503937 0.173780487805 0.0133858267717 0.030487804878
0 0.686220472441 0.176829268293 0.0133858267717 0.0335365853659
0 0.699606299213 0.131859756098 0.0149606299213 0.032012195122
0 0.718897637795 0.150152439024 0.0157480314961 0.0350609756098
0 0.708267716535 0.204268292683 0.0181102362205 0.0426829268293
0 0.671653543307 0.234756097561 0.0220472440945 0.0548780487805
0 0.667716535433 0.381859756098 0.0251968503937 0.0594512195122
0 0.73188976378 0.368902439024 0.0259842519685 0.0609756097561
0 0.755511811024 0.185975609756 0.0149606299213 0.030487804878
0 0.745275590551 0.197408536585 0.0149606299213 0.0381097560976
0 0.75 0.219512195122 0.0181102362205 0.0396341463415
0 0.733464566929 0.248475609756 0.0196850393701 0.0548780487805
0 0.76062992126 0.275152439024 0.0220472440945 0.047256097561
0 0.779921259843 0.171493902439 0.0165354330709 0.0259146341463
0 0.784645669291 0.204268292683 0.0165354330709 0.0396341463415
0 0.814566929134 0.185213414634 0.0149606299213 0.0381097560976
0 0.823228346457 0.214176829268 0.0165354330709 0.0411585365854
0 0.803149606299 0.230945121951 0.0173228346457 0.0442073170732
0 0.810236220472 0.293445121951 0.0220472440945 0.0564024390244
0 0.850393700787 0.207317073171 0.0173228346457 0.0365853658537
0 0.86968503937 0.22256097561 0.0181102362205 0.0335365853659
0 0.883858267717 0.219512195122 0.0165354330709 0.0396341463415
0 0.912204724409 0.221036585366 0.0165354330709 0.0396341463415
0 0.905118110236 0.24618902439 0.0149606299213 0.0350609756098
0 0.935433070866 0.256859756098 0.0157480314961 0.0381097560976
0 0.952755905512 0.235518292683 0.0141732283465 0.0411585365854
0 0.929527559055 0.309451219512 0.0149606299213 0.0487804878049
0 0.891732283465 0.275914634146 0.0181102362205 0.0396341463415
0 0.877559055118 0.297256097561 0.0181102362205 0.0426829268293
0 0.863779527559 0.319359756098 0.0188976377953 0.0533536585366
0 0.887401574803 0.37118902439 0.0220472440945 0.0655487804878
0 0.874803149606 0.46112804878 0.0267716535433 0.0807926829268
0 0.800787401575 0.419969512195 0.0299212598425 0.0899390243902
0 0.964173228346 0.423018292683 0.0259842519685 0.0594512195122
0 0.953149606299 0.360518292683 0.0212598425197 0.0564024390244
0 0.976377952756 0.344512195122 0.0173228346457 0.0426829268293
0 0.990551181102 0.267530487805 0.0141732283465 0.0350609756098
0 0.979527559055 0.291920731707 0.0125984251969 0.0350609756098
0 0.977952755906 0.314786585366 0.0157480314961 0.0442073170732
