0 0.190247801759 0.392556179775 0.0415667466027 0.0912921348315
0 0.217825739408 0.391151685393 0.0295763389289 0.0744382022472
0 0.23101518785 0.29143258427 0.0271782573941 0.060393258427
0 0.265787370104 0.299157303371 0.0359712230216 0.0730337078652
0 0.249000799361 0.232443820225 0.0215827338129 0.0491573033708
0 0.329736211031 0.332162921348 0.0279776179057 0.0688202247191
0 0.356914468425 0.316713483146 0.0343725019984 0.0716292134831
0 0.378896882494 0.427668539326 0.0463629096723 0.102528089888
0 0.406075139888 0.306882022472 0.03517186251 0.0744382022472
0 0.39928057554 0.226825842697 0.0279776179057 0.060393258427
0 0.332533972822 0.236657303371 0.0255795363709 0.0575842696629
0 0.558353317346 0.313202247191 0.0391686650679 0.0589887640449
