0 0.166666666667 0.267085076709 0.0252764612954 0.0516039051604
0 0.272511848341 0.258019525802 0.0205371248025 0.0362622036262
0 0.28317535545 0.251046025105 0.019747235387 0.0334728033473
0 0.317535545024 0.247559274756 0.0221169036335 0.0376569037657
0 0.336887835703 0.216178521618 0.0181674565561 0.0390516039052
0 0.359399684044 0.267782426778 0.0221169036335 0.0418410041841
0 0.381516587678 0.300557880056 0.0284360189573 0.0460251046025
0 0.395734597156 0.193863319386 0.0205371248025 0.044630404463
0 0.415876777251 0.219665271967 0.0181674565561 0.0376569037657
0 0.479462875197 0.225244072524 0.0189573459716 0.0460251046025
0 0.466034755134 0.15829846583 0.0157977883096 0.0320781032078
0 0.458530805687 0.140167364017 0.0118483412322 0.023709902371
0 0.480647709321 0.129707112971 0.0134281200632 0.0306834030683
0 0.516982622433 0.200139470014 0.019747235387 0.0404463040446
0 0.533570300158 0.180613668061 0.0181674565561 0.0292887029289
0 0.527646129542 0.142956764296 0.0157977883096 0.0348675034868
0 0.560821484992 0.137377963738 0.0157977883096 0.0348675034868
0 0.586492890995 0.154114365411 0.0165876777251 0.0348675034868
0 0.613744075829 0.147838214784 0.0142180094787 0.0334728033473
0 0.610979462875 0.126917712692 0.0134281200632 0.0251046025105
0 0.582938388626 0.0976290097629 0.0142180094787 0.0251046025105
0 0.492101105845 0.297768479777 0.0268562401264 0.0571827057183
0 0.546998420221 0.298465829847 0.0292259083728 0.0585774058577
0 0.586097946288 0.216875871688 0.0205371248025 0.0460251046025
0 0.599526066351 0.209205020921 0.0221169036335 0.0418410041841
0 0.641785150079 0.174337517434 0.021327014218 0.0418410041841
0 0.652448657188 0.205718270572 0.0221169036335 0.0516039051604
0 0.647709320695 0.255927475593 0.0252764612954 0.0516039051604
0 0.610584518167 0.271966527197 0.0268562401264 0.0557880055788
0 0.634281200632 0.36889818689 0.0363349131122 0.0822873082287
0 0.724328593997 0.258716875872 0.0252764612954 0.0571827057183
0 0.704976303318 0.20990237099 0.021327014218 0.0432357043236
0 0.678909952607 0.164574616457 0.0165876777251 0.0334728033473
0 0.719589257504 0.147838214784 0.0205371248025 0.0390516039052
0 0.729857819905 0.191073919107 0.0205371248025 0.0418410041841
0 0.748025276461 0.224546722455 0.0205371248025 0.0418410041841
0 0.769352290679 0.200836820084 0.0173775671406 0.0418410041841
0 0.798578199052 0.228730822873 0.0252764612954 0.0585774058577
0 0.80766192733 0.277545327755 0.0292259083728 0.0529986052999
0 0.757898894155 0.352161785216 0.0323854660348 0.0627615062762
0 0.852685624013 0.301952580195 0.0260663507109 0.0627615062762
0 0.858214849921 0.250348675035 0.0244865718799 0.0571827057183
0 0.903633491311 0.261506276151 0.0236966824645 0.0571827057183
0 0.875197472354 0.195258019526 0.0189573459716 0.0390516039052
0 0.861374407583 0.150627615063 0.0165876777251 0.0334728033473
0 0.836887835703 0.181311018131 0.0181674565561 0.0390516039052
0 0.819510268562 0.213389121339 0.0181674565561 0.044630404463
0 0.79897314376 0.175034867503 0.0165876777251 0.0320781032078
0 0.8163507109 0.156206415621 0.0181674565561 0.0362622036262
0 0.793443917852 0.138075313808 0.0165876777251 0.0390516039052
0 0.779620853081 0.151324965132 0.0173775671406 0.0348675034868
0 0.763823064771 0.162482566248 0.0157977883096 0.0348675034868
0 0.756319115324 0.126220362622 0.0165876777251 0.0320781032078
