0 0.0611169652266 0.28125 0.027397260274 0.0549242424242
0 0.286090621707 0.210227272727 0.0179135932561 0.030303030303
0 0.313487881981 0.214015151515 0.013698630137 0.030303030303
0 0.320864067439 0.221590909091 0.0158061116965 0.0340909090909
0 0.346680716544 0.215909090909 0.0168598524763 0.0416666666667
0 0.380400421496 0.22821969697 0.0189673340358 0.0435606060606
0 0.406743940991 0.233901515152 0.0189673340358 0.0435606060606
0 0.423603793467 0.245265151515 0.0189673340358 0.0397727272727
0 0.447839831401 0.217803030303 0.0189673340358 0.0416666666667
0 0.435194942044 0.196022727273 0.0168598524763 0.0397727272727
0 0.415173867229 0.180871212121 0.0147523709168 0.032196969697
0 0.374077976818 0.202651515152 0.0126448893572 0.0265151515152
0 0.366174920969 0.181818181818 0.013698630137 0.030303030303
0 0.345100105374 0.172348484848 0.0158061116965 0.030303030303
0 0.377239199157 0.170454545455 0.0126448893572 0.0227272727273
0 0.432033719705 0.142045454545 0.0105374077977 0.030303030303
0 0.438356164384 0.161931818182 0.0147523709168 0.032196969697
0 0.45416227608 0.179924242424 0.0126448893572 0.0340909090909
0 0.413593256059 0.159090909091 0.013698630137 0.0227272727273
0 0.475763962065 0.191287878788 0.0200210748156 0.030303030303
0 0.490516332982 0.157196969697 0.013698630137 0.0340909090909
0 0.483667017914 0.142045454545 0.0126448893572 0.0227272727273
0 0.49841938883 0.117424242424 0.0126448893572 0.0227272727273
0 0.513171759747 0.179924242424 0.0168598524763 0.030303030303
0 0.507903055848 0.143939393939 0.0147523709168 0.030303030303
0 0.525816649104 0.121212121212 0.0147523709168 0.0227272727273
0 0.533719704953 0.147727272727 0.013698630137 0.0340909090909
0 0.548998946259 0.15625 0.0147523709168 0.032196969697
0 0.557955742887 0.179924242424 0.0179135932561 0.0378787878788
0 0.553213909378 0.119318181818 0.0126448893572 0.0265151515152
0 0.576396206533 0.142045454545 0.0105374077977 0.030303030303
0 0.599051633298 0.153409090909 0.0179135932561 0.0340909090909
0 0.596417281349 0.107954545455 0.0126448893572 0.030303030303
0 0.614857744995 0.125946969697 0.00948366701791 0.0246212121212
0 0.623814541623 0.129734848485 0.0126448893572 0.032196969697
0 0.642781875659 0.149621212121 0.0147523709168 0.0340909090909
0 0.651211801897 0.142045454545 0.0126448893572 0.0340909090909
0 0.649631190727 0.106060606061 0.013698630137 0.030303030303
0 0.621707060063 0.0994318181818 0.0126448893572 0.0246212121212
0 0.68124341412 0.11553030303 0.013698630137 0.0340909090909
0 0.693361433087 0.105113636364 0.0105374077977 0.0246212121212
0 0.711801896733 0.104166666667 0.0115911485774 0.0265151515152
0 0.642255005269 0.186553030303 0.0221285563751 0.0397727272727
0 0.588514225501 0.222537878788 0.0263435194942 0.0473484848485
0 0.618018967334 0.243371212121 0.0263435194942 0.0511363636364
0 0.659641728135 0.19696969697 0.0168598524763 0.0378787878788
0 0.698103266596 0.258522727273 0.0242360379347 0.0511363636364
0 0.697049525817 0.232007575758 0.0221285563751 0.0397727272727
0 0.712328767123 0.337121212121 0.031612223393 0.0681818181818
0 0.752897787144 0.363636363636 0.0326659641728 0.0643939393939
0 0.802950474183 0.288825757576 0.027397260274 0.0587121212121
0 0.760800842993 0.236742424242 0.0231822971549 0.0454545454545
0 0.735511064278 0.227272727273 0.0189673340358 0.0492424242424
0 0.716016859852 0.177083333333 0.0179135932561 0.0359848484848
0 0.733930453109 0.142045454545 0.0158061116965 0.0340909090909
0 0.732876712329 0.175189393939 0.0158061116965 0.032196969697
0 0.755532139094 0.188446969697 0.0168598524763 0.0397727272727
0 0.753424657534 0.133522727273 0.0126448893572 0.032196969697
0 0.766596417281 0.125946969697 0.0115911485774 0.0284090909091
0 0.788198103267 0.138257575758 0.0126448893572 0.030303030303
0 0.802423603793 0.137310606061 0.0115911485774 0.0208333333333
0 0.793993677555 0.161931818182 0.0158061116965 0.0284090909091
0 0.790832455216 0.192234848485 0.0158061116965 0.0397727272727
0 0.812434141201 0.211174242424 0.0168598524763 0.0284090909091
0 0.828240252898 0.174242424242 0.0168598524763 0.0340909090909
0 0.835616438356 0.136363636364 0.0147523709168 0.0265151515152
0 0.844573234984 0.150568181818 0.013698630137 0.0284090909091
0 0.851949420443 0.144886363636 0.0115911485774 0.0284090909091
0 0.86512118019 0.171401515152 0.0147523709168 0.032196969697
0 0.855110642782 0.20928030303 0.0158061116965 0.0397727272727
0 0.842992623815 0.214015151515 0.0189673340358 0.0378787878788
0 0.825605900948 0.245265151515 0.0221285563751 0.0397727272727
0 0.90779768177 0.332386363636 0.0263435194942 0.0587121212121
0 0.890410958904 0.24053030303 0.0189673340358 0.0492424242424
0 0.896733403583 0.21875 0.0189673340358 0.0359848484848
0 0.900421496312 0.176136363636 0.0179135932561 0.0340909090909
0 0.90937829294 0.152462121212 0.0126448893572 0.032196969697
0 0.930979978925 0.215909090909 0.0158061116965 0.0416666666667
0 0.933087460485 0.264204545455 0.0242360379347 0.0435606060606
0 0.940990516333 0.178977272727 0.0147523709168 0.0284090909091
