0 0.0663101604278 0.264367816092 0.0149732620321 0.0383141762452
0 0.114438502674 0.264367816092 0.0149732620321 0.0344827586207
0 0.306417112299 0.240421455939 0.0160427807487 0.036398467433
0 0.347058823529 0.200191570881 0.0160427807487 0.0287356321839
0 0.412834224599 0.20785440613 0.0192513368984 0.0402298850575
0 0.444385026738 0.187739463602 0.0160427807487 0.0344827586207
0 0.463101604278 0.149425287356 0.0192513368984 0.0306513409962
0 0.542780748663 0.17816091954 0.0139037433155 0.0344827586207
0 0.627272727273 0.133141762452 0.0160427807487 0.0287356321839
0 0.499465240642 0.211685823755 0.0171122994652 0.0402298850575
0 0.434759358289 0.269157088123 0.0181818181818 0.0402298850575
0 0.442245989305 0.23754789272 0.0139037433155 0.0344827586207
0 0.555614973262 0.192528735632 0.0139037433155 0.036398467433
0 0.625668449198 0.222222222222 0.0213903743316 0.0421455938697
0 0.66256684492 0.194444444444 0.0181818181818 0.0402298850575
0 0.61550802139 0.261494252874 0.0224598930481 0.051724137931
0 0.627272727273 0.314176245211 0.0267379679144 0.0689655172414
0 0.66256684492 0.354406130268 0.0352941176471 0.0651340996169
0 0.666310160428 0.294061302682 0.0213903743316 0.044061302682
0 0.664171122995 0.229885057471 0.0192513368984 0.0344827586207
0 0.724598930481 0.236590038314 0.0224598930481 0.0402298850575
0 0.797860962567 0.252873563218 0.0213903743316 0.0536398467433
0 0.798930481283 0.303639846743 0.0192513368984 0.0593869731801
0 0.841711229947 0.315134099617 0.0192513368984 0.0593869731801
0 0.864171122995 0.297892720307 0.0192513368984 0.051724137931
0 0.920320855615 0.245210727969 0.0181818181818 0.0459770114943
0 0.900534759358 0.341954022989 0.0235294117647 0.0670498084291
0 0.899465240642 0.438697318008 0.0299465240642 0.0689655172414
0 0.48449197861 0.183908045977 0.0149732620321 0.0421455938697
