0 0.024154589372 0.431690140845 0.0289855072464 0.0521126760563
0 0.236312399356 0.339436619718 0.0152979066023 0.0366197183099
0 0.25845410628 0.37323943662 0.0177133655395 0.0394366197183
0 0.289855072464 0.307042253521 0.0144927536232 0.0394366197183
0 0.337761674718 0.350704225352 0.0201288244767 0.0478873239437
0 0.357487922705 0.294366197183 0.0144927536232 0.0366197183099
0 0.394122383253 0.269014084507 0.0136876006441 0.0338028169014
0 0.388888888889 0.334507042254 0.0128824476651 0.0323943661972
0 0.406199677939 0.337323943662 0.0169082125604 0.0380281690141
0 0.427938808374 0.256338028169 0.0152979066023 0.0338028169014
0 0.442028985507 0.342957746479 0.0161030595813 0.0352112676056
0 0.446457326892 0.268309859155 0.012077294686 0.0239436619718
0 0.455314009662 0.242957746479 0.0104669887279 0.0239436619718
0 0.46578099839 0.238732394366 0.0104669887279 0.0183098591549
0 0.468196457327 0.306338028169 0.0136876006441 0.0295774647887
0 0.49959742351 0.32323943662 0.0217391304348 0.0380281690141
0 0.507648953301 0.268309859155 0.0136876006441 0.0267605633803
0 0.539452495974 0.25 0.0193236714976 0.0295774647887
0 0.458937198068 0.412676056338 0.0273752012882 0.0507042253521
0 0.531803542673 0.361971830986 0.0201288244767 0.0507042253521
0 0.542270531401 0.405633802817 0.0265700483092 0.0507042253521
0 0.555152979066 0.288028169014 0.0185185185185 0.0295774647887
0 0.555152979066 0.231690140845 0.012077294686 0.0267605633803
0 0.570450885668 0.230985915493 0.0169082125604 0.0338028169014
0 0.598228663446 0.224647887324 0.0112721417069 0.0267605633803
0 0.605877616747 0.211267605634 0.0152979066023 0.0338028169014
0 0.579307568438 0.268309859155 0.012077294686 0.0323943661972
0 0.59460547504 0.328169014085 0.0201288244767 0.0450704225352
0 0.607487922705 0.368309859155 0.0217391304348 0.0464788732394
0 0.592995169082 0.440845070423 0.0265700483092 0.0619718309859
0 0.63768115942 0.452112676056 0.0322061191626 0.056338028169
0 0.643719806763 0.374647887324 0.0233494363929 0.0535211267606
0 0.628421900161 0.310563380282 0.0185185185185 0.0323943661972
0 0.633655394525 0.253521126761 0.0128824476651 0.0253521126761
0 0.634460547504 0.233098591549 0.0209339774557 0.0352112676056
0 0.654186795491 0.212676056338 0.012077294686 0.0253521126761
0 0.665861513688 0.230281690141 0.0128824476651 0.0295774647887
0 0.659017713366 0.245774647887 0.0152979066023 0.0267605633803
0 0.671497584541 0.273943661972 0.0144927536232 0.0352112676056
0 0.692431561997 0.228873239437 0.0128824476651 0.0323943661972
0 0.700483091787 0.260563380282 0.0177133655395 0.030985915493
0 0.681964573269 0.354225352113 0.0209339774557 0.0408450704225
0 0.699677938808 0.489436619718 0.0338164251208 0.0605633802817
0 0.725040257649 0.405633802817 0.024959742351 0.0450704225352
0 0.73268921095 0.254225352113 0.0193236714976 0.0352112676056
0 0.720209339775 0.291549295775 0.0201288244767 0.0281690140845
0 0.763285024155 0.281690140845 0.0161030595813 0.0281690140845
0 0.74959742351 0.238028169014 0.0144927536232 0.0366197183099
0 0.768921095008 0.242957746479 0.0112721417069 0.0267605633803
0 0.780595813205 0.257746478873 0.0152979066023 0.030985915493
0 0.812801932367 0.266197183099 0.0169082125604 0.0338028169014
0 0.830917874396 0.259154929577 0.0128824476651 0.0338028169014
0 0.86231884058 0.257746478873 0.0112721417069 0.0394366197183
0 0.775362318841 0.42676056338 0.024154589372 0.0450704225352
0 0.818438003221 0.526056338028 0.0346215780998 0.0915492957746
0 0.835346215781 0.42676056338 0.0297906602254 0.0507042253521
0 0.802737520129 0.365492957746 0.0193236714976 0.0464788732394
0 0.810789049919 0.304225352113 0.0144927536232 0.030985915493
0 0.837359098229 0.300704225352 0.0177133655395 0.0380281690141
0 0.886876006441 0.284507042254 0.0152979066023 0.030985915493
0 0.85305958132 0.367605633803 0.0169082125604 0.0507042253521
0 0.866747181965 0.352816901408 0.0185185185185 0.0492957746479
0 0.904186795491 0.322535211268 0.0128824476651 0.0366197183099
0 0.921095008052 0.3 0.0144927536232 0.0338028169014
0 0.919082125604 0.280985915493 0.0152979066023 0.0267605633803
0 0.927133655395 0.368309859155 0.0201288244767 0.0492957746479
0 0.900563607085 0.466901408451 0.0297906602254 0.0633802816901
0 0.845813204509 0.281690140845 0.0152979066023 0.0253521126761
0 0.851851851852 0.270422535211 0.0112721417069 0.0281690140845
0 0.407004830918 0.304225352113 0.0201288244767 0.0422535211268
0 0.593397745572 0.256338028169 0.0144927536232 0.0338028169014
0 0.622785829308 0.218309859155 0.012077294686 0.0253521126761
