0 0.183516483516 0.391176470588 0.0505494505495 0.1
0 0.265934065934 0.228431372549 0.0197802197802 0.0372549019608
0 0.337362637363 0.248039215686 0.0197802197802 0.0450980392157
0 0.408241758242 0.239215686275 0.0208791208791 0.043137254902
0 0.437912087912 0.252941176471 0.0230769230769 0.043137254902
0 0.429120879121 0.21568627451 0.0186813186813 0.0392156862745
0 0.391758241758 0.196078431373 0.0186813186813 0.0392156862745
0 0.370879120879 0.193137254902 0.0142857142857 0.0333333333333
0 0.381318681319 0.175490196078 0.0175824175824 0.0372549019608
0 0.408791208791 0.161764705882 0.0131868131868 0.0294117647059
0 0.435164835165 0.170588235294 0.0153846153846 0.0352941176471
0 0.44010989011 0.141176470588 0.0120879120879 0.0235294117647
0 0.465934065934 0.135294117647 0.0131868131868 0.0235294117647
0 0.481868131868 0.150980392157 0.0120879120879 0.0274509803922
0 0.473626373626 0.179411764706 0.0153846153846 0.0294117647059
0 0.467032967033 0.207843137255 0.0175824175824 0.043137254902
0 0.497802197802 0.207843137255 0.0197802197802 0.0470588235294
0 0.523076923077 0.183333333333 0.0175824175824 0.0411764705882
0 0.536263736264 0.163725490196 0.0153846153846 0.0333333333333
0 0.557692307692 0.178431372549 0.0186813186813 0.0352941176471
0 0.51043956044 0.136274509804 0.0120879120879 0.0333333333333
0 0.497802197802 0.128431372549 0.010989010989 0.021568627451
0 0.524175824176 0.125490196078 0.0131868131868 0.0235294117647
0 0.536813186813 0.13431372549 0.0142857142857 0.0254901960784
0 0.547252747253 0.141176470588 0.010989010989 0.0196078431373
0 0.567582417582 0.135294117647 0.0120879120879 0.0235294117647
0 0.576373626374 0.11568627451 0.0120879120879 0.0235294117647
0 0.601098901099 0.163725490196 0.0153846153846 0.0333333333333
0 0.598901098901 0.13137254902 0.0153846153846 0.0274509803922
0 0.600549450549 0.108823529412 0.0120879120879 0.0294117647059
0 0.642307692308 0.0480392156863 0.0120879120879 0.0294117647059
0 0.618131868132 0.135294117647 0.0120879120879 0.0352941176471
0 0.623626373626 0.117647058824 0.00989010989011 0.0274509803922
0 0.631318681319 0.114705882353 0.00769230769231 0.021568627451
0 0.634065934066 0.141176470588 0.0131868131868 0.0274509803922
0 0.65989010989 0.100980392157 0.00989010989011 0.0254901960784
0 0.664285714286 0.114705882353 0.0120879120879 0.0254901960784
0 0.679120879121 0.107843137255 0.0131868131868 0.0274509803922
0 0.69010989011 0.116666666667 0.010989010989 0.0294117647059
0 0.735164835165 0.0549019607843 0.0153846153846 0.0352941176471
0 0.566483516484 0.244117647059 0.0208791208791 0.0450980392157
0 0.627472527473 0.25 0.0241758241758 0.056862745098
0 0.638461538462 0.196078431373 0.0197802197802 0.043137254902
0 0.662087912088 0.190196078431 0.0164835164835 0.0352941176471
0 0.671428571429 0.254901960784 0.0241758241758 0.0509803921569
0 0.717032967033 0.23431372549 0.0208791208791 0.0490196078431
0 0.741758241758 0.262745098039 0.0263736263736 0.0588235294118
0 0.762637362637 0.264705882353 0.0197802197802 0.0470588235294
0 0.698901098901 0.157843137255 0.0153846153846 0.0333333333333
0 0.713186813187 0.180392156863 0.0197802197802 0.0392156862745
0 0.731318681319 0.138235294118 0.0164835164835 0.0294117647059
0 0.736263736264 0.190196078431 0.0153846153846 0.0313725490196
0 0.749450549451 0.207843137255 0.021978021978 0.043137254902
0 0.786813186813 0.213725490196 0.0197802197802 0.043137254902
0 0.789010989011 0.279411764706 0.0307692307692 0.0607843137255
0 0.843956043956 0.31862745098 0.0241758241758 0.0686274509804
0 0.864835164835 0.283333333333 0.0241758241758 0.056862745098
0 0.909340659341 0.352941176471 0.0230769230769 0.0666666666667
0 0.932417582418 0.272549019608 0.0208791208791 0.0588235294118
0 0.918681318681 0.248039215686 0.0197802197802 0.0529411764706
0 0.93021978022 0.224509803922 0.0142857142857 0.0372549019608
0 0.941758241758 0.208823529412 0.0131868131868 0.0333333333333
0 0.929120879121 0.188235294118 0.0164835164835 0.0392156862745
0 0.951098901099 0.164705882353 0.0142857142857 0.0352941176471
0 0.902197802198 0.178431372549 0.0153846153846 0.0352941176471
0 0.910989010989 0.153921568627 0.0153846153846 0.0333333333333
0 0.873626373626 0.160784313725 0.0131868131868 0.0313725490196
0 0.865384615385 0.185294117647 0.0164835164835 0.0372549019608
0 0.886263736264 0.226470588235 0.0186813186813 0.0372549019608
0 0.839010989011 0.232352941176 0.0186813186813 0.0450980392157
0 0.845604395604 0.195098039216 0.0164835164835 0.0372549019608
0 0.842307692308 0.16862745098 0.0142857142857 0.0352941176471
0 0.835714285714 0.160784313725 0.0120879120879 0.0313725490196
0 0.846153846154 0.145098039216 0.0153846153846 0.0352941176471
0 0.819230769231 0.133333333333 0.0164835164835 0.0352941176471
0 0.787912087912 0.154901960784 0.0131868131868 0.0352941176471
0 0.791208791209 0.126470588235 0.0131868131868 0.0294117647059
0 0.77967032967 0.144117647059 0.0120879120879 0.0254901960784
0 0.759340659341 0.132352941176 0.0131868131868 0.0294117647059
0 0.745054945055 0.133333333333 0.0153846153846 0.0313725490196
