0 0.37488284911 0.132450331126 0.0168697282099 0.0331125827815
0 0.444236176195 0.110099337748 0.0149953139644 0.0281456953642
0 0.217900656045 0.221854304636 0.0178069353327 0.0298013245033
0 0.339268978444 0.26738410596 0.0187441424555 0.0380794701987
0 0.370196813496 0.264072847682 0.020618556701 0.0413907284768
0 0.39878163074 0.271523178808 0.0253045923149 0.046357615894
0 0.460168697282 0.230132450331 0.0187441424555 0.0364238410596
0 0.486879100281 0.23178807947 0.0196813495783 0.0364238410596
0 0.494376757263 0.302152317881 0.0234301780694 0.0413907284768
0 0.609184629803 0.259105960265 0.020618556701 0.0380794701987
0 0.494845360825 0.197847682119 0.020618556701 0.0281456953642
0 0.457357075914 0.17798013245 0.020618556701 0.0347682119205
0 0.580131208997 0.134105960265 0.0224929709466 0.0331125827815
0 0.714620431115 0.185430463576 0.0253045923149 0.0298013245033
0 0.756326148079 0.227649006623 0.0243673851921 0.0513245033113
