0 0.172607879925 0.499161073826 0.0337711069418 0.0721476510067
0 0.275328330206 0.237416107383 0.0121951219512 0.0318791946309
0 0.297373358349 0.255033557047 0.015009380863 0.0268456375839
0 0.309099437148 0.213926174497 0.0121951219512 0.0285234899329
0 0.316135084428 0.236577181208 0.015009380863 0.0335570469799
0 0.339587242026 0.248322147651 0.0168855534709 0.0402684563758
0 0.344746716698 0.210570469799 0.0121951219512 0.0318791946309
0 0.352720450281 0.226510067114 0.015009380863 0.0369127516779
0 0.363508442777 0.239932885906 0.0140712945591 0.0402684563758
0 0.376641651032 0.185402684564 0.0140712945591 0.0318791946309
0 0.391181988743 0.185402684564 0.015009380863 0.0352348993289
0 0.387898686679 0.215604026846 0.015947467167 0.0385906040268
0 0.393058161351 0.261744966443 0.0168855534709 0.0335570469799
0 0.427298311445 0.254194630872 0.0178236397749 0.0385906040268
0 0.416041275797 0.183724832215 0.0140712945591 0.0318791946309
0 0.446998123827 0.179530201342 0.0140712945591 0.0369127516779
0 0.460600375235 0.223154362416 0.015009380863 0.0402684563758
0 0.474202626642 0.22567114094 0.015947467167 0.0385906040268
0 0.456378986867 0.146812080537 0.0103189493433 0.0218120805369
0 0.469512195122 0.154362416107 0.0121951219512 0.0167785234899
0 0.47607879925 0.165268456376 0.0103189493433 0.0184563758389
0 0.483583489681 0.137583892617 0.0121951219512 0.0268456375839
0 0.495778611632 0.144295302013 0.0121951219512 0.0201342281879
0 0.479831144465 0.187919463087 0.015947467167 0.0268456375839
0 0.502814258912 0.186241610738 0.015009380863 0.0268456375839
0 0.520168855535 0.161912751678 0.0140712945591 0.0285234899329
0 0.523452157598 0.187080536913 0.015009380863 0.0318791946309
0 0.551125703565 0.156040268456 0.0121951219512 0.0268456375839
0 0.562851782364 0.148489932886 0.0112570356473 0.0218120805369
0 0.560975609756 0.118288590604 0.0131332082552 0.0285234899329
0 0.583489681051 0.120805369128 0.0112570356473 0.0268456375839
0 0.59052532833 0.139261744966 0.0121951219512 0.0268456375839
0 0.582082551595 0.160234899329 0.0140712945591 0.0352348993289
0 0.608818011257 0.119127516779 0.0112570356473 0.0268456375839
0 0.614915572233 0.142617449664 0.0121951219512 0.0234899328859
0 0.632270168856 0.133389261745 0.0131332082552 0.0251677852349
0 0.637898686679 0.110738255034 0.0112570356473 0.0234899328859
0 0.625234521576 0.197986577181 0.015947467167 0.0335570469799
0 0.652908067542 0.173657718121 0.015009380863 0.0318791946309
0 0.681519699812 0.119966442953 0.0121951219512 0.0251677852349
0 0.56660412758 0.28355704698 0.0225140712946 0.0436241610738
0 0.518761726079 0.296979865772 0.0206378986867 0.0335570469799
0 0.550187617261 0.244966442953 0.0178236397749 0.0268456375839
0 0.619606003752 0.246644295302 0.0196998123827 0.0402684563758
0 0.642120075047 0.313758389262 0.0253283302064 0.0503355704698
0 0.671200750469 0.215604026846 0.0196998123827 0.0318791946309
0 0.68105065666 0.250838926174 0.0168855534709 0.0520134228188
0 0.704971857411 0.276845637584 0.0215759849906 0.0536912751678
0 0.765009380863 0.273489932886 0.0234521575985 0.0536912751678
0 0.753752345216 0.235738255034 0.0196998123827 0.0453020134228
0 0.708255159475 0.213087248322 0.0225140712946 0.0335570469799
0 0.695590994371 0.182046979866 0.0178236397749 0.0385906040268
0 0.689962476548 0.148489932886 0.0140712945591 0.0285234899329
0 0.71435272045 0.130872483221 0.0121951219512 0.0302013422819
0 0.720919324578 0.15855704698 0.0140712945591 0.0285234899329
0 0.731238273921 0.133389261745 0.0140712945591 0.0218120805369
0 0.74765478424 0.133389261745 0.0131332082552 0.0318791946309
0 0.762664165103 0.123322147651 0.0131332082552 0.0251677852349
0 0.736397748593 0.187919463087 0.0168855534709 0.0335570469799
0 0.765478424015 0.156879194631 0.0168855534709 0.0318791946309
0 0.784240150094 0.146812080537 0.0131332082552 0.0285234899329
0 0.799718574109 0.152684563758 0.0140712945591 0.0268456375839
0 0.775797373358 0.201342281879 0.0206378986867 0.0503355704698
0 0.826454033771 0.150167785235 0.0112570356473 0.0218120805369
0 0.84521575985 0.156040268456 0.0131332082552 0.0234899328859
0 0.846153846154 0.174496644295 0.015009380863 0.0302013422819
0 0.837242026266 0.193791946309 0.0140712945591 0.0385906040268
0 0.862101313321 0.230704697987 0.0187617260788 0.0453020134228
0 0.839587242026 0.294463087248 0.0225140712946 0.0486577181208
0 0.894934333959 0.195469798658 0.015009380863 0.0352348993289
0 0.884615384615 0.170302013423 0.0131332082552 0.0285234899329
0 0.890243902439 0.155201342282 0.0131332082552 0.0251677852349
0 0.929174484053 0.244127516779 0.0178236397749 0.0352348993289
0 0.930581613508 0.263422818792 0.0225140712946 0.0402684563758
