0 0.18303094984 0.462049335863 0.0352187833511 0.0777988614801
0 0.326574172892 0.207779886148 0.017075773746 0.0246679316888
0 0.356990394877 0.217267552182 0.0160085378869 0.0284629981025
0 0.36606189968 0.202087286528 0.0149413020277 0.0246679316888
0 0.412486659552 0.175521821632 0.0117395944504 0.0246679316888
0 0.424759871932 0.160341555977 0.0128068303095 0.0208728652751
0 0.437033084312 0.181214421252 0.0117395944504 0.0246679316888
0 0.466382070438 0.215370018975 0.017075773746 0.0208728652751
0 0.445570971185 0.249525616698 0.0160085378869 0.0284629981025
0 0.497865528282 0.208728652751 0.0160085378869 0.0265654648956
0 0.466382070438 0.180265654649 0.0128068303095 0.0265654648956
0 0.449839914621 0.166982922201 0.0138740661686 0.0303605313093
0 0.46371398079 0.14990512334 0.0117395944504 0.0303605313093
0 0.472785485592 0.163187855787 0.0106723585912 0.022770398482
0 0.479188900747 0.150853889943 0.0106723585912 0.0208728652751
0 0.496798292423 0.136622390892 0.0117395944504 0.0189753320683
0 0.493062966916 0.163187855787 0.0106723585912 0.0151802656546
0 0.517075773746 0.170777988615 0.0117395944504 0.0265654648956
0 0.535218783351 0.156546489564 0.0117395944504 0.0208728652751
0 0.525613660619 0.139468690702 0.00960512273212 0.0208728652751
0 0.567769477054 0.146110056926 0.0128068303095 0.0265654648956
0 0.533617929562 0.226755218216 0.0149413020277 0.0246679316888
0 0.58591248666 0.201138519924 0.0149413020277 0.0303605313093
0 0.545357524013 0.200189753321 0.0149413020277 0.0170777988615
0 0.58591248666 0.171726755218 0.0149413020277 0.0246679316888
0 0.560298826041 0.172675521822 0.0128068303095 0.0189753320683
0 0.576840981857 0.137571157495 0.0138740661686 0.0208728652751
0 0.593383137673 0.147058823529 0.0128068303095 0.0246679316888
0 0.610458911419 0.11669829222 0.0106723585912 0.0246679316888
0 0.653148345784 0.11669829222 0.008537886873 0.0208728652751
0 0.690501600854 0.124288425047 0.008537886873 0.0170777988615
0 0.712913553895 0.128083491461 0.0106723585912 0.0208728652751
0 0.681430096051 0.15559772296 0.0117395944504 0.022770398482
0 0.650480256137 0.154648956357 0.0117395944504 0.0284629981025
0 0.618996798292 0.175521821632 0.0149413020277 0.0246679316888
0 0.566168623266 0.256166982922 0.0224119530416 0.0417457305503
0 0.630736392743 0.217267552182 0.0192102454642 0.0398481973435
0 0.660085378869 0.231499051233 0.0202774813234 0.034155597723
0 0.657417289221 0.19734345351 0.0149413020277 0.034155597723
0 0.714514407684 0.195445920304 0.0138740661686 0.0303605313093
0 0.710245464248 0.245730550285 0.0181430096051 0.0398481973435
0 0.788153681964 0.241935483871 0.0138740661686 0.0360531309298
0 0.728922091782 0.1944971537 0.0128068303095 0.0322580645161
0 0.692636072572 0.19165085389 0.0128068303095 0.0265654648956
0 0.734791889007 0.168880455408 0.0117395944504 0.0303605313093
0 0.749199573106 0.150853889943 0.0128068303095 0.0322580645161
0 0.759871931697 0.142314990512 0.0106723585912 0.0189753320683
0 0.784418356457 0.157495256167 0.0106723585912 0.0189753320683
0 0.798292422625 0.179316888046 0.0106723585912 0.0284629981025
0 0.813233724653 0.193548387097 0.0128068303095 0.0303605313093
0 0.82977588047 0.184060721063 0.0117395944504 0.0303605313093
0 0.816435432231 0.150853889943 0.0106723585912 0.0284629981025
0 0.850586979723 0.156546489564 0.0106723585912 0.0284629981025
0 0.855923159018 0.209677419355 0.0128068303095 0.0360531309298
0 0.870864461046 0.253320683112 0.0149413020277 0.0360531309298
0 0.867129135539 0.303605313093 0.0181430096051 0.0417457305503
0 0.912486659552 0.256166982922 0.0149413020277 0.0417457305503
0 0.92689434365 0.234345351044 0.0117395944504 0.0246679316888
0 0.885272145144 0.202087286528 0.0138740661686 0.0284629981025
0 0.879402347919 0.173624288425 0.0106723585912 0.0246679316888
0 0.935965848453 0.213472485769 0.0128068303095 0.0246679316888
0 0.9386339381 0.182163187856 0.00960512273212 0.022770398482
0 0.764674493063 0.19165085389 0.0160085378869 0.034155597723
