0 0.104761904762 0.315270935961 0.0228571428571 0.0394088669951
0 0.20380952381 0.40065681445 0.0361904761905 0.0689655172414
0 0.27619047619 0.242200328407 0.0152380952381 0.0279146141215
0 0.315238095238 0.235632183908 0.0171428571429 0.0344827586207
0 0.3 0.252052545156 0.0209523809524 0.047619047619
0 0.346666666667 0.218390804598 0.0152380952381 0.0262725779967
0 0.366666666667 0.20197044335 0.0190476190476 0.0328407224959
0 0.385714285714 0.207717569787 0.0190476190476 0.0344827586207
0 0.367619047619 0.261904761905 0.0209523809524 0.0377668308703
0 0.387619047619 0.262725779967 0.0190476190476 0.0361247947455
0 0.414285714286 0.193760262726 0.0190476190476 0.0328407224959
0 0.460476190476 0.173234811166 0.02 0.0344827586207
0 0.452857142857 0.191297208539 0.0180952380952 0.0279146141215
0 0.439047619048 0.242200328407 0.0190476190476 0.0344827586207
0 0.47380952381 0.240558292282 0.0238095238095 0.0410509031199
0 0.510476190476 0.195402298851 0.0209523809524 0.0426929392447
0 0.573333333333 0.128899835796 0.0133333333333 0.0279146141215
0 0.544761904762 0.168308702791 0.0209523809524 0.0344827586207
0 0.536666666667 0.213464696223 0.02 0.0361247947455
0 0.603333333333 0.127257799672 0.0161904761905 0.0246305418719
0 0.499047619048 0.311165845649 0.0228571428571 0.0509031198686
0 0.550476190476 0.321018062397 0.0285714285714 0.0541871921182
0 0.622380952381 0.333333333333 0.027619047619 0.0492610837438
0 0.601428571429 0.174876847291 0.0257142857143 0.0443349753695
0 0.590476190476 0.224958949097 0.0209523809524 0.0459770114943
0 0.616666666667 0.271756978654 0.0257142857143 0.0574712643678
0 0.624761904762 0.224137931034 0.0209523809524 0.0443349753695
0 0.653333333333 0.127257799672 0.0152380952381 0.0279146141215
0 0.620476190476 0.128078817734 0.02 0.0295566502463
0 0.630952380952 0.163382594417 0.02 0.0410509031199
0 0.697142857143 0.153530377668 0.0209523809524 0.0344827586207
0 0.703333333333 0.197865353038 0.0238095238095 0.047619047619
0 0.678095238095 0.224958949097 0.0247619047619 0.0459770114943
0 0.68 0.26354679803 0.0247619047619 0.0443349753695
0 0.681428571429 0.194581280788 0.0219047619048 0.0377668308703
0 0.722380952381 0.151067323481 0.02 0.0361247947455
0 0.731428571429 0.180623973727 0.0209523809524 0.0426929392447
0 0.784761904762 0.136288998358 0.0152380952381 0.0394088669951
0 0.748571428571 0.14367816092 0.0171428571429 0.0410509031199
0 0.752380952381 0.199507389163 0.0190476190476 0.0344827586207
0 0.777142857143 0.17816091954 0.0190476190476 0.0344827586207
0 0.724285714286 0.288177339901 0.0257142857143 0.0541871921182
0 0.718571428571 0.231527093596 0.0257142857143 0.0426929392447
0 0.777619047619 0.258620689655 0.0238095238095 0.0443349753695
0 0.847619047619 0.344827586207 0.0247619047619 0.055829228243
0 0.782857142857 0.228243021346 0.0228571428571 0.0361247947455
0 0.79619047619 0.206075533662 0.0209523809524 0.0443349753695
0 0.8 0.162561576355 0.0190476190476 0.0459770114943
0 0.836666666667 0.14039408867 0.0161904761905 0.0344827586207
0 0.815714285714 0.186371100164 0.0161904761905 0.0311986863711
0 0.872380952381 0.173234811166 0.0190476190476 0.0279146141215
0 0.849523809524 0.203612479475 0.0209523809524 0.0361247947455
0 0.872857142857 0.261083743842 0.0219047619048 0.0492610837438
0 0.91 0.155172413793 0.0142857142857 0.0279146141215
0 0.9 0.203612479475 0.0114285714286 0.0328407224959
0 0.904285714286 0.17816091954 0.0180952380952 0.0213464696223
0 0.937619047619 0.237274220033 0.0161904761905 0.0443349753695
0 0.932380952381 0.285714285714 0.0190476190476 0.0394088669951
0 0.567142857143 0.16091954023 0.0180952380952 0.0361247947455
0 0.589523809524 0.158456486043 0.0285714285714 0.0311986863711
0 0.504285714286 0.161740558292 0.0219047619048 0.0344827586207
0 0.478571428571 0.199507389163 0.0257142857143 0.0377668308703
