0 0.172123479888 0.340266222962 0.0392890551918 0.0748752079867
0 0.203461178672 0.362728785358 0.0308699719364 0.063227953411
0 0.251637043966 0.283693843594 0.022450888681 0.0349417637271
0 0.289522918616 0.265391014975 0.0196445275959 0.0349417637271
0 0.306828811974 0.222961730449 0.0168381665108 0.0432612312812
0 0.321796071094 0.246256239601 0.0168381665108 0.0332778702163
0 0.347521047708 0.280366056572 0.021515434986 0.0282861896839
0 0.338166510758 0.215474209651 0.0177736202058 0.0316139767055
0 0.368101028999 0.253743760399 0.0177736202058 0.0216306156406
0 0.366697848457 0.223793677205 0.022450888681 0.0282861896839
0 0.38119738073 0.200499168053 0.0196445275959 0.0415973377704
0 0.402245088868 0.171381031614 0.0168381665108 0.0299500831947
0 0.421421889616 0.183860232945 0.0177736202058 0.0316139767055
0 0.429373246024 0.219633943428 0.0205799812909 0.0432612312812
0 0.451356407858 0.232113144759 0.0196445275959 0.0382695507488
0 0.467259120674 0.252079866889 0.0233863423761 0.0349417637271
0 0.476613657624 0.211314475874 0.0196445275959 0.0399334442596
0 0.477549111319 0.181364392679 0.0196445275959 0.0366056572379
0 0.450420954163 0.177204658902 0.0159027128157 0.0349417637271
0 0.440130963517 0.193011647255 0.0159027128157 0.0299500831947
0 0.440598690365 0.154742096506 0.0168381665108 0.0366056572379
0 0.464920486436 0.15391014975 0.0149672591207 0.0316139767055
0 0.480355472404 0.137271214642 0.0140318054256 0.0349417637271
0 0.495790458372 0.145590682196 0.00935453695042 0.0216306156406
0 0.507951356408 0.15224625624 0.0130963517306 0.0316139767055
0 0.50374181478 0.170549084859 0.0140318054256 0.0316139767055
0 0.512160898036 0.20465890183 0.0233863423761 0.0366056572379
0 0.543966323667 0.163893510815 0.0196445275959 0.0349417637271
0 0.571562207671 0.17387687188 0.0205799812909 0.0382695507488
0 0.531337698784 0.128119800333 0.0187090739008 0.0299500831947
0 0.553320860617 0.103993344426 0.0177736202058 0.0316139767055
0 0.588868101029 0.120632279534 0.0121608980355 0.0282861896839
0 0.608980355472 0.146422628952 0.0205799812909 0.0432612312812
0 0.616463985033 0.109816971714 0.0112254443405 0.026622296173
0 0.619738072965 0.0956738768719 0.0159027128157 0.0216306156406
0 0.628157156221 0.117304492512 0.0159027128157 0.0282861896839
0 0.644059869036 0.100665557404 0.0121608980355 0.0316139767055
0 0.666510757717 0.116472545757 0.0159027128157 0.0299500831947
0 0.688493919551 0.0965058236273 0.0187090739008 0.0332778702163
0 0.500467726848 0.292845257903 0.0243217960711 0.0532445923461
0 0.527595884004 0.34775374376 0.0299345182413 0.0565723793677
0 0.56407857811 0.250415973378 0.022450888681 0.0482529118136
0 0.60196445276 0.269550748752 0.0271281571562 0.0599001663894
0 0.589803554724 0.359400998336 0.0308699719364 0.0698835274542
0 0.6604303087 0.363560732113 0.0336763330215 0.0648918469218
0 0.65668849392 0.297836938436 0.0280636108513 0.0565723793677
0 0.629092609916 0.205490848586 0.0196445275959 0.044925124792
0 0.65668849392 0.212978369384 0.0243217960711 0.0499168053245
0 0.664639850327 0.17387687188 0.0252572497661 0.044925124792
0 0.683348924228 0.222129783694 0.021515434986 0.0515806988353
0 0.689897100094 0.182196339434 0.0196445275959 0.0382695507488
0 0.731057062675 0.296173044925 0.0233863423761 0.0599001663894
0 0.757249766137 0.302828618968 0.0308699719364 0.0532445923461
0 0.773152478952 0.217138103161 0.021515434986 0.044925124792
0 0.739943872778 0.201331114809 0.0187090739008 0.0366056572379
0 0.723573433115 0.181364392679 0.0159027128157 0.0299500831947
0 0.695042095416 0.144758735441 0.0168381665108 0.0366056572379
0 0.717960710945 0.142262895175 0.0159027128157 0.0316139767055
0 0.734331150608 0.158901830283 0.0168381665108 0.0382695507488
0 0.748830682881 0.172212978369 0.0140318054256 0.0316139767055
0 0.750701590271 0.142262895175 0.0159027128157 0.0349417637271
0 0.804022450889 0.250415973378 0.0252572497661 0.0549084858569
0 0.786248830683 0.189683860233 0.0196445275959 0.0432612312812
0 0.811038353601 0.168885191348 0.0149672591207 0.044925124792
0 0.801683816651 0.12146422629 0.0168381665108 0.0332778702163
0 0.789990645463 0.143926788686 0.0159027128157 0.0316139767055
0 0.776894293732 0.124792013311 0.0121608980355 0.026622296173
0 0.760991580917 0.129783693844 0.0159027128157 0.0332778702163
0 0.747895229186 0.108153078203 0.0102899906455 0.0232945091514
0 0.732460243218 0.1231281198 0.0149672591207 0.0299500831947
0 0.83208606174 0.135607321131 0.0196445275959 0.0316139767055
0 0.840505144995 0.159733777038 0.0159027128157 0.0299500831947
0 0.83582787652 0.181364392679 0.0177736202058 0.0399334442596
0 0.876052385407 0.210482529118 0.0233863423761 0.0415973377704
0 0.867633302152 0.173044925125 0.0140318054256 0.0366056572379
0 0.861085126286 0.144758735441 0.0140318054256 0.0399334442596
0 0.88493919551 0.169717138103 0.0149672591207 0.0399334442596
0 0.8868101029 0.148918469218 0.0168381665108 0.0282861896839
0 0.891955098223 0.137271214642 0.0140318054256 0.0249584026622
0 0.924228250702 0.157237936772 0.0130963517306 0.0349417637271
0 0.921421889616 0.199667221298 0.0130963517306 0.0399334442596
0 0.912067352666 0.215474209651 0.0205799812909 0.0349417637271
0 0.912535079514 0.267054908486 0.0271281571562 0.0482529118136
