0 0.0356255178128 0.410458452722 0.0215410107705 0.041547277937
0 0.239022369511 0.350286532951 0.0140845070423 0.0300859598854
0 0.263877381939 0.382521489971 0.0157415078708 0.0343839541547
0 0.340927920464 0.368194842407 0.0190555095278 0.0372492836676
0 0.296188898094 0.315902578797 0.0157415078708 0.0300859598854
0 0.364954432477 0.30229226361 0.0157415078708 0.0315186246418
0 0.387738193869 0.335959885387 0.0115990057995 0.0272206303725
0 0.414250207125 0.345988538682 0.016570008285 0.0386819484241
0 0.414250207125 0.310171919771 0.016570008285 0.0272206303725
0 0.414664457332 0.282951289398 0.0140845070423 0.0272206303725
0 0.396437448219 0.267908309456 0.0124275062138 0.025787965616
0 0.434548467274 0.264326647564 0.0124275062138 0.0214899713467
0 0.452361226181 0.275787965616 0.013256006628 0.0243553008596
0 0.440347970174 0.315186246418 0.0140845070423 0.025787965616
0 0.467274233637 0.348137535817 0.0182270091135 0.0401146131805
0 0.47555923778 0.311604584527 0.0149130074565 0.0329512893983
0 0.482601491301 0.279369627507 0.0124275062138 0.0286532951289
0 0.46975973488 0.260028653295 0.013256006628 0.0214899713467
0 0.480530240265 0.244269340974 0.016570008285 0.0243553008596
0 0.519469759735 0.277936962751 0.013256006628 0.0286532951289
0 0.52734051367 0.260028653295 0.00911350455675 0.0214899713467
0 0.531897265949 0.244269340974 0.0115990057995 0.0214899713467
0 0.546396023198 0.278653295129 0.0140845070423 0.0329512893983
0 0.566694283347 0.300143266476 0.0149130074565 0.0300859598854
0 0.512841756421 0.330945558739 0.019884009942 0.0372492836676
0 0.591135045568 0.269340974212 0.0140845070423 0.0315186246418
0 0.567522783761 0.240687679083 0.013256006628 0.0286532951289
0 0.584507042254 0.232808022923 0.0107705053853 0.0243553008596
0 0.612261806131 0.230659025788 0.0149130074565 0.0286532951289
0 0.619304059652 0.214899713467 0.0157415078708 0.0229226361032
0 0.467274233637 0.427650429799 0.026512013256 0.0444126074499
0 0.545153272577 0.363896848138 0.0248550124275 0.0401146131805
0 0.555095277548 0.419770773639 0.026512013256 0.0601719197708
0 0.620546810273 0.434813753582 0.026512013256 0.0501432664756
0 0.622203811102 0.376790830946 0.023198011599 0.0429799426934
0 0.60811930406 0.343123209169 0.0182270091135 0.0358166189112
0 0.640430820215 0.309455587393 0.0182270091135 0.0401146131805
0 0.648301574151 0.256446991404 0.0124275062138 0.025787965616
0 0.609776304888 0.264326647564 0.013256006628 0.0243553008596
0 0.636702568351 0.227793696275 0.00911350455675 0.025787965616
0 0.648715824358 0.234240687679 0.0115990057995 0.0157593123209
0 0.66570008285 0.222063037249 0.0107705053853 0.0229226361032
0 0.686412593206 0.239971346705 0.0124275062138 0.0243553008596
0 0.707953603977 0.234240687679 0.0107705053853 0.0300859598854
0 0.685169842585 0.280802292264 0.0149130074565 0.0343839541547
0 0.666528583264 0.377507163324 0.0223695111848 0.0501432664756
0 0.699254349627 0.36676217765 0.0182270091135 0.0401146131805
0 0.691383595692 0.456303724928 0.0323115161558 0.0558739255014
0 0.712924606462 0.500716332378 0.0339685169843 0.0730659025788
0 0.74067937034 0.414756446991 0.026512013256 0.0472779369628
0 0.736122618061 0.300143266476 0.0173985086993 0.0300859598854
0 0.715824357912 0.267908309456 0.0149130074565 0.0286532951289
0 0.750207125104 0.254297994269 0.0124275062138 0.0300859598854
0 0.762634631317 0.236389684814 0.0124275062138 0.025787965616
0 0.760977630489 0.278653295129 0.0140845070423 0.0300859598854
0 0.772576636288 0.263610315186 0.0124275062138 0.0286532951289
0 0.783761391881 0.300859598854 0.016570008285 0.0429799426934
0 0.788732394366 0.250716332378 0.0115990057995 0.025787965616
0 0.800331400166 0.262893982808 0.013256006628 0.0272206303725
0 0.828086164043 0.276504297994 0.0157415078708 0.025787965616
0 0.851284175642 0.267191977077 0.0124275062138 0.0272206303725
0 0.829743164872 0.30659025788 0.0140845070423 0.0315186246418
0 0.830157415079 0.520773638968 0.0281690140845 0.0587392550143
0 0.788732394366 0.439828080229 0.0215410107705 0.0515759312321
0 0.855426677713 0.454154727794 0.0273405136703 0.0515759312321
0 0.927506213753 0.481375358166 0.0323115161558 0.0601719197708
0 0.821872410936 0.37893982808 0.019884009942 0.0444126074499
0 0.828086164043 0.343839541547 0.0124275062138 0.025787965616
0 0.854598177299 0.323065902579 0.0173985086993 0.0358166189112
0 0.872825186413 0.386819484241 0.0190555095278 0.0487106017192
0 0.891466445733 0.361747851003 0.0149130074565 0.0358166189112
0 0.895608947804 0.328796561605 0.0149130074565 0.0272206303725
0 0.927506213753 0.339541547278 0.0173985086993 0.0401146131805
0 0.947390223695 0.35888252149 0.0190555095278 0.0386819484241
0 0.909693454847 0.297994269341 0.0149130074565 0.0315186246418
0 0.86454018227 0.289398280802 0.0140845070423 0.025787965616
0 0.87323943662 0.277220630372 0.013256006628 0.0300859598854
0 0.885666942833 0.26217765043 0.0149130074565 0.0315186246418
0 0.946975973488 0.287965616046 0.013256006628 0.0286532951289
0 0.936205468103 0.298710601719 0.0115990057995 0.0243553008596
0 0.295774647887 0.387535816619 0.019884009942 0.0386819484241
0 0.363297431649 0.345988538682 0.0190555095278 0.0329512893983
