0 0.270104068117 0.222780569514 0.0141911069063 0.0335008375209
0 0.324976348155 0.200167504188 0.0141911069063 0.035175879397
0 0.335856196783 0.231155778894 0.0189214758751 0.0402010050251
0 0.378902554399 0.249581239531 0.0179754020814 0.0435510887772
0 0.367076631977 0.192629815745 0.0170293282876 0.0335008375209
0 0.377956480605 0.179229480737 0.0160832544939 0.036850921273
0 0.393566698202 0.192629815745 0.0170293282876 0.0335008375209
0 0.403500473037 0.167504187605 0.0160832544939 0.0301507537688
0 0.418637653737 0.213567839196 0.0198675496689 0.0418760469012
0 0.412961210974 0.265494137353 0.0217596972564 0.0485762144054
0 0.423841059603 0.178391959799 0.0170293282876 0.0318257956449
0 0.4243140965 0.146566164154 0.0141911069063 0.0318257956449
0 0.4697256386 0.159128978224 0.0160832544939 0.036850921273
0 0.458372753075 0.198492462312 0.0198675496689 0.0385259631491
0 0.496215704825 0.213567839196 0.0236518448439 0.0385259631491
0 0.479659413434 0.181742043551 0.0189214758751 0.0418760469012
0 0.500946073794 0.180904522613 0.0198675496689 0.0402010050251
0 0.473036896878 0.13567839196 0.0113528855251 0.0268006700168
0 0.498580889309 0.132328308208 0.0151371807001 0.0335008375209
0 0.517029328288 0.126465661642 0.0141911069063 0.0318257956449
0 0.533112582781 0.128140703518 0.0141911069063 0.0284757118928
0 0.531693472091 0.161641541039 0.0170293282876 0.0318257956449
0 0.537369914853 0.198492462312 0.0208136234626 0.0385259631491
0 0.58183538316 0.166666666667 0.0170293282876 0.0385259631491
0 0.567644276254 0.136515912898 0.0151371807001 0.0251256281407
0 0.555345316935 0.123953098827 0.0132450331126 0.0301507537688
0 0.577105014191 0.122278056951 0.0151371807001 0.0301507537688
0 0.590823084201 0.13567839196 0.0122989593188 0.0268006700168
0 0.599810785241 0.105527638191 0.00946073793756 0.0234505862647
0 0.605487228004 0.121440536013 0.0132450331126 0.0284757118928
0 0.623462630085 0.13149078727 0.0151371807001 0.0284757118928
0 0.625354777673 0.113065326633 0.0113528855251 0.0217755443886
0 0.624881740776 0.0979899497487 0.0085146641438 0.0217755443886
0 0.655629139073 0.106365159129 0.0132450331126 0.035175879397
0 0.675023651845 0.106365159129 0.0160832544939 0.0251256281407
0 0.682119205298 0.132328308208 0.0132450331126 0.0301507537688
0 0.707663197729 0.113065326633 0.0132450331126 0.0251256281407
0 0.655156102176 0.139028475712 0.0141911069063 0.0335008375209
0 0.614947965941 0.164991624791 0.0151371807001 0.0284757118928
0 0.557710501419 0.278056951424 0.0331125827815 0.0871021775544
0 0.577578051088 0.27135678392 0.0236518448439 0.0636515912898
0 0.642857142857 0.238693467337 0.0236518448439 0.0519262981575
0 0.634342478713 0.196817420436 0.0217596972564 0.0452261306533
0 0.657048249763 0.181742043551 0.0217596972564 0.0485762144054
0 0.668401135289 0.214405360134 0.0217596972564 0.0435510887772
0 0.688268684957 0.256281407035 0.0217596972564 0.0502512562814
0 0.704824976348 0.230318257956 0.0189214758751 0.0452261306533
0 0.702459791864 0.174204355109 0.0179754020814 0.0402010050251
0 0.695837275307 0.161641541039 0.0141911069063 0.0318257956449
0 0.725638599811 0.142378559464 0.0132450331126 0.0335008375209
0 0.733680227058 0.180904522613 0.0160832544939 0.0335008375209
0 0.758751182592 0.200167504188 0.0208136234626 0.0418760469012
0 0.779091769158 0.219430485762 0.0236518448439 0.0435510887772
0 0.741721854305 0.265494137353 0.0302743614002 0.0619765494137
0 0.761116367077 0.252093802345 0.0198675496689 0.0485762144054
0 0.791863765374 0.290619765494 0.0245979186377 0.0653266331658
0 0.757332071902 0.154103852596 0.0179754020814 0.0301507537688
0 0.748344370861 0.136515912898 0.0132450331126 0.0284757118928
0 0.753547776727 0.123953098827 0.0141911069063 0.0301507537688
0 0.774361400189 0.157453936348 0.0122989593188 0.0301507537688
0 0.796594134342 0.163316582915 0.0151371807001 0.0318257956449
0 0.789025543992 0.137353433836 0.0151371807001 0.0301507537688
0 0.808420056764 0.154103852596 0.0141911069063 0.0301507537688
0 0.815042573321 0.138190954774 0.0141911069063 0.0284757118928
0 0.835856196783 0.164991624791 0.0160832544939 0.0318257956449
0 0.848155156102 0.14824120603 0.0141911069063 0.0318257956449
0 0.85761589404 0.170854271357 0.0141911069063 0.0335008375209
0 0.840113528855 0.193467336683 0.0170293282876 0.0318257956449
0 0.840586565752 0.233668341709 0.0198675496689 0.0452261306533
0 0.873699148534 0.265494137353 0.0236518448439 0.0619765494137
0 0.840113528855 0.312395309883 0.0321665089877 0.0586264656616
0 0.901135288553 0.352596314908 0.0312204351939 0.0787269681742
0 0.918637653737 0.301507537688 0.0189214758751 0.0502512562814
0 0.926679280984 0.248743718593 0.0179754020814 0.0385259631491
0 0.906811731315 0.205192629816 0.0179754020814 0.0385259631491
0 0.879848628193 0.15661641541 0.0170293282876 0.035175879397
0 0.908703878903 0.151591289782 0.0160832544939 0.035175879397
0 0.945127719962 0.212730318258 0.0132450331126 0.0335008375209
0 0.936140018921 0.195142378559 0.0141911069063 0.0251256281407
0 0.9394512772 0.171691792295 0.0132450331126 0.0284757118928
