0 0.204057279236 0.110526315789 0.0119331742243 0.0315789473684
0 0.357597454256 0.0850877192982 0.0151153540175 0.0368421052632
0 0.223548130469 0.130701754386 0.0159108989658 0.0333333333333
0 0.15831344471 0.15 0.0127287191726 0.0368421052632
0 0.0505171042164 0.209649122807 0.0167064439141 0.0438596491228
0 0.122911694511 0.210526315789 0.0167064439141 0.0421052631579
0 0.257756563246 0.124561403509 0.0175019888624 0.0421052631579
0 0.387430389817 0.0894736842105 0.0111376292761 0.0280701754386
0 0.404136833731 0.0842105263158 0.00954653937947 0.0280701754386
0 0.490055688146 0.0780701754386 0.0079554494829 0.0263157894737
0 0.535401750199 0.0771929824561 0.00954653937947 0.0245614035088
0 0.187748607796 0.193859649123 0.0222752585521 0.0438596491228
0 0.177008750994 0.265789473684 0.0198886237072 0.0473684210526
0 0.0608591885442 0.400877192982 0.0198886237072 0.0649122807018
0 0.0735879077168 0.480701754386 0.024661893397 0.0631578947368
0 0.128082736675 0.585087719298 0.0334128878282 0.0789473684211
0 0.206841686555 0.438596491228 0.0254574383453 0.0561403508772
0 0.2092283214 0.339473684211 0.0222752585521 0.0684210526316
0 0.245027844073 0.275438596491 0.0159108989658 0.0456140350877
0 0.289578361177 0.20350877193 0.0190930787589 0.0526315789474
0 0.292362768496 0.164912280702 0.0182975338107 0.0350877192982
0 0.308273667462 0.230701754386 0.0182975338107 0.0333333333333
0 0.353619729515 0.222807017544 0.0135242641209 0.0456140350877
0 0.373508353222 0.164912280702 0.0103420843278 0.0350877192982
0 0.414081145585 0.162280701754 0.0167064439141 0.040350877193
0 0.459824980111 0.128070175439 0.0127287191726 0.0350877192982
0 0.543754972156 0.466666666667 0.0294351630867 0.0701754385965
0 0.472951471758 0.214912280702 0.0151153540175 0.0508771929825
0 0.481304693715 0.264035087719 0.0206841686555 0.0473684210526
0 0.537788385044 0.3 0.0175019888624 0.0491228070175
0 0.50477326969 0.175438596491 0.0103420843278 0.0315789473684
0 0.476531424025 0.116666666667 0.0127287191726 0.0263157894737
0 0.505568814638 0.1 0.0119331742243 0.0210526315789
0 0.594272076372 0.125438596491 0.0127287191726 0.0333333333333
0 0.566428003182 0.198245614035 0.0175019888624 0.0385964912281
0 0.608194112967 0.232456140351 0.0151153540175 0.0438596491228
0 0.672235481305 0.326315789474 0.0175019888624 0.0491228070175
0 0.704852824185 0.267543859649 0.0190930787589 0.040350877193
0 0.646380270485 0.149122807018 0.00875099443119 0.0280701754386
0 0.614956245028 0.108771929825 0.0143198090692 0.0280701754386
0 0.76292760541 0.205263157895 0.0159108989658 0.0385964912281
0 0.803898170247 0.225438596491 0.0135242641209 0.040350877193
0 0.846857597454 0.267543859649 0.0151153540175 0.040350877193
0 0.861972951472 0.300877192982 0.0135242641209 0.0438596491228
0 0.91646778043 0.364035087719 0.0190930787589 0.0438596491228
0 0.695306284805 0.207894736842 0.0175019888624 0.0438596491228
0 0.717979315831 0.212280701754 0.0135242641209 0.0315789473684
0 0.778042959427 0.367543859649 0.0238663484487 0.0508771929825
0 0.0413683373111 0.235964912281 0.0159108989658 0.0543859649123
0 0.464598249801 0.157894736842 0.0159108989658 0.0315789473684
