0 0.23031026253 0.417963224894 0.0453460620525 0.0834512022631
0 0.278838504375 0.276520509194 0.0182975338107 0.032531824611
0 0.287589498807 0.263790664781 0.0182975338107 0.032531824611
0 0.330946698488 0.263790664781 0.0254574383453 0.041018387553
0 0.353619729515 0.256718528996 0.0214797136038 0.038189533239
0 0.334128878282 0.225601131542 0.0190930787589 0.032531824611
0 0.338902147971 0.215700141443 0.0127287191726 0.024045261669
0 0.396976929196 0.253889674682 0.0254574383453 0.041018387553
0 0.419252187749 0.261669024045 0.0238663484487 0.048090523338
0 0.457438345267 0.217821782178 0.0206841686555 0.04243281471
0 0.494033412888 0.207920792079 0.0175019888624 0.039603960396
0 0.393794749403 0.195190947666 0.0159108989658 0.036775106082
0 0.410103420843 0.17468175389 0.0151153540175 0.035360678925
0 0.424821002387 0.181046676096 0.0159108989658 0.036775106082
0 0.440731901352 0.161244695898 0.0175019888624 0.031117397454
0 0.46738265712 0.157001414427 0.0135242641209 0.036775106082
0 0.476133651551 0.195898161245 0.0167064439141 0.038189533239
0 0.510342084328 0.18387553041 0.0167064439141 0.036775106082
0 0.538583929992 0.194483734088 0.0190930787589 0.041018387553
0 0.546937151949 0.158415841584 0.0182975338107 0.04243281471
0 0.574383452665 0.188118811881 0.0175019888624 0.045261669024
0 0.511137629276 0.147100424328 0.0151153540175 0.031117397454
0 0.496817820207 0.126591230552 0.0135242641209 0.029702970297
0 0.587907716786 0.149222065064 0.0143198090692 0.032531824611
0 0.610580747812 0.147807637907 0.0135242641209 0.032531824611
0 0.626093874304 0.132956152758 0.0143198090692 0.031117397454
0 0.64200477327 0.120933521924 0.0127287191726 0.026874115983
0 0.664280031822 0.120226308345 0.0143198090692 0.031117397454
0 0.607796340493 0.103253182461 0.0111376292761 0.022630834512
0 0.595465393795 0.108203677511 0.0135242641209 0.029702970297
0 0.49522673031 0.302687411598 0.0294351630867 0.0594059405941
0 0.542959427208 0.310466760962 0.0326173428799 0.0608203677511
0 0.554892601432 0.26874115983 0.024661893397 0.0650636492221
0 0.608591885442 0.25459688826 0.0254574383453 0.0509193776521
0 0.621718377088 0.207920792079 0.0230708035004 0.0537482319661
0 0.655131264916 0.16973125884 0.0214797136038 0.045261669024
0 0.65354017502 0.22630834512 0.0230708035004 0.0509193776521
0 0.650357995227 0.270862800566 0.0262529832936 0.0551626591231
0 0.689737470167 0.310466760962 0.0318217979316 0.0608203677511
0 0.71400159109 0.283592644979 0.0262529832936 0.0636492220651
0 0.710421638823 0.231966053748 0.0222752585521 0.04243281471
0 0.692124105012 0.197312588402 0.0206841686555 0.038189533239
0 0.690930787589 0.167609618105 0.0182975338107 0.038189533239
0 0.717979315831 0.159830268741 0.0182975338107 0.033946251768
0 0.738663484487 0.153465346535 0.0182975338107 0.035360678925
0 0.766109785203 0.136492220651 0.0159108989658 0.035360678925
0 0.780031821798 0.150636492221 0.0135242641209 0.026874115983
0 0.803500397772 0.134370579915 0.0127287191726 0.033946251768
0 0.764120922832 0.16973125884 0.0167064439141 0.02828854314
0 0.742243436754 0.192362093352 0.0206841686555 0.039603960396
0 0.741050119332 0.22630834512 0.0230708035004 0.04243281471
0 0.755369928401 0.343705799151 0.0294351630867 0.0678925035361
0 0.799522673031 0.277934936351 0.0254574383453 0.0608203677511
0 0.814638027049 0.253182461103 0.0222752585521 0.0509193776521
0 0.819809069212 0.215700141443 0.0214797136038 0.043847241867
0 0.784407319014 0.211456859972 0.0206841686555 0.041018387553
0 0.805489260143 0.178925035361 0.0182975338107 0.032531824611
0 0.821400159109 0.16053748232 0.0182975338107 0.038189533239
0 0.846857597454 0.147100424328 0.0151153540175 0.036775106082
0 0.83969769292 0.189533239038 0.0182975338107 0.039603960396
0 0.874701670644 0.149222065064 0.0167064439141 0.035360678925
0 0.885441527446 0.191654879774 0.0159108989658 0.041018387553
0 0.873906125696 0.214285714286 0.0198886237072 0.046676096181
0 0.865155131265 0.271570014144 0.024661893397 0.0565770862801
0 0.918854415274 0.299151343706 0.0270485282418 0.0608203677511
0 0.849244232299 0.310466760962 0.0278440731901 0.0636492220651
