0 0.136627906977 0.466858789625 0.0406976744186 0.0835734870317
0 0.233803986711 0.337896253602 0.0141196013289 0.0302593659942
0 0.256644518272 0.349423631124 0.0182724252492 0.0417867435159
0 0.287790697674 0.370317002882 0.0174418604651 0.0374639769452
0 0.28696013289 0.304755043228 0.0124584717608 0.0302593659942
0 0.34842192691 0.352305475504 0.0191029900332 0.0417867435159
0 0.355481727575 0.292507204611 0.0166112956811 0.028818443804
0 0.383305647841 0.336455331412 0.0141196013289 0.0302593659942
0 0.355481727575 0.3234870317 0.014950166113 0.0244956772334
0 0.410714285714 0.331412103746 0.0191029900332 0.0374639769452
0 0.407392026578 0.300432276657 0.0124584717608 0.0302593659942
0 0.441445182724 0.340057636888 0.0207641196013 0.0432276657061
0 0.43646179402 0.308357348703 0.0141196013289 0.0317002881844
0 0.396179401993 0.258645533141 0.014950166113 0.0302593659942
0 0.407392026578 0.273775216138 0.0124584717608 0.0230547550432
0 0.425249169435 0.265129682997 0.0116279069767 0.0230547550432
0 0.443521594684 0.265129682997 0.0132890365449 0.0317002881844
0 0.469684385382 0.304034582133 0.015780730897 0.028818443804
0 0.46926910299 0.268731988473 0.014950166113 0.0273775216138
0 0.46096345515 0.244956772334 0.0116279069767 0.0230547550432
0 0.469684385382 0.234149855908 0.0107973421927 0.0187319884726
0 0.498338870432 0.268731988473 0.0132890365449 0.036023054755
0 0.517026578073 0.28242074928 0.015780730897 0.0345821325648
0 0.5 0.322766570605 0.0182724252492 0.0374639769452
0 0.575166112957 0.278818443804 0.0141196013289 0.0302593659942
0 0.538205980066 0.25288184438 0.0132890365449 0.0302593659942
0 0.517857142857 0.244956772334 0.0141196013289 0.0259365994236
0 0.567275747508 0.219740634006 0.00830564784053 0.0187319884726
0 0.599667774086 0.225504322767 0.0132890365449 0.0244956772334
0 0.612956810631 0.206051873199 0.00996677740864 0.0230547550432
0 0.628737541528 0.220461095101 0.0116279069767 0.0259365994236
0 0.668604651163 0.210374639769 0.00830564784053 0.0201729106628
0 0.674418604651 0.232708933718 0.00996677740864 0.0244956772334
0 0.688953488372 0.230547550432 0.00913621262458 0.0230547550432
0 0.641196013289 0.249279538905 0.0116279069767 0.0230547550432
0 0.607558139535 0.25288184438 0.0107973421927 0.021613832853
0 0.580564784053 0.250720461095 0.0132890365449 0.0201729106628
0 0.502906976744 0.386167146974 0.0240863787375 0.0576368876081
0 0.546096345515 0.404178674352 0.0257475083056 0.0504322766571
0 0.538205980066 0.378962536023 0.0199335548173 0.0345821325648
0 0.59842192691 0.329971181556 0.0207641196013 0.0432276657061
0 0.613372093023 0.42939481268 0.0257475083056 0.0547550432277
0 0.634136212625 0.463976945245 0.0290697674419 0.0576368876081
0 0.708056478405 0.537463976945 0.0323920265781 0.0749279538905
0 0.802325581395 0.492795389049 0.0232558139535 0.0518731988473
0 0.665697674419 0.371757925072 0.0224252491694 0.0461095100865
0 0.693106312292 0.350864553314 0.015780730897 0.0417867435159
0 0.671511627907 0.279538904899 0.015780730897 0.0317002881844
0 0.636627906977 0.312680115274 0.0191029900332 0.0374639769452
0 0.706395348837 0.252161383285 0.0124584717608 0.028818443804
0 0.722591362126 0.287463976945 0.0132890365449 0.036023054755
0 0.735049833887 0.25 0.0116279069767 0.0331412103746
0 0.745016611296 0.222622478386 0.0132890365449 0.0273775216138
0 0.74792358804 0.270893371758 0.0124584717608 0.0259365994236
0 0.767857142857 0.283141210375 0.0141196013289 0.0331412103746
0 0.767857142857 0.253602305476 0.0107973421927 0.0259365994236
0 0.779900332226 0.237752161383 0.00996677740864 0.0230547550432
0 0.786544850498 0.265850144092 0.0132890365449 0.0302593659942
0 0.813122923588 0.246397694524 0.014950166113 0.0317002881844
0 0.74377076412 0.409942363112 0.0224252491694 0.0504322766571
0 0.817275747508 0.280259365994 0.0132890365449 0.0244956772334
0 0.814784053156 0.311959654179 0.0132890365449 0.0302593659942
0 0.813122923588 0.363832853026 0.0215946843854 0.0504322766571
0 0.789451827243 0.414265129683 0.0207641196013 0.0446685878963
0 0.860465116279 0.414265129683 0.0215946843854 0.0446685878963
0 0.854235880399 0.306195965418 0.0124584717608 0.0331412103746
0 0.843853820598 0.259365994236 0.0132890365449 0.028818443804
0 0.862126245847 0.273054755043 0.0116279069767 0.0273775216138
0 0.873338870432 0.284582132565 0.0141196013289 0.0302593659942
0 0.875830564784 0.254322766571 0.0124584717608 0.0273775216138
0 0.90157807309 0.289625360231 0.0141196013289 0.0374639769452
0 0.940199335548 0.313400576369 0.0116279069767 0.0273775216138
0 0.93853820598 0.281700288184 0.0116279069767 0.021613832853
0 0.906561461794 0.331412103746 0.0141196013289 0.0374639769452
0 0.93023255814 0.351585014409 0.0132890365449 0.0374639769452
0 0.914451827243 0.396253602305 0.0182724252492 0.0432276657061
0 0.911129568106 0.461095100865 0.0249169435216 0.0547550432277
0 0.869601328904 0.337896253602 0.0182724252492 0.0475504322767
0 0.848006644518 0.46325648415 0.0282392026578 0.0475504322767
