0 0.309667673716 0.258680555556 0.0332326283988 0.0520833333333
0 0.415407854985 0.234375 0.0191339375629 0.0347222222222
0 0.454179254783 0.2421875 0.0201409869084 0.0399305555556
0 0.568982880161 0.206597222222 0.0181268882175 0.0347222222222
0 0.571500503525 0.1796875 0.0171198388721 0.0260416666667
0 0.628902316213 0.272569444444 0.0191339375629 0.0451388888889
0 0.63192346425 0.231770833333 0.0191339375629 0.0364583333333
0 0.687311178248 0.238715277778 0.0211480362538 0.0399305555556
0 0.68026183283 0.190104166667 0.0171198388721 0.0329861111111
0 0.948640483384 0.253472222222 0.0201409869084 0.0381944444444
