0 0.216029723992 0.375234521576 0.0392781316348 0.0900562851782
0 0.286624203822 0.413696060038 0.0552016985138 0.125703564728
0 0.367834394904 0.514071294559 0.0647558386412 0.12382739212
0 0.390658174098 0.270168855535 0.0233545647558 0.0487804878049
0 0.372080679406 0.142589118199 0.02016985138 0.0375234521576
0 0.444267515924 0.207317073171 0.015923566879 0.031894934334
0 0.472929936306 0.224202626642 0.02016985138 0.0431519699812
0 0.495753715499 0.219512195122 0.0212314225053 0.0450281425891
0 0.590233545648 0.249530956848 0.0233545647558 0.0487804878049
0 0.635350318471 0.251407129456 0.0265392781316 0.0600375234522
0 0.582271762208 0.120075046904 0.0138004246285 0.0300187617261
0 0.60881104034 0.109756097561 0.0116772823779 0.0243902439024
0 0.642250530786 0.121951219512 0.0127388535032 0.0262664165103
