0 0.157664813344 0.537482319661 0.0420969023034 0.0848656294201
0 0.217633042097 0.362093352192 0.0238284352661 0.045261669024
0 0.26330420969 0.34441301273 0.0230341540905 0.041018387553
0 0.286338363781 0.306223479491 0.0166799046863 0.035360678925
0 0.293089753773 0.3585572843 0.0206513105639 0.043847241867
0 0.332406671962 0.370579915134 0.0246227164416 0.045261669024
0 0.343526608419 0.338048090523 0.0214455917395 0.04243281471
0 0.352660841938 0.299858557284 0.0174741858618 0.031117397454
0 0.383240667196 0.277227722772 0.0150913423352 0.031117397454
0 0.401111993646 0.297736916549 0.0174741858618 0.032531824611
0 0.376092136616 0.333097595474 0.0182684670373 0.038189533239
0 0.401509134234 0.345827439887 0.0230341540905 0.0523338048091
0 0.405877680699 0.267326732673 0.0190627482129 0.031117397454
0 0.422160444797 0.251768033946 0.0150913423352 0.02828854314
0 0.432486100079 0.277227722772 0.0150913423352 0.033946251768
0 0.431294678316 0.309052333805 0.0190627482129 0.041018387553
0 0.461874503574 0.335926449788 0.0230341540905 0.043847241867
0 0.463860206513 0.303394625177 0.0206513105639 0.035360678925
0 0.456314535346 0.275813295615 0.0150913423352 0.031117397454
0 0.44837172359 0.251060820368 0.0166799046863 0.024045261669
0 0.464654487689 0.229844413013 0.0142970611597 0.024045261669
0 0.494042891183 0.265205091938 0.0206513105639 0.035360678925
0 0.506751389992 0.241159830269 0.0127084988086 0.024045261669
0 0.512708498809 0.252475247525 0.0135027799841 0.024045261669
0 0.51787132645 0.272277227723 0.0142970611597 0.032531824611
0 0.527799841144 0.253182461103 0.0166799046863 0.033946251768
0 0.548848292295 0.280056577086 0.0206513105639 0.036775106082
0 0.563939634631 0.244695898161 0.0158856235107 0.033946251768
0 0.553216838761 0.219236209335 0.011914217633 0.02828854314
0 0.566719618745 0.217821782178 0.0150913423352 0.02828854314
0 0.584590945195 0.225601131542 0.0142970611597 0.029702970297
0 0.604050833995 0.207920792079 0.0135027799841 0.031117397454
0 0.616362192216 0.214992927864 0.0142970611597 0.022630834512
0 0.498808578237 0.332390381895 0.0206513105639 0.045261669024
0 0.456711675933 0.411598302687 0.0270055599682 0.0509193776521
0 0.530579825258 0.405233380481 0.0270055599682 0.0551626591231
0 0.530579825258 0.365629420085 0.022239872915 0.041018387553
0 0.587370929309 0.364922206506 0.0230341540905 0.0537482319661
0 0.585782366958 0.323903818953 0.0230341540905 0.04243281471
0 0.569896743447 0.445544554455 0.0293884034948 0.0735502121641
0 0.623510722796 0.487270155587 0.0349483717236 0.0777934936351
0 0.693804606831 0.503536067893 0.0420969023034 0.0820367751061
0 0.652899126291 0.369872701556 0.0270055599682 0.0579915134371
0 0.634233518666 0.343705799151 0.0166799046863 0.04243281471
0 0.621127879269 0.30198019802 0.0190627482129 0.041018387553
0 0.625893566322 0.256011315417 0.0174741858618 0.033946251768
0 0.58895949166 0.256011315417 0.011914217633 0.02828854314
0 0.647339158062 0.237623762376 0.0158856235107 0.025459688826
0 0.655679110405 0.21216407355 0.010325655282 0.025459688826
0 0.66719618745 0.225601131542 0.0127084988086 0.029702970297
0 0.657267672756 0.279349363508 0.0166799046863 0.041018387553
0 0.69221604448 0.301272984441 0.0230341540905 0.04243281471
0 0.693804606831 0.252475247525 0.0135027799841 0.032531824611
0 0.667593328038 0.321074964639 0.0198570293884 0.04243281471
0 0.677521842732 0.349363507779 0.0206513105639 0.048090523338
0 0.71882446386 0.263083451202 0.0158856235107 0.04243281471
0 0.730341540905 0.247524752475 0.010325655282 0.022630834512
0 0.72597299444 0.239038189533 0.0127084988086 0.02828854314
0 0.7402700556 0.305516265912 0.0190627482129 0.04243281471
0 0.746227164416 0.26874115983 0.0150913423352 0.031117397454
0 0.756552819698 0.292079207921 0.0135027799841 0.029702970297
0 0.766481334392 0.248231966054 0.0142970611597 0.029702970297
0 0.794281175536 0.248231966054 0.0142970611597 0.032531824611
0 0.799444003177 0.304101838755 0.0150913423352 0.039603960396
0 0.801032565528 0.270155586987 0.0166799046863 0.025459688826
0 0.823669579031 0.264497878359 0.0127084988086 0.033946251768
0 0.837172359015 0.264497878359 0.0127084988086 0.02828854314
0 0.832009531374 0.28783592645 0.0150913423352 0.032531824611
0 0.832009531374 0.323196605375 0.0214455917395 0.041018387553
0 0.792295472597 0.363507779349 0.0214455917395 0.04243281471
0 0.805401111994 0.347949080622 0.0174741858618 0.04243281471
0 0.720810166799 0.405940594059 0.0262112787927 0.0622347949081
0 0.760524225576 0.449080622348 0.0277998411438 0.0608203677511
0 0.825258141382 0.450495049505 0.0317712470214 0.0551626591231
0 0.840349483717 0.380480905233 0.0206513105639 0.0537482319661
0 0.856632247816 0.368458274399 0.0198570293884 0.0523338048091
0 0.870532168388 0.327439886846 0.0158856235107 0.035360678925
0 0.876489277204 0.279349363508 0.0150913423352 0.041018387553
0 0.856632247816 0.258840169731 0.0135027799841 0.036775106082
0 0.89674344718 0.316831683168 0.0142970611597 0.033946251768
0 0.907863383638 0.285007072136 0.0127084988086 0.029702970297
0 0.912231930103 0.303394625177 0.0150913423352 0.024045261669
0 0.908260524226 0.321782178218 0.0135027799841 0.035360678925
0 0.905083399523 0.360678925035 0.0230341540905 0.04243281471
0 0.898729150119 0.411598302687 0.0262112787927 0.0537482319661
0 0.899126290707 0.475954738331 0.0333598093725 0.0749646393211
0 0.790706910246 0.538189533239 0.032565528197 0.0777934936351
