0 0.921229586936 0.227586206897 0.0134486071085 0.0344827586207
0 0.888568683958 0.226724137931 0.0153698366955 0.0465517241379
0 0.871757925072 0.261206896552 0.016330451489 0.05
0 0.922190201729 0.279310344828 0.0172910662824 0.051724137931
0 0.914024975985 0.336206896552 0.0201729106628 0.0689655172414
0 0.834774255524 0.306034482759 0.0230547550432 0.0637931034483
0 0.890009606148 0.45775862069 0.0317002881844 0.0810344827586
0 0.817483189241 0.405172413793 0.030739673391 0.0758620689655
0 0.792507204611 0.126724137931 0.00960614793468 0.0293103448276
0 0.795869356388 0.15 0.0124879923151 0.0379310344828
0 0.810758885687 0.149137931034 0.0134486071085 0.0327586206897
0 0.804034582133 0.212931034483 0.0153698366955 0.0431034482759
0 0.797310278578 0.245689655172 0.0211335254563 0.05
0 0.780499519693 0.312068965517 0.0220941402498 0.0551724137931
0 0.752161383285 0.36724137931 0.030739673391 0.0724137931034
0 0.767531219981 0.231034482759 0.0172910662824 0.0413793103448
0 0.729586935639 0.290517241379 0.0201729106628 0.0568965517241
0 0.698847262248 0.306034482759 0.0240153698367 0.0568965517241
0 0.689241114313 0.231034482759 0.0201729106628 0.051724137931
0 0.722382324688 0.228448275862 0.0192122958694 0.05
0 0.759846301633 0.195689655172 0.0172910662824 0.0396551724138
0 0.744476464938 0.168103448276 0.0153698366955 0.0362068965517
0 0.749759846302 0.128448275862 0.0124879923151 0.0362068965517
0 0.727185398655 0.145689655172 0.0115273775216 0.0327586206897
0 0.702689721422 0.155172413793 0.014409221902 0.0344827586207
0 0.720941402498 0.177586206897 0.016330451489 0.0379310344828
0 0.713736791547 0.105172413793 0.00960614793468 0.0241379310345
0 0.694524495677 0.0991379310345 0.00960614793468 0.0258620689655
0 0.662343900096 0.101724137931 0.0105667627281 0.0241379310345
0 0.680595581172 0.11724137931 0.0105667627281 0.0275862068966
0 0.672910662824 0.171551724138 0.0182516810759 0.0431034482759
0 0.629202689721 0.119827586207 0.0115273775216 0.0258620689655
0 0.638808837656 0.111206896552 0.00960614793468 0.0258620689655
0 0.613832853026 0.110344827586 0.0115273775216 0.0275862068966
0 0.631604226705 0.226724137931 0.0201729106628 0.05
0 0.618635926993 0.161206896552 0.0115273775216 0.0327586206897
0 0.590778097983 0.104310344828 0.00768491834774 0.0189655172414
0 0.599423631124 0.128448275862 0.0115273775216 0.0258620689655
0 0.577329490874 0.120689655172 0.0115273775216 0.0241379310345
0 0.511527377522 0.118965517241 0.0105667627281 0.0241379310345
0 0.528338136407 0.123275862069 0.00960614793468 0.0258620689655
0 0.547550432277 0.124137931034 0.00960614793468 0.0241379310345
0 0.565321805956 0.146551724138 0.0124879923151 0.0275862068966
0 0.585014409222 0.166379310345 0.0134486071085 0.0362068965517
0 0.488472622478 0.135344827586 0.0105667627281 0.0224137931034
0 0.510566762728 0.145689655172 0.0105667627281 0.0293103448276
0 0.524015369837 0.159482758621 0.0124879923151 0.0327586206897
0 0.540826128722 0.141379310345 0.0115273775216 0.0241379310345
0 0.550432276657 0.164655172414 0.0134486071085 0.0362068965517
0 0.559558117195 0.181896551724 0.014409221902 0.0396551724138
0 0.493275696446 0.175 0.014409221902 0.0396551724138
0 0.49855907781 0.184482758621 0.0134486071085 0.0379310344828
0 0.463496637848 0.140517241379 0.0105667627281 0.0258620689655
0 0.421229586936 0.14224137931 0.0105667627281 0.0258620689655
0 0.448607108549 0.162068965517 0.0134486071085 0.0344827586207
0 0.414505283381 0.168965517241 0.014409221902 0.0344827586207
0 0.391450528338 0.196551724138 0.016330451489 0.0379310344828
0 0.418347742555 0.230172413793 0.0182516810759 0.0431034482759
0 0.420268972142 0.202586206897 0.016330451489 0.0396551724138
0 0.444764649376 0.221551724138 0.0172910662824 0.0465517241379
0 0.478386167147 0.231034482759 0.0211335254563 0.0448275862069
0 0.493756003842 0.274137931034 0.0230547550432 0.0551724137931
0 0.344380403458 0.171551724138 0.0105667627281 0.0258620689655
0 0.368876080692 0.198275862069 0.0134486071085 0.0379310344828
0 0.342459173871 0.204310344828 0.016330451489 0.0293103448276
0 0.304514889529 0.212068965517 0.0153698366955 0.0344827586207
0 0.305475504323 0.234482758621 0.0192122958694 0.0379310344828
0 0.33237271854 0.233620689655 0.0153698366955 0.0362068965517
0 0.369356388088 0.247413793103 0.0201729106628 0.0465517241379
0 0.536503362152 0.293103448276 0.0240153698367 0.0586206896552
0 0.576368876081 0.248275862069 0.0211335254563 0.0551724137931
0 0.599903938521 0.328448275862 0.0259365994236 0.0672413793103
0 0.207973102786 0.361206896552 0.0413064361191 0.0844827586207
