0 0.153483992467 0.353233830846 0.0376647834275 0.0762852404643
0 0.257062146893 0.278606965174 0.015065913371 0.0265339966833
0 0.295197740113 0.261194029851 0.0197740112994 0.044776119403
0 0.346516007533 0.210613598673 0.0207156308851 0.0265339966833
0 0.317796610169 0.242951907131 0.0197740112994 0.0348258706468
0 0.317325800377 0.289386401327 0.0188323917137 0.0414593698176
0 0.366760828625 0.251243781095 0.0273069679849 0.0480928689884
0 0.374293785311 0.221393034826 0.0197740112994 0.028192371476
0 0.385122410546 0.195688225539 0.0207156308851 0.0298507462687
0 0.411958568738 0.169983416252 0.0160075329567 0.0315091210614
0 0.424670433145 0.186567164179 0.0244821092279 0.0381426202322
0 0.429378531073 0.221393034826 0.0207156308851 0.0381426202322
0 0.447269303202 0.191542288557 0.0263653483992 0.0381426202322
0 0.456685499058 0.169983416252 0.0225988700565 0.0381426202322
0 0.453389830508 0.224709784411 0.0235404896422 0.044776119403
0 0.476459510358 0.249585406302 0.0244821092279 0.0348258706468
0 0.484934086629 0.132669983416 0.0131826741996 0.0298507462687
0 0.481638418079 0.168325041459 0.0273069679849 0.0348258706468
0 0.488229755179 0.203150912106 0.0235404896422 0.0414593698176
0 0.519774011299 0.203980099502 0.0282485875706 0.0431177446103
0 0.556967984934 0.158374792703 0.0197740112994 0.0381426202322
0 0.535310734463 0.142620232172 0.0178907721281 0.0331674958541
0 0.5131826742 0.0737976782753 0.015065913371 0.0248756218905
0 0.576271186441 0.17495854063 0.0169491525424 0.0348258706468
0 0.583333333333 0.138474295191 0.0254237288136 0.0547263681592
0 0.590395480226 0.0995024875622 0.0188323917137 0.0298507462687
0 0.611111111111 0.058872305141 0.00941619585687 0.0215588723051
0 0.621468926554 0.145107794362 0.0225988700565 0.0381426202322
0 0.647834274953 0.0995024875622 0.0131826741996 0.0232172470978
0 0.673728813559 0.116086235489 0.0141242937853 0.0199004975124
0 0.70527306968 0.0671641791045 0.0131826741996 0.0315091210614
0 0.488700564972 0.300995024876 0.0282485875706 0.0580431177446
0 0.536252354049 0.347429519071 0.0254237288136 0.0414593698176
0 0.571092278719 0.242122719735 0.0273069679849 0.0497512437811
0 0.636534839925 0.205638474295 0.0225988700565 0.0431177446103
0 0.612052730697 0.266998341625 0.0244821092279 0.0364842454395
0 0.59274952919 0.354063018242 0.0310734463277 0.0713101160862
0 0.680790960452 0.3407960199 0.0357815442561 0.06135986733
0 0.661958568738 0.293532338308 0.0376647834275 0.0497512437811
0 0.692561205273 0.22056384743 0.0235404896422 0.0364842454395
0 0.699152542373 0.184908789386 0.0216572504708 0.0348258706468
0 0.741054613936 0.121061359867 0.0188323917137 0.0298507462687
0 0.728813559322 0.147595356551 0.0225988700565 0.0398009950249
0 0.788606403013 0.127694859038 0.0178907721281 0.0331674958541
0 0.767890772128 0.131011608624 0.0235404896422 0.0331674958541
0 0.751883239171 0.145936981758 0.0235404896422 0.0398009950249
0 0.758003766478 0.174129353234 0.0225988700565 0.0298507462687
0 0.748116760829 0.194029850746 0.0160075329567 0.0331674958541
0 0.757062146893 0.240464344942 0.0338983050847 0.0464344941957
0 0.741525423729 0.286069651741 0.0254237288136 0.0580431177446
0 0.774011299435 0.294361525705 0.0282485875706 0.0547263681592
0 0.810263653484 0.250414593698 0.0216572504708 0.0464344941957
0 0.796139359699 0.185737976783 0.0216572504708 0.0331674958541
0 0.841807909605 0.136815920398 0.0112994350282 0.0248756218905
0 0.850753295669 0.183250414594 0.0197740112994 0.0315091210614
0 0.868644067797 0.149253731343 0.0178907721281 0.0331674958541
0 0.895951035782 0.142620232172 0.0178907721281 0.0331674958541
0 0.871939736347 0.240464344942 0.0169491525424 0.0398009950249
0 0.922316384181 0.265339966833 0.0216572504708 0.0497512437811
0 0.887005649718 0.187396351575 0.0207156308851 0.0398009950249
0 0.928907721281 0.203150912106 0.0235404896422 0.0414593698176
0 0.933145009416 0.158374792703 0.015065913371 0.028192371476
0 0.799435028249 0.148424543947 0.0188323917137 0.0315091210614
0 0.519774011299 0.167495854063 0.0282485875706 0.0298507462687
0 0.831920903955 0.161691542289 0.0235404896422 0.0480928689884
0 0.668549905838 0.213101160862 0.0244821092279 0.0580431177446
0 0.672787193974 0.183250414594 0.0178907721281 0.0480928689884
0 0.638888888889 0.12271973466 0.0178907721281 0.0331674958541
0 0.862994350282 0.131011608624 0.0141242937853 0.016583747927
