0 0.208167330677 0.351520572451 0.0398406374502 0.0661896243292
0 0.189243027888 0.248658318426 0.0219123505976 0.0429338103757
0 0.212151394422 0.243291592129 0.0219123505976 0.046511627907
0 0.341135458167 0.214669051878 0.0189243027888 0.0393559928444
0 0.424302788845 0.220930232558 0.0199203187251 0.04114490161
0 0.457669322709 0.198568872987 0.0209163346614 0.0429338103757
0 0.482071713147 0.229874776386 0.0219123505976 0.0483005366726
0 0.49203187251 0.180679785331 0.0199203187251 0.0357781753131
0 0.546812749004 0.190518783542 0.0199203187251 0.0447227191413
0 0.590139442231 0.163685152057 0.0189243027888 0.0375670840787
0 0.620517928287 0.136851520572 0.0159362549801 0.0304114490161
0 0.614541832669 0.236135957066 0.0219123505976 0.0500894454383
0 0.721613545817 0.286225402504 0.0288844621514 0.0608228980322
0 0.839641434263 0.343470483005 0.0258964143426 0.0536672629696
0 0.833167330677 0.226296958855 0.0189243027888 0.0447227191413
0 0.92280876494 0.284436493739 0.0209163346614 0.0393559928444
0 0.886952191235 0.119856887299 0.0129482071713 0.0357781753131
0 0.931772908367 0.157423971377 0.0149402390438 0.0322003577818
