0 0.0858085808581 0.263366336634 0.02200220022 0.039603960396
0 0.201870187019 0.169306930693 0.014301430143 0.0376237623762
0 0.38503850385 0.164356435644 0.013201320132 0.0316831683168
0 0.415841584158 0.224752475248 0.017601760176 0.029702970297
0 0.453795379538 0.235643564356 0.014301430143 0.0356435643564
0 0.518151815182 0.194059405941 0.017601760176 0.0435643564356
0 0.561606160616 0.19801980198 0.023102310231 0.0475247524752
0 0.504400440044 0.116831683168 0.00990099009901 0.0237623762376
0 0.578657865787 0.122772277228 0.013201320132 0.0277227722772
0 0.623762376238 0.270297029703 0.024202420242 0.049504950495
0 0.788228822882 0.227722772277 0.018701870187 0.039603960396
0 0.813531353135 0.278217821782 0.020902090209 0.049504950495
0 0.924642464246 0.269306930693 0.014301430143 0.0356435643564
0 0.937843784378 0.19801980198 0.016501650165 0.0356435643564
