0 0.0786516853933 0.5464 0.0481540930979 0.0976
0 0.203852327448 0.2776 0.0208667736758 0.0496
0 0.229935794543 0.272 0.0248796147673 0.048
0 0.279695024077 0.2384 0.0200642054575 0.0448
0 0.310593900482 0.2384 0.0192616372392 0.0416
0 0.310593900482 0.2112 0.0192616372392 0.048
0 0.33025682183 0.2256 0.0168539325843 0.048
0 0.347913322632 0.216 0.0184590690209 0.0448
0 0.366372391653 0.2624 0.0184590690209 0.0512
0 0.397672552167 0.2424 0.0200642054575 0.0432
0 0.368378812199 0.1976 0.0176565008026 0.04
0 0.390048154093 0.1952 0.016051364366 0.0384
0 0.433386837881 0.1944 0.0192616372392 0.0432
0 0.443820224719 0.1656 0.0176565008026 0.0368
0 0.469903691814 0.2424 0.0216693418941 0.0432
0 0.432182985554 0.3208 0.0232744783307 0.0656
0 0.494382022472 0.2072 0.0192616372392 0.0432
0 0.481540930979 0.176 0.016051364366 0.0384
0 0.466693418941 0.172 0.0168539325843 0.0368
0 0.454654895666 0.1648 0.0120385232745 0.0288
0 0.494783306581 0.1544 0.0168539325843 0.0368
0 0.518459069021 0.172 0.0224719101124 0.0432
0 0.549759229535 0.2144 0.0176565008026 0.0384
0 0.552969502408 0.1416 0.0128410914928 0.04
0 0.562600321027 0.164 0.0144462279294 0.0304
0 0.578250401284 0.1368 0.0152487961477 0.0336
0 0.597913322632 0.1288 0.0144462279294 0.0336
0 0.607142857143 0.1568 0.0168539325843 0.032
0 0.606741573034 0.1832 0.0144462279294 0.0368
0 0.581861958266 0.1768 0.0176565008026 0.0336
0 0.621990369181 0.2 0.0176565008026 0.0416
0 0.630417335474 0.1328 0.0152487961477 0.0384
0 0.655296950241 0.1488 0.0136436597111 0.0352
0 0.657303370787 0.1872 0.0176565008026 0.0384
0 0.666934189406 0.1336 0.016051364366 0.0368
0 0.691011235955 0.1408 0.0144462279294 0.0352
0 0.709069020867 0.1536 0.0136436597111 0.0384
0 0.689406099518 0.1696 0.0176565008026 0.0384
0 0.569020866774 0.2144 0.0176565008026 0.0384
0 0.575040128411 0.3296 0.0232744783307 0.0544
0 0.596709470305 0.3824 0.029695024077 0.064
0 0.613964686998 0.288 0.0272873194222 0.0544
0 0.664125200642 0.2504 0.0216693418941 0.0528
0 0.697030497592 0.2192 0.0184590690209 0.0416
0 0.658105939005 0.3888 0.0256821829856 0.0608
0 0.725120385233 0.3864 0.029695024077 0.0624
0 0.795345104334 0.4416 0.0321027287319 0.08
0 0.874398073836 0.4712 0.0345104333868 0.072
0 0.725922953451 0.26 0.0216693418941 0.0528
0 0.752006420546 0.2896 0.0208667736758 0.0416
0 0.742776886035 0.2288 0.0168539325843 0.0448
0 0.747191011236 0.188 0.016051364366 0.0368
0 0.770866773676 0.184 0.0152487961477 0.0416
0 0.781701444623 0.204 0.0144462279294 0.04
0 0.796548956661 0.2544 0.0184590690209 0.0544
0 0.813402889246 0.2904 0.0264847512039 0.056
0 0.819823434992 0.2256 0.0168539325843 0.0416
0 0.808988764045 0.188 0.0176565008026 0.04
0 0.841492776886 0.2128 0.0152487961477 0.0352
0 0.869181380417 0.2264 0.0144462279294 0.04
0 0.878812199037 0.224 0.0128410914928 0.0352
0 0.900481540931 0.2528 0.0144462279294 0.0352
0 0.906902086677 0.228 0.0128410914928 0.0304
0 0.888844301766 0.2912 0.0200642054575 0.0448
0 0.867576243981 0.3096 0.0208667736758 0.0528
0 0.847913322632 0.368 0.0232744783307 0.0608
0 0.887239165329 0.3856 0.0248796147673 0.0672
0 0.927367576244 0.3232 0.0200642054575 0.0512
0 0.92937399679 0.2712 0.0176565008026 0.0464
0 0.947833065811 0.244 0.016051364366 0.0432
0 0.954654895666 0.4256 0.0232744783307 0.0672
0 0.947030497592 0.3688 0.0224719101124 0.0592
0 0.973113964687 0.3536 0.0200642054575 0.0544
0 0.974317817014 0.3088 0.0144462279294 0.0352
0 0.985553772071 0.26 0.016051364366 0.0464
