0 0.0628299894403 0.346226415094 0.0306230200634 0.0509433962264
0 0.296198521647 0.217924528302 0.0158394931362 0.0283018867925
0 0.30464625132 0.242452830189 0.0179514255544 0.0358490566038
0 0.334213305174 0.231132075472 0.0179514255544 0.0358490566038
0 0.334213305174 0.17641509434 0.0158394931362 0.0358490566038
0 0.35110876452 0.195283018868 0.0158394931362 0.0320754716981
0 0.379619852165 0.192452830189 0.0158394931362 0.0377358490566
0 0.360084477297 0.246226415094 0.0190073917635 0.0396226415094
0 0.373812038015 0.266981132075 0.0232312565998 0.0471698113208
0 0.402851108765 0.191509433962 0.0179514255544 0.0396226415094
0 0.414994720169 0.203773584906 0.0168954593453 0.0415094339623
0 0.420274551214 0.174528301887 0.0168954593453 0.0320754716981
0 0.424498416051 0.149056603774 0.0168954593453 0.0301886792453
0 0.449841605069 0.166981132075 0.0190073917635 0.0396226415094
0 0.44297782471 0.222641509434 0.0200633579725 0.0452830188679
0 0.489440337909 0.215094339623 0.0200633579725 0.0415094339623
0 0.479408658923 0.181132075472 0.0190073917635 0.0377358490566
0 0.470432946146 0.156603773585 0.0137275607181 0.0264150943396
0 0.475184794087 0.140566037736 0.0168954593453 0.0207547169811
0 0.490496304118 0.130188679245 0.0137275607181 0.0264150943396
0 0.500527983105 0.155660377358 0.0147835269271 0.0283018867925
0 0.513199577614 0.144339622642 0.012671594509 0.0207547169811
0 0.506335797254 0.116981132075 0.0137275607181 0.0264150943396
0 0.528511087645 0.124528301887 0.0116156282999 0.0264150943396
0 0.525343189018 0.171698113208 0.0158394931362 0.0301886792453
0 0.547518479409 0.196226415094 0.0200633579725 0.0377358490566
0 0.553854276663 0.158490566038 0.0158394931362 0.0301886792453
0 0.552798310454 0.133018867925 0.0116156282999 0.0245283018868
0 0.549102428722 0.119811320755 0.0147835269271 0.0358490566038
0 0.491024287223 0.300943396226 0.0295670538543 0.0584905660377
0 0.551742344245 0.306603773585 0.0306230200634 0.0584905660377
0 0.580781414995 0.246226415094 0.0274551214361 0.0584905660377
0 0.589757127772 0.170754716981 0.0221752903907 0.0396226415094
0 0.57444561774 0.128301886792 0.0147835269271 0.0301886792453
0 0.583421330517 0.111320754717 0.0158394931362 0.0301886792453
0 0.601372756072 0.121698113208 0.0179514255544 0.0320754716981
0 0.62090813094 0.157547169811 0.0147835269271 0.0320754716981
0 0.627243928194 0.129245283019 0.0168954593453 0.0283018867925
0 0.633579725449 0.102830188679 0.012671594509 0.0283018867925
0 0.655227032735 0.124528301887 0.0158394931362 0.0301886792453
0 0.668426610348 0.0971698113208 0.0147835269271 0.0320754716981
0 0.68954593453 0.122641509434 0.0147835269271 0.0264150943396
0 0.693241816262 0.0981132075472 0.0116156282999 0.022641509434
0 0.711721224921 0.108490566038 0.0147835269271 0.0320754716981
0 0.652587117212 0.187735849057 0.0190073917635 0.0396226415094
0 0.62671594509 0.21320754717 0.0221752903907 0.0339622641509
0 0.630411826822 0.23679245283 0.0211193241816 0.0433962264151
0 0.607708553326 0.337735849057 0.0306230200634 0.0679245283019
0 0.680042238648 0.245283018868 0.0232312565998 0.0528301886792
0 0.715417106653 0.216981132075 0.0221752903907 0.0528301886792
0 0.684266103485 0.345283018868 0.0380147835269 0.0716981132075
0 0.755543822598 0.381132075472 0.0327349524815 0.0679245283019
0 0.811510031679 0.425471698113 0.039070749736 0.0660377358491
0 0.909714889124 0.425471698113 0.0369588173178 0.088679245283
0 0.92555438226 0.344339622642 0.0306230200634 0.0622641509434
0 0.920274551214 0.283962264151 0.0221752903907 0.0547169811321
0 0.9535374868 0.22358490566 0.0168954593453 0.0396226415094
0 0.87909186906 0.219811320755 0.0200633579725 0.0433962264151
0 0.869588173178 0.26320754717 0.0200633579725 0.0471698113208
0 0.836325237592 0.343396226415 0.025343189018 0.0528301886792
0 0.779303062302 0.315094339623 0.0232312565998 0.0566037735849
0 0.730728616684 0.302830188679 0.025343189018 0.0547169811321
0 0.777719112988 0.265094339623 0.0285110876452 0.0509433962264
0 0.799894403379 0.233018867925 0.0200633579725 0.0433962264151
0 0.824181626188 0.262264150943 0.0221752903907 0.0641509433962
0 0.707497360084 0.172641509434 0.0168954593453 0.0320754716981
0 0.700633579725 0.152830188679 0.0158394931362 0.0339622641509
0 0.732840549102 0.141509433962 0.012671594509 0.0301886792453
0 0.744984160507 0.160377358491 0.0158394931362 0.0415094339623
0 0.761879619852 0.152830188679 0.0158394931362 0.0301886792453
0 0.761351636748 0.130188679245 0.012671594509 0.022641509434
0 0.784582893347 0.133962264151 0.0147835269271 0.0339622641509
0 0.799366420275 0.156603773585 0.0168954593453 0.0377358490566
0 0.764519535375 0.201886792453 0.0211193241816 0.0415094339623
