0 0.108546168959 0.329842931937 0.0304518664047 0.0732984293194
0 0.306974459725 0.208551483421 0.0206286836935 0.0401396160558
0 0.337917485265 0.239092495637 0.0196463654224 0.0453752181501
0 0.409626719057 0.24520069808 0.0216110019646 0.0401396160558
0 0.418467583497 0.167539267016 0.0157170923379 0.0314136125654
0 0.442534381139 0.165794066318 0.016699410609 0.0314136125654
0 0.465618860511 0.166666666667 0.0157170923379 0.0331588132635
0 0.486247544204 0.190226876091 0.0157170923379 0.0314136125654
0 0.494597249509 0.165794066318 0.0147347740668 0.0314136125654
0 0.516699410609 0.200698080279 0.0176817288802 0.0383944153578
0 0.561886051081 0.193717277487 0.0176817288802 0.0383944153578
0 0.867878192534 0.243455497382 0.0225933202358 0.043630017452
0 0.896365422397 0.201570680628 0.016699410609 0.0331588132635
0 0.928781925344 0.246073298429 0.0206286836935 0.0453752181501
0 0.937622789784 0.213787085515 0.0147347740668 0.0366492146597
