0 0.238050609185 0.367380560132 0.0431115276476 0.0955518945634
0 0.19587628866 0.444810543657 0.0449859418932 0.102141680395
0 0.268041237113 0.231466227348 0.0187441424555 0.0444810543657
0 0.334114339269 0.280065897858 0.0215557638238 0.0395387149918
0 0.426429240862 0.285008237232 0.0224929709466 0.0560131795717
0 0.479381443299 0.323723228995 0.0234301780694 0.0543657331137
0 0.385660731022 0.187808896211 0.0178069353327 0.0329489291598
0 0.42221180881 0.214991762768 0.0178069353327 0.0345963756178
0 0.450328022493 0.224876441516 0.0196813495783 0.0313014827018
0 0.447516401125 0.190280065898 0.0140581068416 0.0378912685338
0 0.472352389878 0.202635914333 0.0168697282099 0.0329489291598
0 0.454545454545 0.153212520593 0.00937207122774 0.0263591433278
0 0.470009372071 0.153212520593 0.0121836925961 0.0263591433278
0 0.508434864105 0.174629324547 0.0140581068416 0.0362438220758
0 0.522961574508 0.206754530478 0.0149953139644 0.0345963756178
0 0.53045923149 0.140032948929 0.0149953139644 0.0362438220758
0 0.558106841612 0.150741350906 0.0121836925961 0.0313014827018
0 0.579662605436 0.160626029654 0.0121836925961 0.0313014827018
0 0.574976569822 0.108731466227 0.0103092783505 0.0263591433278
0 0.638706654171 0.0971993410214 0.0140581068416 0.0395387149918
0 0.685567010309 0.0980230642504 0.0121836925961 0.0313014827018
0 0.720243673852 0.0782537067545 0.0121836925961 0.0247116968699
0 0.609184629803 0.242174629325 0.0243673851921 0.0428336079077
0 0.655107778819 0.248764415157 0.020618556701 0.0494233937397
0 0.719306466729 0.280889621087 0.0234301780694 0.0510708401977
0 0.772258669166 0.307248764415 0.0224929709466 0.0510708401977
0 0.87488284911 0.225700164745 0.0159325210872 0.0395387149918
0 0.850984067479 0.197693574959 0.0168697282099 0.0461285008237
0 0.800374882849 0.183690280066 0.0131208997188 0.0313014827018
0 0.684161199625 0.15568369028 0.0168697282099 0.0378912685338
0 0.71274601687 0.148270181219 0.0159325210872 0.0362438220758
0 0.72961574508 0.163097199341 0.0121836925961 0.0296540362438
0 0.748828491097 0.144975288303 0.0149953139644 0.0395387149918
0 0.758200562324 0.17215815486 0.0168697282099 0.0313014827018
0 0.752108716026 0.109555189456 0.0103092783505 0.0345963756178
0 0.812558575445 0.129324546952 0.00937207122774 0.0313014827018
0 0.484536082474 0.134266886326 0.0112464854733 0.0214168039539
0 0.480787253983 0.165568369028 0.0149953139644 0.0280065897858
