0 0.137459807074 0.562853107345 0.0369774919614 0.0748587570621
0 0.221463022508 0.349576271186 0.0184887459807 0.0353107344633
0 0.257234726688 0.360875706215 0.0225080385852 0.0409604519774
0 0.290594855305 0.361581920904 0.0217041800643 0.0423728813559
0 0.31229903537 0.389830508475 0.0249196141479 0.0508474576271
0 0.301848874598 0.305790960452 0.0168810289389 0.0324858757062
0 0.352893890675 0.300141242938 0.016077170418 0.0324858757062
0 0.347266881029 0.340395480226 0.0225080385852 0.0367231638418
0 0.378617363344 0.327683615819 0.016077170418 0.0395480225989
0 0.385852090032 0.276129943503 0.0192926045016 0.0381355932203
0 0.404742765273 0.295903954802 0.0152733118971 0.0353107344633
0 0.408762057878 0.331920903955 0.0200964630225 0.0395480225989
0 0.434887459807 0.346751412429 0.0192926045016 0.0466101694915
0 0.405546623794 0.267655367232 0.0168810289389 0.0296610169492
0 0.424839228296 0.276129943503 0.0168810289389 0.0296610169492
0 0.423231511254 0.25 0.0136655948553 0.0254237288136
0 0.439710610932 0.300141242938 0.016077170418 0.0324858757062
0 0.466237942122 0.309322033898 0.0176848874598 0.0338983050847
0 0.474276527331 0.273305084746 0.016077170418 0.0296610169492
0 0.448553054662 0.25 0.0144694533762 0.0282485875706
0 0.466639871383 0.238700564972 0.0120578778135 0.0254237288136
0 0.489951768489 0.276836158192 0.0184887459807 0.0367231638418
0 0.513665594855 0.252118644068 0.0128617363344 0.0268361581921
0 0.521302250804 0.272598870056 0.0168810289389 0.0310734463277
0 0.532154340836 0.257062146893 0.0144694533762 0.0310734463277
0 0.556270096463 0.215395480226 0.0128617363344 0.021186440678
0 0.57154340836 0.238700564972 0.0112540192926 0.0254237288136
0 0.594051446945 0.223163841808 0.0144694533762 0.0254237288136
0 0.605707395498 0.209039548023 0.0136655948553 0.0282485875706
0 0.618167202572 0.218220338983 0.0112540192926 0.0268361581921
0 0.592041800643 0.253531073446 0.0152733118971 0.0324858757062
0 0.623794212219 0.264830508475 0.0144694533762 0.0324858757062
0 0.546221864952 0.281073446328 0.0168810289389 0.0338983050847
0 0.460610932476 0.407485875706 0.0257234726688 0.0579096045198
0 0.500803858521 0.326271186441 0.0192926045016 0.045197740113
0 0.563102893891 0.268361581921 0.0184887459807 0.0367231638418
0 0.528938906752 0.375706214689 0.0257234726688 0.0564971751412
0 0.526125401929 0.432203389831 0.0297427652733 0.0536723163842
0 0.573553054662 0.445621468927 0.0329581993569 0.0635593220339
0 0.590434083601 0.372881355932 0.0265273311897 0.0508474576271
0 0.590434083601 0.322740112994 0.0233118971061 0.0466101694915
0 0.626607717042 0.29802259887 0.0233118971061 0.045197740113
0 0.625803858521 0.469632768362 0.0329581993569 0.0748587570621
0 0.661173633441 0.370762711864 0.0265273311897 0.0522598870056
0 0.638263665595 0.340395480226 0.0209003215434 0.045197740113
0 0.681672025723 0.346751412429 0.0225080385852 0.0437853107345
0 0.691720257235 0.296610169492 0.0200964630225 0.0395480225989
0 0.661977491961 0.284604519774 0.0200964630225 0.0437853107345
0 0.663585209003 0.232344632768 0.0104501607717 0.0268361581921
0 0.66036977492 0.207627118644 0.0120578778135 0.0225988700565
0 0.674437299035 0.223163841808 0.0128617363344 0.0310734463277
0 0.698151125402 0.245056497175 0.0120578778135 0.0353107344633
0 0.728295819936 0.25918079096 0.0144694533762 0.0296610169492
0 0.730305466238 0.242231638418 0.0136655948553 0.024011299435
0 0.735932475884 0.23093220339 0.0136655948553 0.0268361581921
0 0.698553054662 0.510593220339 0.0353697749196 0.0833333333333
0 0.715032154341 0.401836158192 0.0297427652733 0.0550847457627
0 0.767282958199 0.44209039548 0.0313504823151 0.0593220338983
0 0.799437299035 0.541666666667 0.0361736334405 0.0805084745763
0 0.83078778135 0.46115819209 0.0329581993569 0.0579096045198
0 0.844855305466 0.412429378531 0.0289389067524 0.0564971751412
0 0.796623794212 0.361581920904 0.024115755627 0.0480225988701
0 0.809887459807 0.34604519774 0.0184887459807 0.0423728813559
0 0.74959807074 0.298728813559 0.0168810289389 0.0381355932203
0 0.755225080386 0.278248587571 0.0120578778135 0.0254237288136
0 0.774115755627 0.266242937853 0.0176848874598 0.0324858757062
0 0.769292604502 0.242231638418 0.0144694533762 0.0296610169492
0 0.790192926045 0.261299435028 0.0144694533762 0.0282485875706
0 0.811093247588 0.307203389831 0.0176848874598 0.0409604519774
0 0.8038585209 0.283898305085 0.0144694533762 0.0338983050847
0 0.828376205788 0.264124293785 0.0136655948553 0.0338983050847
0 0.844453376206 0.274011299435 0.0152733118971 0.0423728813559
0 0.837620578778 0.309322033898 0.0176848874598 0.0480225988701
0 0.859324758842 0.258474576271 0.0144694533762 0.0310734463277
0 0.885048231511 0.283898305085 0.0176848874598 0.0395480225989
0 0.877009646302 0.322740112994 0.0144694533762 0.0353107344633
0 0.870578778135 0.35593220339 0.0209003215434 0.0508474576271
0 0.898713826367 0.410310734463 0.0225080385852 0.0607344632768
0 0.900723472669 0.483050847458 0.0265273311897 0.0649717514124
0 0.915192926045 0.350988700565 0.0200964630225 0.0437853107345
0 0.905546623794 0.313559322034 0.0168810289389 0.0367231638418
0 0.920418006431 0.30790960452 0.0128617363344 0.0395480225989
