0 0.192917547569 0.358348968105 0.0412262156448 0.0712945590994
0 0.290697674419 0.210131332083 0.014799154334 0.0300187617261
0 0.301797040169 0.22607879925 0.0137420718816 0.0281425891182
0 0.315010570825 0.242026266417 0.0169133192389 0.0375234521576
0 0.345137420719 0.253283302064 0.0200845665962 0.0412757973734
0 0.381078224101 0.243902439024 0.0158562367865 0.0300187617261
0 0.415433403805 0.225140712946 0.0190274841438 0.0375234521576
0 0.410147991543 0.205440900563 0.014799154334 0.0281425891182
0 0.38689217759 0.199812382739 0.014799154334 0.0281425891182
0 0.370507399577 0.19512195122 0.0158562367865 0.0337711069418
0 0.350951374207 0.184803001876 0.0169133192389 0.0243902439024
0 0.341966173362 0.169793621013 0.0137420718816 0.0281425891182
0 0.439217758985 0.21669793621 0.0158562367865 0.031894934334
0 0.48044397463 0.21669793621 0.0137420718816 0.0356472795497
0 0.416490486258 0.173545966229 0.014799154334 0.0281425891182
0 0.420190274841 0.137898686679 0.0116279069767 0.0243902439024
0 0.446088794926 0.166041275797 0.014799154334 0.0206378986867
0 0.471987315011 0.177298311445 0.0158562367865 0.0243902439024
0 0.471987315011 0.148217636023 0.00951374207188 0.0225140712946
0 0.471458773784 0.12851782364 0.0126849894292 0.0206378986867
0 0.496300211416 0.148217636023 0.0116279069767 0.0225140712946
0 0.497885835095 0.1191369606 0.0105708245243 0.0206378986867
0 0.506871035941 0.137898686679 0.00951374207188 0.0206378986867
0 0.521141649049 0.122889305816 0.0105708245243 0.0206378986867
0 0.52378435518 0.15009380863 0.0137420718816 0.0225140712946
0 0.502642706131 0.188555347092 0.0158562367865 0.031894934334
0 0.538583509514 0.188555347092 0.0158562367865 0.0281425891182
0 0.547568710359 0.152908067542 0.0126849894292 0.0281425891182
0 0.549154334038 0.118198874296 0.0116279069767 0.0225140712946
0 0.545454545455 0.137898686679 0.0105708245243 0.0168855534709
0 0.570824524313 0.120075046904 0.0105708245243 0.0262664165103
0 0.559725158562 0.143527204503 0.00951374207188 0.0206378986867
0 0.580866807611 0.166979362101 0.0137420718816 0.0300187617261
0 0.596194503171 0.124765478424 0.0126849894292 0.0281425891182
0 0.580866807611 0.110694183865 0.0137420718816 0.0262664165103
0 0.605179704017 0.109756097561 0.00951374207188 0.0243902439024
0 0.614164904863 0.117260787992 0.00845665961945 0.0206378986867
0 0.624735729387 0.125703564728 0.0105708245243 0.0300187617261
0 0.618393234672 0.156660412758 0.0126849894292 0.031894934334
0 0.653805496829 0.136960600375 0.0137420718816 0.0300187617261
0 0.656976744186 0.110694183865 0.00951374207188 0.0187617260788
0 0.666490486258 0.100375234522 0.00951374207188 0.0243902439024
0 0.686575052854 0.118198874296 0.00951374207188 0.0225140712946
0 0.693446088795 0.100375234522 0.0105708245243 0.0206378986867
0 0.708773784355 0.103189493433 0.0116279069767 0.0262664165103
0 0.494186046512 0.272983114447 0.0243128964059 0.0506566604128
0 0.539640591966 0.280487804878 0.0285412262156 0.0581613508443
0 0.597251585624 0.333958724203 0.0274841437632 0.0600375234522
0 0.575052854123 0.233583489681 0.0211416490486 0.0431519699812
0 0.618393234672 0.260787992495 0.0211416490486 0.0450281425891
0 0.615750528541 0.206378986867 0.0158562367865 0.0375234521576
0 0.670718816068 0.253283302064 0.0243128964059 0.0450281425891
0 0.67177589852 0.178236397749 0.0158562367865 0.0300187617261
0 0.700845665962 0.188555347092 0.014799154334 0.0393996247655
0 0.696088794926 0.306754221388 0.0243128964059 0.0506566604128
0 0.725687103594 0.292682926829 0.0200845665962 0.0487804878049
0 0.748942917548 0.363977485929 0.0264270613108 0.0600375234522
0 0.815010570825 0.415572232645 0.0274841437632 0.0581613508443
0 0.893234672304 0.440900562852 0.0295983086681 0.0675422138837
0 0.912262156448 0.346153846154 0.0253699788584 0.0581613508443
0 0.918604651163 0.282363977486 0.0190274841438 0.0544090056285
0 0.9455602537 0.214821763602 0.0179704016913 0.0393996247655
0 0.884778012685 0.225140712946 0.0190274841438 0.0337711069418
0 0.866279069767 0.255159474672 0.0200845665962 0.0450281425891
0 0.83245243129 0.320825515947 0.0221987315011 0.0487804878049
0 0.786469344609 0.302063789869 0.0232558139535 0.0450281425891
0 0.816596194503 0.253283302064 0.0200845665962 0.0375234521576
0 0.793868921776 0.224202626642 0.014799154334 0.0393996247655
0 0.763213530655 0.230769230769 0.0211416490486 0.0375234521576
0 0.721458773784 0.218574108818 0.0179704016913 0.0393996247655
0 0.753699788584 0.184803001876 0.014799154334 0.0281425891182
0 0.737843551797 0.15947467167 0.0126849894292 0.0262664165103
0 0.725158562368 0.153846153846 0.0105708245243 0.0300187617261
0 0.746828752643 0.131332082552 0.0116279069767 0.0262664165103
0 0.760042283298 0.155722326454 0.0105708245243 0.0262664165103
0 0.768498942918 0.146341463415 0.0126849894292 0.0300187617261
0 0.792283298097 0.152908067542 0.0158562367865 0.0356472795497
