0 0.165861513688 0.474053295933 0.0499194847021 0.0785413744741
0 0.293880837359 0.267180925666 0.0225442834138 0.0434782608696
0 0.307568438003 0.23492286115 0.0177133655395 0.0378681626928
0 0.340177133655 0.255960729313 0.0201288244767 0.0378681626928
0 0.332528180354 0.227208976157 0.0161030595813 0.0336605890603
0 0.366344605475 0.253856942496 0.0209339774557 0.0420757363254
0 0.376811594203 0.229312762973 0.0161030595813 0.0350631136045
0 0.363929146538 0.217391304348 0.0161030595813 0.0364656381487
0 0.39694041868 0.280504908836 0.0257648953301 0.0504908835905
0 0.40499194847 0.225105189341 0.0193236714976 0.0350631136045
0 0.423107890499 0.18793828892 0.0152979066023 0.0336605890603
0 0.450885668277 0.211781206171 0.0209339774557 0.0364656381487
0 0.435185185185 0.187237026648 0.0201288244767 0.0406732117812
0 0.450885668277 0.180224403927 0.0161030595813 0.0322580645161
0 0.451690821256 0.152875175316 0.0161030595813 0.0280504908836
0 0.474637681159 0.169004207574 0.0152979066023 0.0322580645161
0 0.464975845411 0.157082748948 0.012077294686 0.0280504908836
0 0.481481481481 0.142356241234 0.0144927536232 0.0322580645161
0 0.49114331723 0.18793828892 0.0225442834138 0.0448807854137
0 0.503623188406 0.220196353436 0.0201288244767 0.0476858345021
0 0.52576489533 0.162692847125 0.0177133655395 0.0364656381487
0 0.518921095008 0.141654978962 0.0152979066023 0.0252454417952
0 0.512882447665 0.126928471248 0.0128824476651 0.0210378681627
0 0.538647342995 0.179523141655 0.0161030595813 0.039270687237
0 0.547504025765 0.134642356241 0.0161030595813 0.0336605890603
0 0.561191626409 0.138849929874 0.0161030595813 0.0280504908836
0 0.582125603865 0.161290322581 0.0177133655395 0.0364656381487
0 0.566827697262 0.10729312763 0.0128824476651 0.0294530154278
0 0.596215780998 0.126928471248 0.012077294686 0.0266479663394
0 0.615136876006 0.150771388499 0.0177133655395 0.0350631136045
0 0.61191626409 0.12412342216 0.0144927536232 0.0294530154278
0 0.585748792271 0.115708274895 0.0104669887279 0.0238429172511
0 0.621175523349 0.0967741935484 0.0104669887279 0.0224403927069
0 0.640096618357 0.0981767180926 0.0128824476651 0.0252454417952
0 0.648953301127 0.13744740533 0.0193236714976 0.0364656381487
0 0.669887278583 0.129733520337 0.0128824476651 0.0294530154278
0 0.675925925926 0.100280504909 0.012077294686 0.0294530154278
0 0.691223832528 0.110098176718 0.0136876006441 0.0294530154278
0 0.688003220612 0.155680224404 0.0169082125604 0.0336605890603
0 0.686392914654 0.192145862553 0.0201288244767 0.0364656381487
0 0.664653784219 0.215988779804 0.0233494363929 0.0476858345021
0 0.538647342995 0.291725105189 0.0305958132045 0.070126227209
0 0.565217391304 0.236325385694 0.0257648953301 0.0490883590463
0 0.607487922705 0.243338008415 0.024959742351 0.0603085553997
0 0.62922705314 0.197755960729 0.0217391304348 0.0476858345021
0 0.673913043478 0.262272089762 0.0225442834138 0.0532959326788
0 0.617552334944 0.329593267882 0.0322061191626 0.070126227209
0 0.824879227053 0.386395511921 0.0410628019324 0.085553997195
0 0.88808373591 0.441093969144 0.0434782608696 0.0827489481066
0 0.712157809984 0.224403927069 0.0217391304348 0.0561009817672
0 0.757246376812 0.242636746143 0.024959742351 0.0589060308555
0 0.727858293076 0.185834502104 0.0177133655395 0.0378681626928
0 0.728663446055 0.132538569425 0.0161030595813 0.0350631136045
0 0.745974235105 0.140252454418 0.0169082125604 0.0336605890603
0 0.750805152979 0.112201963534 0.0152979066023 0.0280504908836
0 0.760064412238 0.177419354839 0.0161030595813 0.0378681626928
0 0.780998389694 0.151472650771 0.0161030595813 0.0364656381487
0 0.797504025765 0.109396914446 0.0152979066023 0.0252454417952
0 0.814412238325 0.122019635344 0.012077294686 0.0336605890603
0 0.828502415459 0.152875175316 0.0128824476651 0.0364656381487
0 0.838164251208 0.136044880785 0.0112721417069 0.0336605890603
0 0.844202898551 0.120617110799 0.012077294686 0.0252454417952
0 0.849033816425 0.180925666199 0.0152979066023 0.0364656381487
0 0.833333333333 0.214586255259 0.0161030595813 0.039270687237
0 0.824476650564 0.252454417952 0.0177133655395 0.0448807854137
0 0.783816425121 0.207573632539 0.0201288244767 0.039270687237
0 0.842592592593 0.238429172511 0.0185185185185 0.0364656381487
0 0.849436392915 0.287517531557 0.0273752012882 0.0673211781206
0 0.867954911433 0.269284712482 0.0209339774557 0.0589060308555
0 0.779388083736 0.308555399719 0.0322061191626 0.0645161290323
0 0.928341384863 0.326086956522 0.0322061191626 0.0659186535764
0 0.919082125604 0.265778401122 0.024959742351 0.0631136044881
0 0.925523349436 0.233520336606 0.0217391304348 0.0462833099579
0 0.942834138486 0.207573632539 0.0193236714976 0.039270687237
0 0.897342995169 0.186535764376 0.0169082125604 0.0336605890603
0 0.880837359098 0.229312762973 0.0193236714976 0.0518934081346
0 0.873590982287 0.189340813464 0.0144927536232 0.0308555399719
0 0.869162640902 0.154978962132 0.0136876006441 0.0350631136045
0 0.881239935588 0.140252454418 0.0152979066023 0.0336605890603
0 0.90499194847 0.153576437588 0.0161030595813 0.0378681626928
0 0.917874396135 0.138148667602 0.0161030595813 0.0322580645161
0 0.935990338164 0.156381486676 0.0152979066023 0.0378681626928
0 0.805555555556 0.183029453015 0.0217391304348 0.0378681626928
