0 0.209745762712 0.359022556391 0.0508474576271 0.0902255639098
0 0.269597457627 0.234022556391 0.0180084745763 0.0281954887218
0 0.292902542373 0.173872180451 0.0158898305085 0.031954887218
0 0.335805084746 0.15507518797 0.0169491525424 0.0394736842105
0 0.342690677966 0.231203007519 0.0201271186441 0.0413533834586
0 0.376059322034 0.118421052632 0.0127118644068 0.0263157894737
0 0.395127118644 0.123120300752 0.0127118644068 0.031954887218
0 0.390360169492 0.228383458647 0.0222457627119 0.0432330827068
0 0.421080508475 0.257518796992 0.0222457627119 0.0375939849624
0 0.4375 0.173872180451 0.0148305084746 0.0357142857143
0 0.462394067797 0.109962406015 0.0158898305085 0.0244360902256
0 0.482521186441 0.162593984962 0.0180084745763 0.046992481203
0 0.514300847458 0.115601503759 0.0137711864407 0.0281954887218
0 0.501059322034 0.128759398496 0.00847457627119 0.0206766917293
0 0.540254237288 0.171992481203 0.0127118644068 0.0281954887218
0 0.503177966102 0.15507518797 0.0127118644068 0.0244360902256
0 0.53813559322 0.139097744361 0.00847457627119 0.0300751879699
0 0.532838983051 0.119360902256 0.010593220339 0.0206766917293
0 0.549788135593 0.122180451128 0.010593220339 0.0263157894737
0 0.585805084746 0.117481203008 0.0148305084746 0.0357142857143
0 0.585805084746 0.247180451128 0.0190677966102 0.0507518796992
0 0.55561440678 0.193609022556 0.0137711864407 0.0375939849624
0 0.605402542373 0.102443609023 0.00953389830508 0.0206766917293
0 0.63718220339 0.102443609023 0.0137711864407 0.0281954887218
0 0.619173728814 0.128759398496 0.0180084745763 0.046992481203
0 0.665783898305 0.107142857143 0.0137711864407 0.0338345864662
0 0.682733050847 0.0911654135338 0.0137711864407 0.031954887218
0 0.629237288136 0.247180451128 0.0190677966102 0.046992481203
0 0.667372881356 0.175751879699 0.021186440678 0.0432330827068
0 0.708156779661 0.119360902256 0.0137711864407 0.031954887218
0 0.676906779661 0.263157894737 0.0190677966102 0.0451127819549
0 0.679555084746 0.21522556391 0.0222457627119 0.046992481203
0 0.706038135593 0.176691729323 0.0158898305085 0.0300751879699
0 0.715572033898 0.208646616541 0.0137711864407 0.0338345864662
0 0.726165254237 0.240601503759 0.0201271186441 0.0413533834586
0 0.731461864407 0.273496240602 0.0222457627119 0.046992481203
0 0.747881355932 0.113721804511 0.0190677966102 0.0394736842105
0 0.728813559322 0.140977443609 0.0148305084746 0.0263157894737
0 0.783368644068 0.154135338346 0.0180084745763 0.0375939849624
0 0.773834745763 0.247180451128 0.0201271186441 0.0507518796992
0 0.799258474576 0.289473684211 0.0222457627119 0.0451127819549
0 0.798728813559 0.162593984962 0.0148305084746 0.031954887218
0 0.80031779661 0.125939849624 0.0180084745763 0.0338345864662
0 0.817796610169 0.138157894737 0.0148305084746 0.0357142857143
0 0.853813559322 0.107142857143 0.0169491525424 0.0263157894737
0 0.852224576271 0.152255639098 0.0201271186441 0.0263157894737
0 0.837923728814 0.179511278195 0.0190677966102 0.031954887218
0 0.85593220339 0.190789473684 0.0190677966102 0.031954887218
0 0.845868644068 0.221804511278 0.0201271186441 0.0338345864662
0 0.872881355932 0.178571428571 0.0148305084746 0.0338345864662
0 0.862288135593 0.294172932331 0.0254237288136 0.0545112781955
0 0.867055084746 0.246240601504 0.0243644067797 0.0338345864662
0 0.89406779661 0.218045112782 0.0169491525424 0.0375939849624
0 0.91313559322 0.164473684211 0.0148305084746 0.0357142857143
0 0.936440677966 0.167293233083 0.0148305084746 0.0488721804511
0 0.948093220339 0.165413533835 0.010593220339 0.0338345864662
0 0.979343220339 0.149436090226 0.0116525423729 0.0394736842105
0 0.941737288136 0.218984962406 0.0190677966102 0.0432330827068
0 0.916843220339 0.272556390977 0.0243644067797 0.0451127819549
0 0.936970338983 0.277255639098 0.0180084745763 0.0432330827068
0 0.900953389831 0.321428571429 0.0307203389831 0.0563909774436
0 0.885063559322 0.151315789474 0.0180084745763 0.0281954887218
0 0.668961864407 0.114661654135 0.0137711864407 0.0300751879699
0 0.42531779661 0.221804511278 0.0201271186441 0.0413533834586
0 0.447033898305 0.145676691729 0.0169491525424 0.0244360902256
