0 0.389990089197 0.272108843537 0.0208126858276 0.0340136054422
0 0.469276511397 0.223639455782 0.0247770069376 0.0323129251701
0 0.507433102081 0.125850340136 0.01189296333 0.0204081632653
0 0.566402378593 0.125850340136 0.0148662041625 0.0238095238095
0 0.578295341923 0.130952380952 0.0109018830525 0.0204081632653
0 0.605550049554 0.117346938776 0.013875123885 0.0170068027211
0 0.640733399405 0.247448979592 0.0267591674926 0.0459183673469
0 0.496531219029 0.320578231293 0.0237859266601 0.0425170068027
0 0.551040634291 0.332482993197 0.0277502477701 0.0459183673469
0 0.654112983152 0.219387755102 0.0237859266601 0.0408163265306
0 0.785926660059 0.284013605442 0.0277502477701 0.0612244897959
0 0.859762140733 0.30612244898 0.0287413280476 0.0544217687075
0 0.917244796829 0.151360544218 0.0168483647175 0.0238095238095
0 0.946481665015 0.159863945578 0.01189296333 0.0272108843537
