0 0.0597310126582 0.325662482566 0.0181962025316 0.0348675034868
0 0.0814873417722 0.333333333333 0.0174050632911 0.0306834030683
0 0.174050632911 0.488842398884 0.0474683544304 0.0767085076709
0 0.322389240506 0.268479776848 0.0197784810127 0.0376569037657
0 0.366693037975 0.266387726639 0.0197784810127 0.0390516039052
0 0.42246835443 0.219665271967 0.0158227848101 0.0292887029289
0 0.446598101266 0.23709902371 0.0197784810127 0.0334728033473
0 0.425237341772 0.274755927476 0.0261075949367 0.044630404463
0 0.480221518987 0.320781032078 0.0332278481013 0.0613668061367
0 0.534810126582 0.364714086471 0.0268987341772 0.0432357043236
0 0.708465189873 0.151324965132 0.0181962025316 0.0348675034868
0 0.741297468354 0.15829846583 0.0174050632911 0.0320781032078
0 0.876977848101 0.223152022315 0.0166139240506 0.0418410041841
