0 0.203703703704 0.413434903047 0.0386130811663 0.0706371191136
0 0.284869976359 0.259002770083 0.0133963750985 0.0221606648199
0 0.296296296296 0.248614958449 0.0141843971631 0.0263157894737
0 0.310874704492 0.222299168975 0.0133963750985 0.0235457063712
0 0.328999211978 0.225761772853 0.0149724192277 0.0277008310249
0 0.331757289204 0.27216066482 0.0173364854216 0.0318559556787
0 0.317178881009 0.269390581717 0.0133963750985 0.0235457063712
0 0.372340425532 0.263850415512 0.016548463357 0.0373961218837
0 0.416075650118 0.265235457064 0.0189125295508 0.0346260387812
0 0.38219070134 0.207063711911 0.0141843971631 0.0263157894737
0 0.407013396375 0.174515235457 0.01024428684 0.0277008310249
0 0.416075650118 0.182825484765 0.0126083530339 0.0249307479224
0 0.424743892829 0.162049861496 0.0126083530339 0.0277008310249
0 0.436564223798 0.235457063712 0.0173364854216 0.0360110803324
0 0.410559495666 0.233379501385 0.0220646178093 0.0290858725762
0 0.426319936958 0.208448753463 0.0173364854216 0.0263157894737
0 0.480299448385 0.221606648199 0.0197005516154 0.0387811634349
0 0.479905437352 0.186288088643 0.0189125295508 0.0318559556787
0 0.460598896769 0.166897506925 0.01024428684 0.0235457063712
0 0.448384554768 0.157894736842 0.0141843971631 0.0249307479224
0 0.466903073286 0.150969529086 0.0118203309693 0.0221606648199
0 0.507092198582 0.186288088643 0.0149724192277 0.0318559556787
0 0.53073286052 0.197368421053 0.016548463357 0.0346260387812
0 0.540583136328 0.157894736842 0.0157604412924 0.0332409972299
0 0.524428684003 0.146814404432 0.0118203309693 0.0221606648199
0 0.494483845548 0.136426592798 0.0133963750985 0.0263157894737
0 0.512608353034 0.141966759003 0.0118203309693 0.0263157894737
0 0.564617809299 0.171052631579 0.0149724192277 0.0290858725762
0 0.555949566588 0.142659279778 0.0118203309693 0.0277008310249
0 0.591410559496 0.149584487535 0.0133963750985 0.0277008310249
0 0.581166272656 0.116343490305 0.0133963750985 0.0249307479224
0 0.596532702916 0.103185595568 0.00945626477541 0.0207756232687
0 0.606382978723 0.12811634349 0.0118203309693 0.0235457063712
0 0.622537431048 0.148891966759 0.0157604412924 0.0290858725762
0 0.620173364854 0.132271468144 0.0126083530339 0.0235457063712
0 0.642237982664 0.118421052632 0.0126083530339 0.0235457063712
0 0.662726556344 0.12188365651 0.0141843971631 0.0277008310249
0 0.49487785658 0.296398891967 0.0236406619385 0.0443213296399
0 0.54097714736 0.299168975069 0.0244286840032 0.0443213296399
0 0.554373522459 0.256232686981 0.0197005516154 0.0387811634349
0 0.60401891253 0.217451523546 0.016548463357 0.0387811634349
0 0.623325453113 0.236149584488 0.0189125295508 0.0457063711911
0 0.654058313633 0.257617728532 0.0204885736801 0.0415512465374
0 0.656028368794 0.315096952909 0.0291568163909 0.0595567867036
0 0.645390070922 0.173822714681 0.0173364854216 0.0346260387812
0 0.664696611505 0.204986149584 0.0212765957447 0.0360110803324
0 0.689519306541 0.190443213296 0.0157604412924 0.0318559556787
0 0.685185185185 0.150969529086 0.0149724192277 0.0304709141274
0 0.717888100867 0.153739612188 0.0141843971631 0.0277008310249
0 0.728132387707 0.209833795014 0.0157604412924 0.0290858725762
0 0.698581560284 0.22783933518 0.016548463357 0.0318559556787
0 0.715918045705 0.259695290859 0.0228526398739 0.0484764542936
0 0.75768321513 0.370498614958 0.0291568163909 0.0567867036011
0 0.790386130812 0.30540166205 0.0236406619385 0.0512465373961
0 0.75256107171 0.224376731302 0.0173364854216 0.0277008310249
0 0.757289204098 0.180055401662 0.0141843971631 0.0277008310249
0 0.75256107171 0.148199445983 0.0126083530339 0.0277008310249
0 0.78329393223 0.197368421053 0.0173364854216 0.0318559556787
0 0.789204097715 0.157202216066 0.0118203309693 0.0263157894737
0 0.794720252167 0.134349030471 0.0118203309693 0.0249307479224
0 0.815996847912 0.158587257618 0.0149724192277 0.0290858725762
0 0.799448384555 0.180747922438 0.0133963750985 0.0263157894737
0 0.823877068558 0.235457063712 0.016548463357 0.0443213296399
0 0.86170212766 0.297783933518 0.0244286840032 0.0498614958449
0 0.899527186761 0.277008310249 0.0228526398739 0.0443213296399
0 0.856973995272 0.231994459834 0.016548463357 0.0346260387812
0 0.876280535855 0.231994459834 0.0157604412924 0.0318559556787
0 0.871552403467 0.195983379501 0.0141843971631 0.0318559556787
0 0.837667454689 0.212603878116 0.0173364854216 0.0401662049861
0 0.863672182821 0.151662049861 0.0173364854216 0.0318559556787
0 0.838061465721 0.180055401662 0.0118203309693 0.0304709141274
