0 0.158713692946 0.267955801105 0.0207468879668 0.0386740331492
0 0.177385892116 0.315837937385 0.0352697095436 0.0865561694291
0 0.166493775934 0.439226519337 0.0404564315353 0.0865561694291
0 0.359439834025 0.20349907919 0.0197095435685 0.0313075506446
0 0.465248962656 0.184162062615 0.0259336099585 0.0515653775322
0 0.641597510373 0.201657458564 0.0217842323651 0.0460405156538
0 0.771265560166 0.121546961326 0.0114107883817 0.0257826887661
0 0.80601659751 0.0911602209945 0.0145228215768 0.0313075506446
0 0.829356846473 0.0847145488029 0.0114107883817 0.0294659300184
0 0.837136929461 0.108655616943 0.0145228215768 0.0294659300184
0 0.913381742739 0.17679558011 0.0134854771784 0.0331491712707
0 0.936203319502 0.2394106814 0.0197095435685 0.0515653775322
0 0.942946058091 0.192449355433 0.0124481327801 0.0349907918969
0 0.935165975104 0.175874769797 0.00933609958506 0.0202578268877
