0 0.163784822286 0.48813559322 0.0489913544669 0.101694915254
0 0.358309317963 0.202542372881 0.0192122958694 0.0389830508475
0 0.399135446686 0.215254237288 0.0182516810759 0.0338983050847
0 0.35734870317 0.233898305085 0.0172910662824 0.0338983050847
0 0.387608069164 0.272881355932 0.0240153698367 0.0406779661017
0 0.457252641691 0.226271186441 0.0211335254563 0.0423728813559
0 0.414505283381 0.162711864407 0.0201729106628 0.0338983050847
0 0.485590778098 0.141525423729 0.016330451489 0.035593220339
0 0.508645533141 0.129661016949 0.014409221902 0.028813559322
0 0.532180595581 0.124576271186 0.0134486071085 0.028813559322
0 0.563880883766 0.130508474576 0.0134486071085 0.0305084745763
0 0.581171950048 0.123728813559 0.0115273775216 0.0338983050847
0 0.560038424592 0.181355932203 0.0192122958694 0.0338983050847
0 0.47502401537 0.340677966102 0.0317002881844 0.0576271186441
0 0.521613832853 0.326271186441 0.0249759846302 0.0525423728814
0 0.614793467819 0.25 0.0268972142171 0.0661016949153
0 0.651296829971 0.220338983051 0.0230547550432 0.0576271186441
0 0.698366954851 0.262711864407 0.0326609029779 0.0745762711864
0 0.670509125841 0.361016949153 0.0345821325648 0.071186440678
0 0.780019212296 0.272881355932 0.0326609029779 0.0677966101695
0 0.858309317963 0.130508474576 0.016330451489 0.0305084745763
0 0.824687800192 0.300847457627 0.0317002881844 0.0661016949153
0 0.899135446686 0.302542372881 0.028818443804 0.0627118644068
0 0.893852065322 0.0847457627119 0.0182516810759 0.0406779661017
0 0.920749279539 0.15593220339 0.0124879923151 0.0338983050847
