0 0.216132368149 0.318014705882 0.0372285418821 0.0992647058824
0 0.439503619442 0.222426470588 0.0165460186143 0.0404411764706
0 0.483453981386 0.219669117647 0.0175801447777 0.0459558823529
0 0.547569803516 0.182904411765 0.0175801447777 0.0386029411765
0 0.61271975181 0.1875 0.0196483971044 0.0477941176471
0 0.620475698035 0.225183823529 0.0227507755946 0.0459558823529
0 0.676318510858 0.204044117647 0.0186142709411 0.0441176470588
0 0.669079627715 0.254595588235 0.0206825232678 0.0533088235294
0 0.680972078594 0.176470588235 0.0155118924509 0.0404411764706
0 0.722337125129 0.197610294118 0.0155118924509 0.0386029411765
0 0.753877973113 0.278492647059 0.028955532575 0.0716911764706
0 0.723371251293 0.302389705882 0.023784901758 0.0533088235294
0 0.838676318511 0.257352941176 0.0206825232678 0.0441176470588
0 0.87487073423 0.259191176471 0.0206825232678 0.0514705882353
