0 0.345780795344 0.236614853195 0.0164888457808 0.0379965457686
0 0.37148399612 0.27115716753 0.0232783705141 0.0379965457686
0 0.414161008729 0.158031088083 0.015518913676 0.0293609671848
0 0.456838021339 0.221070811744 0.0213385063046 0.0449050086356
0 0.483996120272 0.310017271157 0.0271580989331 0.0535405872193
0 0.537342386033 0.319516407599 0.0310378273521 0.0587219343696
0 0.584384093113 0.384283246978 0.0320077594568 0.0604490500864
0 0.631425800194 0.244386873921 0.0232783705141 0.0535405872193
0 0.675072744908 0.206390328152 0.0193986420951 0.0466321243523
0 0.552861299709 0.123488773748 0.0174587778855 0.0328151986183
0 0.567895247333 0.12780656304 0.0126091173618 0.0310880829016
0 0.586808923375 0.114853195164 0.0135790494665 0.0293609671848
0 0.768186226964 0.280656303972 0.0290979631426 0.0639032815199
0 0.834141610087 0.306563039724 0.0271580989331 0.0708117443869
0 0.896702230844 0.145077720207 0.0126091173618 0.027633851468
0 0.925315227934 0.153713298791 0.011639185257 0.0310880829016
