0 0.131345688961 0.604795737123 0.0419016921837 0.119005328597
0 0.225624496374 0.325044404973 0.0225624496374 0.0532859680284
0 0.214343271555 0.295737122558 0.0177276390008 0.044404973357
0 0.271958098308 0.266429840142 0.0153102336825 0.0426287744227
0 0.28726833199 0.271758436945 0.0153102336825 0.0461811722913
0 0.305801772764 0.239786856128 0.016921837228 0.0461811722913
0 0.330378726833 0.269094138544 0.0177276390008 0.0515097690941
0 0.347300564061 0.237122557726 0.0145044319098 0.0408525754885
0 0.36744560838 0.290408525755 0.0193392425463 0.0479573712256
0 0.391619661563 0.266429840142 0.0161160354553 0.0426287744227
0 0.439161966156 0.33214920071 0.0241740531829 0.0497335701599
0 0.361804995971 0.222024866785 0.0145044319098 0.0319715808171
0 0.385979049154 0.213143872114 0.0128928283642 0.0319715808171
0 0.428283642224 0.222912966252 0.0185334407736 0.0408525754885
0 0.430298146656 0.187388987567 0.0128928283642 0.0337477797513
0 0.465753424658 0.277087033748 0.0193392425463 0.0461811722913
0 0.48992747784 0.230017761989 0.0145044319098 0.0337477797513
0 0.475825946817 0.201598579041 0.013698630137 0.0408525754885
0 0.46212731668 0.197158081705 0.0120870265915 0.0284191829485
0 0.449637389202 0.189165186501 0.0145044319098 0.0337477797513
0 0.490733279613 0.177619893428 0.0161160354553 0.0355239786856
0 0.515713134569 0.197158081705 0.0145044319098 0.0355239786856
0 0.524174053183 0.181172291297 0.013698630137 0.0319715808171
0 0.551168412571 0.245115452931 0.0161160354553 0.0426287744227
0 0.567284448026 0.237122557726 0.0161160354553 0.044404973357
0 0.556406124093 0.189165186501 0.0185334407736 0.0408525754885
0 0.549959709911 0.156305506217 0.013698630137 0.0319715808171
0 0.572522159549 0.154529307282 0.0153102336825 0.0390763765542
0 0.579774375504 0.198934280639 0.016921837228 0.0390763765542
0 0.607171635778 0.201598579041 0.013698630137 0.0408525754885
0 0.618452860596 0.226465364121 0.0153102336825 0.0408525754885
0 0.654713940371 0.206039076377 0.0120870265915 0.0319715808171
0 0.649073327961 0.170515097691 0.0120870265915 0.0390763765542
0 0.626510878324 0.150088809947 0.016921837228 0.0408525754885
0 0.596293311845 0.141207815275 0.0161160354553 0.0301953818828
0 0.663980660757 0.152753108348 0.0128928283642 0.0355239786856
0 0.686946011281 0.159857904085 0.013698630137 0.0319715808171
0 0.708702659146 0.177619893428 0.0153102336825 0.0390763765542
0 0.694198227236 0.245115452931 0.0153102336825 0.0426287744227
0 0.676470588235 0.206039076377 0.0153102336825 0.0390763765542
0 0.569701853344 0.373001776199 0.0225624496374 0.0603907637655
0 0.602336825141 0.405861456483 0.0265914585012 0.0621669626998
0 0.60918614021 0.326820603908 0.0193392425463 0.0532859680284
0 0.658340048348 0.280639431616 0.0225624496374 0.0603907637655
0 0.721192586624 0.293072824156 0.0177276390008 0.0461811722913
0 0.655116841257 0.439609236234 0.0209508460919 0.0550621669627
0 0.717969379533 0.432504440497 0.0241740531829 0.0621669626998
0 0.799758259468 0.507104795737 0.0249798549557 0.0870337477798
0 0.841659951652 0.550621669627 0.0314262691378 0.0817051509769
0 0.880338436745 0.434280639432 0.0185334407736 0.0550621669627
0 0.959709911362 0.485790408526 0.0225624496374 0.0692717584369
0 0.94762288477 0.416518650089 0.0193392425463 0.0586145648313
0 0.97219983884 0.399644760213 0.016921837228 0.0497335701599
0 0.968573730862 0.351687388988 0.0145044319098 0.0426287744227
0 0.978646253022 0.306394316163 0.0185334407736 0.044404973357
0 0.948428686543 0.273534635879 0.0177276390008 0.0497335701599
0 0.927880741338 0.301065719361 0.013698630137 0.0337477797513
0 0.923851732474 0.360568383659 0.0201450443191 0.0497335701599
0 0.900483481064 0.285968028419 0.0120870265915 0.0355239786856
0 0.891619661563 0.259325044405 0.013698630137 0.0426287744227
0 0.883964544722 0.321492007105 0.0177276390008 0.0461811722913
0 0.870265914585 0.349911190053 0.0225624496374 0.0497335701599
0 0.859790491539 0.377442273535 0.0193392425463 0.0479573712256
0 0.813053988719 0.328596802842 0.0193392425463 0.0497335701599
0 0.747381144239 0.326820603908 0.0233682514102 0.0497335701599
0 0.740128928284 0.257548845471 0.016921837228 0.0390763765542
0 0.74496373892 0.218472468917 0.0120870265915 0.0319715808171
0 0.776792908944 0.236234458259 0.0145044319098 0.0390763765542
0 0.793311845286 0.276198934281 0.0153102336825 0.0479573712256
0 0.817082997583 0.259325044405 0.0145044319098 0.0355239786856
0 0.840854149879 0.242451154529 0.013698630137 0.0373001776199
0 0.868654311039 0.260213143872 0.0161160354553 0.0373001776199
0 0.805801772764 0.217584369449 0.0161160354553 0.044404973357
0 0.771152296535 0.204262877442 0.0161160354553 0.0355239786856
