0 0.359042553191 0.181214421252 0.0202127659574 0.0398481973435
0 0.476063829787 0.1944971537 0.0287234042553 0.0474383301708
0 0.548936170213 0.19165085389 0.0234042553191 0.0417457305503
0 0.579255319149 0.220113851992 0.0244680851064 0.0493358633776
0 0.623404255319 0.195445920304 0.0276595744681 0.0493358633776
0 0.681382978723 0.238140417457 0.0244680851064 0.0474383301708
0 0.706914893617 0.213472485769 0.0223404255319 0.0474383301708
0 0.768085106383 0.226755218216 0.0297872340426 0.0512333965844
0 0.829255319149 0.244781783681 0.0287234042553 0.0645161290323
0 0.734574468085 0.276091081594 0.0265957446809 0.0512333965844
0 0.770744680851 0.289373814042 0.0351063829787 0.0664136622391
0 0.918617021277 0.280834914611 0.018085106383 0.0417457305503
0 0.942553191489 0.291271347249 0.0191489361702 0.0626185958254
0 0.908510638298 0.332068311195 0.0404255319149 0.0607210626186
