0 0.17967967968 0.441651705566 0.041041041041 0.0861759425494
0 0.192692692693 0.315978456014 0.037037037037 0.0825852782765
0 0.197197197197 0.239676840215 0.024024024024 0.0556552962298
0 0.358358358358 0.21723518851 0.024024024024 0.0430879712747
0 0.428928928929 0.21723518851 0.023023023023 0.0466786355476
0 0.485485485485 0.182226211849 0.022022022022 0.0448833034111
0 0.50950950951 0.112208258528 0.02002002002 0.048473967684
0 0.566566566567 0.106822262118 0.02002002002 0.0448833034111
0 0.55005005005 0.189407540395 0.021021021021 0.0448833034111
0 0.631131131131 0.127468581688 0.015015015015 0.0359066427289
0 0.585585585586 0.207360861759 0.024024024024 0.048473967684
0 0.643643643644 0.246858168761 0.032032032032 0.0556552962298
0 0.730730730731 0.269299820467 0.034034034034 0.064631956912
0 0.843843843844 0.210053859964 0.028028028028 0.0538599640934
0 0.847347347347 0.342010771993 0.025025025025 0.0592459605027
0 0.919419419419 0.279174147217 0.031031031031 0.048473967684
0 0.908908908909 0.120287253142 0.018018018018 0.0287253141831
0 0.936436436436 0.160682226212 0.019019019019 0.0305206463196
