0 0.0945437441204 0.409243697479 0.0366886171214 0.0789915966387
0 0.255879586077 0.286554621849 0.0131702728128 0.0218487394958
0 0.28127939793 0.271428571429 0.0150517403575 0.0285714285714
0 0.296331138288 0.263025210084 0.0169332079022 0.0319327731092
0 0.317968015052 0.22268907563 0.0131702728128 0.0285714285714
0 0.343838193791 0.216806722689 0.0159924741298 0.0336134453782
0 0.344308560677 0.270588235294 0.0188146754468 0.0336134453782
0 0.371119473189 0.224369747899 0.0141110065851 0.0319327731092
0 0.377234242709 0.210084033613 0.0112888052681 0.0235294117647
0 0.380526810913 0.201680672269 0.0141110065851 0.0235294117647
0 0.408748824083 0.170588235294 0.0141110065851 0.0252100840336
0 0.423330197554 0.182352941176 0.0169332079022 0.0285714285714
0 0.415333960489 0.224369747899 0.0178739416745 0.0352941176471
0 0.444496707432 0.23025210084 0.0178739416745 0.0403361344538
0 0.432267168391 0.271428571429 0.0216368767639 0.0420168067227
0 0.449200376294 0.151260504202 0.0122295390405 0.0235294117647
0 0.44967074318 0.174789915966 0.0188146754468 0.0302521008403
0 0.458137347131 0.197478991597 0.0225776105362 0.0352941176471
0 0.477422389464 0.166386554622 0.0141110065851 0.0302521008403
0 0.470366886171 0.154621848739 0.0131702728128 0.0235294117647
0 0.487300094073 0.139495798319 0.0112888052681 0.0235294117647
0 0.5 0.149579831933 0.0122295390405 0.0168067226891
0 0.526340545626 0.140336134454 0.0159924741298 0.0319327731092
0 0.510348071496 0.19243697479 0.0141110065851 0.0252100840336
0 0.496237064911 0.232773109244 0.0197554092192 0.0352941176471
0 0.55032925682 0.163865546218 0.0188146754468 0.0319327731092
0 0.546095954845 0.194117647059 0.0178739416745 0.0386554621849
0 0.55409219191 0.143697478992 0.0150517403575 0.0285714285714
0 0.577140169332 0.112605042017 0.0103480714958 0.0235294117647
0 0.582784571966 0.151260504202 0.0159924741298 0.0403361344538
0 0.597365945437 0.121848739496 0.0131702728128 0.0218487394958
0 0.616180620884 0.105882352941 0.0112888052681 0.0201680672269
0 0.614769520226 0.127731092437 0.0103480714958 0.0201680672269
0 0.621825023518 0.138655462185 0.0150517403575 0.0319327731092
0 0.641580432738 0.10756302521 0.0131702728128 0.0268907563025
0 0.630291627469 0.127731092437 0.0150517403575 0.0268907563025
0 0.67074317968 0.12268907563 0.0150517403575 0.0235294117647
0 0.691909689558 0.1 0.0141110065851 0.0285714285714
0 0.690498588899 0.142016806723 0.0131702728128 0.0285714285714
0 0.707431796802 0.135294117647 0.0150517403575 0.0319327731092
0 0.488711194732 0.297478991597 0.0235183443086 0.0436974789916
0 0.56020696143 0.295798319328 0.0235183443086 0.0504201680672
0 0.55032925682 0.247899159664 0.0188146754468 0.0285714285714
0 0.609595484478 0.218487394958 0.0188146754468 0.036974789916
0 0.609125117592 0.255462184874 0.0216368767639 0.0436974789916
0 0.650517403575 0.179831932773 0.0197554092192 0.0302521008403
0 0.649576669802 0.217647058824 0.0216368767639 0.0487394957983
0 0.690028222013 0.181512605042 0.0159924741298 0.036974789916
0 0.701787394167 0.209243697479 0.0206961429915 0.0487394957983
0 0.677798682973 0.244537815126 0.0216368767639 0.0420168067227
0 0.598777046096 0.342857142857 0.0272812793979 0.053781512605
0 0.669802445908 0.349579831933 0.0263405456256 0.053781512605
0 0.710253998119 0.29243697479 0.0244590780809 0.0504201680672
0 0.784101599247 0.286554621849 0.0253998118532 0.0487394957983
0 0.751646284102 0.23781512605 0.0206961429915 0.0487394957983
0 0.746472248354 0.186554621849 0.0159924741298 0.0336134453782
0 0.730479774224 0.157983193277 0.0141110065851 0.0336134453782
0 0.745061147695 0.148739495798 0.0150517403575 0.0319327731092
0 0.761053621825 0.161344537815 0.0150517403575 0.0336134453782
0 0.758701787394 0.13025210084 0.0141110065851 0.0285714285714
0 0.751175917215 0.105882352941 0.0122295390405 0.0268907563025
0 0.735653809972 0.115966386555 0.0150517403575 0.0302521008403
0 0.78127939793 0.12268907563 0.0122295390405 0.0268907563025
0 0.795860771402 0.13781512605 0.0112888052681 0.0336134453782
0 0.799623706491 0.17731092437 0.0131702728128 0.0319327731092
0 0.811382878645 0.158823529412 0.0141110065851 0.0285714285714
0 0.811853245532 0.131092436975 0.0112888052681 0.0268907563025
0 0.830197554092 0.140336134454 0.0141110065851 0.0352941176471
0 0.85136406397 0.19243697479 0.0150517403575 0.0352941176471
0 0.852775164628 0.155462184874 0.0141110065851 0.0319327731092
0 0.866415804327 0.150420168067 0.0150517403575 0.0319327731092
0 0.868297271872 0.124369747899 0.0112888052681 0.0235294117647
0 0.896519285042 0.131092436975 0.00940733772342 0.0302521008403
0 0.890874882408 0.174789915966 0.0150517403575 0.0302521008403
0 0.878174976482 0.2 0.0159924741298 0.0302521008403
0 0.868767638758 0.220168067227 0.0178739416745 0.036974789916
0 0.931326434619 0.165546218487 0.0131702728128 0.0352941176471
0 0.931326434619 0.274789915966 0.0188146754468 0.0386554621849
