0 0.889094269871 0.35903814262 0.0258780036969 0.0679933665008
0 0.914972273567 0.260364842454 0.0184842883549 0.0464344941957
0 0.922828096118 0.299336650083 0.0212569316081 0.0547263681592
0 0.923752310536 0.201492537313 0.0120147874307 0.0348258706468
0 0.927449168207 0.157545605307 0.0083179297597 0.0232172470978
0 0.892791127542 0.170812603648 0.0147874306839 0.0364842454395
0 0.88123844732 0.203980099502 0.0138632162662 0.0431177446103
0 0.862292051756 0.257048092869 0.0184842883549 0.0431177446103
0 0.832255083179 0.308457711443 0.0212569316081 0.0597014925373
0 0.802680221811 0.406301824212 0.0341959334566 0.0663349917081
0 0.83595194085 0.12271973466 0.0101663585952 0.0265339966833
0 0.834103512015 0.142620232172 0.0138632162662 0.0298507462687
0 0.849815157116 0.168325041459 0.0157116451017 0.0381426202322
0 0.863678373383 0.129353233831 0.0083179297597 0.0265339966833
0 0.860905730129 0.147595356551 0.0101663585952 0.0265339966833
0 0.829482439926 0.201492537313 0.0157116451017 0.0414593698176
0 0.810998151571 0.235489220564 0.0157116451017 0.0364842454395
0 0.814232902033 0.161691542289 0.0129390018484 0.028192371476
0 0.788354898336 0.269485903814 0.0203327171904 0.0514096185738
0 0.752310536044 0.327529021559 0.0258780036969 0.06135986733
0 0.719500924214 0.257877280265 0.0231053604436 0.0547263681592
0 0.691774491682 0.33416252073 0.0268022181146 0.06135986733
0 0.727356746765 0.194859038143 0.0166358595194 0.0414593698176
0 0.731977818854 0.175787728027 0.0147874306839 0.0298507462687
0 0.756469500924 0.213930348259 0.0175600739372 0.0464344941957
0 0.775415896488 0.199834162521 0.0166358595194 0.0414593698176
0 0.771256931608 0.128524046434 0.0120147874307 0.028192371476
0 0.779112754159 0.155887230514 0.0147874306839 0.0364842454395
0 0.701478743068 0.102819237148 0.0110905730129 0.0232172470978
0 0.676524953789 0.10447761194 0.0110905730129 0.0265339966833
0 0.735674676525 0.12271973466 0.0129390018484 0.0265339966833
0 0.756007393715 0.144278606965 0.0129390018484 0.0298507462687
0 0.668669131238 0.167495854063 0.0138632162662 0.0398009950249
0 0.695471349353 0.183250414594 0.0175600739372 0.0414593698176
0 0.596580406654 0.101160862355 0.0083179297597 0.016583747927
0 0.586876155268 0.115257048093 0.00924214417745 0.0182421227197
0 0.567467652495 0.107794361526 0.00924214417745 0.0199004975124
0 0.623382624769 0.0978441127695 0.0083179297597 0.0199004975124
0 0.63123844732 0.110281923715 0.00924214417745 0.0215588723051
0 0.61876155268 0.149253731343 0.0120147874307 0.0298507462687
0 0.649260628466 0.134328358209 0.0120147874307 0.0232172470978
0 0.58179297597 0.169154228856 0.0157116451017 0.0331674958541
0 0.53280961183 0.132669983416 0.0120147874307 0.0265339966833
0 0.549907578558 0.179104477612 0.0147874306839 0.0331674958541
0 0.588724584104 0.141791044776 0.0129390018484 0.028192371476
0 0.519408502773 0.150912106136 0.0129390018484 0.0265339966833
0 0.513863216266 0.178275290216 0.0147874306839 0.0315091210614
0 0.537892791128 0.189054726368 0.0166358595194 0.0364842454395
0 0.482902033272 0.166666666667 0.0120147874307 0.028192371476
0 0.457948243993 0.182421227197 0.0157116451017 0.0331674958541
0 0.475046210721 0.184908789386 0.0166358595194 0.0381426202322
0 0.497227356747 0.19320066335 0.0166358595194 0.0414593698176
0 0.444547134935 0.221393034826 0.0166358595194 0.0381426202322
0 0.474584103512 0.228855721393 0.0194085027726 0.0464344941957
0 0.432532347505 0.172470978441 0.00924214417745 0.0232172470978
0 0.423752310536 0.177446102819 0.0120147874307 0.0265339966833
0 0.406654343808 0.192371475954 0.0129390018484 0.0265339966833
0 0.367837338262 0.194859038143 0.0129390018484 0.028192371476
0 0.378927911275 0.213930348259 0.0129390018484 0.0364842454395
0 0.39741219963 0.225538971808 0.0147874306839 0.0298507462687
0 0.273105360444 0.253731343284 0.0101663585952 0.0265339966833
0 0.28280961183 0.255389718076 0.0129390018484 0.0331674958541
0 0.299445471349 0.267827529022 0.0147874306839 0.0348258706468
0 0.343807763401 0.270315091211 0.0129390018484 0.0364842454395
0 0.375231053604 0.28192371476 0.0166358595194 0.0398009950249
0 0.111367837338 0.548092868988 0.0526802218115 0.111111111111
0 0.506469500924 0.296849087894 0.0221811460259 0.0497512437811
0 0.556839186691 0.26368159204 0.0157116451017 0.0398009950249
0 0.565157116451 0.304311774461 0.0231053604436 0.0514096185738
0 0.607670979667 0.320066334992 0.0249537892791 0.0530679933665
0 0.631700554529 0.203150912106 0.0138632162662 0.0348258706468
0 0.626155268022 0.255389718076 0.0194085027726 0.0464344941957
0 0.65988909427 0.218905472637 0.0166358595194 0.0431177446103
0 0.475046210721 0.145936981758 0.00924214417745 0.0199004975124
0 0.511090573013 0.125207296849 0.00739371534196 0.0182421227197
