0 0.600092678406 0.255336617406 0.0305838739574 0.0509031198686
0 0.749304911956 0.215106732348 0.0250231696015 0.0492610837438
0 0.715477293791 0.184729064039 0.0166821130677 0.0410509031199
0 0.678869323448 0.0788177339901 0.0157553290083 0.0295566502463
0 0.605653382762 0.100985221675 0.0194624652456 0.0410509031199
0 0.572752548656 0.132183908046 0.0166821130677 0.0344827586207
0 0.490268767377 0.298850574713 0.0278035217794 0.0492610837438
0 0.426784059314 0.252052545156 0.0250231696015 0.0509031198686
0 0.389249304912 0.252052545156 0.0166821130677 0.0443349753695
0 0.322520852641 0.270114942529 0.0203892493049 0.0410509031199
0 0.460611677479 0.21921182266 0.0166821130677 0.0410509031199
0 0.446709916589 0.180623973727 0.014828544949 0.0361247947455
0 0.474976830399 0.180623973727 0.0139017608897 0.0394088669951
0 0.487488415199 0.194581280788 0.0166821130677 0.0377668308703
0 0.476367006487 0.217569786535 0.0185356811863 0.0410509031199
0 0.0505097312326 0.34236453202 0.0194624652456 0.0377668308703
