0 0.24 0.390037593985 0.0526315789474 0.103383458647
0 0.536842105263 0.186090225564 0.0210526315789 0.0488721804511
0 0.626315789474 0.220864661654 0.0231578947368 0.0507518796992
0 0.671052631579 0.193609022556 0.02 0.0338345864662
0 0.678421052632 0.220864661654 0.0157894736842 0.0394736842105
0 0.666315789474 0.258458646617 0.0210526315789 0.046992481203
0 0.710526315789 0.202067669173 0.0168421052632 0.0394736842105
0 0.753157894737 0.220864661654 0.02 0.046992481203
0 0.749473684211 0.281015037594 0.0252631578947 0.0545112781955
0 0.762631578947 0.273496240602 0.0178947368421 0.0432330827068
0 0.732631578947 0.369360902256 0.0294736842105 0.0808270676692
0 0.812105263158 0.412593984962 0.0368421052632 0.0770676691729
0 0.9 0.413533834586 0.0357894736842 0.0827067669173
0 0.829473684211 0.265037593985 0.0231578947368 0.0526315789474
