0 0.0602284527518 0.285981308411 0.0249221183801 0.0485981308411
0 0.293873312565 0.207476635514 0.01246105919 0.0299065420561
0 0.307892004154 0.21308411215 0.0134994807892 0.0224299065421
0 0.323987538941 0.232710280374 0.018691588785 0.0392523364486
0 0.328141225337 0.18691588785 0.0166147455867 0.0299065420561
0 0.352024922118 0.18785046729 0.0145379023884 0.0317757009346
0 0.372274143302 0.199065420561 0.0134994807892 0.0280373831776
0 0.370716510903 0.228971962617 0.0166147455867 0.0317757009346
0 0.404984423676 0.231775700935 0.0145379023884 0.0299065420561
0 0.414330218069 0.244859813084 0.0166147455867 0.0448598130841
0 0.411734164071 0.191588785047 0.0155763239875 0.0280373831776
0 0.378504672897 0.161682242991 0.0114226375909 0.0242990654206
0 0.411214953271 0.154205607477 0.01246105919 0.0317757009346
0 0.423156801661 0.148598130841 0.00934579439252 0.0242990654206
0 0.439771547248 0.153271028037 0.0155763239875 0.0261682242991
0 0.434060228453 0.184112149533 0.0145379023884 0.0392523364486
0 0.44963655244 0.175700934579 0.0145379023884 0.0336448598131
0 0.457424714434 0.198130841121 0.0155763239875 0.0411214953271
0 0.47507788162 0.184112149533 0.0155763239875 0.0280373831776
0 0.490654205607 0.155140186916 0.0155763239875 0.0299065420561
0 0.480269989616 0.139252336449 0.0114226375909 0.0242990654206
0 0.478712357217 0.122429906542 0.01246105919 0.0205607476636
0 0.495327102804 0.118691588785 0.0103842159917 0.0242990654206
0 0.506230529595 0.142056074766 0.0114226375909 0.0224299065421
0 0.521806853583 0.169158878505 0.0155763239875 0.0355140186916
0 0.546209761163 0.148598130841 0.0166147455867 0.0317757009346
0 0.538421599169 0.127102803738 0.0114226375909 0.0224299065421
0 0.527518172378 0.142990654206 0.01246105919 0.0242990654206
0 0.56230529595 0.179439252336 0.0176531671859 0.0373831775701
0 0.583073727934 0.151401869159 0.0155763239875 0.0336448598131
0 0.576843198339 0.134579439252 0.0134994807892 0.0299065420561
0 0.560228452752 0.116822429907 0.0114226375909 0.0280373831776
0 0.602284527518 0.142056074766 0.01246105919 0.0261682242991
0 0.591900311526 0.124299065421 0.0103842159917 0.0242990654206
0 0.623572170301 0.131775700935 0.0134994807892 0.0280373831776
0 0.636033229491 0.118691588785 0.00934579439252 0.0242990654206
0 0.6246105919 0.105607476636 0.00934579439252 0.0205607476636
0 0.641744548287 0.104672897196 0.0103842159917 0.0224299065421
0 0.602284527518 0.114953271028 0.01246105919 0.0205607476636
0 0.592419522326 0.217757009346 0.0197300103842 0.0392523364486
0 0.632398753894 0.255140186916 0.0207684319834 0.0542056074766
0 0.65005192108 0.232710280374 0.0166147455867 0.0355140186916
0 0.63707165109 0.203738317757 0.0155763239875 0.0373831775701
0 0.638629283489 0.14953271028 0.01246105919 0.0224299065421
0 0.65057113188 0.134579439252 0.0134994807892 0.0261682242991
0 0.676012461059 0.119626168224 0.01246105919 0.0261682242991
0 0.685877466251 0.102803738318 0.0114226375909 0.0224299065421
0 0.707684319834 0.105607476636 0.0114226375909 0.0280373831776
0 0.691588785047 0.314018691589 0.0269989615784 0.0560747663551
0 0.68743509865 0.253271028037 0.018691588785 0.0429906542056
0 0.663551401869 0.175700934579 0.0166147455867 0.0299065420561
0 0.715991692627 0.181308411215 0.0176531671859 0.0373831775701
0 0.697300103842 0.171028037383 0.0134994807892 0.0280373831776
0 0.738836967809 0.157943925234 0.0134994807892 0.0317757009346
0 0.733125649013 0.138317757009 0.0145379023884 0.0299065420561
0 0.759605399792 0.190654205607 0.0134994807892 0.0373831775701
0 0.733644859813 0.229906542056 0.0176531671859 0.0336448598131
0 0.758566978193 0.348598130841 0.0280373831776 0.0616822429907
0 0.790758047767 0.283177570093 0.0218068535826 0.0504672897196
0 0.765316718588 0.242056074766 0.0207684319834 0.0467289719626
0 0.790758047767 0.195327102804 0.0155763239875 0.0317757009346
0 0.791277258567 0.161682242991 0.0103842159917 0.0280373831776
0 0.771028037383 0.111214953271 0.0134994807892 0.0280373831776
0 0.798026998962 0.127102803738 0.0114226375909 0.0261682242991
0 0.821391484943 0.128971962617 0.0103842159917 0.0261682242991
0 0.828660436137 0.169158878505 0.01246105919 0.0317757009346
0 0.815680166147 0.197196261682 0.0134994807892 0.0317757009346
0 0.827102803738 0.245794392523 0.0176531671859 0.0392523364486
0 0.83800623053 0.210280373832 0.0145379023884 0.0392523364486
0 0.855659397715 0.204672897196 0.01246105919 0.0392523364486
0 0.86240913811 0.168224299065 0.0155763239875 0.0336448598131
0 0.83800623053 0.146728971963 0.01246105919 0.0317757009346
0 0.852024922118 0.127102803738 0.0114226375909 0.0261682242991
0 0.923156801661 0.335514018692 0.0207684319834 0.0542056074766
0 0.889408099688 0.222429906542 0.0176531671859 0.0448598130841
0 0.897715472482 0.208411214953 0.0155763239875 0.0355140186916
0 0.874350986501 0.160747663551 0.01246105919 0.0299065420561
0 0.891484942887 0.169158878505 0.0134994807892 0.0317757009346
0 0.904465212876 0.161682242991 0.0103842159917 0.0242990654206
0 0.904465212876 0.13738317757 0.0103842159917 0.0242990654206
0 0.948598130841 0.18785046729 0.00934579439252 0.0280373831776
0 0.939252336449 0.172897196262 0.00934579439252 0.0280373831776
0 0.928868120457 0.200934579439 0.0114226375909 0.0317757009346
0 0.934060228453 0.245794392523 0.0155763239875 0.0392523364486
0 0.93769470405 0.195327102804 0.01246105919 0.0280373831776
