0 0.381516587678 0.192996742671 0.0161137440758 0.0342019543974
0 0.403791469194 0.1832247557 0.0151658767773 0.0276872964169
0 0.41990521327 0.193811074919 0.0151658767773 0.0325732899023
0 0.410900473934 0.223127035831 0.018009478673 0.0325732899023
0 0.379620853081 0.275244299674 0.0255924170616 0.042345276873
0 0.399526066351 0.28338762215 0.0236966824645 0.042345276873
0 0.455450236967 0.180781758958 0.0161137440758 0.0325732899023
0 0.484360189573 0.185667752443 0.0170616113744 0.0325732899023
0 0.497630331754 0.192996742671 0.0208530805687 0.0374592833876
0 0.470142180095 0.224755700326 0.0227488151659 0.042345276873
0 0.501895734597 0.223127035831 0.0199052132701 0.0390879478827
0 0.498578199052 0.300488599349 0.0284360189573 0.0439739413681
0 0.617535545024 0.269543973941 0.0274881516588 0.0504885993485
0 0.724170616114 0.188925081433 0.0227488151659 0.0390879478827
0 0.77345971564 0.228013029316 0.024644549763 0.0553745928339
0 0.550710900474 0.0700325732899 0.0151658767773 0.0260586319218
0 0.587677725118 0.137622149837 0.0189573459716 0.0309446254072
