0 0.121525019857 0.61149825784 0.0301826846704 0.0731707317073
0 0.0806195393169 0.466027874564 0.0214455917395 0.0749128919861
0 0.082208101668 0.418989547038 0.0246227164416 0.0540069686411
0 0.186258935663 0.425087108014 0.0230341540905 0.0696864111498
0 0.233915806195 0.349303135889 0.0230341540905 0.0644599303136
0 0.24741858618 0.289198606272 0.0198570293884 0.0383275261324
0 0.174741858618 0.264808362369 0.0190627482129 0.0418118466899
0 0.162033359809 0.220383275261 0.0174741858618 0.0505226480836
0 0.12629070691 0.236933797909 0.0158856235107 0.0452961672474
0 0.124305003971 0.212543554007 0.011914217633 0.0348432055749
0 0.175933280381 0.187282229965 0.0150913423352 0.0365853658537
0 0.153296266878 0.15331010453 0.0127084988086 0.0313588850174
0 0.0540111199365 0.290069686411 0.0158856235107 0.0400696864111
0 0.0468625893566 0.246515679443 0.0142970611597 0.0400696864111
0 0.0460683081811 0.219512195122 0.0111199364575 0.0243902439024
0 0.0456711675933 0.196864111498 0.011914217633 0.0313588850174
0 0.204924543288 0.130662020906 0.0111199364575 0.0278745644599
0 0.218030182685 0.130662020906 0.010325655282 0.0348432055749
0 0.248610007943 0.12543554007 0.0127084988086 0.0452961672474
0 0.286735504369 0.157665505226 0.0174741858618 0.0365853658537
0 0.295869737887 0.134146341463 0.011914217633 0.0278745644599
0 0.288721207307 0.207317073171 0.0166799046863 0.0418118466899
0 0.310563939635 0.235191637631 0.0158856235107 0.0383275261324
0 0.343923749007 0.226480836237 0.0190627482129 0.0418118466899
0 0.376886417792 0.173344947735 0.0198570293884 0.0365853658537
0 0.41104050834 0.169860627178 0.0150913423352 0.0435540069686
0 0.478554408261 0.286585365854 0.0198570293884 0.0540069686411
0 0.533359809373 0.456445993031 0.0246227164416 0.0662020905923
0 0.358220810167 0.0871080139373 0.0142970611597 0.0348432055749
0 0.373312152502 0.0905923344948 0.0142970611597 0.0383275261324
0 0.398729150119 0.0844947735192 0.0127084988086 0.0331010452962
0 0.422954725973 0.0844947735192 0.011914217633 0.0331010452962
0 0.457108816521 0.128048780488 0.011914217633 0.0296167247387
0 0.474980142971 0.0879790940767 0.00953137410643 0.0331010452962
0 0.477362986497 0.0670731707317 0.0111199364575 0.0261324041812
0 0.487688641779 0.126306620209 0.0127084988086 0.0331010452962
0 0.465845909452 0.165505226481 0.0135027799841 0.0348432055749
0 0.494837172359 0.175087108014 0.0127084988086 0.0331010452962
0 0.493248610008 0.226480836237 0.0206513105639 0.0487804878049
0 0.553216838761 0.312717770035 0.0214455917395 0.0505226480836
0 0.521445591739 0.0871080139373 0.010325655282 0.0243902439024
0 0.503971405878 0.11149825784 0.0135027799841 0.0313588850174
0 0.557188244639 0.18031358885 0.0150913423352 0.0400696864111
0 0.568705321684 0.207317073171 0.0158856235107 0.0418118466899
0 0.567911040508 0.135017421603 0.0142970611597 0.0331010452962
0 0.585782366958 0.128919860627 0.010325655282 0.0313588850174
0 0.583399523431 0.100174216028 0.010325655282 0.0296167247387
0 0.614773629865 0.121080139373 0.0158856235107 0.0365853658537
0 0.63701350278 0.154181184669 0.0127084988086 0.0331010452962
0 0.625099285147 0.241289198606 0.0190627482129 0.0435540069686
0 0.675536139793 0.33275261324 0.0198570293884 0.0557491289199
0 0.701747418586 0.272648083624 0.0166799046863 0.0435540069686
0 0.694201747419 0.222996515679 0.0111199364575 0.0383275261324
0 0.719618745036 0.210801393728 0.0142970611597 0.0383275261324
0 0.728355837967 0.162020905923 0.0142970611597 0.0383275261324
0 0.765687053217 0.19512195122 0.0142970611597 0.0383275261324
0 0.785544082605 0.210801393728 0.0127084988086 0.0418118466899
0 0.826052422558 0.256097560976 0.0158856235107 0.0452961672474
0 0.771644162033 0.365853658537 0.0246227164416 0.0627177700348
0 0.905083399523 0.339721254355 0.0214455917395 0.0557491289199
