0 0.183898973954 0.397454031117 0.0426203630624 0.0792079207921
0 0.157458563536 0.383309759547 0.0323599052881 0.0678925035361
0 0.133385951066 0.37270155587 0.0331491712707 0.0693069306931
0 0.126282557222 0.333804809052 0.0315706393054 0.0594059405941
0 0.183109707972 0.316831683168 0.0252565114444 0.048090523338
0 0.21862667719 0.304101838755 0.0284135753749 0.048090523338
0 0.262430939227 0.291371994342 0.0276243093923 0.0622347949081
0 0.298342541436 0.314002828854 0.0331491712707 0.0678925035361
0 0.303867403315 0.260961810467 0.0284135753749 0.0523338048091
0 0.348066298343 0.370579915134 0.0378847671665 0.0678925035361
0 0.38318863457 0.319660537482 0.0339384372534 0.0594059405941
0 0.424625098658 0.293493635078 0.0284135753749 0.0608203677511
