0 0.0657894736842 0.292775665399 0.0242105263158 0.0532319391635
0 0.288421052632 0.218631178707 0.0168421052632 0.0342205323194
0 0.31 0.214828897338 0.0136842105263 0.0342205323194
0 0.329473684211 0.216730038023 0.0147368421053 0.0342205323194
0 0.349473684211 0.215779467681 0.0189473684211 0.032319391635
0 0.369473684211 0.228136882129 0.0147368421053 0.0380228136882
0 0.327368421053 0.183460076046 0.0147368421053 0.032319391635
0 0.364736842105 0.181558935361 0.0136842105263 0.0285171102662
0 0.373684210526 0.167300380228 0.0126315789474 0.0266159695817
0 0.375263157895 0.206273764259 0.0157894736842 0.0285171102662
0 0.406315789474 0.238593155894 0.0168421052632 0.0361216730038
0 0.440526315789 0.242395437262 0.0178947368421 0.0399239543726
0 0.447894736842 0.208174904943 0.0157894736842 0.032319391635
0 0.434210526316 0.198669201521 0.0136842105263 0.0285171102662
0 0.416315789474 0.199619771863 0.0178947368421 0.0380228136882
0 0.402631578947 0.164448669202 0.0136842105263 0.0361216730038
0 0.423684210526 0.150190114068 0.0115789473684 0.0304182509506
0 0.440526315789 0.149239543726 0.0136842105263 0.0285171102662
0 0.478421052632 0.143536121673 0.0115789473684 0.0247148288973
0 0.467368421053 0.133079847909 0.0105263157895 0.0266159695817
0 0.508947368421 0.178707224335 0.0157894736842 0.0304182509506
0 0.490526315789 0.192015209125 0.0126315789474 0.0266159695817
0 0.494210526316 0.118821292776 0.00947368421053 0.0171102661597
0 0.510526315789 0.1463878327 0.0147368421053 0.0228136882129
0 0.544736842105 0.15969581749 0.0157894736842 0.0266159695817
0 0.551578947368 0.182509505703 0.0168421052632 0.0380228136882
0 0.581052631579 0.16825095057 0.0168421052632 0.0361216730038
0 0.588947368421 0.139733840304 0.0115789473684 0.0285171102662
0 0.637894736842 0.151140684411 0.0147368421053 0.0247148288973
0 0.619473684211 0.135931558935 0.0136842105263 0.0285171102662
0 0.591578947368 0.105513307985 0.00842105263158 0.0209125475285
0 0.557368421053 0.115969581749 0.0115789473684 0.0228136882129
0 0.526842105263 0.115019011407 0.0115789473684 0.0247148288973
0 0.560526315789 0.145437262357 0.0136842105263 0.0247148288973
0 0.545789473684 0.13783269962 0.0115789473684 0.0209125475285
0 0.533157894737 0.139733840304 0.00947368421053 0.0209125475285
0 0.603157894737 0.111216730038 0.00842105263158 0.0209125475285
0 0.642631578947 0.11216730038 0.00947368421053 0.0228136882129
0 0.649473684211 0.1463878327 0.0105263157895 0.0228136882129
0 0.615263157895 0.115019011407 0.00947368421053 0.0209125475285
0 0.673157894737 0.113117870722 0.0115789473684 0.0285171102662
0 0.685789473684 0.109315589354 0.00947368421053 0.0247148288973
0 0.707368421053 0.109315589354 0.0105263157895 0.0247148288973
0 0.572105263158 0.240494296578 0.0221052631579 0.0475285171103
0 0.612631578947 0.240494296578 0.0231578947368 0.0475285171103
0 0.665789473684 0.180608365019 0.0136842105263 0.0342205323194
0 0.697368421053 0.172053231939 0.0136842105263 0.0361216730038
0 0.714736842105 0.180608365019 0.0147368421053 0.0380228136882
0 0.725263157895 0.144486692015 0.0147368421053 0.0304182509506
0 0.742631578947 0.131178707224 0.0115789473684 0.0304182509506
0 0.703157894737 0.31463878327 0.0273684210526 0.0551330798479
0 0.690526315789 0.254752851711 0.0189473684211 0.0456273764259
0 0.675789473684 0.230038022814 0.0168421052632 0.041825095057
0 0.716842105263 0.230038022814 0.0189473684211 0.041825095057
0 0.742105263158 0.201520912548 0.0168421052632 0.0380228136882
0 0.729473684211 0.177756653992 0.0126315789474 0.032319391635
0 0.765789473684 0.128326996198 0.00947368421053 0.0285171102662
0 0.776842105263 0.138783269962 0.0105263157895 0.0266159695817
0 0.786842105263 0.160646387833 0.0157894736842 0.0285171102662
0 0.798947368421 0.131178707224 0.00842105263158 0.0228136882129
0 0.761052631579 0.235741444867 0.0210526315789 0.0456273764259
0 0.791578947368 0.200570342205 0.0168421052632 0.0437262357414
0 0.764210526316 0.345057034221 0.0273684210526 0.0627376425856
0 0.777894736842 0.283269961977 0.0210526315789 0.0532319391635
0 0.813157894737 0.283269961977 0.0178947368421 0.041825095057
0 0.836842105263 0.216730038023 0.0147368421053 0.0342205323194
0 0.812105263158 0.134030418251 0.00947368421053 0.0209125475285
0 0.840526315789 0.151140684411 0.0115789473684 0.0247148288973
0 0.850526315789 0.145437262357 0.00842105263158 0.0247148288973
0 0.865789473684 0.171102661597 0.0136842105263 0.0342205323194
0 0.89 0.172053231939 0.0136842105263 0.032319391635
0 0.925263157895 0.200570342205 0.0147368421053 0.032319391635
0 0.944736842105 0.18536121673 0.0115789473684 0.032319391635
0 0.915263157895 0.219581749049 0.0157894736842 0.0361216730038
0 0.897368421053 0.221482889734 0.0157894736842 0.032319391635
0 0.93 0.253802281369 0.0178947368421 0.0399239543726
0 0.877894736842 0.23288973384 0.0168421052632 0.0437262357414
0 0.902631578947 0.153041825095 0.0115789473684 0.0285171102662
0 0.817894736842 0.167300380228 0.0168421052632 0.0342205323194
0 0.902631578947 0.364068441065 0.0263157894737 0.0589353612167
