0 0.316878980892 0.196060037523 0.0222929936306 0.046904315197
0 0.351380042463 0.215759849906 0.0233545647558 0.0562851782364
0 0.406050955414 0.22138836773 0.0116772823779 0.0262664165103
0 0.417728237792 0.257973733583 0.0222929936306 0.046904315197
0 0.443205944798 0.219512195122 0.0180467091295 0.0337711069418
0 0.512208067941 0.22607879925 0.0222929936306 0.0393996247655
0 0.521762208068 0.137898686679 0.0138004246285 0.0281425891182
0 0.590233545648 0.106941838649 0.0127388535032 0.0262664165103
0 0.612526539278 0.102251407129 0.0106157112527 0.0206378986867
0 0.623673036093 0.115384615385 0.00955414012739 0.0206378986867
0 0.654458598726 0.104127579737 0.0138004246285 0.0243902439024
0 0.593418259023 0.244840525328 0.0212314225053 0.0431519699812
0 0.638004246285 0.239212007505 0.0254777070064 0.0506566604128
