0 0.926841574168 0.227436823105 0.0151362260343 0.0397111913357
0 0.885973763875 0.228339350181 0.0141271442987 0.0415162454874
0 0.924823410696 0.290613718412 0.0171543895055 0.0505415162455
0 0.915237134208 0.341155234657 0.0242179616549 0.057761732852
0 0.909687184662 0.412454873646 0.029263370333 0.0703971119134
0 0.872351160444 0.265342960289 0.0191725529768 0.0469314079422
0 0.835519677094 0.312274368231 0.0221997981837 0.057761732852
0 0.82492431887 0.257220216606 0.0171543895055 0.0523465703971
0 0.807769929364 0.22202166065 0.0171543895055 0.0469314079422
0 0.778506559031 0.243682310469 0.0191725529768 0.0505415162455
0 0.780524722503 0.304151624549 0.0191725529768 0.0523465703971
0 0.814833501514 0.399819494585 0.029263370333 0.0740072202166
0 0.76034308779 0.368231046931 0.029263370333 0.072202166065
0 0.703329969728 0.315884476534 0.0262361251261 0.0613718411552
0 0.728557013118 0.3059566787 0.0221997981837 0.0451263537906
0 0.685671039354 0.250902527076 0.021190716448 0.0505415162455
0 0.731584258325 0.235559566787 0.0181634712412 0.0451263537906
0 0.752270433905 0.174187725632 0.0151362260343 0.0415162454874
0 0.758829465187 0.185920577617 0.0141271442987 0.0397111913357
0 0.750756811302 0.136281588448 0.0121089808274 0.0342960288809
0 0.785570131181 0.139891696751 0.0110998990918 0.0306859205776
0 0.802219979818 0.171480144404 0.0121089808274 0.0361010830325
0 0.711402623613 0.166967509025 0.0141271442987 0.0415162454874
0 0.716952573158 0.182310469314 0.0151362260343 0.0397111913357
0 0.677093844601 0.181407942238 0.0161453077699 0.0415162454874
0 0.724016145308 0.120938628159 0.0110998990918 0.028880866426
0 0.688698284561 0.126353790614 0.0110998990918 0.028880866426
0 0.696266397578 0.108303249097 0.0100908173562 0.0252707581227
0 0.669021190716 0.143501805054 0.0121089808274 0.0306859205776
0 0.66599394551 0.10559566787 0.0100908173562 0.0270758122744
0 0.630171543895 0.115523465704 0.0110998990918 0.0252707581227
0 0.620080726539 0.10559566787 0.0110998990918 0.0270758122744
0 0.623612512614 0.255415162455 0.0201816347124 0.0523465703971
0 0.593844601413 0.234657039711 0.0171543895055 0.0469314079422
0 0.629667003027 0.230144404332 0.0181634712412 0.0415162454874
0 0.603430877901 0.325812274368 0.0242179616549 0.0595667870036
0 0.559031281534 0.270758122744 0.0221997981837 0.0541516245487
0 0.493440968718 0.286101083032 0.0221997981837 0.0523465703971
0 0.584258324924 0.121841155235 0.00807265388496 0.0234657039711
0 0.599899091826 0.135379061372 0.0110998990918 0.028880866426
0 0.619576185671 0.150722021661 0.0121089808274 0.0342960288809
0 0.556508577195 0.12725631769 0.0110998990918 0.0270758122744
0 0.551967709384 0.148916967509 0.0100908173562 0.0306859205776
0 0.562058526741 0.156137184116 0.0100908173562 0.0306859205776
0 0.554490413724 0.164259927798 0.0131180625631 0.0324909747292
0 0.588294651867 0.175090252708 0.0121089808274 0.0361010830325
0 0.524722502523 0.132671480144 0.0121089808274 0.0270758122744
0 0.525227043391 0.180505415162 0.0131180625631 0.0361010830325
0 0.514631685166 0.142599277978 0.0100908173562 0.028880866426
0 0.494450050454 0.160649819495 0.0141271442987 0.0324909747292
0 0.496468213925 0.226534296029 0.0181634712412 0.0451263537906
0 0.479818365288 0.18321299639 0.0151362260343 0.0379061371841
0 0.419778002018 0.150722021661 0.0121089808274 0.0270758122744
0 0.447527749748 0.174187725632 0.0151362260343 0.0379061371841
0 0.437436932392 0.230144404332 0.021190716448 0.0451263537906
0 0.454086781029 0.231046931408 0.0201816347124 0.043321299639
0 0.417255297679 0.182310469314 0.0151362260343 0.0397111913357
0 0.419778002018 0.1940433213 0.0161453077699 0.0379061371841
0 0.414228052472 0.212996389892 0.0171543895055 0.043321299639
0 0.498990918264 0.136281588448 0.0131180625631 0.0306859205776
0 0.353178607467 0.18321299639 0.0121089808274 0.0306859205776
0 0.347628657921 0.207581227437 0.0131180625631 0.0397111913357
0 0.375882946519 0.203068592058 0.0151362260343 0.0415162454874
0 0.3824419778 0.236462093863 0.0161453077699 0.043321299639
0 0.371846619576 0.255415162455 0.0151362260343 0.0415162454874
0 0.360746720484 0.229241877256 0.0171543895055 0.0397111913357
0 0.289101917255 0.224729241877 0.0151362260343 0.0342960288809
0 0.305247225025 0.243682310469 0.0171543895055 0.0361010830325
0 0.197780020182 0.36642599278 0.0403632694248 0.0794223826715
