0 0.0146566164154 0.416420118343 0.0242881072027 0.051775147929
0 0.229899497487 0.333579881657 0.0142378559464 0.0340236686391
0 0.289363484087 0.300295857988 0.0125628140704 0.0325443786982
0 0.25837520938 0.372041420118 0.0192629815745 0.0399408284024
0 0.295226130653 0.363165680473 0.0192629815745 0.0488165680473
0 0.337939698492 0.35724852071 0.0276381909548 0.0458579881657
0 0.356365159129 0.284763313609 0.0142378559464 0.0310650887574
0 0.362646566164 0.329881656805 0.0201005025126 0.0384615384615
0 0.386515912898 0.324704142012 0.0209380234506 0.0399408284024
0 0.394472361809 0.255917159763 0.0134003350084 0.0266272189349
0 0.409966499162 0.261094674556 0.0142378559464 0.0310650887574
0 0.41122278057 0.295118343195 0.0150753768844 0.0251479289941
0 0.412897822446 0.335059171598 0.0234505862647 0.0399408284024
0 0.441373534338 0.300295857988 0.0201005025126 0.0384615384615
0 0.430067001675 0.252218934911 0.0142378559464 0.0310650887574
0 0.451423785595 0.261094674556 0.0150753768844 0.0369822485207
0 0.473618090452 0.227810650888 0.0242881072027 0.0295857988166
0 0.477386934673 0.261834319527 0.0134003350084 0.0355029585799
0 0.47445561139 0.300295857988 0.0175879396985 0.0295857988166
0 0.451842546064 0.335798816568 0.0192629815745 0.0295857988166
0 0.506281407035 0.318786982249 0.0175879396985 0.0399408284024
0 0.513819095477 0.256656804734 0.0125628140704 0.0369822485207
0 0.525963149079 0.272189349112 0.0217755443886 0.0473372781065
0 0.531825795645 0.243343195266 0.0234505862647 0.0310650887574
0 0.529313232831 0.315088757396 0.0167504187605 0.0325443786982
0 0.539782244556 0.352810650888 0.0226130653266 0.042899408284
0 0.469849246231 0.402366863905 0.0268006700168 0.0562130177515
0 0.561976549414 0.272189349112 0.0184254606365 0.0384615384615
0 0.552345058626 0.244082840237 0.0108877721943 0.0325443786982
0 0.564907872697 0.217455621302 0.0125628140704 0.0207100591716
0 0.589195979899 0.252218934911 0.0142378559464 0.0281065088757
0 0.582495812395 0.215976331361 0.0192629815745 0.0266272189349
0 0.607202680067 0.213017751479 0.0167504187605 0.0295857988166
0 0.617252931323 0.198224852071 0.0150753768844 0.0295857988166
0 0.609715242881 0.246301775148 0.0167504187605 0.0369822485207
0 0.642378559464 0.244822485207 0.0201005025126 0.0310650887574
0 0.634840871022 0.209319526627 0.0117252931323 0.0192307692308
0 0.647822445561 0.21375739645 0.0175879396985 0.0192307692308
0 0.602596314908 0.330621301775 0.0209380234506 0.042899408284
0 0.665829145729 0.203402366864 0.0100502512563 0.0281065088757
0 0.708961474037 0.210059171598 0.0209380234506 0.0325443786982
0 0.68634840871 0.23298816568 0.0209380234506 0.0310650887574
0 0.688860971524 0.26775147929 0.0209380234506 0.0295857988166
0 0.71189279732 0.243343195266 0.0201005025126 0.0340236686391
0 0.643634840871 0.293639053254 0.0192629815745 0.0399408284024
0 0.624790619765 0.341715976331 0.0217755443886 0.0355029585799
0 0.53391959799 0.423816568047 0.0293132328308 0.0547337278107
0 0.606365159129 0.462278106509 0.0318257956449 0.0843195266272
0 0.661641541039 0.363165680473 0.0284757118928 0.0458579881657
0 0.649497487437 0.468195266272 0.0376884422111 0.060650887574
0 0.698073701843 0.351331360947 0.0142378559464 0.0340236686391
0 0.696817420436 0.308431952663 0.0201005025126 0.0399408284024
0 0.735762144054 0.279585798817 0.0142378559464 0.0325443786982
0 0.755443886097 0.235946745562 0.0134003350084 0.0340236686391
0 0.7202680067 0.479289940828 0.0402010050251 0.0828402366864
0 0.750418760469 0.413461538462 0.0284757118928 0.0547337278107
0 0.773869346734 0.23298816568 0.0150753768844 0.0340236686391
0 0.783500837521 0.279585798817 0.0159128978224 0.0384615384615
0 0.789782244556 0.241124260355 0.0134003350084 0.0325443786982
0 0.798576214405 0.243343195266 0.00753768844221 0.0340236686391
0 0.795644891122 0.422337278107 0.0268006700168 0.0636094674556
0 0.850921273032 0.539940828402 0.0301507537688 0.0798816568047
0 0.857621440536 0.468934911243 0.0335008375209 0.0621301775148
0 0.822445561139 0.35798816568 0.0251256281407 0.0562130177515
0 0.829564489112 0.297337278107 0.0159128978224 0.0295857988166
0 0.833752093802 0.260355029586 0.0142378559464 0.0295857988166
0 0.853852596315 0.248520710059 0.0125628140704 0.0295857988166
0 0.884422110553 0.241863905325 0.0117252931323 0.0251479289941
0 0.870603015075 0.258875739645 0.0192629815745 0.0325443786982
0 0.852596314908 0.306213017751 0.0184254606365 0.0355029585799
0 0.856783919598 0.334319526627 0.0201005025126 0.0384615384615
0 0.871440536013 0.367603550296 0.0209380234506 0.051775147929
0 0.886934673367 0.335059171598 0.0234505862647 0.042899408284
0 0.907872696817 0.283284023669 0.0167504187605 0.0399408284024
0 0.926298157454 0.483727810651 0.0268006700168 0.0621301775148
0 0.951423785595 0.358727810651 0.0217755443886 0.042899408284
0 0.930485762144 0.312130177515 0.0150753768844 0.0443786982249
0 0.947654941374 0.302514792899 0.0276381909548 0.0458579881657
0 0.951423785595 0.277366863905 0.0134003350084 0.0251479289941
0 0.866834170854 0.281065088757 0.0150753768844 0.0384615384615
