0 0.893194706994 0.213455149502 0.0151228733459 0.0448504983389
0 0.822778827977 0.12292358804 0.0103969754253 0.0299003322259
0 0.734404536862 0.277408637874 0.0264650283554 0.0564784053156
0 0.790642722117 0.28903654485 0.023629489603 0.0531561461794
0 0.809073724008 0.18023255814 0.0151228733459 0.0382059800664
0 0.777882797732 0.16196013289 0.0151228733459 0.0348837209302
0 0.754725897921 0.144518272425 0.0141776937618 0.0332225913621
0 0.724952741021 0.142026578073 0.0151228733459 0.0282392026578
0 0.73629489603 0.16196013289 0.0170132325142 0.0348837209302
0 0.695179584121 0.151162790698 0.0160680529301 0.0365448504983
0 0.583175803403 0.152823920266 0.0132325141777 0.0299003322259
0 0.563799621928 0.147009966777 0.0122873345936 0.031561461794
0 0.537334593573 0.141196013289 0.0122873345936 0.0265780730897
0 0.539697542533 0.199335548173 0.0151228733459 0.0365448504983
0 0.462665406427 0.15780730897 0.0103969754253 0.0232558139535
0 0.475897920605 0.14950166113 0.0103969754253 0.0232558139535
0 0.45652173913 0.186877076412 0.0151228733459 0.0348837209302
0 0.480151228733 0.197674418605 0.0132325141777 0.0332225913621
0 0.42438563327 0.229235880399 0.0170132325142 0.0365448504983
0 0.460775047259 0.225083056478 0.0160680529301 0.0382059800664
0 0.483459357278 0.328073089701 0.0217391304348 0.0514950166113
0 0.445179584121 0.266611295681 0.0189035916824 0.0448504983389
0 0.313799621928 0.289867109635 0.0151228733459 0.0348837209302
0 0.368620037807 0.262458471761 0.0151228733459 0.0365448504983
0 0.661153119093 0.256644518272 0.0198487712665 0.0481727574751
0 0.208412098299 0.462624584718 0.0444234404537 0.104651162791
0 0.254725897921 0.429401993355 0.0425330812854 0.101328903654
