0 0.195966907963 0.384259259259 0.0465356773526 0.0981481481481
0 0.326783867632 0.189814814815 0.0124095139607 0.0240740740741
0 0.331954498449 0.235185185185 0.0165460186143 0.0407407407407
0 0.357290589452 0.231481481481 0.0175801447777 0.0444444444444
0 0.377456049638 0.183333333333 0.0186142709411 0.0333333333333
0 0.394002068252 0.194444444444 0.0186142709411 0.0333333333333
0 0.40847983454 0.160185185185 0.0144777662875 0.0240740740741
0 0.433815925543 0.172222222222 0.0134436401241 0.0259259259259
0 0.443640124095 0.152777777778 0.0124095139607 0.0351851851852
0 0.446742502585 0.22962962963 0.0206825232678 0.0333333333333
0 0.475180972079 0.181481481481 0.0155118924509 0.0333333333333
0 0.473629782834 0.133333333333 0.0124095139607 0.0259259259259
0 0.491726990693 0.131481481481 0.0134436401241 0.0296296296296
0 0.505170630817 0.143518518519 0.0134436401241 0.0277777777778
0 0.502068252327 0.223148148148 0.0175801447777 0.0425925925926
0 0.53050672182 0.185185185185 0.0165460186143 0.0296296296296
0 0.547569803516 0.162962962963 0.0175801447777 0.0333333333333
0 0.551189245088 0.188888888889 0.0165460186143 0.037037037037
0 0.570837642192 0.176851851852 0.0165460186143 0.0240740740741
0 0.570837642192 0.124074074074 0.0144777662875 0.0296296296296
0 0.579627714581 0.10462962963 0.0134436401241 0.0240740740741
0 0.611685625646 0.112037037037 0.0134436401241 0.0277777777778
0 0.629782833506 0.127777777778 0.0144777662875 0.037037037037
0 0.650465356774 0.125925925926 0.0103412616339 0.0333333333333
0 0.661840744571 0.0962962962963 0.0103412616339 0.0259259259259
0 0.685108583247 0.105555555556 0.0113753877973 0.0259259259259
0 0.70423991727 0.101851851852 0.0103412616339 0.0259259259259
0 0.716649431231 0.0527777777778 0.0124095139607 0.0277777777778
0 0.580144777663 0.226851851852 0.0227507755946 0.0425925925926
0 0.59152016546 0.272222222222 0.0248190279214 0.0555555555556
0 0.62202688728 0.22037037037 0.0175801447777 0.0333333333333
0 0.614788004137 0.255555555556 0.0196483971044 0.0296296296296
0 0.658221302999 0.355555555556 0.023784901758 0.062962962963
0 0.671147880041 0.281481481481 0.0227507755946 0.0518518518519
0 0.665460186143 0.168518518519 0.0155118924509 0.037037037037
0 0.703722854188 0.158333333333 0.0134436401241 0.0314814814815
0 0.726473629783 0.143518518519 0.0134436401241 0.0277777777778
0 0.739400206825 0.171296296296 0.0144777662875 0.0388888888889
0 0.758014477766 0.126851851852 0.0144777662875 0.0314814814815
0 0.791106514995 0.133333333333 0.0103412616339 0.0296296296296
0 0.804550155119 0.14537037037 0.0144777662875 0.0277777777778
0 0.749741468459 0.205555555556 0.0144777662875 0.0333333333333
0 0.710961737332 0.234259259259 0.0217166494312 0.0388888888889
0 0.766804550155 0.241666666667 0.0196483971044 0.05
0 0.797828335057 0.216666666667 0.0175801447777 0.0333333333333
0 0.744570837642 0.305555555556 0.0268872802482 0.0518518518519
0 0.761116856256 0.37962962963 0.0310237849018 0.0703703703704
0 0.781282316443 0.323148148148 0.0258531540848 0.0611111111111
0 0.821096173733 0.390740740741 0.0248190279214 0.0703703703704
0 0.839710444674 0.316666666667 0.0268872802482 0.0555555555556
0 0.871768355739 0.425925925926 0.0392967942089 0.0703703703704
0 0.902275077559 0.326851851852 0.0217166494312 0.0648148148148
0 0.808686659772 0.266666666667 0.0227507755946 0.0407407407407
0 0.862978283351 0.277777777778 0.0175801447777 0.0481481481481
0 0.879524301965 0.240740740741 0.0155118924509 0.0407407407407
0 0.91778697001 0.282407407407 0.0217166494312 0.0425925925926
0 0.929679420889 0.221296296296 0.0144777662875 0.0462962962963
0 0.504653567735 0.0814814814815 0.0103412616339 0.0259259259259
0 0.520165460186 0.135185185185 0.0103412616339 0.0259259259259
