0 0.187932739862 0.445614035088 0.0415430267062 0.080701754386
0 0.340751730959 0.25 0.0207715133531 0.0438596491228
0 0.3862512364 0.248245614035 0.024727992087 0.040350877193
0 0.4431256182 0.262280701754 0.0178041543027 0.040350877193
0 0.49703264095 0.226315789474 0.0227497527201 0.0350877192982
0 0.441641938675 0.220175438596 0.0168150346192 0.0333333333333
0 0.391196834817 0.19649122807 0.0168150346192 0.0315789473684
0 0.365479723046 0.194736842105 0.0148367952522 0.0280701754386
0 0.422354104847 0.185087719298 0.0158259149357 0.0333333333333
0 0.470326409496 0.187719298246 0.0187932739862 0.0315789473684
0 0.46587537092 0.145614035088 0.0138476755687 0.0245614035088
0 0.499505440158 0.131578947368 0.0118694362018 0.0245614035088
0 0.525717111771 0.132456140351 0.0108803165183 0.0228070175439
0 0.541543026706 0.132456140351 0.0128585558853 0.019298245614
0 0.512858555885 0.190350877193 0.0168150346192 0.0298245614035
0 0.537586547972 0.2 0.0207715133531 0.0315789473684
0 0.586053412463 0.177192982456 0.0148367952522 0.0315789473684
0 0.578635014837 0.125438596491 0.00989119683482 0.0298245614035
0 0.616716122651 0.114035087719 0.0108803165183 0.0210526315789
0 0.620178041543 0.14298245614 0.0138476755687 0.0263157894737
0 0.636003956479 0.258771929825 0.0197823936696 0.0438596491228
0 0.585064292779 0.244736842105 0.0227497527201 0.040350877193
0 0.628585558853 0.213157894737 0.0187932739862 0.0333333333333
0 0.655786350148 0.184210526316 0.0217606330366 0.0350877192982
0 0.746785361029 0.178947368421 0.0138476755687 0.0280701754386
0 0.731948565776 0.152631578947 0.0118694362018 0.0245614035088
0 0.69881305638 0.171929824561 0.0187932739862 0.0245614035088
0 0.697329376855 0.205263157895 0.0158259149357 0.0350877192982
0 0.716617210682 0.228070175439 0.0187932739862 0.0456140350877
0 0.760633036597 0.264035087719 0.0178041543027 0.0333333333333
0 0.667161226508 0.278070175439 0.026706231454 0.0473684210526
0 0.772997032641 0.304385964912 0.0227497527201 0.0508771929825
0 0.801681503462 0.30701754386 0.0187932739862 0.0456140350877
0 0.8353115727 0.314912280702 0.024727992087 0.0508771929825
0 0.864490603363 0.283333333333 0.0197823936696 0.040350877193
0 0.910979228487 0.349122807018 0.0237388724036 0.059649122807
0 0.926805143422 0.314035087719 0.0178041543027 0.0421052631579
0 0.927299703264 0.20350877193 0.0168150346192 0.0421052631579
0 0.947082096934 0.179824561404 0.0108803165183 0.0333333333333
0 0.862512363996 0.19298245614 0.0138476755687 0.0315789473684
0 0.888724035608 0.232456140351 0.0187932739862 0.040350877193
0 0.8353115727 0.235087719298 0.0168150346192 0.0350877192982
0 0.848170128586 0.206140350877 0.0168150346192 0.0298245614035
0 0.838278931751 0.187719298246 0.0168150346192 0.0315789473684
0 0.93175074184 0.287719298246 0.0158259149357 0.0385964912281
