0 0.333737864078 0.197887323944 0.0218446601942 0.0352112676056
0 0.380663430421 0.193661971831 0.0186084142395 0.0295774647887
0 0.395631067961 0.171830985915 0.0145631067961 0.030985915493
0 0.426375404531 0.174647887324 0.0145631067961 0.0338028169014
0 0.443365695793 0.178873239437 0.0177993527508 0.0338028169014
0 0.452669902913 0.146478873239 0.0121359223301 0.030985915493
0 0.465210355987 0.149295774648 0.0161812297735 0.030985915493
0 0.471682847896 0.17676056338 0.0194174757282 0.0352112676056
0 0.492313915858 0.166197183099 0.0169902912621 0.0394366197183
0 0.489886731392 0.133098591549 0.0169902912621 0.0239436619718
0 0.48503236246 0.158450704225 0.0121359223301 0.0267605633803
0 0.50930420712 0.131690140845 0.0137540453074 0.0239436619718
0 0.526699029126 0.132394366197 0.0129449838188 0.030985915493
0 0.519417475728 0.183098591549 0.0161812297735 0.0394366197183
0 0.531957928803 0.166197183099 0.0169902912621 0.030985915493
0 0.555420711974 0.148591549296 0.0169902912621 0.0380281690141
0 0.565129449838 0.188028169014 0.0169902912621 0.0295774647887
0 0.570792880259 0.117605633803 0.0121359223301 0.0323943661972
0 0.583737864078 0.152112676056 0.0153721682848 0.0338028169014
0 0.593446601942 0.122535211268 0.0121359223301 0.0253521126761
0 0.610436893204 0.130281690141 0.0153721682848 0.0295774647887
0 0.613268608414 0.154225352113 0.0145631067961 0.0295774647887
0 0.646844660194 0.157746478873 0.0186084142395 0.030985915493
0 0.648058252427 0.132394366197 0.0129449838188 0.0253521126761
0 0.646035598706 0.114084507042 0.0105177993528 0.0197183098592
0 0.632281553398 0.106338028169 0.0121359223301 0.0239436619718
0 0.67354368932 0.116197183099 0.0105177993528 0.0211267605634
0 0.68001618123 0.131690140845 0.0121359223301 0.0239436619718
0 0.691747572816 0.112676056338 0.0129449838188 0.0225352112676
0 0.699029126214 0.129577464789 0.0129449838188 0.0281690140845
0 0.721682847896 0.121830985915 0.0113268608414 0.0267605633803
0 0.606796116505 0.239436619718 0.0242718446602 0.0507042253521
0 0.63430420712 0.21338028169 0.0226537216828 0.0492957746479
0 0.675161812298 0.190845070423 0.0202265372168 0.043661971831
0 0.684466019417 0.225352112676 0.0210355987055 0.0507042253521
0 0.720469255663 0.23661971831 0.0202265372168 0.0535211267606
0 0.689724919094 0.301408450704 0.0428802588997 0.087323943662
0 0.712378640777 0.178169014085 0.0137540453074 0.0352112676056
0 0.726941747573 0.194366197183 0.0202265372168 0.0422535211268
0 0.751618122977 0.173943661972 0.0161812297735 0.0380281690141
0 0.749190938511 0.149295774648 0.0145631067961 0.0281690140845
0 0.73503236246 0.168309859155 0.0137540453074 0.0267605633803
0 0.773462783172 0.141549295775 0.0113268608414 0.0239436619718
0 0.781553398058 0.13661971831 0.0113268608414 0.0281690140845
0 0.794902912621 0.17323943662 0.0153721682848 0.0366197183099
0 0.799352750809 0.152112676056 0.0129449838188 0.0253521126761
0 0.812297734628 0.17323943662 0.0161812297735 0.0366197183099
0 0.806634304207 0.216197183099 0.0210355987055 0.043661971831
0 0.838187702265 0.18661971831 0.0161812297735 0.0380281690141
0 0.828478964401 0.158450704225 0.0145631067961 0.0295774647887
0 0.843042071197 0.138732394366 0.0129449838188 0.0323943661972
0 0.851537216828 0.172535211268 0.0121359223301 0.0352112676056
0 0.87783171521 0.139436619718 0.0129449838188 0.030985915493
0 0.87783171521 0.200704225352 0.0177993527508 0.043661971831
0 0.897653721683 0.27323943662 0.0202265372168 0.0535211267606
0 0.904126213592 0.227464788732 0.0186084142395 0.0464788732394
0 0.911812297735 0.205633802817 0.0145631067961 0.0338028169014
0 0.904935275081 0.15 0.0153721682848 0.0323943661972
0 0.93567961165 0.185211267606 0.0153721682848 0.0408450704225
0 0.9571197411 0.227464788732 0.0177993527508 0.0408450704225
0 0.951860841424 0.199295774648 0.0153721682848 0.0380281690141
0 0.961165048544 0.176056338028 0.0113268608414 0.030985915493
