0 0.118755890669 0.454849498328 0.0452403393025 0.0836120401338
0 0.257775683318 0.261705685619 0.0235626767201 0.0384615384615
0 0.27521206409 0.265886287625 0.0169651272385 0.0301003344482
0 0.297360980207 0.260033444816 0.0197926484449 0.0351170568562
0 0.316211121583 0.229096989967 0.0160226201697 0.0334448160535
0 0.333176248822 0.225752508361 0.0160226201697 0.0367892976589
0 0.327049952875 0.272575250836 0.0226201696513 0.0468227424749
0 0.35014137606 0.26254180602 0.0235626767201 0.0468227424749
0 0.357681432611 0.219899665552 0.0216776625825 0.0384615384615
0 0.365692742696 0.196488294314 0.0188501413761 0.0351170568562
0 0.384071630537 0.194816053512 0.0160226201697 0.0317725752508
0 0.38548539114 0.255016722408 0.0226201696513 0.0484949832776
0 0.405278039585 0.269230769231 0.0226201696513 0.0468227424749
0 0.401036757776 0.211538461538 0.0216776625825 0.0451505016722
0 0.436380772856 0.239130434783 0.0226201696513 0.0434782608696
0 0.445805843544 0.193143812709 0.0207351555137 0.0384615384615
0 0.478322337418 0.226588628763 0.0216776625825 0.0384615384615
0 0.447219604147 0.157190635452 0.0160226201697 0.0301003344482
0 0.461828463713 0.168060200669 0.0169651272385 0.0317725752508
0 0.488689915174 0.19397993311 0.0216776625825 0.0367892976589
0 0.500471253534 0.163043478261 0.0169651272385 0.0317725752508
0 0.48821866164 0.136287625418 0.0169651272385 0.0317725752508
0 0.559377945335 0.117056856187 0.0179076343073 0.0301003344482
0 0.537229029218 0.184782608696 0.0245051837889 0.0418060200669
0 0.580584354383 0.216555183946 0.0245051837889 0.0518394648829
0 0.570216776626 0.170568561873 0.0188501413761 0.0367892976589
0 0.550424128181 0.157190635452 0.0150801131008 0.0334448160535
0 0.483506126296 0.311872909699 0.0320452403393 0.061872909699
0 0.585296889727 0.285117056856 0.0301602262017 0.0585284280936
0 0.636663524976 0.301003344482 0.0348727615457 0.0602006688963
0 0.622525918944 0.253344481605 0.0235626767201 0.0518394648829
0 0.621112158341 0.208193979933 0.0226201696513 0.0451505016722
0 0.584825636192 0.142140468227 0.0160226201697 0.0301003344482
0 0.593779453346 0.121237458194 0.00942507068803 0.0250836120401
0 0.608859566447 0.149665551839 0.0150801131008 0.0351170568562
0 0.645146088596 0.13127090301 0.0160226201697 0.0284280936455
0 0.680490103676 0.119565217391 0.0131950989632 0.0351170568562
0 0.615457115928 0.117892976589 0.0150801131008 0.0250836120401
0 0.650801131008 0.219063545151 0.0235626767201 0.0501672240803
0 0.664467483506 0.177257525084 0.0169651272385 0.0401337792642
0 0.688501413761 0.188963210702 0.0179076343073 0.0401337792642
0 0.684260131951 0.154682274247 0.0188501413761 0.0384615384615
0 0.709236569274 0.15635451505 0.014137606032 0.0351170568562
0 0.725730442978 0.165551839465 0.0169651272385 0.0401337792642
0 0.705466540999 0.215719063545 0.0197926484449 0.0401337792642
0 0.676720075401 0.244147157191 0.0245051837889 0.056856187291
0 0.717719132893 0.274247491639 0.0311027332705 0.0635451505017
0 0.7794533459 0.289297658863 0.0282752120641 0.0602006688963
0 0.777097078228 0.233277591973 0.0273327049953 0.0585284280936
0 0.739396795476 0.198160535117 0.0216776625825 0.0418060200669
0 0.767200754006 0.170568561873 0.0207351555137 0.0434782608696
0 0.749293119698 0.141304347826 0.0188501413761 0.0351170568562
0 0.737040527804 0.107859531773 0.0169651272385 0.0317725752508
0 0.767200754006 0.130434782609 0.0188501413761 0.0334448160535
0 0.788407163054 0.145484949833 0.0179076343073 0.0367892976589
0 0.804429783223 0.163879598662 0.0197926484449 0.0367892976589
0 0.809142318567 0.130434782609 0.014137606032 0.0334448160535
0 0.833176248822 0.139632107023 0.0169651272385 0.0418060200669
0 0.839302544769 0.190635451505 0.0160226201697 0.0401337792642
0 0.83081998115 0.214882943144 0.0216776625825 0.0518394648829
0 0.857681432611 0.160535117057 0.0150801131008 0.0367892976589
0 0.894439208294 0.171404682274 0.0188501413761 0.0418060200669
0 0.896795475966 0.151337792642 0.014137606032 0.0384615384615
0 0.900565504241 0.204849498328 0.0179076343073 0.0418060200669
0 0.878416588124 0.275919732441 0.0226201696513 0.0535117056856
0 0.836003770028 0.316889632107 0.0263901979265 0.0652173913043
0 0.923185673893 0.272575250836 0.0197926484449 0.0535117056856
0 0.930254476909 0.239966555184 0.0226201696513 0.0484949832776
