0 0.0850642927794 0.283737024221 0.0257171117705 0.0519031141869
0 0.282393669634 0.233564013841 0.0187932739862 0.038062283737
0 0.297230464886 0.230103806228 0.0168150346192 0.0346020761246
0 0.335806132542 0.193771626298 0.0168150346192 0.038062283737
0 0.357566765579 0.194636678201 0.0187932739862 0.0363321799308
0 0.362017804154 0.228373702422 0.0197823936696 0.038062283737
0 0.339762611276 0.233564013841 0.0187932739862 0.038062283737
0 0.381800197824 0.237889273356 0.0178041543027 0.0432525951557
0 0.382294757666 0.205017301038 0.0148367952522 0.0328719723183
0 0.388229475767 0.174740484429 0.0128585558853 0.0276816608997
0 0.395153313551 0.204152249135 0.0168150346192 0.0449826989619
0 0.413946587537 0.242214532872 0.0207715133531 0.0449826989619
0 0.426805143422 0.209342560554 0.0187932739862 0.0415224913495
0 0.451038575668 0.253460207612 0.0217606330366 0.0432525951557
0 0.461918892186 0.216262975779 0.0197823936696 0.0415224913495
0 0.453016815035 0.196366782007 0.0138476755687 0.0294117647059
0 0.447082096934 0.166955017301 0.0158259149357 0.0328719723183
0 0.426310583581 0.174740484429 0.0138476755687 0.0276816608997
0 0.40900098912 0.175605536332 0.0168150346192 0.0363321799308
0 0.492581602374 0.154844290657 0.0158259149357 0.0328719723183
0 0.50296735905 0.160034602076 0.0148367952522 0.0294117647059
0 0.507912957468 0.184256055363 0.0207715133531 0.0328719723183
0 0.53115727003 0.18598615917 0.0178041543027 0.0363321799308
0 0.544015825915 0.162629757785 0.0178041543027 0.0311418685121
0 0.564292779426 0.192041522491 0.0148367952522 0.0346020761246
0 0.574678536103 0.166955017301 0.0158259149357 0.0328719723183
0 0.557863501484 0.14446366782 0.0138476755687 0.0259515570934
0 0.554896142433 0.13321799308 0.0158259149357 0.0276816608997
0 0.525717111771 0.137543252595 0.0128585558853 0.0294117647059
0 0.505934718101 0.132352941176 0.0128585558853 0.0259515570934
0 0.581107814045 0.141868512111 0.0128585558853 0.0276816608997
0 0.600890207715 0.147058823529 0.0128585558853 0.0276816608997
0 0.613254203759 0.166089965398 0.0138476755687 0.0311418685121
0 0.603857566766 0.161764705882 0.0108803165183 0.0259515570934
0 0.6137487636 0.132352941176 0.0108803165183 0.0259515570934
0 0.620672601385 0.128027681661 0.0108803165183 0.0276816608997
0 0.631058358061 0.142733564014 0.0158259149357 0.0328719723183
0 0.648862512364 0.157439446367 0.0158259149357 0.0346020761246
0 0.648862512364 0.125432525952 0.0158259149357 0.0294117647059
0 0.663204747774 0.114186851211 0.0108803165183 0.0242214532872
0 0.670623145401 0.128892733564 0.0118694362018 0.0259515570934
0 0.678041543027 0.186851211073 0.0187932739862 0.038062283737
0 0.663204747774 0.148788927336 0.0128585558853 0.0311418685121
0 0.687932739862 0.139273356401 0.0148367952522 0.0294117647059
0 0.690900098912 0.115916955017 0.0148367952522 0.0311418685121
0 0.713649851632 0.11937716263 0.0168150346192 0.0346020761246
0 0.598911968348 0.230968858131 0.024727992087 0.0501730103806
0 0.631058358061 0.214532871972 0.0217606330366 0.0484429065744
0 0.646884272997 0.252595155709 0.0257171117705 0.0484429065744
0 0.688427299703 0.225778546713 0.0197823936696 0.0432525951557
0 0.700296735905 0.260380622837 0.0276953511375 0.0501730103806
0 0.703264094955 0.318339100346 0.0336300692384 0.0726643598616
0 0.755192878338 0.38321799308 0.0346191889219 0.0709342560554
0 0.797230464886 0.309688581315 0.0296735905045 0.0622837370242
0 0.829871414441 0.270761245675 0.0217606330366 0.0536332179931
0 0.926805143422 0.335640138408 0.0296735905045 0.0588235294118
0 0.930761622156 0.262975778547 0.0197823936696 0.0415224913495
0 0.946587537092 0.235294117647 0.0158259149357 0.0484429065744
0 0.944114737883 0.211937716263 0.0148367952522 0.0328719723183
0 0.961424332344 0.200692041522 0.0158259149357 0.0346020761246
0 0.922354104847 0.162629757785 0.0128585558853 0.038062283737
0 0.915430267062 0.18598615917 0.0148367952522 0.0397923875433
0 0.908011869436 0.190311418685 0.0158259149357 0.038062283737
0 0.901582591494 0.208477508651 0.0148367952522 0.0328719723183
0 0.89762611276 0.23875432526 0.0207715133531 0.0484429065744
0 0.848664688427 0.227508650519 0.0178041543027 0.0432525951557
0 0.864490603363 0.225778546713 0.0138476755687 0.0397923875433
0 0.875865479723 0.196366782007 0.0187932739862 0.0397923875433
0 0.884272997033 0.171280276817 0.0138476755687 0.038062283737
0 0.863006923838 0.160034602076 0.0148367952522 0.0363321799308
0 0.847675568744 0.17214532872 0.0138476755687 0.0328719723183
0 0.840257171118 0.180795847751 0.0148367952522 0.0294117647059
0 0.827398615232 0.211937716263 0.0207715133531 0.0397923875433
0 0.800197823937 0.217993079585 0.0197823936696 0.0449826989619
0 0.803659742829 0.174740484429 0.0187932739862 0.0346020761246
0 0.807616221563 0.14446366782 0.0148367952522 0.0294117647059
0 0.793273986152 0.153114186851 0.0138476755687 0.0259515570934
0 0.842729970326 0.145328719723 0.0138476755687 0.0311418685121
0 0.788822947577 0.135813148789 0.0148367952522 0.0294117647059
0 0.766567754698 0.140138408304 0.0158259149357 0.0311418685121
0 0.762116716123 0.202422145329 0.0187932739862 0.038062283737
0 0.775964391691 0.248269896194 0.0227497527201 0.0536332179931
0 0.74134520277 0.243944636678 0.0207715133531 0.0484429065744
0 0.723541048467 0.190311418685 0.0207715133531 0.0415224913495
0 0.707715133531 0.187716262976 0.0148367952522 0.0294117647059
0 0.743818001978 0.176470588235 0.0158259149357 0.038062283737
0 0.741839762611 0.152249134948 0.0158259149357 0.0346020761246
