0 0.353545734841 0.192870201097 0.0123329907503 0.0383912248629
0 0.386947584789 0.242230347349 0.0174717368962 0.0347349177331
0 0.399794450154 0.170018281536 0.0143884892086 0.0329067641682
0 0.39825282631 0.22029250457 0.0154162384378 0.0310786106033
0 0.426002055498 0.18281535649 0.0133607399794 0.0329067641682
0 0.431654676259 0.216636197441 0.016443987667 0.0420475319927
0 0.417780061665 0.267824497258 0.0195272353546 0.0457038391225
0 0.445529290853 0.155393053016 0.0113052415211 0.0292504570384
0 0.45529290853 0.18281535649 0.0143884892086 0.0329067641682
0 0.476361767729 0.136197440585 0.0113052415211 0.0274223034735
0 0.470195272354 0.198354661792 0.0154162384378 0.0310786106033
0 0.485097636177 0.148994515539 0.0102774922919 0.0237659963437
0 0.499486125385 0.128884826325 0.0123329907503 0.0237659963437
0 0.48098663926 0.241316270567 0.016443987667 0.0438756855576
0 0.503597122302 0.203839122486 0.016443987667 0.0347349177331
0 0.520041109969 0.165447897623 0.0143884892086 0.0347349177331
0 0.531860226105 0.148994515539 0.0113052415211 0.0347349177331
0 0.544193216855 0.143510054845 0.0113052415211 0.0237659963437
0 0.534429599178 0.203839122486 0.016443987667 0.0420475319927
0 0.549845837616 0.173674588665 0.0184994861254 0.0292504570384
0 0.577595066804 0.122486288848 0.0123329907503 0.0292504570384
0 0.577081192189 0.150822669104 0.0133607399794 0.0347349177331
0 0.588900308325 0.170932358318 0.0143884892086 0.0383912248629
0 0.605344295992 0.105118829982 0.0102774922919 0.0237659963437
0 0.599691675231 0.13436928702 0.0113052415211 0.0274223034735
0 0.651593011305 0.117915904936 0.0123329907503 0.0310786106033
0 0.683967112025 0.136197440585 0.0133607399794 0.0237659963437
0 0.699383350462 0.131627056673 0.0133607399794 0.036563071298
0 0.591469681398 0.242230347349 0.0195272353546 0.0420475319927
0 0.616135662898 0.248628884826 0.0236382322713 0.054844606947
0 0.640801644399 0.221206581353 0.0195272353546 0.0402193784278
0 0.634635149024 0.306215722121 0.0256937307297 0.0639853747715
0 0.701952723535 0.329981718464 0.0246659815005 0.0603290676417
0 0.706577595067 0.193784277879 0.0154162384378 0.0438756855576
0 0.712744090442 0.168190127971 0.0154162384378 0.0402193784278
0 0.724563206578 0.154478976234 0.0143884892086 0.0310786106033
0 0.758992805755 0.142595978062 0.0174717368962 0.018281535649
0 0.781603288798 0.136197440585 0.0133607399794 0.0347349177331
0 0.760534429599 0.167276051188 0.016443987667 0.0383912248629
0 0.778006166495 0.178244972578 0.0123329907503 0.0310786106033
0 0.789825282631 0.170018281536 0.0113052415211 0.036563071298
0 0.755909558068 0.204753199269 0.0195272353546 0.0475319926874
0 0.79085303186 0.216636197441 0.0133607399794 0.0383912248629
0 0.774922918808 0.242230347349 0.016443987667 0.0457038391225
0 0.741007194245 0.26873857404 0.0246659815005 0.0621572212066
0 0.827338129496 0.380255941499 0.0390544707091 0.113345521024
0 0.82322713258 0.276965265082 0.0205549845838 0.0530164533821
0 0.83556012333 0.22760511883 0.0143884892086 0.0347349177331
0 0.827852004111 0.191042047532 0.0133607399794 0.0347349177331
0 0.832476875642 0.165447897623 0.0143884892086 0.0383912248629
0 0.862281603289 0.195612431444 0.0143884892086 0.036563071298
0 0.869475847893 0.187385740402 0.0123329907503 0.0383912248629
0 0.897225077081 0.201096892139 0.0123329907503 0.0438756855576
0 0.889003083248 0.212065813528 0.016443987667 0.0329067641682
0 0.938335046249 0.169104204753 0.0143884892086 0.0310786106033
0 0.940904419322 0.195612431444 0.0133607399794 0.0292504570384
0 0.933196300103 0.206581352834 0.0143884892086 0.0329067641682
0 0.933710174717 0.249542961609 0.0154162384378 0.0383912248629
0 0.886433710175 0.245886654479 0.0195272353546 0.0493601462523
0 0.856628982528 0.264168190128 0.0195272353546 0.0493601462523
0 0.851490236382 0.323583180987 0.0236382322713 0.0585009140768
0 0.922918807811 0.303473491773 0.0205549845838 0.054844606947
0 0.732271325797 0.191956124314 0.0154162384378 0.0329067641682
0 0.661870503597 0.138939670932 0.0123329907503 0.0329067641682
0 0.632579650565 0.146252285192 0.0133607399794 0.0292504570384
0 0.471736896197 0.173674588665 0.0123329907503 0.0255941499086
0 0.465056526208 0.2239488117 0.0154162384378 0.0420475319927
