0 0.2022417154 0.431698774081 0.0458089668616 0.0683012259194
0 0.307504873294 0.218914185639 0.0185185185185 0.0420315236427
0 0.332846003899 0.22942206655 0.0165692007797 0.0385288966725
0 0.359161793372 0.23642732049 0.0185185185185 0.045534150613
0 0.410331384016 0.246059544658 0.0233918128655 0.0332749562172
0 0.417641325536 0.211033274956 0.0185185185185 0.0402802101576
0 0.467348927875 0.197898423818 0.0224171539961 0.0350262697023
0 0.420565302144 0.154991243433 0.0126705653021 0.0297723292469
0 0.434210526316 0.15761821366 0.0126705653021 0.0385288966725
0 0.469298245614 0.155866900175 0.0243664717349 0.0385288966725
0 0.497563352827 0.15411558669 0.0165692007797 0.0350262697023
0 0.543859649123 0.154991243433 0.0214424951267 0.0402802101576
0 0.559941520468 0.190017513135 0.0224171539961 0.0367775831874
0 0.633040935673 0.234676007005 0.0185185185185 0.0525394045534
0 0.671052631579 0.234676007005 0.0263157894737 0.0385288966725
0 0.641812865497 0.0490367775832 0.0126705653021 0.031523642732
0 0.732456140351 0.147985989492 0.0224171539961 0.0402802101576
0 0.904970760234 0.19877408056 0.0165692007797 0.0402802101576
0 0.893762183236 0.245183887916 0.0233918128655 0.0595446584939
0 0.911306042885 0.336252189142 0.0331384015595 0.0700525394046
0 0.924463937622 0.247810858144 0.0204678362573 0.0507880910683
0 0.940545808967 0.201401050788 0.0155945419103 0.0420315236427
0 0.964424951267 0.187390542907 0.0146198830409 0.0350262697023
0 0.398635477583 0.209281961471 0.0175438596491 0.0367775831874
0 0.644736842105 0.206654991243 0.0185185185185 0.0420315236427
