0 0.880838894185 0.159052453469 0.0114394661582 0.0304568527919
0 0.905147759771 0.164974619289 0.0104861773117 0.0321489001692
0 0.940419447092 0.168358714044 0.00857959961868 0.0287648054146
0 0.928979980934 0.203891708968 0.0104861773117 0.0355329949239
0 0.885128693994 0.235194585448 0.0142993326978 0.0338409475465
0 0.929456625357 0.252115059222 0.0152526215443 0.0338409475465
0 0.917063870353 0.263113367174 0.0171591992374 0.0389170896785
0 0.918017159199 0.30372250423 0.0171591992374 0.0423011844332
0 0.914204003813 0.340101522843 0.0190657769304 0.0541455160745
0 0.866539561487 0.27834179357 0.0171591992374 0.0524534686971
0 0.853193517636 0.187817258883 0.0152526215443 0.0372250423012
0 0.816491897045 0.300338409475 0.0200190657769 0.0558375634518
0 0.846043851287 0.323181049069 0.023832221163 0.0575296108291
0 0.839370829361 0.211505922166 0.0142993326978 0.0406091370558
0 0.837940896092 0.23434856176 0.0171591992374 0.0423011844332
0 0.840324118208 0.154822335025 0.0123927550048 0.0287648054146
0 0.810772163966 0.146362098139 0.0142993326978 0.0355329949239
0 0.794566253575 0.21489001692 0.0162059103908 0.0372250423012
0 0.767397521449 0.252115059222 0.0171591992374 0.0439932318105
0 0.740705433746 0.27241962775 0.0190657769304 0.0507614213198
0 0.738798856053 0.195431472081 0.0152526215443 0.0389170896785
0 0.717349857007 0.232656514382 0.0162059103908 0.0456852791878
0 0.734509056244 0.148054145516 0.0104861773117 0.0321489001692
0 0.764537654909 0.12013536379 0.0114394661582 0.0270727580372
0 0.78217349857 0.148054145516 0.0104861773117 0.0287648054146
0 0.795996186845 0.161590524535 0.0133460438513 0.0321489001692
0 0.792659675882 0.129441624365 0.0104861773117 0.0253807106599
0 0.747378455672 0.180203045685 0.0152526215443 0.0253807106599
0 0.713060057197 0.120981387479 0.0095328884652 0.0253807106599
0 0.686367969495 0.11421319797 0.0114394661582 0.0253807106599
0 0.689704480458 0.188663282572 0.0142993326978 0.0355329949239
0 0.655862726406 0.19627749577 0.0152526215443 0.0372250423012
0 0.673021925643 0.217428087986 0.0190657769304 0.0423011844332
0 0.679694947569 0.264805414552 0.0209723546235 0.0490693739425
0 0.625834127741 0.261421319797 0.0200190657769 0.0490693739425
0 0.625834127741 0.204737732657 0.0181124880839 0.0406091370558
0 0.580076263108 0.23434856176 0.0181124880839 0.0456852791878
0 0.575309818875 0.17089678511 0.0162059103908 0.0338409475465
0 0.593422306959 0.118443316413 0.00857959961868 0.0236886632826
0 0.603908484271 0.104906937394 0.00857959961868 0.0236886632826
0 0.612488083889 0.129441624365 0.00857959961868 0.0287648054146
0 0.620591039085 0.129441624365 0.0095328884652 0.0287648054146
0 0.637750238322 0.149746192893 0.0133460438513 0.0321489001692
0 0.657769304099 0.118443316413 0.0095328884652 0.0270727580372
0 0.513822688275 0.126057529611 0.0095328884652 0.0219966159052
0 0.518112488084 0.130287648054 0.00857959961868 0.0236886632826
0 0.541468064824 0.137055837563 0.0095328884652 0.0304568527919
0 0.561963775024 0.141285956007 0.0142993326978 0.0253807106599
0 0.514299332698 0.188663282572 0.0162059103908 0.0389170896785
0 0.5409914204 0.19627749577 0.0162059103908 0.0406091370558
0 0.548617731173 0.290186125212 0.0200190657769 0.0558375634518
0 0.469971401335 0.137055837563 0.0095328884652 0.0236886632826
0 0.494280266921 0.139593908629 0.0104861773117 0.0219966159052
0 0.479980934223 0.153976311337 0.0104861773117 0.0270727580372
0 0.497616777884 0.159052453469 0.0114394661582 0.0236886632826
0 0.485224022879 0.2089678511 0.0190657769304 0.0456852791878
0 0.440896091516 0.151438240271 0.0104861773117 0.0253807106599
0 0.391325071497 0.17089678511 0.0104861773117 0.0270727580372
0 0.414680648236 0.166666666667 0.0114394661582 0.0287648054146
0 0.431363203051 0.175972927242 0.0123927550048 0.0270727580372
0 0.448522402288 0.212351945854 0.0142993326978 0.0423011844332
0 0.427073403241 0.214043993232 0.0152526215443 0.0355329949239
0 0.413250714967 0.2089678511 0.0162059103908 0.0355329949239
0 0.406577693041 0.27241962775 0.023832221163 0.0439932318105
0 0.367969494757 0.193739424704 0.0152526215443 0.0355329949239
0 0.350333651096 0.206429780034 0.0142993326978 0.0372250423012
0 0.373212583413 0.248730964467 0.0181124880839 0.0439932318105
0 0.270257387989 0.223350253807 0.0123927550048 0.0304568527919
0 0.311725452812 0.262267343486 0.0190657769304 0.0439932318105
0 0.233079122974 0.324873096447 0.0295519542421 0.0676818950931
