0 0.11320754717 0.352941176471 0.039376538146 0.077474892396
0 0.293683347006 0.197274031564 0.019688269073 0.0502152080344
0 0.318703855619 0.202295552367 0.025430680886 0.0459110473458
0 0.498769483183 0.185078909613 0.0295324036095 0.0573888091822
0 0.527481542248 0.147776183644 0.0246103363413 0.0545193687231
0 0.590237899918 0.157101865136 0.0270713699754 0.0588235294118
0 0.622231337162 0.150645624103 0.0205086136177 0.051649928264
0 0.707136997539 0.159253945481 0.0246103363413 0.051649928264
0 0.753486464315 0.216642754663 0.0287120590648 0.0631276901004
0 0.704265791632 0.286226685796 0.0385561936013 0.0817790530846
0 0.650123051682 0.264705882353 0.0369155045119 0.0846484935438
