0 0.094249201278 0.55592654424 0.0527156549521 0.113522537563
0 0.200079872204 0.293823038397 0.0215654952077 0.0500834724541
0 0.220047923323 0.276293823038 0.0215654952077 0.0484140233723
0 0.277156549521 0.237061769616 0.0207667731629 0.0467445742905
0 0.31749201278 0.232888146912 0.0199680511182 0.0450751252087
0 0.333466453674 0.228714524207 0.0199680511182 0.0534223706177
0 0.327875399361 0.191986644407 0.0167731629393 0.0400667779633
0 0.357827476038 0.209515859766 0.0191693290735 0.0417362270451
0 0.369808306709 0.19449081803 0.017571884984 0.0350584307179
0 0.377396166134 0.257929883139 0.0199680511182 0.0517529215359
0 0.397763578275 0.227045075125 0.0159744408946 0.0434056761269
0 0.417731629393 0.171953255426 0.0143769968051 0.0367278797997
0 0.433306709265 0.161101836394 0.0135782747604 0.0317195325543
0 0.444488817891 0.186143572621 0.0151757188498 0.0417362270451
0 0.462060702875 0.162771285476 0.0183706070288 0.0417362270451
0 0.472843450479 0.134390651085 0.0127795527157 0.0350584307179
0 0.485223642173 0.168614357262 0.0167731629393 0.0467445742905
0 0.499600638978 0.146076794658 0.0151757188498 0.0383973288815
0 0.504792332268 0.198664440735 0.0159744408946 0.0367278797997
0 0.478434504792 0.244574290484 0.0207667731629 0.0550918196995
0 0.445686900958 0.29632721202 0.0255591054313 0.0550918196995
0 0.553913738019 0.22203672788 0.0167731629393 0.0467445742905
0 0.532348242812 0.156093489149 0.0167731629393 0.0383973288815
0 0.559504792332 0.156093489149 0.0151757188498 0.0383973288815
0 0.561102236422 0.131886477462 0.0151757188498 0.0333889816361
0 0.589057507987 0.130217028381 0.0151757188498 0.0367278797997
0 0.605031948882 0.122704507513 0.0167731629393 0.0383973288815
0 0.586661341853 0.196160267112 0.0167731629393 0.0417362270451
0 0.586661341853 0.166110183639 0.0135782747604 0.0350584307179
0 0.609424920128 0.181135225376 0.0143769968051 0.0383973288815
0 0.628594249201 0.189482470785 0.017571884984 0.0417362270451
0 0.621405750799 0.151919866444 0.0159744408946 0.0367278797997
0 0.626597444089 0.126043405676 0.0167731629393 0.0417362270451
0 0.650958466454 0.137729549249 0.0143769968051 0.0383973288815
0 0.664936102236 0.145242070117 0.0167731629393 0.0434056761269
0 0.660942492013 0.177796327212 0.0151757188498 0.0383973288815
0 0.692092651757 0.15776293823 0.0183706070288 0.0450751252087
0 0.698083067093 0.130217028381 0.017571884984 0.0434056761269
0 0.720047923323 0.146076794658 0.0135782747604 0.0383973288815
0 0.711661341853 0.207846410684 0.017571884984 0.0417362270451
0 0.580670926518 0.330550918197 0.0271565495208 0.0634390651085
0 0.613817891374 0.304674457429 0.026357827476 0.0584307178631
0 0.617412140575 0.371452420701 0.0287539936102 0.0717863105175
0 0.664536741214 0.400667779633 0.0303514376997 0.0767946577629
0 0.676517571885 0.227045075125 0.0239616613419 0.0534223706177
0 0.72803514377 0.258764607679 0.0247603833866 0.0567612687813
0 0.74321086262 0.208681135225 0.0167731629393 0.0500834724541
0 0.761182108626 0.224540901503 0.0207667731629 0.0450751252087
0 0.767971246006 0.191986644407 0.0151757188498 0.0367278797997
0 0.779952076677 0.17612687813 0.0135782747604 0.0350584307179
0 0.817891373802 0.186143572621 0.0159744408946 0.0484140233723
0 0.839856230032 0.208681135225 0.0167731629393 0.0434056761269
0 0.823083067093 0.241235392321 0.0167731629393 0.0450751252087
0 0.801916932907 0.252086811352 0.0207667731629 0.0500834724541
0 0.773162939297 0.279632721202 0.0207667731629 0.0484140233723
0 0.823881789137 0.295492487479 0.0215654952077 0.0634390651085
0 0.732428115016 0.39816360601 0.0287539936102 0.0684474123539
0 0.810702875399 0.462437395659 0.0415335463259 0.0801335559265
0 0.885782747604 0.41652754591 0.0303514376997 0.0751252086811
0 0.870207667732 0.335559265442 0.0215654952077 0.0534223706177
0 0.865814696486 0.515025041736 0.0319488817891 0.085141903172
0 0.878594249201 0.227879799666 0.0143769968051 0.0383973288815
0 0.886581469649 0.21285475793 0.0127795527157 0.0317195325543
0 0.908146964856 0.23121869783 0.0159744408946 0.0350584307179
0 0.906150159744 0.283806343907 0.0215654952077 0.0567612687813
0 0.936900958466 0.264607679466 0.0143769968051 0.0484140233723
0 0.929313099042 0.320534223706 0.0167731629393 0.0534223706177
0 0.952875399361 0.371452420701 0.0191693290735 0.0651085141903
0 0.957268370607 0.452420701169 0.026357827476 0.0734557595993
0 0.982028753994 0.367278797997 0.0183706070288 0.0567612687813
0 0.981629392971 0.323038397329 0.0159744408946 0.0450751252087
0 0.980830670927 0.288814691152 0.0159744408946 0.0400667779633
0 0.988817891374 0.26878130217 0.0127795527157 0.0333889816361
0 0.956869009585 0.239565943239 0.0143769968051 0.0417362270451
