0 0.145732689211 0.534722222222 0.0563607085346 0.111111111111
0 0.219001610306 0.354861111111 0.0161030595813 0.0375
0 0.263285024155 0.343055555556 0.0225442834138 0.0472222222222
0 0.291867954911 0.359722222222 0.0217391304348 0.0444444444444
0 0.288244766506 0.302777777778 0.0161030595813 0.0305555555556
0 0.340177133655 0.347222222222 0.0217391304348 0.0416666666667
0 0.359903381643 0.326388888889 0.0193236714976 0.0416666666667
0 0.355877616747 0.288888888889 0.0161030595813 0.0305555555556
0 0.37962962963 0.336805555556 0.0201288244767 0.0402777777778
0 0.408212560386 0.338888888889 0.0209339774557 0.0388888888889
0 0.40499194847 0.306944444444 0.0193236714976 0.0333333333333
0 0.439210950081 0.346527777778 0.0185185185185 0.0486111111111
0 0.437198067633 0.302083333333 0.0177133655395 0.0375
0 0.3961352657 0.250694444444 0.0161030595813 0.0291666666667
0 0.414251207729 0.259722222222 0.0169082125604 0.0333333333333
0 0.440418679549 0.261111111111 0.0128824476651 0.0277777777778
0 0.464573268921 0.299305555556 0.0161030595813 0.0291666666667
0 0.466586151369 0.266666666667 0.0152979066023 0.0277777777778
0 0.458937198068 0.245833333333 0.0161030595813 0.025
0 0.467391304348 0.235416666667 0.0136876006441 0.0236111111111
0 0.490740740741 0.277083333333 0.0169082125604 0.0319444444444
0 0.505233494364 0.255555555556 0.0169082125604 0.0277777777778
0 0.520531400966 0.254166666667 0.0152979066023 0.0305555555556
0 0.51690821256 0.309027777778 0.0177133655395 0.0402777777778
0 0.512882447665 0.293055555556 0.0177133655395 0.0305555555556
0 0.545088566828 0.288888888889 0.0177133655395 0.0361111111111
0 0.536231884058 0.251388888889 0.0144927536232 0.0305555555556
0 0.545088566828 0.227777777778 0.0161030595813 0.0277777777778
0 0.555958132045 0.25625 0.0169082125604 0.0375
0 0.5692431562 0.242361111111 0.0161030595813 0.0263888888889
0 0.568035426731 0.218055555556 0.0136876006441 0.0277777777778
0 0.589371980676 0.250694444444 0.0144927536232 0.0347222222222
0 0.590177133655 0.234722222222 0.0161030595813 0.0305555555556
0 0.604669887279 0.20625 0.0144927536232 0.0291666666667
0 0.621175523349 0.209722222222 0.0136876006441 0.0222222222222
0 0.633252818035 0.248611111111 0.0169082125604 0.0333333333333
0 0.652173913043 0.222916666667 0.0128824476651 0.0319444444444
0 0.666666666667 0.230555555556 0.0128824476651 0.0305555555556
0 0.691223832528 0.220833333333 0.0136876006441 0.0277777777778
0 0.697262479871 0.257638888889 0.0161030595813 0.0347222222222
0 0.668276972625 0.267361111111 0.0193236714976 0.0319444444444
0 0.628019323671 0.298611111111 0.0177133655395 0.0361111111111
0 0.594202898551 0.322222222222 0.0209339774557 0.0416666666667
0 0.530595813205 0.370138888889 0.0257648953301 0.0541666666667
0 0.537439613527 0.400694444444 0.0314009661836 0.0597222222222
0 0.498792270531 0.375 0.0281803542673 0.0666666666667
0 0.608695652174 0.425694444444 0.0322061191626 0.0597222222222
0 0.604267310789 0.368055555556 0.024959742351 0.0444444444444
0 0.640499194847 0.340972222222 0.0201288244767 0.0458333333333
0 0.683172302738 0.347916666667 0.0201288244767 0.0486111111111
0 0.661433172303 0.447222222222 0.0330112721417 0.0638888888889
0 0.647342995169 0.392361111111 0.0305958132045 0.0541666666667
0 0.673913043478 0.31875 0.0209339774557 0.0430555555556
0 0.714170692432 0.285416666667 0.0161030595813 0.0402777777778
0 0.726247987118 0.396527777778 0.0273752012882 0.0541666666667
0 0.694847020934 0.519444444444 0.0354267310789 0.075
0 0.756843800322 0.441666666667 0.0289855072464 0.0666666666667
0 0.787842190016 0.504166666667 0.0314009661836 0.0694444444444
0 0.798711755233 0.359722222222 0.0225442834138 0.0472222222222
0 0.80998389694 0.340972222222 0.0193236714976 0.0430555555556
0 0.804347826087 0.30625 0.0177133655395 0.0319444444444
0 0.760064412238 0.286111111111 0.0193236714976 0.0388888888889
0 0.752818035427 0.2625 0.0161030595813 0.0305555555556
0 0.733896940419 0.252083333333 0.0169082125604 0.0291666666667
0 0.722624798712 0.265277777778 0.0152979066023 0.0333333333333
0 0.74154589372 0.225694444444 0.0128824476651 0.0291666666667
0 0.771336553945 0.246527777778 0.0177133655395 0.0291666666667
0 0.808373590982 0.273611111111 0.0177133655395 0.0305555555556
0 0.799516908213 0.256944444444 0.0144927536232 0.0222222222222
0 0.826489533011 0.2625 0.0136876006441 0.0361111111111
0 0.849436392915 0.2625 0.0177133655395 0.0388888888889
0 0.859500805153 0.257638888889 0.012077294686 0.0319444444444
0 0.849838969404 0.316666666667 0.0217391304348 0.0388888888889
0 0.876409017713 0.326388888889 0.0185185185185 0.0416666666667
0 0.886070853462 0.292361111111 0.0169082125604 0.0319444444444
0 0.859500805153 0.368055555556 0.0233494363929 0.0472222222222
0 0.84500805153 0.410416666667 0.0233494363929 0.0486111111111
0 0.830515297907 0.451388888889 0.0346215780998 0.0666666666667
0 0.898148148148 0.470833333333 0.0297906602254 0.075
0 0.890499194847 0.388888888889 0.0209339774557 0.0472222222222
0 0.915056360709 0.353472222222 0.0169082125604 0.0402777777778
0 0.926328502415 0.327777777778 0.0152979066023 0.0361111111111
0 0.919082125604 0.3 0.0152979066023 0.0305555555556
0 0.915861513688 0.277083333333 0.0136876006441 0.0263888888889
