0 0.190009337068 0.417213114754 0.047619047619 0.0770491803279
0 0.280578898226 0.245081967213 0.0140056022409 0.0245901639344
0 0.295518207283 0.25 0.015873015873 0.027868852459
0 0.292250233427 0.274590163934 0.0186741363212 0.027868852459
0 0.370681605976 0.281147540984 0.0186741363212 0.0344262295082
0 0.397759103641 0.218032786885 0.014939309057 0.0229508196721
0 0.387021475257 0.191803278689 0.0140056022409 0.0196721311475
0 0.385154061625 0.177868852459 0.0121381886088 0.0180327868852
0 0.421568627451 0.17868852459 0.015873015873 0.0360655737705
0 0.456582633053 0.152459016393 0.0112044817927 0.0262295081967
0 0.472455648926 0.15737704918 0.014939309057 0.0295081967213
0 0.446311858077 0.189344262295 0.014939309057 0.0311475409836
0 0.462651727358 0.203278688525 0.015873015873 0.0360655737705
0 0.436974789916 0.237704918033 0.0224089635854 0.0426229508197
0 0.46918767507 0.235245901639 0.0270774976657 0.044262295082
0 0.491129785247 0.201639344262 0.0186741363212 0.0360655737705
0 0.500933706816 0.156557377049 0.0121381886088 0.0245901639344
0 0.514005602241 0.127868852459 0.0121381886088 0.0196721311475
0 0.531279178338 0.173770491803 0.0112044817927 0.0229508196721
0 0.549019607843 0.179508196721 0.0130718954248 0.0245901639344
0 0.551820728291 0.130327868852 0.0130718954248 0.0245901639344
0 0.564425770308 0.134426229508 0.0140056022409 0.0229508196721
0 0.589169000934 0.120491803279 0.0112044817927 0.0180327868852
0 0.597572362278 0.109016393443 0.0130718954248 0.0213114754098
0 0.626984126984 0.112295081967 0.0177404295051 0.0245901639344
0 0.616246498599 0.146721311475 0.014939309057 0.0245901639344
0 0.595238095238 0.175409836066 0.015873015873 0.0327868852459
0 0.655929038282 0.13606557377 0.0121381886088 0.0229508196721
0 0.674136321195 0.110655737705 0.014939309057 0.0180327868852
0 0.702614379085 0.106557377049 0.015873015873 0.0262295081967
0 0.74649859944 0.116393442623 0.0140056022409 0.0229508196721
0 0.765639589169 0.131147540984 0.0112044817927 0.0229508196721
0 0.757703081232 0.141803278689 0.0140056022409 0.0245901639344
0 0.74883286648 0.152459016393 0.0112044817927 0.0229508196721
0 0.781512605042 0.140983606557 0.0130718954248 0.0360655737705
0 0.802987861811 0.15 0.014939309057 0.0344262295082
0 0.832399626517 0.15 0.0140056022409 0.0311475409836
0 0.838468720822 0.13606557377 0.0130718954248 0.0229508196721
0 0.865079365079 0.137704918033 0.0140056022409 0.0262295081967
0 0.860410830999 0.156557377049 0.0140056022409 0.0245901639344
0 0.848739495798 0.173770491803 0.0168067226891 0.0360655737705
0 0.900093370682 0.158196721311 0.0130718954248 0.0213114754098
0 0.894024276377 0.176229508197 0.0177404295051 0.0344262295082
0 0.882352941176 0.206557377049 0.0186741363212 0.0393442622951
0 0.921101774043 0.151639344262 0.0102707749767 0.0180327868852
0 0.928104575163 0.211475409836 0.0130718954248 0.0229508196721
0 0.929038281979 0.249180327869 0.0205415499533 0.0360655737705
0 0.915032679739 0.294262295082 0.0224089635854 0.0508196721311
0 0.866013071895 0.248360655738 0.0196078431373 0.0409836065574
0 0.829598506069 0.209016393443 0.015873015873 0.0344262295082
0 0.813258636788 0.237704918033 0.0168067226891 0.0393442622951
0 0.772175536881 0.213114754098 0.0186741363212 0.0426229508197
0 0.731559290383 0.198360655738 0.0196078431373 0.0393442622951
0 0.733893557423 0.175409836066 0.0130718954248 0.0295081967213
0 0.694677871148 0.161475409836 0.014939309057 0.0245901639344
0 0.687675070028 0.185245901639 0.0177404295051 0.0393442622951
0 0.65406162465 0.184426229508 0.015873015873 0.0344262295082
0 0.663865546218 0.213114754098 0.0205415499533 0.0393442622951
0 0.617180205415 0.209016393443 0.0186741363212 0.0344262295082
0 0.586367880486 0.241803278689 0.0205415499533 0.0377049180328
0 0.628384687208 0.249180327869 0.0168067226891 0.0360655737705
0 0.700280112045 0.227868852459 0.0186741363212 0.0360655737705
0 0.641456582633 0.295901639344 0.0242763772176 0.044262295082
0 0.53314659197 0.327868852459 0.0261437908497 0.0426229508197
0 0.49766573296 0.358196721311 0.0261437908497 0.044262295082
0 0.511204481793 0.22131147541 0.0177404295051 0.0295081967213
0 0.733426704015 0.25 0.0233426704015 0.0540983606557
0 0.698879551821 0.323770491803 0.0252100840336 0.0540983606557
0 0.748366013072 0.324590163934 0.0289449112979 0.0622950819672
0 0.778711484594 0.26393442623 0.0261437908497 0.0491803278689
0 0.823529411765 0.353278688525 0.0298786181139 0.0573770491803
0 0.915032679739 0.427049180328 0.0373482726424 0.0639344262295
