0 0.305555555556 0.227099236641 0.0185185185185 0.0381679389313
0 0.356753812636 0.19179389313 0.0185185185185 0.0248091603053
0 0.40522875817 0.203244274809 0.0196078431373 0.0324427480916
0 0.436819172113 0.181297709924 0.0174291938998 0.030534351145
0 0.442810457516 0.221374045802 0.020697167756 0.0381679389313
0 0.433551198257 0.25858778626 0.0196078431373 0.0400763358779
0 0.496732026144 0.217557251908 0.0217864923747 0.0419847328244
0 0.4825708061 0.170801526718 0.0174291938998 0.0324427480916
0 0.539760348584 0.167938931298 0.0119825708061 0.0229007633588
0 0.554466230937 0.182251908397 0.0152505446623 0.0324427480916
0 0.627995642702 0.125954198473 0.0141612200436 0.0343511450382
0 0.660675381264 0.187022900763 0.016339869281 0.0229007633588
0 0.623638344227 0.216603053435 0.0228758169935 0.0362595419847
0 0.665577342048 0.222328244275 0.0239651416122 0.0400763358779
0 0.726034858388 0.234732824427 0.0228758169935 0.0381679389313
0 0.671023965142 0.292938931298 0.0239651416122 0.043893129771
0 0.625816993464 0.306297709924 0.0228758169935 0.0553435114504
0 0.666122004357 0.362595419847 0.0272331154684 0.0687022900763
0 0.795751633987 0.288167938931 0.0185185185185 0.0534351145038
0 0.813180827887 0.257633587786 0.016339869281 0.0496183206107
0 0.87091503268 0.268129770992 0.020697167756 0.043893129771
0 0.928649237473 0.236641221374 0.020697167756 0.0419847328244
0 0.903594771242 0.338740458015 0.0250544662309 0.0629770992366
0 0.849128540305 0.318702290076 0.0250544662309 0.0610687022901
0 0.903594771242 0.44465648855 0.0315904139434 0.0648854961832
0 0.458605664488 0.142175572519 0.0130718954248 0.0286259541985
