0 0.0341121495327 0.399339933993 0.0271028037383 0.0726072607261
0 0.266355140187 0.26402640264 0.014953271028 0.03300330033
0 0.289719626168 0.270627062706 0.0205607476636 0.036303630363
0 0.313551401869 0.287128712871 0.0196261682243 0.039603960396
0 0.325700934579 0.251650165017 0.0177570093458 0.0412541254125
0 0.315420560748 0.235148514851 0.0140186915888 0.0313531353135
0 0.351869158879 0.276402640264 0.0214953271028 0.0445544554455
0 0.353738317757 0.23102310231 0.0158878504673 0.03300330033
0 0.410280373832 0.292079207921 0.0224299065421 0.049504950495
0 0.421495327103 0.227722772277 0.018691588785 0.039603960396
0 0.379906542056 0.228547854785 0.0177570093458 0.0313531353135
0 0.380841121495 0.214521452145 0.0140186915888 0.026402640264
0 0.390186915888 0.199669966997 0.0140186915888 0.029702970297
0 0.469626168224 0.234323432343 0.0196261682243 0.039603960396
0 0.455140186916 0.222772277228 0.0168224299065 0.036303630363
0 0.434112149533 0.18399339934 0.0158878504673 0.0280528052805
0 0.440654205607 0.204620462046 0.0177570093458 0.03300330033
0 0.458878504673 0.176567656766 0.014953271028 0.029702970297
0 0.466822429907 0.20297029703 0.0158878504673 0.03300330033
0 0.505607476636 0.202145214521 0.0168224299065 0.0346534653465
0 0.483644859813 0.171617161716 0.0140186915888 0.029702970297
0 0.476635514019 0.155115511551 0.0130841121495 0.023102310231
0 0.491588785047 0.136138613861 0.011214953271 0.0247524752475
0 0.511682242991 0.167491749175 0.0140186915888 0.0280528052805
0 0.541588785047 0.169141914191 0.0140186915888 0.0280528052805
0 0.54953271028 0.201320132013 0.018691588785 0.036303630363
0 0.568691588785 0.171617161716 0.0177570093458 0.036303630363
0 0.534112149533 0.141089108911 0.0140186915888 0.0280528052805
0 0.558411214953 0.154290429043 0.0140186915888 0.0313531353135
0 0.566355140187 0.138613861386 0.0130841121495 0.023102310231
0 0.572429906542 0.117161716172 0.0102803738318 0.023102310231
0 0.591588785047 0.156765676568 0.0130841121495 0.026402640264
0 0.615420560748 0.159240924092 0.0158878504673 0.0313531353135
0 0.588785046729 0.137788778878 0.011214953271 0.0247524752475
0 0.593925233645 0.110561056106 0.0102803738318 0.023102310231
0 0.615420560748 0.141914191419 0.0121495327103 0.023102310231
0 0.614018691589 0.122112211221 0.0130841121495 0.023102310231
0 0.629439252336 0.10396039604 0.00841121495327 0.019801980198
0 0.643925233645 0.108910891089 0.011214953271 0.026402640264
0 0.654672897196 0.11798679868 0.0121495327103 0.0280528052805
0 0.672897196262 0.126237623762 0.0130841121495 0.0280528052805
0 0.705140186916 0.104785478548 0.0121495327103 0.0313531353135
0 0.603738317757 0.210396039604 0.0205607476636 0.0412541254125
0 0.573831775701 0.248349834983 0.0205607476636 0.0412541254125
0 0.497196261682 0.296204620462 0.0242990654206 0.0445544554455
0 0.55046728972 0.304455445545 0.0242990654206 0.0544554455446
0 0.613551401869 0.257425742574 0.0252336448598 0.049504950495
0 0.611214953271 0.330858085809 0.0336448598131 0.0577557755776
0 0.665887850467 0.257425742574 0.0252336448598 0.046204620462
0 0.682242990654 0.343234323432 0.0299065420561 0.0660066006601
0 0.71261682243 0.291254125413 0.0271028037383 0.0544554455446
0 0.665887850467 0.21699669967 0.0196261682243 0.0478547854785
0 0.71214953271 0.221947194719 0.0205607476636 0.0511551155116
0 0.659345794393 0.182343234323 0.0177570093458 0.0379537953795
0 0.689719626168 0.159240924092 0.014953271028 0.0412541254125
0 0.709813084112 0.145214521452 0.0140186915888 0.03300330033
0 0.705607476636 0.185643564356 0.018691588785 0.0379537953795
0 0.742523364486 0.123762376238 0.0140186915888 0.03300330033
0 0.75046728972 0.115511551155 0.011214953271 0.023102310231
0 0.75 0.145214521452 0.0121495327103 0.03300330033
0 0.73691588785 0.162541254125 0.0140186915888 0.0313531353135
0 0.753271028037 0.188943894389 0.0168224299065 0.0379537953795
0 0.761214953271 0.228547854785 0.0196261682243 0.0478547854785
0 0.781775700935 0.290429042904 0.0233644859813 0.0528052805281
0 0.773364485981 0.174092409241 0.0158878504673 0.0346534653465
0 0.771028037383 0.138613861386 0.0130841121495 0.026402640264
0 0.78691588785 0.121287128713 0.011214953271 0.0247524752475
0 0.807009345794 0.147689768977 0.0102803738318 0.0280528052805
0 0.823364485981 0.128712871287 0.011214953271 0.026402640264
0 0.830841121495 0.143564356436 0.0130841121495 0.03300330033
0 0.817757009346 0.174092409241 0.0130841121495 0.0346534653465
0 0.801869158879 0.196369636964 0.014953271028 0.029702970297
0 0.84953271028 0.189768976898 0.014953271028 0.039603960396
0 0.855140186916 0.157590759076 0.0130841121495 0.0346534653465
0 0.868691588785 0.159240924092 0.0121495327103 0.0280528052805
0 0.873364485981 0.139438943894 0.0121495327103 0.0280528052805
0 0.901401869159 0.133663366337 0.0121495327103 0.026402640264
0 0.894859813084 0.178217821782 0.0121495327103 0.03300330033
0 0.882710280374 0.199669966997 0.0158878504673 0.036303630363
0 0.869158878505 0.221947194719 0.0168224299065 0.0379537953795
0 0.925700934579 0.184818481848 0.0158878504673 0.036303630363
0 0.922429906542 0.279702970297 0.0205607476636 0.0478547854785
0 0.93738317757 0.163366336634 0.0130841121495 0.03300330033
