0 0.17743490839 0.479557069847 0.046287367406 0.0902896081772
0 0.390549662488 0.271720613288 0.0192864030858 0.0357751277683
0 0.399710703954 0.223168654174 0.016393442623 0.03066439523
0 0.458534233365 0.22402044293 0.0202507232401 0.0425894378194
0 0.416104146577 0.16269165247 0.016393442623 0.0323679727428
0 0.361137897782 0.195911413969 0.0183220829315 0.0238500851789
0 0.358244937319 0.231686541738 0.016393442623 0.0340715502555
0 0.485053037608 0.140545144804 0.0135004821601 0.0289608177172
0 0.511089681774 0.127768313458 0.0135004821601 0.0340715502555
0 0.531822565092 0.120102214651 0.016393442623 0.0255536626917
0 0.565091610415 0.127768313458 0.0115718418515 0.03066439523
0 0.5843780135 0.123509369676 0.0173577627772 0.0289608177172
0 0.561716489875 0.178875638842 0.016393442623 0.03066439523
0 0.477820636451 0.339011925043 0.0279652844744 0.0477001703578
0 0.5337512054 0.324531516184 0.0221793635487 0.0494037478705
0 0.604628736741 0.260647359455 0.023143683703 0.0579216354344
0 0.654291224687 0.224872231687 0.0260366441659 0.0477001703578
0 0.686113789778 0.342419080068 0.0356798457088 0.0681431005111
0 0.702025072324 0.25468483816 0.0250723240116 0.0630323679727
0 0.766634522662 0.274275979557 0.0270009643202 0.0647359454855
0 0.823047251688 0.304088586031 0.0241080038573 0.0630323679727
0 0.899710703954 0.29471890971 0.023143683703 0.0579216354344
0 0.924300867888 0.154173764906 0.0125361620058 0.0323679727428
0 0.898264223722 0.147359454855 0.0144648023144 0.0289608177172
0 0.869816779171 0.120954003407 0.0135004821601 0.03066439523
0 0.830279652845 0.0783645655877 0.0173577627772 0.03066439523
