0 0.315985130112 0.242524916944 0.0148698884758 0.0365448504983
0 0.326208178439 0.234219269103 0.0167286245353 0.0332225913621
0 0.346654275093 0.233388704319 0.0204460966543 0.0348837209302
0 0.356412639405 0.269933554817 0.0269516728625 0.0415282392027
0 0.39126394052 0.282392026578 0.0241635687732 0.0564784053156
0 0.378252788104 0.245016611296 0.0204460966543 0.0382059800664
0 0.382899628253 0.202657807309 0.0185873605948 0.0365448504983
0 0.404275092937 0.202657807309 0.0185873605948 0.0398671096346
0 0.441914498141 0.189368770764 0.0157992565056 0.0365448504983
0 0.459107806691 0.243355481728 0.0241635687732 0.0514950166113
0 0.460037174721 0.206810631229 0.0148698884758 0.031561461794
0 0.480018587361 0.200996677741 0.0195167286245 0.0398671096346
0 0.489312267658 0.159468438538 0.0176579925651 0.0365448504983
0 0.519516728625 0.174418604651 0.0204460966543 0.0365448504983
0 0.545074349442 0.166112956811 0.021375464684 0.0365448504983
0 0.583643122677 0.169435215947 0.0185873605948 0.0398671096346
0 0.575743494424 0.135382059801 0.0157992565056 0.0249169435216
0 0.644516728625 0.0689368770764 0.0157992565056 0.031561461794
0 0.496747211896 0.299003322259 0.0269516728625 0.0564784053156
0 0.564591078067 0.292358803987 0.0306691449814 0.0564784053156
0 0.597583643123 0.323089700997 0.0278810408922 0.0647840531561
0 0.622211895911 0.256644518272 0.0269516728625 0.0548172757475
0 0.619423791822 0.21096345515 0.021375464684 0.0431893687708
0 0.648234200743 0.182724252492 0.021375464684 0.0431893687708
0 0.650557620818 0.273255813953 0.0260223048327 0.0647840531561
0 0.682156133829 0.190199335548 0.0185873605948 0.0415282392027
0 0.688661710037 0.163621262458 0.0167286245353 0.0348837209302
0 0.698420074349 0.231727574751 0.021375464684 0.0514950166113
0 0.710037174721 0.28073089701 0.0260223048327 0.0564784053156
0 0.724907063197 0.201827242525 0.0241635687732 0.0481727574751
0 0.74907063197 0.230897009967 0.0260223048327 0.0564784053156
0 0.764869888476 0.167774086379 0.0204460966543 0.046511627907
0 0.777416356877 0.274086378738 0.0288104089219 0.0598006644518
0 0.834572490706 0.327242524917 0.0260223048327 0.0664451827243
0 0.855018587361 0.267441860465 0.0223048327138 0.0564784053156
0 0.901951672862 0.245016611296 0.0232342007435 0.0581395348837
0 0.925185873606 0.251661129568 0.0195167286245 0.0481727574751
