0 0.91273100616 0.171245421245 0.0123203285421 0.0347985347985
0 0.939938398357 0.172161172161 0.0133470225873 0.032967032967
0 0.88501026694 0.158424908425 0.0123203285421 0.0311355311355
0 0.894250513347 0.180402930403 0.0143737166324 0.0347985347985
0 0.940965092402 0.201465201465 0.0133470225873 0.032967032967
0 0.933778234086 0.235347985348 0.0154004106776 0.0384615384615
0 0.934804928131 0.252747252747 0.0154004106776 0.040293040293
0 0.929671457906 0.281135531136 0.0154004106776 0.0421245421245
0 0.92864476386 0.335164835165 0.0195071868583 0.0549450549451
0 0.85318275154 0.301282051282 0.0205338809035 0.0567765567766
0 0.834188911704 0.358058608059 0.023613963039 0.0714285714286
0 0.870636550308 0.287545787546 0.0205338809035 0.047619047619
0 0.877310061602 0.242673992674 0.017453798768 0.0421245421245
0 0.879363449692 0.208791208791 0.0195071868583 0.040293040293
0 0.874229979466 0.167582417582 0.0133470225873 0.0347985347985
0 0.86704312115 0.174908424908 0.0133470225873 0.0347985347985
0 0.844969199179 0.150183150183 0.0143737166324 0.029304029304
0 0.831108829569 0.165750915751 0.0133470225873 0.0347985347985
0 0.841375770021 0.211538461538 0.017453798768 0.0421245421245
0 0.796714579055 0.200549450549 0.0143737166324 0.0347985347985
0 0.783880903491 0.14010989011 0.0112936344969 0.0311355311355
0 0.773613963039 0.186813186813 0.0154004106776 0.040293040293
0 0.812628336756 0.271978021978 0.017453798768 0.0494505494505
0 0.845995893224 0.195970695971 0.0143737166324 0.040293040293
0 0.757700205339 0.127289377289 0.0143737166324 0.0311355311355
0 0.759753593429 0.147435897436 0.0143737166324 0.0384615384615
0 0.742813141684 0.169413919414 0.0133470225873 0.0384615384615
0 0.779260780287 0.265567765568 0.0246406570842 0.0512820512821
0 0.815195071869 0.201465201465 0.0164271047228 0.040293040293
0 0.756673511294 0.338827838828 0.0266940451745 0.0732600732601
0 0.679671457906 0.334249084249 0.0308008213552 0.0641025641026
0 0.72227926078 0.239010989011 0.017453798768 0.0457875457875
0 0.726899383984 0.141941391941 0.0143737166324 0.0384615384615
0 0.711498973306 0.162087912088 0.0164271047228 0.0347985347985
0 0.627823408624 0.294871794872 0.0256673511294 0.0622710622711
0 0.636550308008 0.245421245421 0.0184804928131 0.043956043956
0 0.644250513347 0.197802197802 0.017453798768 0.043956043956
0 0.67659137577 0.210622710623 0.0184804928131 0.0512820512821
0 0.670431211499 0.260073260073 0.0205338809035 0.0549450549451
0 0.661190965092 0.17673992674 0.0184804928131 0.0421245421245
0 0.655544147844 0.138278388278 0.0133470225873 0.0274725274725
0 0.689938398357 0.124542124542 0.0123203285421 0.029304029304
0 0.707905544148 0.124542124542 0.00924024640657 0.025641025641
0 0.651437371663 0.107142857143 0.00924024640657 0.0311355311355
0 0.664784394251 0.112637362637 0.00924024640657 0.0238095238095
0 0.677104722793 0.120879120879 0.00924024640657 0.025641025641
0 0.613963039014 0.104395604396 0.0123203285421 0.029304029304
0 0.629876796715 0.121794871795 0.0112936344969 0.0238095238095
0 0.627823408624 0.15293040293 0.0133470225873 0.0347985347985
0 0.591375770021 0.10989010989 0.0102669404517 0.025641025641
0 0.600102669405 0.141025641026 0.0154004106776 0.032967032967
0 0.588809034908 0.164835164835 0.0133470225873 0.03663003663
0 0.594455852156 0.25 0.0225872689938 0.0567765567766
0 0.586242299795 0.279304029304 0.0266940451745 0.0531135531136
0 0.530287474333 0.267399267399 0.023613963039 0.0586080586081
0 0.555954825462 0.180402930403 0.0133470225873 0.0347985347985
0 0.563655030801 0.161172161172 0.0143737166324 0.040293040293
0 0.551848049281 0.122710622711 0.0133470225873 0.025641025641
0 0.537987679671 0.15293040293 0.0123203285421 0.0347985347985
0 0.535934291581 0.137362637363 0.0123203285421 0.032967032967
0 0.506673511294 0.144688644689 0.0133470225873 0.032967032967
0 0.520533880903 0.127289377289 0.0102669404517 0.0274725274725
0 0.52772073922 0.128205128205 0.0102669404517 0.029304029304
0 0.494353182752 0.143772893773 0.0112936344969 0.0311355311355
0 0.494866529774 0.214285714286 0.0184804928131 0.043956043956
0 0.525154004107 0.161172161172 0.0112936344969 0.03663003663
0 0.44250513347 0.154761904762 0.0123203285421 0.0274725274725
0 0.466632443532 0.172161172161 0.0154004106776 0.03663003663
0 0.477412731006 0.18956043956 0.0164271047228 0.0384615384615
0 0.449691991786 0.207875457875 0.0205338809035 0.0494505494505
0 0.41273100616 0.200549450549 0.0164271047228 0.0384615384615
0 0.333675564682 0.18315018315 0.0123203285421 0.032967032967
0 0.350616016427 0.202380952381 0.0154004106776 0.0347985347985
0 0.316221765914 0.227106227106 0.0164271047228 0.040293040293
0 0.110882956879 0.443223443223 0.0451745379877 0.102564102564
0 0.699691991786 0.21336996337 0.017453798768 0.0384615384615
