0 0.0863422291994 0.559032716927 0.0502354788069 0.108108108108
0 0.21546310832 0.352773826458 0.0164835164835 0.0284495021337
0 0.255102040816 0.349928876245 0.0172684458399 0.0455192034139
0 0.280612244898 0.370554765292 0.0211930926217 0.0440967283073
0 0.311616954474 0.397581792319 0.0251177394035 0.0469416785206
0 0.28453689168 0.309388335704 0.0164835164835 0.0327169274538
0 0.349686028257 0.330725462304 0.0164835164835 0.0298719772404
0 0.350470957614 0.299431009957 0.0180533751962 0.0327169274538
0 0.401098901099 0.341394025605 0.0188383045526 0.0398293029872
0 0.399529042386 0.300142247511 0.0156985871272 0.0312944523471
0 0.396389324961 0.24679943101 0.0125588697017 0.0298719772404
0 0.413265306122 0.26386913229 0.0133437990581 0.0298719772404
0 0.418759811617 0.251778093883 0.0133437990581 0.0256045519203
0 0.439167974882 0.266714082504 0.0133437990581 0.0327169274538
0 0.42896389325 0.304409672831 0.0180533751962 0.0369843527738
0 0.4352433281 0.330725462304 0.0196232339089 0.0384068278805
0 0.463500784929 0.307965860597 0.0164835164835 0.0355618776671
0 0.458006279435 0.277382645804 0.0149136577708 0.0284495021337
0 0.443485086342 0.24893314367 0.0141287284144 0.0256045519203
0 0.456436420722 0.239687055477 0.0133437990581 0.027027027027
0 0.480769230769 0.270981507824 0.0149136577708 0.0355618776671
0 0.494113029827 0.258890469417 0.0133437990581 0.0284495021337
0 0.501569858713 0.245376955903 0.0125588697017 0.0298719772404
0 0.5215855573 0.25533428165 0.0149136577708 0.0355618776671
0 0.50431711146 0.300142247511 0.0149136577708 0.0369843527738
0 0.493720565149 0.330725462304 0.0204081632653 0.0440967283073
0 0.445447409733 0.417496443812 0.0274725274725 0.0611664295875
0 0.516875981162 0.419630156472 0.0274725274725 0.0597439544808
0 0.525510204082 0.371266002845 0.0196232339089 0.0540540540541
0 0.591051805338 0.426031294452 0.0266875981162 0.0611664295875
0 0.55808477237 0.277382645804 0.0172684458399 0.0341394025605
0 0.555337519623 0.237553342817 0.0133437990581 0.0256045519203
0 0.551412872841 0.22332859175 0.0117739403454 0.022759601707
0 0.559262166405 0.204836415363 0.0117739403454 0.0256045519203
0 0.561224489796 0.256045519203 0.0141287284144 0.0312944523471
0 0.573390894819 0.252489331437 0.0133437990581 0.0298719772404
0 0.584772370487 0.23399715505 0.0141287284144 0.027027027027
0 0.594976452119 0.211237553343 0.0125588697017 0.027027027027
0 0.610675039246 0.214082503556 0.0125588697017 0.027027027027
0 0.609497645212 0.232574679943 0.0133437990581 0.0298719772404
0 0.619309262166 0.25746799431 0.0125588697017 0.0341394025605
0 0.616562009419 0.293741109531 0.0164835164835 0.0440967283073
0 0.58398744113 0.326458036984 0.0235478806907 0.0412517780939
0 0.629120879121 0.334992887624 0.0196232339089 0.0440967283073
0 0.64010989011 0.22332859175 0.0102040816327 0.022759601707
0 0.650706436421 0.23399715505 0.0125588697017 0.0298719772404
0 0.667189952904 0.228307254623 0.0141287284144 0.0298719772404
0 0.653453689168 0.266714082504 0.0164835164835 0.0327169274538
0 0.687205651491 0.253911806543 0.0149136577708 0.0327169274538
0 0.665620094192 0.330725462304 0.0204081632653 0.0440967283073
0 0.664835164835 0.361308677098 0.0172684458399 0.0426742532006
0 0.635007849294 0.391180654339 0.0251177394035 0.0483641536273
0 0.644034536892 0.435988620199 0.0259026687598 0.0640113798009
0 0.713108320251 0.396870554765 0.0227629513344 0.0512091038407
0 0.701334379906 0.288051209104 0.0149136577708 0.0355618776671
0 0.708791208791 0.282361308677 0.0125588697017 0.0298719772404
0 0.713893249608 0.25106685633 0.0133437990581 0.0327169274538
0 0.724882260597 0.232574679943 0.0133437990581 0.0298719772404
0 0.75431711146 0.243243243243 0.0141287284144 0.0256045519203
0 0.750392464678 0.268847795164 0.0141287284144 0.0398293029872
0 0.739403453689 0.280227596017 0.0141287284144 0.0398293029872
0 0.781004709576 0.24679943101 0.0125588697017 0.0298719772404
0 0.812009419152 0.25960170697 0.0117739403454 0.0327169274538
0 0.839874411303 0.256045519203 0.0125588697017 0.0312944523471
0 0.903846153846 0.273826458037 0.0117739403454 0.0327169274538
0 0.864992150706 0.286628733997 0.0125588697017 0.0355618776671
0 0.902668759812 0.312233285917 0.0125588697017 0.0355618776671
0 0.895211930926 0.338549075391 0.0133437990581 0.0426742532006
0 0.893642072214 0.363442389758 0.0149136577708 0.0440967283073
0 0.866954474097 0.338549075391 0.0149136577708 0.0426742532006
0 0.830847723705 0.279516358464 0.0133437990581 0.0412517780939
0 0.823783359498 0.316500711238 0.0149136577708 0.0384068278805
0 0.839874411303 0.340682788051 0.0172684458399 0.0469416785206
0 0.879905808477 0.397581792319 0.0204081632653 0.049786628734
0 0.875981161695 0.452347083926 0.0266875981162 0.0597439544808
0 0.835949764521 0.410384068279 0.0235478806907 0.0554765291607
0 0.786499215071 0.304409672831 0.0141287284144 0.0369843527738
0 0.786106750392 0.275960170697 0.0133437990581 0.0341394025605
0 0.800627943485 0.341394025605 0.0172684458399 0.0455192034139
0 0.784144427002 0.357752489331 0.0204081632653 0.0526315789474
0 0.815934065934 0.436699857752 0.0243328100471 0.0568990042674
0 0.758241758242 0.431009957326 0.0298273155416 0.0512091038407
0 0.790031397174 0.520625889047 0.030612244898 0.0682788051209
0 0.686028257457 0.505689900427 0.0345368916797 0.0839260312945
