0 0.0839587242026 0.468595041322 0.0515947467167 0.0942148760331
0 0.257973733583 0.293388429752 0.0206378986867 0.0314049586777
0 0.278142589118 0.272727272727 0.015947467167 0.0363636363636
0 0.298780487805 0.261157024793 0.015947467167 0.0363636363636
0 0.313789868668 0.282644628099 0.0196998123827 0.0396694214876
0 0.336772983114 0.289256198347 0.0206378986867 0.0396694214876
0 0.31660412758 0.229752066116 0.0140712945591 0.0297520661157
0 0.34521575985 0.226446280992 0.0168855534709 0.0297520661157
0 0.329268292683 0.25041322314 0.0206378986867 0.0314049586777
0 0.374765478424 0.235537190083 0.0178236397749 0.0347107438017
0 0.373358348968 0.206611570248 0.0187617260788 0.0264462809917
0 0.412288930582 0.234710743802 0.0215759849906 0.0330578512397
0 0.424484052533 0.273553719008 0.0234521575985 0.0413223140496
0 0.405253283302 0.178512396694 0.015009380863 0.0264462809917
0 0.422138836773 0.194214876033 0.0168855534709 0.0280991735537
0 0.446998123827 0.225619834711 0.0215759849906 0.0413223140496
0 0.468574108818 0.242148760331 0.0215759849906 0.0479338842975
0 0.485928705441 0.213223140496 0.0168855534709 0.0363636363636
0 0.467636022514 0.2 0.0196998123827 0.0363636363636
0 0.447467166979 0.178512396694 0.0168855534709 0.0297520661157
0 0.450281425891 0.151239669421 0.0168855534709 0.0247933884298
0 0.475609756098 0.153719008264 0.0168855534709 0.0264462809917
0 0.484052532833 0.171900826446 0.015009380863 0.0297520661157
0 0.485459662289 0.14132231405 0.0140712945591 0.0280991735537
0 0.505159474672 0.171900826446 0.0178236397749 0.0363636363636
0 0.541744840525 0.199173553719 0.0196998123827 0.0413223140496
0 0.544090056285 0.164462809917 0.0187617260788 0.0314049586777
0 0.527204502814 0.139669421488 0.0093808630394 0.0247933884298
0 0.537054409006 0.142975206612 0.0121951219512 0.0214876033058
0 0.556285178236 0.113223140496 0.0131332082552 0.0280991735537
0 0.557692307692 0.140495867769 0.015947467167 0.0264462809917
0 0.577861163227 0.16694214876 0.0168855534709 0.0330578512397
0 0.588649155722 0.154545454545 0.015947467167 0.0347107438017
0 0.59287054409 0.128925619835 0.0131332082552 0.0264462809917
0 0.59521575985 0.10826446281 0.015947467167 0.0247933884298
0 0.6191369606 0.143801652893 0.015009380863 0.0363636363636
0 0.611163227017 0.115702479339 0.0121951219512 0.0231404958678
0 0.622889305816 0.110743801653 0.0112570356473 0.0264462809917
0 0.642589118199 0.11652892562 0.015009380863 0.0247933884298
0 0.65947467167 0.132231404959 0.0168855534709 0.0297520661157
0 0.695590994371 0.107438016529 0.015947467167 0.0363636363636
0 0.704502814259 0.14132231405 0.0168855534709 0.0347107438017
0 0.684803001876 0.159504132231 0.0168855534709 0.0413223140496
0 0.651500938086 0.185123966942 0.0196998123827 0.0462809917355
0 0.487335834897 0.3 0.0253283302064 0.0512396694215
0 0.554409005629 0.303305785124 0.0262664165103 0.0512396694215
0 0.559099437148 0.25041322314 0.0281425891182 0.0413223140496
0 0.609287054409 0.260330578512 0.0215759849906 0.0413223140496
0 0.606941838649 0.218181818182 0.0187617260788 0.0429752066116
0 0.603658536585 0.344628099174 0.0272045028143 0.0545454545455
0 0.672138836773 0.339669421488 0.0328330206379 0.0710743801653
0 0.662757973734 0.260330578512 0.0253283302064 0.0512396694215
0 0.700750469043 0.221487603306 0.0206378986867 0.0495867768595
0 0.666979362101 0.213223140496 0.0206378986867 0.0429752066116
0 0.75234521576 0.242148760331 0.0243902439024 0.0479338842975
0 0.715759849906 0.292561983471 0.0281425891182 0.0495867768595
0 0.781894934334 0.289256198347 0.0272045028143 0.0628099173554
0 0.749061913696 0.193388429752 0.0196998123827 0.0429752066116
0 0.730300187617 0.166115702479 0.0178236397749 0.0380165289256
0 0.725140712946 0.127272727273 0.0187617260788 0.0396694214876
0 0.748123827392 0.146280991736 0.015947467167 0.0347107438017
0 0.760318949343 0.168595041322 0.0178236397749 0.0363636363636
0 0.750938086304 0.114049586777 0.015947467167 0.0264462809917
0 0.763602251407 0.133884297521 0.015009380863 0.0330578512397
0 0.771106941839 0.130578512397 0.0131332082552 0.0297520661157
0 0.794559099437 0.138016528926 0.0187617260788 0.0347107438017
0 0.810975609756 0.131404958678 0.0121951219512 0.0314049586777
0 0.833020637899 0.142148760331 0.0187617260788 0.0363636363636
0 0.824108818011 0.16694214876 0.0178236397749 0.0396694214876
0 0.802532833021 0.180991735537 0.0234521575985 0.0413223140496
0 0.849437148218 0.188429752066 0.0178236397749 0.0396694214876
0 0.852251407129 0.156198347107 0.015947467167 0.0347107438017
0 0.863039399625 0.154545454545 0.0168855534709 0.0314049586777
0 0.870544090056 0.134710743802 0.0131332082552 0.0247933884298
0 0.894465290807 0.136363636364 0.015947467167 0.0280991735537
0 0.889774859287 0.168595041322 0.0140712945591 0.0297520661157
0 0.881801125704 0.19173553719 0.0187617260788 0.0429752066116
0 0.871951219512 0.225619834711 0.0196998123827 0.0413223140496
0 0.924953095685 0.200826446281 0.0225140712946 0.0380165289256
0 0.927767354597 0.161983471074 0.015009380863 0.0330578512397
0 0.926829268293 0.294214876033 0.0262664165103 0.0595041322314
