0 0.138910812944 0.33379501385 0.0220994475138 0.0387811634349
0 0.163772691397 0.519390581717 0.0418310970797 0.0609418282548
0 0.428571428571 0.269390581717 0.0236779794791 0.0457063711911
0 0.423441199684 0.219529085873 0.0181531176006 0.0346260387812
0 0.466850828729 0.222991689751 0.0165745856354 0.0360110803324
0 0.484214680347 0.313019390582 0.0292028413575 0.0498614958449
0 0.539463299132 0.357340720222 0.0292028413575 0.0470914127424
0 0.71270718232 0.141274238227 0.0142067876875 0.0332409972299
0 0.742304656669 0.143351800554 0.0149960536701 0.0346260387812
0 0.8772691397 0.220221606648 0.0165745856354 0.0415512465374
