0 0.214634146341 0.363715277778 0.0390243902439 0.0815972222222
0 0.309756097561 0.239583333333 0.0185365853659 0.0381944444444
0 0.318536585366 0.21875 0.0185365853659 0.03125
0 0.33512195122 0.240451388889 0.0185365853659 0.0399305555556
0 0.347317073171 0.204861111111 0.0156097560976 0.03125
0 0.353170731707 0.1796875 0.0136585365854 0.0295138888889
0 0.37512195122 0.202256944444 0.0185365853659 0.0364583333333
0 0.378048780488 0.247395833333 0.0185365853659 0.0399305555556
0 0.412195121951 0.244791666667 0.020487804878 0.0416666666667
0 0.400975609756 0.196180555556 0.0175609756098 0.03125
0 0.412682926829 0.205729166667 0.019512195122 0.0295138888889
0 0.41512195122 0.171006944444 0.0165853658537 0.0295138888889
0 0.435609756098 0.142361111111 0.0126829268293 0.0277777777778
0 0.452195121951 0.221354166667 0.020487804878 0.0399305555556
0 0.443414634146 0.1796875 0.020487804878 0.0364583333333
0 0.463414634146 0.151041666667 0.0156097560976 0.03125
0 0.474634146341 0.134548611111 0.0165853658537 0.0225694444444
0 0.48243902439 0.15625 0.0146341463415 0.0347222222222
0 0.488780487805 0.186631944444 0.0156097560976 0.0364583333333
0 0.486341463415 0.224826388889 0.0224390243902 0.0399305555556
0 0.493658536585 0.276041666667 0.0292682926829 0.0590277777778
0 0.495609756098 0.141493055556 0.0156097560976 0.0295138888889
0 0.506829268293 0.126736111111 0.0107317073171 0.0243055555556
0 0.512682926829 0.151041666667 0.0165853658537 0.03125
0 0.519512195122 0.135416666667 0.0146341463415 0.0208333333333
0 0.529268292683 0.128472222222 0.0126829268293 0.0277777777778
0 0.520975609756 0.173611111111 0.0156097560976 0.0347222222222
0 0.558536585366 0.181423611111 0.0146341463415 0.0364583333333
0 0.553658536585 0.158854166667 0.0146341463415 0.0295138888889
0 0.55756097561 0.139756944444 0.0107317073171 0.0225694444444
0 0.55756097561 0.126736111111 0.0146341463415 0.0277777777778
0 0.580487804878 0.118923611111 0.0136585365854 0.0295138888889
0 0.592195121951 0.113715277778 0.0136585365854 0.0295138888889
0 0.590243902439 0.144097222222 0.0175609756098 0.03125
0 0.589756097561 0.174479166667 0.0146341463415 0.0329861111111
0 0.629756097561 0.152777777778 0.0146341463415 0.03125
0 0.620487804878 0.128472222222 0.0117073170732 0.0243055555556
0 0.611707317073 0.118055555556 0.0117073170732 0.03125
0 0.620487804878 0.108506944444 0.00975609756098 0.0225694444444
0 0.64 0.118055555556 0.0156097560976 0.0243055555556
0 0.65756097561 0.121527777778 0.0117073170732 0.0277777777778
0 0.66487804878 0.1484375 0.0126829268293 0.0329861111111
0 0.672195121951 0.103298611111 0.0117073170732 0.0260416666667
0 0.690731707317 0.118923611111 0.0136585365854 0.0295138888889
0 0.698536585366 0.100694444444 0.0117073170732 0.0243055555556
0 0.725853658537 0.112847222222 0.0117073170732 0.0243055555556
0 0.707317073171 0.150173611111 0.0156097560976 0.0295138888889
0 0.710243902439 0.181423611111 0.0175609756098 0.0434027777778
0 0.673170731707 0.189236111111 0.0214634146341 0.0381944444444
0 0.63512195122 0.237847222222 0.0214634146341 0.0486111111111
0 0.626341463415 0.225694444444 0.0175609756098 0.0347222222222
0 0.570243902439 0.256076388889 0.0224390243902 0.0399305555556
0 0.555609756098 0.279513888889 0.0243902439024 0.0486111111111
0 0.610243902439 0.340277777778 0.0282926829268 0.0659722222222
0 0.69512195122 0.305555555556 0.0243902439024 0.0555555555556
0 0.687804878049 0.2734375 0.0234146341463 0.0503472222222
0 0.724390243902 0.234375 0.0185365853659 0.0451388888889
0 0.734146341463 0.302083333333 0.0282926829268 0.0555555555556
0 0.775609756098 0.253472222222 0.0253658536585 0.0486111111111
0 0.765853658537 0.197048611111 0.0214634146341 0.0399305555556
0 0.756097560976 0.173611111111 0.0175609756098 0.03125
0 0.740487804878 0.140625 0.0156097560976 0.0347222222222
0 0.75756097561 0.130208333333 0.0126829268293 0.03125
0 0.78 0.158854166667 0.0165853658537 0.0295138888889
0 0.787804878049 0.139756944444 0.0126829268293 0.0260416666667
0 0.803902439024 0.1640625 0.0136585365854 0.0295138888889
0 0.81512195122 0.153645833333 0.0146341463415 0.0295138888889
0 0.810731707317 0.206597222222 0.0156097560976 0.0347222222222
0 0.826341463415 0.245659722222 0.0214634146341 0.0503472222222
0 0.780975609756 0.348090277778 0.0243902439024 0.046875
0 0.747804878049 0.407986111111 0.0321951219512 0.0763888888889
0 0.820487804878 0.40625 0.0370731707317 0.0625
0 0.839024390244 0.360243055556 0.0273170731707 0.0503472222222
0 0.909756097561 0.428819444444 0.0321951219512 0.0729166666667
0 0.919512195122 0.345486111111 0.0282926829268 0.0625
0 0.929756097561 0.287326388889 0.0214634146341 0.0434027777778
0 0.89756097561 0.233506944444 0.0175609756098 0.0399305555556
0 0.874634146341 0.269965277778 0.0224390243902 0.0538194444444
0 0.941951219512 0.212673611111 0.0165853658537 0.0434027777778
