0 0.159716758458 0.495827538248 0.0393391030685 0.076495132128
0 0.426829268293 0.270514603616 0.021243115657 0.0403337969402
0 0.42525570417 0.221140472879 0.0165224232887 0.0305980528512
0 0.44807238395 0.232962447844 0.014948859166 0.029207232267
0 0.509834775767 0.191933240612 0.0188827694729 0.0305980528512
0 0.485444531865 0.312934631433 0.0267505900865 0.0445062586926
0 0.540912667191 0.359527121001 0.0275373721479 0.0431154381085
0 0.711250983478 0.143254520167 0.0141620771046 0.0305980528512
0 0.741935483871 0.143254520167 0.0125885129819 0.0333796940195
0 0.876081825334 0.216272600834 0.0165224232887 0.0375521557719
