0 0.152088258471 0.401960784314 0.0425531914894 0.078431372549
0 0.29353821907 0.258403361345 0.0197005516154 0.0378151260504
0 0.332939322301 0.24649859944 0.0228526398739 0.0420168067227
0 0.331363278172 0.211484593838 0.0181245074862 0.03081232493
0 0.348305752561 0.207282913165 0.0157604412924 0.0364145658263
0 0.365642237983 0.21218487395 0.0157604412924 0.0350140056022
0 0.377462568952 0.221988795518 0.0173364854216 0.0350140056022
0 0.38573680063 0.254901960784 0.0181245074862 0.0448179271709
0 0.361308116627 0.252100840336 0.016548463357 0.03081232493
0 0.396375098503 0.217787114846 0.0141843971631 0.0322128851541
0 0.429078014184 0.219887955182 0.0181245074862 0.0364145658263
0 0.4231678487 0.252801120448 0.0204885736801 0.0378151260504
0 0.447596532703 0.185574229692 0.0126083530339 0.0294117647059
0 0.420803782506 0.192577030812 0.0157604412924 0.0350140056022
0 0.450748620961 0.165966386555 0.0141843971631 0.0266106442577
0 0.457840819543 0.140756302521 0.0126083530339 0.0266106442577
0 0.473995271868 0.141456582633 0.0133963750985 0.0280112044818
0 0.477935382191 0.176470588235 0.0181245074862 0.0280112044818
0 0.498423955871 0.177170868347 0.0149724192277 0.0350140056022
0 0.480693459417 0.214985994398 0.0220646178093 0.0406162464986
0 0.508274231678 0.154761904762 0.0126083530339 0.0294117647059
0 0.518124507486 0.122549019608 0.0118203309693 0.0238095238095
0 0.531914893617 0.137955182073 0.0126083530339 0.0238095238095
0 0.547675334909 0.161764705882 0.0173364854216 0.0406162464986
0 0.533490937746 0.124649859944 0.0126083530339 0.0168067226891
0 0.551615445232 0.129551820728 0.0126083530339 0.0350140056022
0 0.559101654846 0.117647058824 0.0149724192277 0.0336134453782
0 0.577620173365 0.152661064426 0.0173364854216 0.0336134453782
0 0.583530338849 0.131652661064 0.0149724192277 0.03081232493
0 0.585894405043 0.112745098039 0.0118203309693 0.0266106442577
0 0.604806934594 0.141456582633 0.0149724192277 0.0336134453782
0 0.607171000788 0.121848739496 0.016548463357 0.03081232493
0 0.613081166273 0.110644257703 0.00945626477541 0.0252100840336
0 0.616233254531 0.0973389355742 0.00945626477541 0.0238095238095
0 0.628841607565 0.119047619048 0.0141843971631 0.03081232493
0 0.644602048857 0.13025210084 0.0157604412924 0.0336134453782
0 0.648936170213 0.0917366946779 0.0118203309693 0.0238095238095
0 0.661544523247 0.105042016807 0.01024428684 0.0224089635854
0 0.663120567376 0.128151260504 0.0118203309693 0.0266106442577
0 0.690307328605 0.0959383753501 0.0126083530339 0.0294117647059
0 0.559495665879 0.230392156863 0.0252167060678 0.0490196078431
0 0.536249014972 0.278711484594 0.0275807722616 0.0616246498599
0 0.58707643814 0.314425770308 0.0299448384555 0.0546218487395
0 0.615445232467 0.235994397759 0.0220646178093 0.046218487395
0 0.626083530339 0.190476190476 0.0181245074862 0.0364145658263
0 0.651694247439 0.223389355742 0.0204885736801 0.046218487395
0 0.681245074862 0.241596638655 0.0244286840032 0.0518207282913
0 0.676122931442 0.186274509804 0.0173364854216 0.0392156862745
0 0.702915681639 0.140756302521 0.0126083530339 0.0294117647059
0 0.712765957447 0.159663865546 0.0149724192277 0.0336134453782
0 0.723798266351 0.176470588235 0.0212765957447 0.047619047619
0 0.704885736801 0.236694677871 0.0228526398739 0.0504201680672
0 0.745468873128 0.137254901961 0.0157604412924 0.0336134453782
0 0.727344365642 0.130952380952 0.0157604412924 0.0266106442577
0 0.750985027581 0.170868347339 0.0173364854216 0.0364145658263
0 0.777777777778 0.146358543417 0.0141843971631 0.0294117647059
0 0.76792750197 0.133753501401 0.0086682427108 0.0210084033613
0 0.775019700552 0.121848739496 0.01024428684 0.0224089635854
0 0.800236406619 0.11974789916 0.0149724192277 0.0294117647059
0 0.756107171001 0.224789915966 0.0228526398739 0.0350140056022
0 0.743104806935 0.245098039216 0.0236406619385 0.0448179271709
0 0.756501182033 0.305322128852 0.0252167060678 0.0588235294118
0 0.832151300236 0.341036414566 0.0283687943262 0.0798319327731
0 0.836879432624 0.306022408964 0.0283687943262 0.0546218487395
0 0.809298660362 0.239495798319 0.0204885736801 0.0448179271709
0 0.822695035461 0.199579831933 0.0157604412924 0.0406162464986
0 0.789598108747 0.179971988796 0.0204885736801 0.0378151260504
0 0.812844759653 0.145658263305 0.0118203309693 0.0336134453782
0 0.821513002364 0.129551820728 0.0133963750985 0.0294117647059
0 0.830575256107 0.11974789916 0.0110323089046 0.0238095238095
0 0.845547675335 0.156162464986 0.0141843971631 0.0294117647059
0 0.83963750985 0.180672268908 0.0133963750985 0.0364145658263
0 0.842001576044 0.240196078431 0.0212765957447 0.046218487395
0 0.871552403467 0.40406162465 0.0330969267139 0.0910364145658
0 0.90267927502 0.352941176471 0.0275807722616 0.0700280112045
0 0.894799054374 0.299719887955 0.0212765957447 0.0364145658263
0 0.869188337273 0.21218487395 0.0173364854216 0.0406162464986
0 0.886130811663 0.177170868347 0.0149724192277 0.0350140056022
0 0.895587076438 0.152661064426 0.0149724192277 0.0336134453782
0 0.85657998424 0.140056022409 0.0141843971631 0.0336134453782
0 0.863672182821 0.13025210084 0.0141843971631 0.0280112044818
0 0.899527186761 0.127450980392 0.0149724192277 0.0252100840336
0 0.914105594957 0.22268907563 0.0204885736801 0.0504201680672
0 0.927895981087 0.195378151261 0.016548463357 0.0294117647059
0 0.925137903861 0.156862745098 0.0141843971631 0.0336134453782
0 0.937746256895 0.156162464986 0.0126083530339 0.0294117647059
