0 0.0540865384615 0.209821428571 0.0136217948718 0.0375
0 0.0448717948718 0.242857142857 0.0144230769231 0.0357142857143
0 0.0576923076923 0.260714285714 0.0160256410256 0.0428571428571
0 0.0901442307692 0.434821428571 0.0232371794872 0.0553571428571
0 0.0761217948718 0.499107142857 0.0240384615385 0.0553571428571
0 0.106169871795 0.566071428571 0.0264423076923 0.075
0 0.199118589744 0.446428571429 0.0216346153846 0.0607142857143
0 0.241185897436 0.377678571429 0.0224358974359 0.0553571428571
0 0.256810897436 0.300892857143 0.0200320512821 0.0446428571429
0 0.177083333333 0.28125 0.0176282051282 0.0446428571429
0 0.175881410256 0.244642857143 0.0152243589744 0.0321428571429
0 0.137419871795 0.255357142857 0.0184294871795 0.0392857142857
0 0.122195512821 0.23125 0.0168269230769 0.0375
0 0.160256410256 0.164285714286 0.0144230769231 0.0392857142857
0 0.171875 0.1875 0.0136217948718 0.0321428571429
0 0.197916666667 0.192857142857 0.0176282051282 0.0428571428571
0 0.210737179487 0.134821428571 0.0112179487179 0.0303571428571
0 0.222756410256 0.1375 0.0112179487179 0.0321428571429
0 0.254807692308 0.127678571429 0.0128205128205 0.0303571428571
0 0.304887820513 0.149107142857 0.0152243589744 0.0339285714286
0 0.301282051282 0.170535714286 0.0160256410256 0.0375
0 0.295272435897 0.208928571429 0.0184294871795 0.0392857142857
0 0.325320512821 0.238392857143 0.0144230769231 0.0410714285714
0 0.349358974359 0.214285714286 0.0176282051282 0.0357142857143
0 0.380208333333 0.185714285714 0.0152243589744 0.0428571428571
0 0.364583333333 0.0875 0.0128205128205 0.0321428571429
0 0.411458333333 0.09375 0.0136217948718 0.0303571428571
0 0.433894230769 0.0875 0.0136217948718 0.0321428571429
0 0.484775641026 0.09375 0.0128205128205 0.0339285714286
0 0.471955128205 0.140178571429 0.0144230769231 0.0303571428571
0 0.476362179487 0.170535714286 0.0152243589744 0.0339285714286
0 0.501201923077 0.179464285714 0.0168269230769 0.0375
0 0.493189102564 0.229464285714 0.0184294871795 0.0446428571429
0 0.465945512821 0.289285714286 0.0200320512821 0.0464285714286
0 0.567708333333 0.179464285714 0.0136217948718 0.0339285714286
0 0.576923076923 0.209821428571 0.0144230769231 0.0375
0 0.581730769231 0.15 0.0144230769231 0.0321428571429
0 0.60016025641 0.142857142857 0.0160256410256 0.0285714285714
0 0.591346153846 0.107142857143 0.0112179487179 0.0321428571429
0 0.624599358974 0.121428571429 0.0168269230769 0.0285714285714
0 0.52483974359 0.08125 0.0128205128205 0.0232142857143
0 0.519230769231 0.111607142857 0.0144230769231 0.0232142857143
0 0.569310897436 0.321428571429 0.0248397435897 0.0535714285714
0 0.574118589744 0.475892857143 0.0232371794872 0.0732142857143
0 0.635016025641 0.254464285714 0.0168269230769 0.0339285714286
0 0.646634615385 0.158928571429 0.0128205128205 0.0321428571429
0 0.705929487179 0.225892857143 0.0128205128205 0.0339285714286
0 0.718349358974 0.222321428571 0.0152243589744 0.0303571428571
0 0.732772435897 0.208035714286 0.0152243589744 0.0375
0 0.714743589744 0.280357142857 0.0192307692308 0.0357142857143
0 0.6875 0.340178571429 0.0240384615385 0.0482142857143
0 0.784455128205 0.38125 0.0224358974359 0.0482142857143
0 0.780448717949 0.216071428571 0.0176282051282 0.0357142857143
0 0.818108974359 0.246428571429 0.0176282051282 0.0285714285714
0 0.858974358974 0.283928571429 0.0144230769231 0.0392857142857
0 0.925480769231 0.361607142857 0.0176282051282 0.0375
