0 0.171179883946 0.489778534923 0.0406189555126 0.076660988075
0 0.275628626692 0.264906303237 0.0193423597679 0.0323679727428
0 0.358800773694 0.196763202726 0.0174081237911 0.0323679727428
0 0.366054158607 0.275127768313 0.0183752417795 0.0357751277683
0 0.409090909091 0.227427597956 0.0174081237911 0.0357751277683
0 0.452611218569 0.222316865417 0.0193423597679 0.0391822827939
0 0.414893617021 0.166098807496 0.0174081237911 0.0357751277683
0 0.465667311412 0.139693356048 0.0183752417795 0.03066439523
0 0.521276595745 0.132879045997 0.0135396518375 0.0272572402044
0 0.533849129594 0.128620102215 0.0135396518375 0.0289608177172
0 0.559477756286 0.11073253833 0.0125725338491 0.0204429301533
0 0.558994197292 0.133730834753 0.0135396518375 0.0289608177172
0 0.579303675048 0.123509369676 0.0116054158607 0.0255536626917
0 0.604932301741 0.128620102215 0.0125725338491 0.0255536626917
0 0.614119922631 0.154173764906 0.0154738878143 0.0289608177172
0 0.647969052224 0.135434412266 0.0154738878143 0.0221465076661
0 0.557543520309 0.184838160136 0.0183752417795 0.0323679727428
0 0.497098646035 0.304088586031 0.0193423597679 0.0357751277683
0 0.537717601547 0.331345826235 0.0251450676983 0.045996592845
0 0.552224371373 0.255536626917 0.0193423597679 0.0442930153322
0 0.606866537718 0.26405451448 0.0241779497099 0.0442930153322
0 0.652321083172 0.222316865417 0.0203094777563 0.0391822827939
0 0.652804642166 0.175468483816 0.0174081237911 0.0408858603066
0 0.688104448743 0.159284497445 0.0222437137331 0.0494037478705
0 0.711798839458 0.180579216354 0.0193423597679 0.0408858603066
0 0.666344294004 0.324531516184 0.0290135396518 0.0698466780239
0 0.723887814313 0.259795570698 0.0261121856867 0.0596252129472
0 0.747582205029 0.310051107325 0.0232108317215 0.0545144804089
0 0.753384912959 0.22402044293 0.0212765957447 0.045996592845
0 0.778046421663 0.200170357751 0.0183752417795 0.045996592845
0 0.771276595745 0.281942078365 0.0261121856867 0.0596252129472
0 0.807059961315 0.239352640545 0.0203094777563 0.0494037478705
0 0.787717601547 0.390119250426 0.031914893617 0.06132879046
0 0.838007736944 0.301533219761 0.0280464216634 0.06132879046
0 0.891199226306 0.355195911414 0.0357833655706 0.076660988075
0 0.910541586074 0.329642248722 0.0261121856867 0.0494037478705
0 0.835589941973 0.13202725724 0.0116054158607 0.0289608177172
0 0.827852998066 0.142248722317 0.0116054158607 0.0255536626917
0 0.855415860735 0.151618398637 0.0164410058027 0.0272572402044
0 0.864603481625 0.126064735945 0.0116054158607 0.0272572402044
0 0.898452611219 0.143100511073 0.00967117988395 0.0204429301533
0 0.923114119923 0.154173764906 0.0106382978723 0.0187393526405
0 0.772243713733 0.15332197615 0.0183752417795 0.0238500851789
