0 0.134692246203 0.542979942693 0.0423661071143 0.0859598853868
0 0.794164668265 0.542263610315 0.0327737809752 0.0816618911175
0 0.694644284572 0.5 0.0383693045564 0.080229226361
0 0.624700239808 0.491404011461 0.031175059952 0.0744985673352
0 0.567545963229 0.449856733524 0.0319744204636 0.0687679083095
0 0.498401278977 0.486389684814 0.031175059952 0.0558739255014
0 0.47242206235 0.39111747851 0.0287769784173 0.0573065902579
0 0.32414068745 0.376074498567 0.0231814548361 0.0472779369628
0 0.284572342126 0.366045845272 0.0207833733014 0.0472779369628
0 0.257394084732 0.347421203438 0.0191846522782 0.0472779369628
0 0.215027977618 0.36676217765 0.017585931255 0.0372492836676
0 0.292166266986 0.305873925501 0.0167865707434 0.0386819484241
0 0.348521183054 0.305873925501 0.017585931255 0.0329512893983
0 0.346522781775 0.344555873926 0.0183852917666 0.041547277937
0 0.403677058353 0.341690544413 0.0223820943245 0.041547277937
0 0.401678657074 0.30229226361 0.0167865707434 0.0343839541547
0 0.383693045564 0.277936962751 0.0159872102318 0.0315186246418
0 0.401278976819 0.276504297994 0.0143884892086 0.0315186246418
0 0.429256594724 0.277220630372 0.0159872102318 0.0329512893983
0 0.421662669864 0.254297994269 0.013589128697 0.0358166189112
0 0.429256594724 0.316618911175 0.017585931255 0.0372492836676
0 0.455235811351 0.340257879656 0.0199840127898 0.041547277937
0 0.453237410072 0.27435530086 0.0143884892086 0.0300859598854
0 0.483213429257 0.278653295129 0.0151878497202 0.0329512893983
0 0.518784972022 0.27435530086 0.0143884892086 0.0358166189112
0 0.521582733813 0.362464183381 0.0247801758593 0.0458452722063
0 0.585131894484 0.374641833811 0.0191846522782 0.0587392550143
0 0.446043165468 0.252148997135 0.0143884892086 0.0286532951289
0 0.544764188649 0.286532951289 0.013589128697 0.0343839541547
0 0.511191047162 0.257163323782 0.0087929656275 0.0243553008596
0 0.511191047162 0.24212034384 0.013589128697 0.0286532951289
0 0.526778577138 0.254297994269 0.0111910471623 0.0329512893983
0 0.462030375699 0.243553008596 0.0127897681855 0.025787965616
0 0.543565147882 0.22994269341 0.0127897681855 0.0243553008596
0 0.559552358114 0.226361031519 0.0111910471623 0.0229226361032
0 0.555955235811 0.276504297994 0.013589128697 0.0315186246418
0 0.563948840927 0.247851002865 0.0119904076739 0.0315186246418
0 0.584332533973 0.252865329513 0.0127897681855 0.0329512893983
0 0.589128697042 0.214899713467 0.0111910471623 0.0286532951289
0 0.612709832134 0.219197707736 0.0119904076739 0.025787965616
0 0.586330935252 0.236389684814 0.013589128697 0.0229226361032
0 0.625899280576 0.255730659026 0.0127897681855 0.0300859598854
0 0.637490007994 0.222063037249 0.0103916866507 0.025787965616
0 0.644284572342 0.236389684814 0.0127897681855 0.0343839541547
0 0.587929656275 0.325214899713 0.0215827338129 0.0487106017192
0 0.618305355715 0.312320916905 0.0183852917666 0.0343839541547
0 0.634292565947 0.34670487106 0.0199840127898 0.0429799426934
0 0.62829736211 0.401146131805 0.0239808153477 0.0487106017192
0 0.68065547562 0.358166189112 0.0199840127898 0.0429799426934
0 0.728217426059 0.410458452722 0.0255795363709 0.0558739255014
0 0.759792166267 0.449140401146 0.0263788968825 0.0644699140401
0 0.666666666667 0.320200573066 0.0191846522782 0.0386819484241
0 0.655475619504 0.286532951289 0.0143884892086 0.0372492836676
0 0.663868904876 0.231375358166 0.0151878497202 0.0300859598854
0 0.692645883293 0.250716332378 0.013589128697 0.0343839541547
0 0.690647482014 0.303724928367 0.017585931255 0.0401146131805
0 0.722222222222 0.257163323782 0.013589128697 0.0358166189112
0 0.729016786571 0.244269340974 0.0127897681855 0.0329512893983
0 0.749400479616 0.27005730659 0.0119904076739 0.0300859598854
0 0.763389288569 0.267191977077 0.0127897681855 0.0358166189112
0 0.764988009592 0.247134670487 0.0127897681855 0.0300859598854
0 0.73860911271 0.313753581662 0.0159872102318 0.0401146131805
0 0.794564348521 0.249283667622 0.0127897681855 0.0286532951289
0 0.823741007194 0.265759312321 0.013589128697 0.0300859598854
0 0.837729816147 0.271489971347 0.0127897681855 0.0358166189112
0 0.852118305356 0.26217765043 0.0127897681855 0.0343839541547
0 0.877298161471 0.282951289398 0.013589128697 0.0329512893983
0 0.912470023981 0.27005730659 0.0119904076739 0.0358166189112
0 0.7965627498 0.280802292264 0.0119904076739 0.0286532951289
0 0.800559552358 0.309455587393 0.0151878497202 0.0372492836676
0 0.827338129496 0.317335243553 0.0127897681855 0.0358166189112
0 0.87170263789 0.329512893983 0.0151878497202 0.0401146131805
0 0.91446842526 0.312320916905 0.0143884892086 0.0315186246418
0 0.898481215028 0.318767908309 0.0143884892086 0.041547277937
0 0.909272581934 0.354584527221 0.0151878497202 0.0501432664756
0 0.897681854516 0.413323782235 0.0207833733014 0.0616045845272
0 0.852517985612 0.37106017192 0.0183852917666 0.0487106017192
0 0.80895283773 0.348137535817 0.0191846522782 0.0487106017192
0 0.795363709033 0.357449856734 0.0207833733014 0.0472779369628
0 0.835731414868 0.40329512894 0.0231814548361 0.0444126074499
0 0.904076738609 0.483524355301 0.0271782573941 0.0702005730659
0 0.824540367706 0.453438395415 0.0279776179057 0.0587392550143
