0 0.205937794533 0.345840130506 0.048067860509 0.0880913539967
0 0.304429783223 0.240619902121 0.0169651272385 0.0407830342577
0 0.319509896324 0.265089722675 0.0188501413761 0.047308319739
0 0.338831291235 0.269168026101 0.0235626767201 0.0424143556281
0 0.335061262959 0.214518760196 0.014137606032 0.0342577487765
0 0.353440150801 0.219412724307 0.0188501413761 0.0342577487765
0 0.36192271442 0.236541598695 0.0169651272385 0.0293637846656
0 0.387841658812 0.224306688418 0.0235626767201 0.0375203915171
0 0.394439208294 0.197389885808 0.0235626767201 0.0326264274062
0 0.431196983977 0.217781402936 0.0197926484449 0.0342577487765
0 0.438737040528 0.278140293638 0.0273327049953 0.047308319739
0 0.434024505184 0.176182707993 0.0179076343073 0.0326264274062
0 0.453345900094 0.185970636215 0.0207351555137 0.0391517128874
0 0.464184731385 0.21207177814 0.0179076343073 0.0424143556281
0 0.473609802074 0.189233278956 0.0160226201697 0.0358890701468
0 0.459472196041 0.168026101142 0.0160226201697 0.0293637846656
0 0.462770970782 0.147634584013 0.0150801131008 0.0244698205546
0 0.481149858624 0.146003262643 0.014137606032 0.0244698205546
0 0.48821866164 0.166394779772 0.0169651272385 0.0293637846656
0 0.510367577757 0.1867862969 0.0179076343073 0.0342577487765
0 0.527332704995 0.203915171289 0.0235626767201 0.0456769983687
0 0.494344957587 0.128874388254 0.0160226201697 0.0293637846656
0 0.541470311027 0.137846655791 0.0197926484449 0.0407830342577
0 0.552309142319 0.155791190865 0.0169651272385 0.0375203915171
0 0.562676720075 0.141109298532 0.0131950989632 0.0277324632953
0 0.581526861451 0.164763458401 0.0207351555137 0.0391517128874
0 0.567860508954 0.115823817292 0.0160226201697 0.026101141925
0 0.590480678605 0.128874388254 0.014137606032 0.026101141925
0 0.603675777568 0.0995106035889 0.0160226201697 0.0293637846656
0 0.624882186616 0.111745513866 0.0131950989632 0.0309951060359
0 0.627238454288 0.147634584013 0.0179076343073 0.0342577487765
0 0.657869934025 0.110929853181 0.0131950989632 0.0293637846656
0 0.678133836004 0.116639477977 0.0179076343073 0.0309951060359
0 0.701696512724 0.100326264274 0.014137606032 0.0342577487765
0 0.51602262017 0.307504078303 0.0311027332705 0.0570962479608
0 0.553722902922 0.294453507341 0.0292177191329 0.0603588907015
0 0.580113100848 0.236541598695 0.0273327049953 0.0489396411093
0 0.622525918944 0.241435562806 0.0216776625825 0.0489396411093
0 0.621112158341 0.209624796085 0.0263901979265 0.0407830342577
0 0.668708765316 0.245513866232 0.0254476908577 0.0505709624796
0 0.623939679548 0.332789559543 0.0358152686145 0.0652528548124
0 0.682846371348 0.331973898858 0.0329877474081 0.0701468189233
0 0.730442978322 0.268352365416 0.0282752120641 0.047308319739
0 0.780867106503 0.281402936378 0.0273327049953 0.0570962479608
0 0.71630537229 0.217781402936 0.0226201696513 0.0407830342577
0 0.679076343073 0.198205546493 0.0216776625825 0.0407830342577
0 0.693685202639 0.15823817292 0.0188501413761 0.0391517128874
0 0.712535344015 0.172920065253 0.0207351555137 0.0424143556281
0 0.738454288407 0.169657422512 0.0160226201697 0.0326264274062
0 0.751178133836 0.197389885808 0.0207351555137 0.0456769983687
0 0.770499528746 0.177814029364 0.0197926484449 0.0358890701468
0 0.731856738926 0.133768352365 0.0160226201697 0.0326264274062
0 0.746465598492 0.115823817292 0.0150801131008 0.0358890701468
0 0.759660697455 0.135399673736 0.0150801131008 0.0358890701468
0 0.76343072573 0.108482871126 0.0150801131008 0.0309951060359
0 0.780867106503 0.13132137031 0.0216776625825 0.0375203915171
0 0.813854853911 0.173735725938 0.0179076343073 0.0440456769984
0 0.817624882187 0.133768352365 0.0103675777568 0.026101141925
0 0.827049952875 0.127243066884 0.0160226201697 0.026101141925
0 0.842130065975 0.137030995106 0.014137606032 0.0358890701468
0 0.836946277097 0.161500815661 0.0150801131008 0.0358890701468
0 0.857681432611 0.187601957586 0.0207351555137 0.0456769983687
0 0.872290292177 0.159053833605 0.0179076343073 0.0440456769984
0 0.881244109331 0.146818923328 0.0188501413761 0.0391517128874
0 0.913760603205 0.13132137031 0.0160226201697 0.0309951060359
0 0.911404335533 0.163947797716 0.0188501413761 0.0407830342577
0 0.883129123468 0.225938009788 0.0207351555137 0.0440456769984
0 0.914703110273 0.221044045677 0.0179076343073 0.0440456769984
0 0.934024505184 0.272430668842 0.0245051837889 0.0554649265905
0 0.931196983977 0.199836867863 0.0188501413761 0.047308319739
0 0.943920829406 0.153344208809 0.0160226201697 0.0358890701468
