0 0.114333057167 0.511065006916 0.0414250207125 0.0677731673582
0 0.206296603148 0.334024896266 0.019884009942 0.0373443983402
0 0.241093620547 0.349239280775 0.0182270091135 0.0428769017981
0 0.268434134217 0.300138312586 0.0149130074565 0.0331950207469
0 0.278790389395 0.34785615491 0.0190555095278 0.0401106500692
0 0.307373653687 0.360995850622 0.019884009942 0.0442600276625
0 0.330985915493 0.32918395574 0.0207125103563 0.0331950207469
0 0.335956917978 0.287690179806 0.0140845070423 0.0221300138313
0 0.367025683513 0.327800829876 0.016570008285 0.0331950207469
0 0.392294946147 0.332641770401 0.0223695111848 0.0290456431535
0 0.371582435791 0.267634854772 0.0140845070423 0.0290456431535
0 0.414664457332 0.237897648686 0.0124275062138 0.0221300138313
0 0.427091963546 0.252420470263 0.0140845070423 0.0318118948824
0 0.436205468103 0.326417704011 0.0207125103563 0.0387275242047
0 0.448218724109 0.307053941909 0.016570008285 0.0331950207469
0 0.446147473074 0.237897648686 0.0140845070423 0.0221300138313
0 0.492543496272 0.307053941909 0.0157415078708 0.0414937759336
0 0.453189726595 0.404564315353 0.026512013256 0.0539419087137
0 0.493371996686 0.255186721992 0.0140845070423 0.0318118948824
0 0.502485501243 0.271092669433 0.0140845070423 0.0331950207469
0 0.513256006628 0.244121715076 0.0140845070423 0.0290456431535
0 0.53314001657 0.234439834025 0.0124275062138 0.0290456431535
0 0.545981772991 0.215076071923 0.0149130074565 0.0235131396957
0 0.560894780447 0.206085753804 0.016570008285 0.0221300138313
0 0.59652029826 0.197095435685 0.0115990057995 0.0235131396957
0 0.560066280033 0.269709543568 0.0149130074565 0.0359612724758
0 0.589063794532 0.243430152144 0.0115990057995 0.0331950207469
0 0.625103562552 0.21438450899 0.0140845070423 0.0248962655602
0 0.627174813587 0.241355463347 0.0149130074565 0.0318118948824
0 0.648301574151 0.210235131397 0.0140845070423 0.0248962655602
0 0.664043082022 0.219917012448 0.0140845070423 0.0276625172891
0 0.684341342171 0.212309820194 0.013256006628 0.0262793914246
0 0.509113504557 0.422544951591 0.0273405136703 0.0594744121715
0 0.526512013256 0.344398340249 0.0240265120133 0.0470262793914
0 0.57207953604 0.441217150761 0.0323115161558 0.060857538036
0 0.572493786247 0.381051175657 0.023198011599 0.0484094052559
0 0.584921292461 0.322268326418 0.0215410107705 0.0414937759336
0 0.622203811102 0.299446749654 0.016570008285 0.0373443983402
0 0.654101077051 0.272475795297 0.0140845070423 0.030428769018
0 0.69014084507 0.247579529737 0.013256006628 0.0331950207469
0 0.671913835957 0.307745504841 0.023198011599 0.0345781466113
0 0.699254349627 0.286998616874 0.0182270091135 0.0373443983402
0 0.645401822701 0.358229598893 0.019884009942 0.0497925311203
0 0.673156586578 0.353388658368 0.0190555095278 0.0428769017981
0 0.626346313173 0.460580912863 0.0314830157415 0.0636237897649
0 0.702982601491 0.395573997234 0.0256835128418 0.0580912863071
0 0.686412593206 0.532503457815 0.0356255178128 0.0691562932227
0 0.763048881524 0.424619640387 0.0281690140845 0.0553250345781
0 0.722038111019 0.239972337483 0.0140845070423 0.0262793914246
0 0.748964374482 0.217842323651 0.0149130074565 0.0290456431535
0 0.751864125932 0.251037344398 0.0157415078708 0.0345781466113
0 0.767605633803 0.270401106501 0.0173985086993 0.0373443983402
0 0.771333885667 0.235131396957 0.0115990057995 0.0331950207469
0 0.787903893952 0.235822959889 0.013256006628 0.0318118948824
0 0.811516155758 0.264177040111 0.0140845070423 0.030428769018
0 0.831814415907 0.244813278008 0.0115990057995 0.0359612724758
0 0.803645401823 0.287690179806 0.0149130074565 0.0331950207469
0 0.826014913007 0.298755186722 0.016570008285 0.0331950207469
0 0.816901408451 0.325726141079 0.0182270091135 0.0401106500692
0 0.800745650373 0.34785615491 0.0207125103563 0.0484094052559
0 0.848384424192 0.358921161826 0.0182270091135 0.045643153527
0 0.839270919635 0.438450899032 0.0248550124275 0.0580912863071
0 0.809444904722 0.479253112033 0.026512013256 0.0567081604426
0 0.902236951118 0.454356846473 0.026512013256 0.0594744121715
0 0.867025683513 0.34163208852 0.0190555095278 0.0442600276625
0 0.8429991715 0.266251728907 0.0140845070423 0.0373443983402
0 0.865782932891 0.250345781466 0.0115990057995 0.0359612724758
0 0.884009942005 0.270401106501 0.016570008285 0.0401106500692
0 0.898508699254 0.312586445367 0.0173985086993 0.0359612724758
0 0.926263463132 0.3540802213 0.0182270091135 0.0497925311203
0 0.922949461475 0.295988934993 0.0149130074565 0.0359612724758
0 0.927506213753 0.270401106501 0.0124275062138 0.0235131396957
0 0.901408450704 0.427385892116 0.026512013256 0.0359612724758
0 0.568351284176 0.251037344398 0.013256006628 0.0345781466113
0 0.390223695112 0.293914246196 0.013256006628 0.0290456431535
0 0.419635459818 0.298755186722 0.0157415078708 0.030428769018
0 0.389395194698 0.272475795297 0.013256006628 0.0248962655602
0 0.874896437448 0.302904564315 0.0149130074565 0.0414937759336
