0 0.260170293283 0.363255033557 0.0473036896878 0.0922818791946
0 0.287606433302 0.229865771812 0.0189214758751 0.0402684563758
0 0.307000946074 0.22567114094 0.0217596972564 0.0385906040268
0 0.326868495743 0.220637583893 0.0160832544939 0.0385906040268
0 0.343424787133 0.22567114094 0.0208136234626 0.0385906040268
0 0.348155156102 0.177013422819 0.0151371807001 0.0352348993289
0 0.366130558184 0.195469798658 0.0151371807001 0.0352348993289
0 0.376064333018 0.203859060403 0.0160832544939 0.0318791946309
0 0.390728476821 0.208053691275 0.0189214758751 0.0402684563758
0 0.379375591296 0.174496644295 0.0151371807001 0.0268456375839
0 0.405865657521 0.234899328859 0.0170293282876 0.0402684563758
0 0.423841059603 0.255872483221 0.0227057710501 0.0453020134228
0 0.421475875118 0.209731543624 0.0179754020814 0.0402684563758
0 0.4243140965 0.186241610738 0.0179754020814 0.0302013422819
0 0.402554399243 0.168624161074 0.0160832544939 0.0352348993289
0 0.4243140965 0.157718120805 0.0141911069063 0.0268456375839
0 0.442289498581 0.161912751678 0.0160832544939 0.0285234899329
0 0.44701986755 0.186241610738 0.0160832544939 0.0335570469799
0 0.462630085147 0.197986577181 0.0170293282876 0.0436241610738
0 0.477767265847 0.192953020134 0.0151371807001 0.0402684563758
0 0.467360454115 0.157718120805 0.0151371807001 0.0302013422819
0 0.473036896878 0.136744966443 0.0151371807001 0.0285234899329
0 0.496215704825 0.155201342282 0.0160832544939 0.0385906040268
0 0.516556291391 0.192953020134 0.0208136234626 0.0402684563758
0 0.537369914853 0.16610738255 0.0151371807001 0.0369127516779
0 0.541154210028 0.144295302013 0.0170293282876 0.0268456375839
0 0.510879848628 0.138422818792 0.0113528855251 0.0285234899329
0 0.499526963103 0.126677852349 0.0113528855251 0.0251677852349
0 0.547303689688 0.128355704698 0.0141911069063 0.0218120805369
0 0.564806054872 0.152684563758 0.0151371807001 0.0302013422819
0 0.558656575213 0.184563758389 0.0217596972564 0.0469798657718
0 0.583727530747 0.171979865772 0.0189214758751 0.0385906040268
0 0.57426679281 0.123322147651 0.0113528855251 0.0251677852349
0 0.600756859035 0.161912751678 0.0151371807001 0.0318791946309
0 0.59697256386 0.140100671141 0.0132450331126 0.0318791946309
0 0.600756859035 0.119127516779 0.0113528855251 0.0234899328859
0 0.622516556291 0.139261744966 0.0151371807001 0.0335570469799
0 0.616367076632 0.0964765100671 0.0122989593188 0.0285234899329
0 0.633869441816 0.114093959732 0.0151371807001 0.0302013422819
0 0.653263954588 0.105704697987 0.0141911069063 0.0302013422819
0 0.658940397351 0.112416107383 0.0122989593188 0.0335570469799
0 0.651844843898 0.138422818792 0.0170293282876 0.0251677852349
0 0.64238410596 0.156879194631 0.0151371807001 0.0318791946309
0 0.67880794702 0.114093959732 0.0141911069063 0.0302013422819
0 0.690160832545 0.119127516779 0.0160832544939 0.0369127516779
0 0.703878902554 0.114932885906 0.0132450331126 0.0318791946309
0 0.562913907285 0.255872483221 0.0245979186377 0.0520134228188
0 0.613055818354 0.269295302013 0.0245979186377 0.0553691275168
0 0.605014191107 0.237416107383 0.0198675496689 0.0352348993289
0 0.641438032167 0.268456375839 0.0283822138127 0.0637583892617
0 0.661305581835 0.248322147651 0.0245979186377 0.0469798657718
0 0.668874172185 0.188758389262 0.0208136234626 0.0419463087248
0 0.717123935667 0.194630872483 0.0170293282876 0.0402684563758
0 0.701040681173 0.179530201342 0.0151371807001 0.0369127516779
0 0.743614001892 0.195469798658 0.0189214758751 0.0520134228188
0 0.734626300851 0.146812080537 0.0160832544939 0.0352348993289
0 0.752601702933 0.134228187919 0.0179754020814 0.0335570469799
0 0.778618732261 0.145973154362 0.0151371807001 0.0268456375839
0 0.780510879849 0.125838926174 0.0113528855251 0.0234899328859
0 0.791863765374 0.177013422819 0.0151371807001 0.0352348993289
0 0.800378429518 0.209731543624 0.0189214758751 0.0436241610738
0 0.763481551561 0.256711409396 0.0245979186377 0.0469798657718
0 0.728476821192 0.243288590604 0.0227057710501 0.0402684563758
0 0.666035950804 0.35067114094 0.0340586565752 0.0872483221477
0 0.743614001892 0.380033557047 0.0302743614002 0.0721476510067
0 0.78334910123 0.312080536913 0.0283822138127 0.0671140939597
0 0.837748344371 0.265939597315 0.0255439924314 0.0520134228188
0 0.84389782403 0.228187919463 0.0208136234626 0.0436241610738
0 0.855250709555 0.219798657718 0.0132450331126 0.0335570469799
0 0.816934720908 0.203020134228 0.0179754020814 0.0402684563758
0 0.82876064333 0.181208053691 0.0170293282876 0.0335570469799
0 0.809366130558 0.146812080537 0.0122989593188 0.0285234899329
0 0.826868495743 0.145134228188 0.0151371807001 0.0385906040268
0 0.84247871334 0.163590604027 0.0141911069063 0.0352348993289
0 0.854777672658 0.152684563758 0.0122989593188 0.0335570469799
0 0.86660359508 0.188758389262 0.0151371807001 0.0419463087248
0 0.877483443709 0.167785234899 0.0141911069063 0.0402684563758
0 0.886944181646 0.253355704698 0.0198675496689 0.0469798657718
0 0.912961210974 0.361577181208 0.0302743614002 0.0687919463087
0 0.936140018921 0.268456375839 0.0179754020814 0.0436241610738
0 0.930936613056 0.230704697987 0.0170293282876 0.0419463087248
0 0.937559129612 0.20889261745 0.0113528855251 0.0385906040268
0 0.945600756859 0.195469798658 0.0141911069063 0.0318791946309
0 0.898297067171 0.21644295302 0.0160832544939 0.0436241610738
0 0.904919583728 0.197986577181 0.0179754020814 0.0335570469799
0 0.906811731315 0.171140939597 0.0122989593188 0.0268456375839
0 0.912015137181 0.157718120805 0.00946073793756 0.0201342281879
