0 0.165387894288 0.50299850075 0.0460358056266 0.0974512743628
0 0.227195225916 0.353823088456 0.0196078431373 0.0359820089955
0 0.259164535379 0.362818590705 0.0187553282182 0.0449775112444
0 0.289855072464 0.385307346327 0.0204603580563 0.0449775112444
0 0.294970161978 0.314092953523 0.0187553282182 0.0404797601199
0 0.338022165388 0.377061469265 0.0230179028133 0.0554722638681
0 0.36189258312 0.339580209895 0.0161977834612 0.0314842578711
0 0.360187553282 0.304347826087 0.0196078431373 0.0299850074963
0 0.392156862745 0.352323838081 0.0204603580563 0.0389805097451
0 0.416879795396 0.347826086957 0.0221653878943 0.0449775112444
0 0.414748508099 0.314092953523 0.0161977834612 0.0314842578711
0 0.410912190963 0.290104947526 0.0153452685422 0.0284857571214
0 0.404092071611 0.270614692654 0.0153452685422 0.0314842578711
0 0.432651321398 0.275112443778 0.0144927536232 0.0284857571214
0 0.453111679454 0.274362818591 0.0144927536232 0.0359820089955
0 0.445012787724 0.32383808096 0.0221653878943 0.0419790104948
0 0.476982097187 0.314092953523 0.0179028132992 0.0344827586207
0 0.480818414322 0.362818590705 0.0272804774084 0.0419790104948
0 0.513213981245 0.331334332834 0.0170502983802 0.0389805097451
0 0.479965899403 0.281109445277 0.0170502983802 0.0284857571214
0 0.469735720375 0.255622188906 0.0136402387042 0.0284857571214
0 0.476555839727 0.248125937031 0.0170502983802 0.0314842578711
0 0.50895140665 0.278110944528 0.0170502983802 0.0344827586207
0 0.52600170503 0.293103448276 0.0170502983802 0.0344827586207
0 0.550298380222 0.259370314843 0.0161977834612 0.0299850074963
0 0.561807331628 0.296851574213 0.0187553282182 0.0389805097451
0 0.592071611253 0.271364317841 0.0161977834612 0.0299850074963
0 0.584825234442 0.26011994003 0.0136402387042 0.0284857571214
0 0.580136402387 0.230134932534 0.0127877237852 0.0254872563718
0 0.614663256607 0.234632683658 0.0153452685422 0.0284857571214
0 0.630008525149 0.253373313343 0.0119352088662 0.023988005997
0 0.624893435635 0.215892053973 0.0119352088662 0.0269865067466
0 0.642369991475 0.230134932534 0.0144927536232 0.0224887556222
0 0.653878942882 0.257871064468 0.0136402387042 0.023988005997
0 0.68968456948 0.240629685157 0.0153452685422 0.0254872563718
0 0.682011935209 0.224137931034 0.0136402387042 0.0284857571214
0 0.592924126172 0.234632683658 0.0110826939471 0.0254872563718
0 0.514066496164 0.397301349325 0.0306905370844 0.0629685157421
0 0.553708439898 0.423538230885 0.0281329923274 0.0584707646177
0 0.605711849957 0.395802098951 0.0264279624893 0.0569715142429
0 0.609974424552 0.341829085457 0.0247229326513 0.0449775112444
0 0.628729752771 0.447526236882 0.0349531116795 0.0734632683658
0 0.657715260017 0.486506746627 0.0383631713555 0.0674662668666
0 0.68073316283 0.386056971514 0.0264279624893 0.0434782608696
0 0.662404092072 0.363568215892 0.0238704177323 0.0404797601199
0 0.647485080989 0.324587706147 0.0213128729753 0.0404797601199
0 0.686700767263 0.293853073463 0.0196078431373 0.0389805097451
0 0.723358908781 0.264617691154 0.0179028132992 0.0374812593703
0 0.701619778346 0.240629685157 0.0153452685422 0.0314842578711
0 0.731457800512 0.317091454273 0.0187553282182 0.0404797601199
0 0.70673486786 0.369565217391 0.0238704177323 0.0494752623688
0 0.757885763001 0.428785607196 0.0272804774084 0.0569715142429
0 0.722932651321 0.531484257871 0.0460358056266 0.0854572713643
0 0.824808184143 0.517991004498 0.0349531116795 0.0584707646177
0 0.746803069054 0.261619190405 0.0153452685422 0.0344827586207
0 0.76726342711 0.274362818591 0.0170502983802 0.0359820089955
0 0.78473998295 0.296101949025 0.0179028132992 0.0374812593703
0 0.765984654731 0.233883058471 0.0144927536232 0.0299850074963
0 0.802216538789 0.248875562219 0.0170502983802 0.0299850074963
0 0.803069053708 0.27736131934 0.0170502983802 0.0329835082459
0 0.831202046036 0.257871064468 0.0187553282182 0.0389805097451
0 0.839727195226 0.318590704648 0.0204603580563 0.0344827586207
0 0.862745098039 0.270614692654 0.0170502983802 0.0344827586207
0 0.873827791986 0.28335832084 0.0153452685422 0.0329835082459
0 0.882779198636 0.285607196402 0.0127877237852 0.0284857571214
0 0.895140664962 0.270614692654 0.0136402387042 0.0314842578711
0 0.871696504689 0.323088455772 0.0196078431373 0.0374812593703
0 0.886189258312 0.37856071964 0.0247229326513 0.0584707646177
0 0.832480818414 0.372563718141 0.0230179028133 0.0524737631184
0 0.807757885763 0.441529235382 0.0264279624893 0.0584707646177
0 0.871270247229 0.468515742129 0.0323955669224 0.0704647676162
0 0.935208866155 0.475262368816 0.0306905370844 0.0659670164918
0 0.93989769821 0.413793103448 0.0196078431373 0.0509745127436
0 0.951406649616 0.373313343328 0.0187553282182 0.0389805097451
0 0.925404944587 0.344827586207 0.0179028132992 0.0449775112444
0 0.924978687127 0.290104947526 0.0187553282182 0.0404797601199
0 0.957800511509 0.318590704648 0.0179028132992 0.0314842578711
0 0.950554134697 0.346326836582 0.0204603580563 0.0359820089955
0 0.961210571185 0.294602698651 0.0161977834612 0.0314842578711
