0 0.21847739889 0.33277027027 0.0245836637589 0.0405405405405
0 0.12053925456 0.5625 0.0428231562252 0.118243243243
0 0.234734337827 0.271959459459 0.0142743854084 0.0439189189189
0 0.285487708168 0.271114864865 0.0190325138779 0.0422297297297
0 0.289452815226 0.239864864865 0.0190325138779 0.0337837837838
0 0.319984139572 0.215371621622 0.0214115781126 0.035472972973
0 0.342585249802 0.233108108108 0.020618556701 0.0472972972973
0 0.362410785091 0.21875 0.0158604282316 0.035472972973
0 0.375099127676 0.204391891892 0.0174464710547 0.0371621621622
0 0.40206185567 0.193412162162 0.0158604282316 0.0422297297297
0 0.386201427439 0.265202702703 0.0222045995242 0.0439189189189
0 0.409199048374 0.241554054054 0.0158604282316 0.0371621621622
0 0.440919904837 0.201013513514 0.0158604282316 0.0371621621622
0 0.449643140365 0.170608108108 0.0142743854084 0.0405405405405
0 0.467882632831 0.170608108108 0.0174464710547 0.0304054054054
0 0.487311657415 0.180743243243 0.0182394924663 0.0472972972973
0 0.503568596352 0.159628378378 0.0142743854084 0.0388513513514
0 0.531324345757 0.175675675676 0.020618556701 0.0506756756757
0 0.562252180809 0.144425675676 0.0158604282316 0.035472972973
0 0.58564631245 0.142736486486 0.01506740682 0.0388513513514
0 0.60824742268 0.121621621622 0.0142743854084 0.0337837837838
0 0.640364789849 0.134290540541 0.01506740682 0.0320945945946
0 0.670896114195 0.142736486486 0.0126883425852 0.0287162162162
0 0.697858842189 0.143581081081 0.0158604282316 0.0371621621622
0 0.718080888184 0.158783783784 0.0134813639968 0.0304054054054
0 0.670103092784 0.185810810811 0.0158604282316 0.0337837837838
0 0.685170499603 0.186655405405 0.0174464710547 0.0320945945946
0 0.617763679619 0.160472972973 0.020618556701 0.0304054054054
0 0.620935765266 0.181587837838 0.0158604282316 0.035472972973
0 0.630055511499 0.204391891892 0.0166534496431 0.0439189189189
0 0.672482157018 0.255912162162 0.020618556701 0.0625
0 0.705392545599 0.220439189189 0.0182394924663 0.0388513513514
0 0.58564631245 0.202702702703 0.0182394924663 0.0371621621622
0 0.565424266455 0.225506756757 0.0174464710547 0.0388513513514
0 0.508723235527 0.210304054054 0.0182394924663 0.035472972973
0 0.482157018239 0.252533783784 0.020618556701 0.0456081081081
0 0.447660586836 0.310810810811 0.0245836637589 0.0574324324324
0 0.754163362411 0.19847972973 0.0142743854084 0.0320945945946
0 0.779936558287 0.185810810811 0.0166534496431 0.0337837837838
0 0.78628072958 0.215371621622 0.01506740682 0.0320945945946
0 0.814036478985 0.195101351351 0.0166534496431 0.0388513513514
0 0.80412371134 0.251689189189 0.0174464710547 0.0472972972973
0 0.825535289453 0.23902027027 0.0174464710547 0.035472972973
0 0.848532910389 0.221283783784 0.0158604282316 0.0405405405405
0 0.868358445678 0.237331081081 0.0126883425852 0.0320945945946
0 0.882632831086 0.235641891892 0.0142743854084 0.0422297297297
0 0.911974623315 0.239864864865 0.0158604282316 0.0337837837838
0 0.906423473434 0.268581081081 0.0174464710547 0.0337837837838
0 0.954004758128 0.253378378378 0.0142743854084 0.0371621621622
0 0.987311657415 0.278716216216 0.0142743854084 0.0304054054054
0 0.980570975416 0.316722972973 0.0134813639968 0.035472972973
0 0.972640761301 0.331081081081 0.0166534496431 0.0439189189189
0 0.977795400476 0.371621621622 0.0174464710547 0.0540540540541
0 0.952418715305 0.384290540541 0.020618556701 0.0625
0 0.93219666931 0.336148648649 0.01506740682 0.0506756756757
0 0.934972244251 0.278716216216 0.0142743854084 0.0405405405405
0 0.892149088025 0.295608108108 0.020618556701 0.0439189189189
0 0.876288659794 0.319256756757 0.020618556701 0.0371621621622
0 0.866772402855 0.34375 0.0190325138779 0.0489864864865
0 0.822759714512 0.30152027027 0.0198255352895 0.0557432432432
0 0.760507533703 0.291385135135 0.0222045995242 0.0422297297297
0 0.749008723236 0.233952702703 0.0214115781126 0.035472972973
0 0.731958762887 0.271959459459 0.020618556701 0.0472972972973
0 0.622125297383 0.297297297297 0.0229976209358 0.0540540540541
0 0.588025376685 0.342060810811 0.0245836637589 0.0557432432432
0 0.616177636796 0.380067567568 0.0253766851705 0.0574324324324
0 0.66574147502 0.414695945946 0.0261697065821 0.0557432432432
0 0.735923869944 0.403716216216 0.0253766851705 0.0608108108108
0 0.803727200634 0.458614864865 0.0293417922284 0.0827702702703
0 0.862014274385 0.539695945946 0.0285487708168 0.0726351351351
0 0.888977002379 0.402871621622 0.0237906423473 0.0591216216216
0 0.964710547185 0.452702702703 0.0261697065821 0.0641891891892
