0 0.114091273018 0.52146263911 0.0520416333066 0.10492845787
0 0.228983186549 0.255961844197 0.017614091273 0.0508744038156
0 0.239791833467 0.259141494436 0.0248198558847 0.0476947535771
0 0.284227381906 0.22893481717 0.0192153722978 0.0476947535771
0 0.312650120096 0.227344992051 0.0200160128102 0.0508744038156
0 0.316653322658 0.203497615262 0.0216172938351 0.0445151033386
0 0.341473178543 0.213831478537 0.0200160128102 0.0365659777424
0 0.355084067254 0.200317965024 0.0168134507606 0.0413354531002
0 0.370696557246 0.193163751987 0.017614091273 0.0397456279809
0 0.377101681345 0.254372019078 0.0224179343475 0.0540540540541
0 0.409927942354 0.22893481717 0.0208166533227 0.0381558028617
0 0.426741393114 0.173290937997 0.0160128102482 0.0349761526232
0 0.434747798239 0.160572337043 0.0144115292234 0.0413354531002
0 0.443955164131 0.181240063593 0.0184147317854 0.0445151033386
0 0.44195356285 0.293322734499 0.0256204963971 0.0556438791733
0 0.479183346677 0.22972972973 0.0216172938351 0.0461049284579
0 0.462369895917 0.155802861685 0.0168134507606 0.0349761526232
0 0.482786228983 0.161367249603 0.0160128102482 0.0429252782194
0 0.500400320256 0.14546899841 0.0144115292234 0.033386327504
0 0.505604483587 0.196343402226 0.0184147317854 0.0461049284579
0 0.524419535629 0.147853736089 0.017614091273 0.0381558028617
0 0.562449959968 0.133545310016 0.0168134507606 0.0381558028617
0 0.567253803042 0.144674085851 0.0184147317854 0.0381558028617
0 0.536028823058 0.224165341812 0.0200160128102 0.0381558028617
0 0.582065652522 0.129570747218 0.017614091273 0.0365659777424
0 0.601681345076 0.122416534181 0.0152121697358 0.0317965023847
0 0.61289031225 0.14626391097 0.0184147317854 0.0349761526232
0 0.586869495596 0.190779014308 0.0160128102482 0.0445151033386
0 0.588871096878 0.161367249603 0.0200160128102 0.0365659777424
0 0.613690952762 0.202702702703 0.0200160128102 0.0397456279809
0 0.620096076861 0.171701112878 0.0152121697358 0.0381558028617
0 0.643314651721 0.123211446741 0.0152121697358 0.033386327504
0 0.655724579664 0.142289348172 0.0144115292234 0.0397456279809
0 0.669335468375 0.121621621622 0.0144115292234 0.033386327504
0 0.665732586069 0.174085850556 0.013610888711 0.033386327504
0 0.674139311449 0.217011128776 0.0224179343475 0.0429252782194
0 0.622097678143 0.265500794913 0.0256204963971 0.0540540540541
0 0.58646917534 0.317965023847 0.0280224179343 0.060413354531
0 0.615692554043 0.352941176471 0.0272217774219 0.060413354531
0 0.666933546837 0.378378378378 0.0288230584468 0.0540540540541
0 0.697758206565 0.134340222576 0.0168134507606 0.0365659777424
0 0.695756605284 0.147853736089 0.0160128102482 0.0381558028617
0 0.723779023219 0.151033386328 0.0192153722978 0.0413354531002
0 0.694555644516 0.206677265501 0.0232185748599 0.0413354531002
0 0.738190552442 0.196343402226 0.0160128102482 0.0429252782194
0 0.757005604484 0.18680445151 0.0152121697358 0.033386327504
0 0.7806244996 0.174085850556 0.0160128102482 0.033386327504
0 0.785028022418 0.195548489666 0.0168134507606 0.0413354531002
0 0.815852682146 0.183624801272 0.0160128102482 0.0397456279809
0 0.836669335468 0.203497615262 0.017614091273 0.0413354531002
0 0.823458767014 0.213036565978 0.0168134507606 0.0381558028617
0 0.803442754203 0.231319554849 0.0184147317854 0.0492845786963
0 0.807846277022 0.296502384738 0.0256204963971 0.0620031796502
0 0.749399519616 0.220190779014 0.0192153722978 0.0429252782194
0 0.761008807046 0.278219395866 0.0232185748599 0.0476947535771
0 0.723378702962 0.266295707472 0.0264211369095 0.0556438791733
0 0.873899119295 0.221780604134 0.013610888711 0.0397456279809
0 0.909527622098 0.215421303657 0.017614091273 0.0397456279809
0 0.908326661329 0.246422893482 0.0168134507606 0.0349761526232
0 0.896317053643 0.267090620032 0.0168134507606 0.0445151033386
0 0.881505204163 0.279014308426 0.017614091273 0.0461049284579
0 0.873899119295 0.320349761526 0.0232185748599 0.0524642289348
0 0.934347477982 0.31319554849 0.017614091273 0.0540540540541
0 0.935548438751 0.252782193959 0.013610888711 0.0381558028617
0 0.960368294636 0.235294117647 0.0168134507606 0.0381558028617
0 0.987590072058 0.248807631161 0.013610888711 0.0397456279809
0 0.978382706165 0.293322734499 0.0160128102482 0.0492845786963
0 0.982385908727 0.286168521463 0.0128102481986 0.0413354531002
0 0.980784627702 0.346581875994 0.0192153722978 0.0540540540541
0 0.958366693355 0.364864864865 0.0240192153723 0.0588235294118
0 0.955564451561 0.423688394277 0.0232185748599 0.0747217806041
0 0.894315452362 0.378378378378 0.0240192153723 0.0731319554849
0 0.869895916733 0.486486486486 0.031224979984 0.0794912559618
0 0.799039231385 0.439586645469 0.0304243394716 0.0842607313196
0 0.727381905524 0.388712241653 0.0296236989592 0.0683624801272
