0 0.118068833652 0.297297297297 0.0200764818356 0.0371621621622
0 0.229445506692 0.189189189189 0.019120458891 0.0304054054054
0 0.163001912046 0.237331081081 0.0124282982792 0.0287162162162
0 0.361854684512 0.178209459459 0.0162523900574 0.035472972973
0 0.392447418738 0.257601351351 0.0219885277247 0.035472972973
0 0.414435946463 0.154560810811 0.0124282982792 0.0287162162162
0 0.455066921606 0.219594594595 0.0172084130019 0.0405405405405
0 0.482313575526 0.315033783784 0.0258126195029 0.0523648648649
0 0.533460803059 0.320101351351 0.0248565965583 0.0523648648649
0 0.603250478011 0.251689189189 0.0210325047801 0.0439189189189
0 0.61759082218 0.0945945945946 0.0152963671128 0.0371621621622
0 0.580783938815 0.118243243243 0.0124282982792 0.027027027027
0 0.529636711281 0.135135135135 0.0114722753346 0.0304054054054
0 0.560707456979 0.125 0.0162523900574 0.0304054054054
0 0.671606118547 0.183277027027 0.0239005736138 0.0523648648649
0 0.662523900574 0.304054054054 0.0267686424474 0.0608108108108
0 0.775334608031 0.26097972973 0.0229445506692 0.0557432432432
0 0.799235181644 0.298141891892 0.0229445506692 0.0523648648649
0 0.891969407266 0.139358108108 0.019120458891 0.0422297297297
0 0.917782026769 0.147804054054 0.00956022944551 0.0253378378378
0 0.897227533461 0.287162162162 0.0219885277247 0.0506756756757
