0 0.0596669750231 0.425164473684 0.0379278445883 0.0904605263158
0 0.0878815911193 0.433388157895 0.0481036077706 0.09375
0 0.31591119334 0.212171052632 0.0194264569843 0.0263157894737
0 0.347363552266 0.242598684211 0.0175763182239 0.03125
0 0.383903792784 0.222861842105 0.0203515263645 0.0444078947368
0 0.399167437558 0.194078947368 0.0157261794635 0.0328947368421
0 0.463922294172 0.172697368421 0.0212765957447 0.0427631578947
0 0.496762257169 0.0921052631579 0.00925069380204 0.0230263157895
0 0.524514338575 0.250822368421 0.0296022201665 0.0542763157895
0 0.566604995375 0.148848684211 0.0249768732655 0.0411184210526
0 0.586493987049 0.181743421053 0.0240518038853 0.0476973684211
0 0.602220166512 0.133223684211 0.0222016651249 0.0394736842105
0 0.631359851989 0.199013157895 0.0249768732655 0.0460526315789
0 0.587419056429 0.306743421053 0.0333024976873 0.0575657894737
0 0.644310823312 0.129934210526 0.0175763182239 0.0460526315789
0 0.656336725254 0.141447368421 0.0175763182239 0.0493421052632
0 0.6822386679 0.136513157895 0.0194264569843 0.0427631578947
