0 0.0887021475257 0.423333333333 0.0448179271709 0.0933333333333
0 0.259103641457 0.285 0.0196078431373 0.0433333333333
0 0.289915966387 0.2625 0.0177404295051 0.0416666666667
0 0.303454715219 0.263333333333 0.0186741363212 0.0433333333333
0 0.3197945845 0.284166666667 0.0214752567694 0.0416666666667
0 0.346405228758 0.276666666667 0.0205415499533 0.0433333333333
0 0.31045751634 0.234166666667 0.0196078431373 0.0316666666667
0 0.349673202614 0.219166666667 0.0196078431373 0.0383333333333
0 0.358076563959 0.231666666667 0.0196078431373 0.0333333333333
0 0.394024276377 0.215 0.0168067226891 0.03
0 0.418767507003 0.218333333333 0.0196078431373 0.04
0 0.388888888889 0.195833333333 0.015873015873 0.0316666666667
0 0.429038281979 0.274166666667 0.0252100840336 0.0483333333333
0 0.470588235294 0.246666666667 0.0205415499533 0.05
0 0.450980392157 0.225833333333 0.0168067226891 0.0383333333333
0 0.410830999066 0.1725 0.0168067226891 0.0316666666667
0 0.457983193277 0.166666666667 0.015873015873 0.0266666666667
0 0.432306255836 0.189166666667 0.014939309057 0.0283333333333
0 0.444911297852 0.1925 0.015873015873 0.025
0 0.489729225023 0.1975 0.0196078431373 0.035
0 0.460317460317 0.205 0.0205415499533 0.0333333333333
0 0.475723622782 0.1625 0.0140056022409 0.0283333333333
0 0.468253968254 0.15 0.0102707749767 0.02
0 0.451914098973 0.148333333333 0.0130718954248 0.0233333333333
0 0.486461251167 0.1325 0.014939309057 0.0283333333333
0 0.512138188609 0.168333333333 0.0177404295051 0.0266666666667
0 0.536881419234 0.164166666667 0.0186741363212 0.0383333333333
0 0.521475256769 0.218333333333 0.0233426704015 0.0466666666667
0 0.536414565826 0.133333333333 0.015873015873 0.0333333333333
0 0.524276377218 0.145833333333 0.0140056022409 0.0383333333333
0 0.557889822596 0.110833333333 0.0140056022409 0.025
0 0.555088702148 0.145 0.015873015873 0.0333333333333
0 0.569561157796 0.173333333333 0.0205415499533 0.04
0 0.576563958917 0.155 0.0177404295051 0.03
0 0.588702147526 0.120833333333 0.0177404295051 0.0316666666667
0 0.59710550887 0.0983333333333 0.015873015873 0.0333333333333
0 0.621381886088 0.143333333333 0.0177404295051 0.04
0 0.622782446312 0.100833333333 0.0130718954248 0.025
0 0.638188608777 0.123333333333 0.015873015873 0.0333333333333
0 0.650793650794 0.0958333333333 0.014939309057 0.035
0 0.675536881419 0.124166666667 0.015873015873 0.0316666666667
0 0.688608776844 0.11 0.015873015873 0.0333333333333
0 0.481325863679 0.310833333333 0.0289449112979 0.0583333333333
0 0.556489262372 0.291666666667 0.0261437908497 0.0533333333333
0 0.570961718021 0.2475 0.0214752567694 0.0516666666667
0 0.606909430439 0.2725 0.0261437908497 0.0483333333333
0 0.613912231559 0.3325 0.03081232493 0.075
0 0.669934640523 0.363333333333 0.0326797385621 0.0733333333333
0 0.612978524743 0.210833333333 0.0214752567694 0.0483333333333
0 0.642857142857 0.191666666667 0.0177404295051 0.0366666666667
0 0.655462184874 0.2125 0.0224089635854 0.0383333333333
0 0.671802054155 0.253333333333 0.0252100840336 0.0533333333333
0 0.697478991597 0.220833333333 0.0224089635854 0.055
0 0.721755368814 0.2675 0.0280112044818 0.0583333333333
0 0.69421101774 0.155 0.015873015873 0.04
0 0.714752567694 0.139166666667 0.0196078431373 0.0383333333333
0 0.709617180205 0.186666666667 0.0205415499533 0.0466666666667
0 0.739962651727 0.2025 0.0196078431373 0.0416666666667
0 0.7441643324 0.17 0.0186741363212 0.0333333333333
0 0.7441643324 0.145833333333 0.0168067226891 0.0316666666667
0 0.733893557423 0.129166666667 0.0168067226891 0.035
0 0.749766573296 0.111666666667 0.0130718954248 0.0266666666667
0 0.765172735761 0.130833333333 0.015873015873 0.0316666666667
0 0.77964519141 0.125833333333 0.0130718954248 0.0383333333333
0 0.795985060691 0.128333333333 0.0121381886088 0.0333333333333
0 0.808590102708 0.133333333333 0.0112044817927 0.03
0 0.816993464052 0.165833333333 0.0186741363212 0.035
0 0.797385620915 0.1775 0.0242763772176 0.0483333333333
0 0.765172735761 0.2475 0.0214752567694 0.0483333333333
0 0.786181139122 0.29 0.0242763772176 0.0566666666667
0 0.819327731092 0.25 0.0252100840336 0.0533333333333
0 0.84593837535 0.185 0.0224089635854 0.0466666666667
0 0.83660130719 0.1525 0.014939309057 0.035
0 0.866946778711 0.1225 0.0140056022409 0.0316666666667
0 0.872549019608 0.154166666667 0.0177404295051 0.035
0 0.871615312792 0.219166666667 0.0177404295051 0.0516666666667
0 0.887021475257 0.2025 0.0186741363212 0.0416666666667
0 0.894024276377 0.164166666667 0.0140056022409 0.035
0 0.899626517274 0.1325 0.0140056022409 0.0383333333333
0 0.930905695612 0.168333333333 0.0130718954248 0.0333333333333
0 0.926704014939 0.154166666667 0.0102707749767 0.0216666666667
0 0.925303454715 0.2 0.0168067226891 0.0433333333333
0 0.927170868347 0.290833333333 0.0261437908497 0.0616666666667
