0 0.17008387698 0.496726677578 0.0419384902144 0.0703764320786
0 0.277260018639 0.243862520458 0.0158434296365 0.0327332242226
0 0.270736253495 0.278232405892 0.0177073625349 0.0294599018003
0 0.322926374651 0.220130932897 0.0158434296365 0.0310965630115
0 0.327586206897 0.241407528642 0.0139794967381 0.0310965630115
0 0.33504193849 0.226677577741 0.0139794967381 0.0278232405892
0 0.360205032619 0.249590834697 0.0214352283318 0.037643207856
0 0.322926374651 0.279869067103 0.0214352283318 0.0327332242226
0 0.35834109972 0.227495908347 0.0158434296365 0.0327332242226
0 0.383504193849 0.192307692308 0.0139794967381 0.0343698854337
0 0.395153774464 0.222585924714 0.0186393289842 0.0360065466448
0 0.392357875116 0.264320785597 0.0167753960857 0.0441898527005
0 0.404939422181 0.268412438625 0.0214352283318 0.0458265139116
0 0.407735321528 0.186579378069 0.0139794967381 0.0294599018003
0 0.421248835042 0.193126022913 0.0130475302889 0.0360065466448
0 0.445479962721 0.178396072013 0.0149114631873 0.0261865793781
0 0.449673811743 0.187397708674 0.0139794967381 0.0310965630115
0 0.448741845294 0.234042553191 0.0214352283318 0.0425531914894
0 0.480894687791 0.238134206219 0.0242311276794 0.0441898527005
0 0.460391425909 0.153846153846 0.0111835973905 0.0229132569558
0 0.48182665424 0.145662847791 0.0130475302889 0.0261865793781
0 0.481360671016 0.198036006547 0.0158434296365 0.0294599018003
0 0.498136067102 0.184124386252 0.0177073625349 0.0343698854337
0 0.495806150979 0.211947626841 0.0205032618826 0.0343698854337
0 0.515377446412 0.215220949264 0.022367194781 0.037643207856
0 0.533084808947 0.177577741408 0.0205032618826 0.0409165302782
0 0.562441752097 0.13093289689 0.0139794967381 0.0294599018003
0 0.557315936626 0.157119476268 0.0167753960857 0.0327332242226
0 0.575489282386 0.179214402619 0.0177073625349 0.0441898527005
0 0.596924510718 0.149754500818 0.0139794967381 0.0245499181669
0 0.583410997204 0.139116202946 0.0130475302889 0.0294599018003
0 0.630941286114 0.131751227496 0.0111835973905 0.0278232405892
0 0.664026095061 0.131751227496 0.0121155638397 0.0278232405892
0 0.642590866729 0.149754500818 0.0158434296365 0.0278232405892
0 0.615563839702 0.155482815057 0.0121155638397 0.0294599018003
0 0.619291705499 0.205400981997 0.0195712954334 0.0409165302782
0 0.581081081081 0.229132569558 0.0232991612302 0.0425531914894
0 0.520037278658 0.298690671031 0.0260950605778 0.050736497545
0 0.586206896552 0.297872340426 0.0260950605778 0.0523731587561
0 0.623951537745 0.244680851064 0.0214352283318 0.0474631751227
0 0.637465051258 0.312602291326 0.0279589934762 0.0556464811784
0 0.662162162162 0.209492635025 0.0195712954334 0.0392798690671
0 0.684063373719 0.213584288052 0.0167753960857 0.0409165302782
0 0.693383038211 0.153846153846 0.0149114631873 0.0294599018003
0 0.705032618826 0.144844517185 0.0139794967381 0.0310965630115
0 0.726933830382 0.136661211129 0.0130475302889 0.0278232405892
0 0.729263746505 0.169394435352 0.0158434296365 0.0343698854337
0 0.725069897484 0.205400981997 0.0167753960857 0.0441898527005
0 0.704566635601 0.226677577741 0.0205032618826 0.0474631751227
0 0.672413793103 0.247954173486 0.0195712954334 0.0474631751227
0 0.714352283318 0.273322422259 0.027027027027 0.0523731587561
0 0.760484622554 0.135842880524 0.0130475302889 0.0261865793781
0 0.765610438024 0.162029459902 0.0139794967381 0.0360065466448
0 0.781919850885 0.156301145663 0.0130475302889 0.0310965630115
0 0.80055917987 0.167757774141 0.0167753960857 0.0343698854337
0 0.826654240447 0.157937806874 0.0130475302889 0.0278232405892
0 0.842497670084 0.174304418985 0.0149114631873 0.0343698854337
0 0.842031686859 0.203764320786 0.0139794967381 0.037643207856
0 0.891891891892 0.165302782324 0.0111835973905 0.0294599018003
0 0.882106244175 0.175941080196 0.0121155638397 0.0310965630115
0 0.879776328052 0.198854337152 0.0167753960857 0.0343698854337
0 0.91192917055 0.230769230769 0.0195712954334 0.0490998363339
0 0.919850885368 0.261865793781 0.0205032618826 0.0523731587561
0 0.856477166822 0.257774140753 0.0186393289842 0.0474631751227
0 0.824790307549 0.228314238953 0.0186393289842 0.0409165302782
0 0.842963653308 0.31914893617 0.0232991612302 0.0556464811784
0 0.769338303821 0.207037643208 0.0177073625349 0.0474631751227
0 0.756290773532 0.236497545008 0.0214352283318 0.0540098199673
0 0.78238583411 0.259410801964 0.0214352283318 0.0540098199673
