0 0.271568627451 0.305970149254 0.0235294117647 0.0580431177446
0 0.204901960784 0.503316749585 0.0411764705882 0.0646766169154
0 0.43431372549 0.269485903814 0.0196078431373 0.0348258706468
0 0.429411764706 0.212271973466 0.0176470588235 0.0331674958541
0 0.460784313725 0.233001658375 0.021568627451 0.0315091210614
0 0.493137254902 0.305970149254 0.0235294117647 0.0381426202322
0 0.552941176471 0.355721393035 0.0196078431373 0.0480928689884
0 0.73431372549 0.132669983416 0.0176470588235 0.0364842454395
0 0.767647058824 0.141791044776 0.0156862745098 0.0315091210614
0 0.904411764706 0.213930348259 0.0225490196078 0.0431177446103
