0 0.978844169247 0.29926335175 0.0299277605779 0.0718232044199
0 0.976264189886 0.226519337017 0.0247678018576 0.0626151012891
0 0.855521155831 0.29926335175 0.0288957688338 0.0681399631676
0 0.84778121775 0.253222836096 0.0196078431373 0.0313075506446
0 0.856037151703 0.211786372007 0.015479876161 0.0331491712707
0 0.826625386997 0.221915285451 0.0206398348813 0.0423572744015
0 0.801857585139 0.242173112339 0.0185758513932 0.0497237569061
0 0.721362229102 0.268876611418 0.0206398348813 0.0441988950276
0 0.624871001032 0.109576427256 0.0175438596491 0.0349907918969
0 0.577399380805 0.116942909761 0.0175438596491 0.0313075506446
0 0.616099071207 0.152854511971 0.0206398348813 0.0257826887661
0 0.674406604747 0.192449355433 0.0216718266254 0.0349907918969
0 0.432404540764 0.223756906077 0.0165118679051 0.0349907918969
0 0.46955624355 0.22467771639 0.0206398348813 0.036832412523
