0 0.169981060606 0.505852842809 0.0388257575758 0.0719063545151
0 0.252840909091 0.272575250836 0.0132575757576 0.0267558528428
0 0.273674242424 0.278428093645 0.0170454545455 0.0317725752508
0 0.298295454545 0.27508361204 0.0170454545455 0.0384615384615
0 0.311553030303 0.242474916388 0.0132575757576 0.0267558528428
0 0.356534090909 0.22491638796 0.0160984848485 0.0351170568562
0 0.374526515152 0.200668896321 0.0142045454545 0.0367892976589
0 0.391571969697 0.197324414716 0.0160984848485 0.0301003344482
0 0.392045454545 0.228260869565 0.0132575757576 0.0284280936455
0 0.418560606061 0.202341137124 0.0132575757576 0.0334448160535
0 0.448863636364 0.176421404682 0.0132575757576 0.0250836120401
0 0.467803030303 0.152173913043 0.0113636363636 0.0267558528428
0 0.436553030303 0.241638795987 0.0208333333333 0.0351170568562
0 0.392992424242 0.289297658863 0.0227272727273 0.0434782608696
0 0.376893939394 0.285117056856 0.0170454545455 0.0384615384615
0 0.352272727273 0.30602006689 0.0246212121212 0.0434782608696
0 0.30303030303 0.313545150502 0.0208333333333 0.0317725752508
0 0.45928030303 0.201505016722 0.0170454545455 0.0384615384615
0 0.479166666667 0.239966555184 0.0189393939394 0.0384615384615
0 0.483901515152 0.169732441472 0.0132575757576 0.0351170568562
0 0.489109848485 0.146321070234 0.0123106060606 0.0217391304348
0 0.635890151515 0.308528428094 0.0255681818182 0.0518394648829
0 0.686079545455 0.121237458194 0.0123106060606 0.0284280936455
0 0.624526515152 0.127090301003 0.0142045454545 0.0267558528428
0 0.603693181818 0.129598662207 0.0142045454545 0.0284280936455
0 0.573390151515 0.126254180602 0.0142045454545 0.0250836120401
0 0.569602272727 0.153010033445 0.0142045454545 0.0284280936455
0 0.606060606061 0.155518394649 0.0132575757576 0.0267558528428
0 0.627367424242 0.150501672241 0.0142045454545 0.0267558528428
0 0.644412878788 0.145484949833 0.0179924242424 0.0367892976589
0 0.579545454545 0.182274247492 0.0170454545455 0.0334448160535
0 0.535511363636 0.172240802676 0.0217803030303 0.0234113712375
0 0.513731060606 0.205685618729 0.0179924242424 0.0301003344482
0 0.747632575758 0.125418060201 0.0123106060606 0.0301003344482
0 0.721590909091 0.157190635452 0.0151515151515 0.0301003344482
0 0.699337121212 0.159698996656 0.0160984848485 0.0384615384615
0 0.651988636364 0.209866220736 0.0160984848485 0.0384615384615
0 0.680871212121 0.213210702341 0.0170454545455 0.0418060200669
0 0.614583333333 0.242474916388 0.0246212121212 0.0501672240803
0 0.569602272727 0.250836120401 0.0217803030303 0.0434782608696
0 0.584753787879 0.290969899666 0.0255681818182 0.056856187291
0 0.520833333333 0.3127090301 0.0265151515152 0.0468227424749
0 0.687973484848 0.270066889632 0.0255681818182 0.0551839464883
0 0.713541666667 0.225752508361 0.0198863636364 0.0535117056856
0 0.744318181818 0.202341137124 0.0208333333333 0.0434782608696
0 0.765625 0.145484949833 0.0142045454545 0.0301003344482
0 0.779356060606 0.138795986622 0.0151515151515 0.0334448160535
0 0.782670454545 0.165551839465 0.0142045454545 0.0334448160535
0 0.799242424242 0.163879598662 0.0151515151515 0.0301003344482
0 0.815340909091 0.182274247492 0.0170454545455 0.0334448160535
0 0.846590909091 0.158862876254 0.0132575757576 0.0301003344482
0 0.859848484848 0.171404682274 0.0151515151515 0.0317725752508
0 0.857007575758 0.198996655518 0.0170454545455 0.0334448160535
0 0.850852272727 0.225752508361 0.0179924242424 0.0501672240803
0 0.908617424242 0.166387959866 0.0142045454545 0.0317725752508
0 0.901041666667 0.188963210702 0.0198863636364 0.0367892976589
0 0.9375 0.282608695652 0.0189393939394 0.0535117056856
0 0.942234848485 0.268394648829 0.0208333333333 0.0451505016722
0 0.854166666667 0.285117056856 0.0208333333333 0.0451505016722
0 0.853693181818 0.339464882943 0.0217803030303 0.056856187291
0 0.784564393939 0.298494983278 0.0255681818182 0.0518394648829
0 0.769886363636 0.241638795987 0.0189393939394 0.0451505016722
0 0.785984848485 0.214046822742 0.0170454545455 0.0401337792642
0 0.732954545455 0.282608695652 0.0227272727273 0.0468227424749
