0 0.19603960396 0.34588441331 0.0435643564356 0.0753064798599
0 0.414851485149 0.242556917688 0.019801980198 0.0367775831874
0 0.379207920792 0.248686514886 0.0178217821782 0.031523642732
0 0.336138613861 0.235551663748 0.0148514851485 0.0297723292469
0 0.332178217822 0.213660245184 0.0168316831683 0.0210157618214
0 0.305940594059 0.210157618214 0.0138613861386 0.031523642732
0 0.34702970297 0.176882661996 0.00891089108911 0.0175131348511
0 0.354455445545 0.193520140105 0.0138613861386 0.0297723292469
0 0.375742574257 0.197898423818 0.0128712871287 0.031523642732
0 0.389603960396 0.197022767075 0.0148514851485 0.0367775831874
0 0.415346534653 0.194395796848 0.0168316831683 0.0385288966725
0 0.444554455446 0.218914185639 0.019801980198 0.0350262697023
0 0.499504950495 0.282837127846 0.0227722772277 0.0542907180385
0 0.479702970297 0.22942206655 0.0148514851485 0.0420315236427
0 0.411386138614 0.143607705779 0.00891089108911 0.0175131348511
0 0.416831683168 0.16112084063 0.0138613861386 0.0280210157618
0 0.436138613861 0.176882661996 0.0128712871287 0.0245183887916
0 0.444059405941 0.16112084063 0.0128712871287 0.0280210157618
0 0.471782178218 0.183012259194 0.0128712871287 0.0262697022767
0 0.462376237624 0.141856392294 0.00990099009901 0.0210157618214
0 0.476237623762 0.140980735552 0.00990099009901 0.0262697022767
0 0.490099009901 0.133099824869 0.00990099009901 0.0210157618214
0 0.492079207921 0.15761821366 0.00990099009901 0.0210157618214
0 0.497524752475 0.19176882662 0.0128712871287 0.0332749562172
0 0.522277227723 0.160245183888 0.0108910891089 0.0332749562172
0 0.508910891089 0.141856392294 0.00990099009901 0.0245183887916
0 0.506930693069 0.120840630473 0.00990099009901 0.0175131348511
0 0.528217821782 0.125218914186 0.0108910891089 0.0262697022767
0 0.555940594059 0.177758318739 0.0128712871287 0.0367775831874
0 0.556435643564 0.154991243433 0.0118811881188 0.0192644483363
0 0.558415841584 0.124343257443 0.0118811881188 0.0245183887916
0 0.587623762376 0.169877408056 0.0148514851485 0.0350262697023
0 0.586138613861 0.119089316988 0.00990099009901 0.0245183887916
0 0.577722772277 0.110332749562 0.00891089108911 0.0245183887916
0 0.60297029703 0.114711033275 0.00792079207921 0.0262697022767
0 0.609405940594 0.11996497373 0.0108910891089 0.0262697022767
0 0.620297029703 0.162872154116 0.0108910891089 0.0280210157618
0 0.630693069307 0.122591943958 0.00990099009901 0.0245183887916
0 0.666336633663 0.103327495622 0.00990099009901 0.0245183887916
0 0.679702970297 0.130472854641 0.0108910891089 0.0297723292469
0 0.683663366337 0.118213660245 0.00891089108911 0.0227670753065
0 0.693069306931 0.102451838879 0.00990099009901 0.0227670753065
0 0.727227722772 0.108581436077 0.0108910891089 0.0245183887916
0 0.654455445545 0.130472854641 0.0118811881188 0.0192644483363
0 0.553465346535 0.30823117338 0.0257425742574 0.0525394045534
0 0.602475247525 0.310858143608 0.0227722772277 0.061295971979
0 0.589108910891 0.243432574431 0.0217821782178 0.045534150613
0 0.628217821782 0.232049036778 0.0207920792079 0.0472854640981
0 0.679702970297 0.261821366025 0.0207920792079 0.0542907180385
0 0.678712871287 0.341506129597 0.0287128712871 0.0630472854641
0 0.748514851485 0.387915936953 0.0316831683168 0.0753064798599
0 0.736633663366 0.287215411559 0.0158415841584 0.045534150613
0 0.773267326733 0.292469352014 0.0237623762376 0.0630472854641
0 0.770792079208 0.239929947461 0.0207920792079 0.045534150613
0 0.724257425743 0.222416812609 0.0207920792079 0.0420315236427
0 0.689108910891 0.183887915937 0.0138613861386 0.0280210157618
0 0.707920792079 0.183012259194 0.0158415841584 0.0332749562172
0 0.760891089109 0.19176882662 0.0168316831683 0.0367775831874
0 0.760396039604 0.155866900175 0.0138613861386 0.0280210157618
0 0.752475247525 0.130472854641 0.0138613861386 0.0297723292469
0 0.787128712871 0.140105078809 0.0118811881188 0.0280210157618
0 0.8 0.156742556918 0.0118811881188 0.0332749562172
0 0.80396039604 0.216287215412 0.0158415841584 0.0262697022767
0 0.812871287129 0.253064798599 0.0178217821782 0.0472854640981
0 0.821782178218 0.396672504378 0.029702970297 0.0647985989492
0 0.831188118812 0.34938704028 0.0207920792079 0.0402802101576
0 0.875247524752 0.27408056042 0.0178217821782 0.0472854640981
0 0.880198019802 0.224168126095 0.0158415841584 0.045534150613
0 0.940594059406 0.216287215412 0.0138613861386 0.0402802101576
0 0.938118811881 0.290718038529 0.0168316831683 0.0525394045534
0 0.918811881188 0.350262697023 0.019801980198 0.0630472854641
0 0.905940594059 0.432574430823 0.0277227722772 0.0630472854641
