0 0.119465329992 0.514326647564 0.0401002506266 0.0744985673352
0 0.210108604845 0.32664756447 0.0175438596491 0.0315186246418
0 0.237259816207 0.349570200573 0.0183792815372 0.0401146131805
0 0.263993316625 0.372492836676 0.0200501253133 0.0372492836676
0 0.267752715121 0.298710601719 0.015873015873 0.0300859598854
0 0.302005012531 0.317335243553 0.0175438596491 0.0272206303725
0 0.316624895572 0.350286532951 0.0183792815372 0.0329512893983
0 0.335421888053 0.320916905444 0.0175438596491 0.0315186246418
0 0.33709273183 0.284383954155 0.0175438596491 0.0300859598854
0 0.362990810359 0.335243553009 0.0192147034252 0.0343839541547
0 0.392648287385 0.319484240688 0.0200501253133 0.0343839541547
0 0.389724310777 0.287249283668 0.0175438596491 0.0329512893983
0 0.374686716792 0.250716332378 0.0142021720969 0.025787965616
0 0.410609857978 0.248567335244 0.0125313283208 0.0243553008596
0 0.428989139515 0.25 0.0142021720969 0.0243553008596
0 0.436090225564 0.330229226361 0.0217209690894 0.0358166189112
0 0.416040100251 0.304441260745 0.0167084377611 0.0300859598854
0 0.456975772765 0.295128939828 0.015037593985 0.0229226361032
0 0.464494569758 0.250716332378 0.015037593985 0.0229226361032
0 0.452798663325 0.231375358166 0.0116959064327 0.0214899713467
0 0.455722639933 0.222779369628 0.0125313283208 0.0186246418338
0 0.494569757728 0.252148997135 0.015037593985 0.025787965616
0 0.499582289056 0.23782234957 0.0133667502089 0.0200573065903
0 0.544277360067 0.213467048711 0.0125313283208 0.0229226361032
0 0.558897243108 0.207020057307 0.015037593985 0.0214899713467
0 0.53007518797 0.258595988539 0.015873015873 0.0300859598854
0 0.544695071011 0.271489971347 0.0167084377611 0.0300859598854
0 0.564745196324 0.255014326648 0.015037593985 0.0286532951289
0 0.588972431078 0.23782234957 0.0133667502089 0.025787965616
0 0.590643274854 0.208452722063 0.0133667502089 0.0243553008596
0 0.596073517126 0.196275071633 0.0125313283208 0.0229226361032
0 0.616123642439 0.201289398281 0.0125313283208 0.0243553008596
0 0.627401837928 0.212750716332 0.0116959064327 0.0243553008596
0 0.625730994152 0.22994269341 0.0116959064327 0.0243553008596
0 0.661236424394 0.19770773639 0.0125313283208 0.0229226361032
0 0.663324979114 0.21776504298 0.0116959064327 0.0229226361032
0 0.673350041771 0.212034383954 0.0116959064327 0.0229226361032
0 0.487886382623 0.316618911175 0.0167084377611 0.0315186246418
0 0.465329991646 0.389684813754 0.0250626566416 0.0487106017192
0 0.533416875522 0.401146131805 0.0258980785297 0.0458452722063
0 0.52589807853 0.344555873926 0.0225563909774 0.0386819484241
0 0.572263993317 0.445558739255 0.031746031746 0.0659025787966
0 0.62447786132 0.45558739255 0.0325814536341 0.0659025787966
0 0.605680868839 0.348853868195 0.0200501253133 0.0386819484241
0 0.588972431078 0.315186246418 0.0183792815372 0.0343839541547
0 0.6223893066 0.290830945559 0.0167084377611 0.0286532951289
0 0.644527986633 0.348853868195 0.0225563909774 0.041547277937
0 0.661654135338 0.26217765043 0.015037593985 0.0286532951289
0 0.665831244779 0.299426934097 0.0217209690894 0.0401146131805
0 0.695488721805 0.235673352436 0.0142021720969 0.0329512893983
0 0.694235588972 0.284383954155 0.0183792815372 0.0329512893983
0 0.682957393484 0.344555873926 0.0225563909774 0.0501432664756
0 0.713868003342 0.386103151862 0.0275689223058 0.0472779369628
0 0.69089390142 0.527936962751 0.0334168755221 0.0644699140401
0 0.794486215539 0.553008595989 0.031746031746 0.0716332378223
0 0.832915622389 0.457736389685 0.0284043441938 0.0558739255014
0 0.777777777778 0.407593123209 0.0267335004177 0.0444126074499
0 0.919381787803 0.457020057307 0.0275689223058 0.054441260745
0 0.844193817878 0.400429799427 0.0225563909774 0.0444126074499
0 0.925647451963 0.390401146132 0.0200501253133 0.0386819484241
0 0.91186299081 0.310171919771 0.015873015873 0.0300859598854
0 0.928989139515 0.297277936963 0.0167084377611 0.0300859598854
0 0.928571428571 0.260028653295 0.0125313283208 0.0272206303725
0 0.889724310777 0.266475644699 0.015037593985 0.0315186246418
0 0.883040935673 0.305157593123 0.0133667502089 0.0343839541547
0 0.865497076023 0.324498567335 0.0167084377611 0.0358166189112
0 0.839598997494 0.299426934097 0.015037593985 0.0315186246418
0 0.84753550543 0.260028653295 0.0175438596491 0.0329512893983
0 0.873015873016 0.244269340974 0.0116959064327 0.0243553008596
0 0.837510442774 0.244985673352 0.0142021720969 0.0229226361032
0 0.808688387636 0.260028653295 0.0133667502089 0.0243553008596
0 0.801587301587 0.228510028653 0.0125313283208 0.0272206303725
0 0.786549707602 0.284383954155 0.0208855472013 0.0358166189112
0 0.768588137009 0.276504297994 0.0183792815372 0.0372492836676
0 0.77694235589 0.252148997135 0.0133667502089 0.0286532951289
0 0.772765246449 0.226361031519 0.015037593985 0.0286532951289
0 0.728487886383 0.244269340974 0.0133667502089 0.0329512893983
0 0.727652464495 0.227793696275 0.0133667502089 0.0229226361032
0 0.737259816207 0.22564469914 0.0108604845447 0.0243553008596
0 0.802422723475 0.348853868195 0.0192147034252 0.0358166189112
0 0.803258145363 0.325931232092 0.0175438596491 0.0272206303725
