0 0.0540921919097 0.443333333333 0.0442144873001 0.0766666666667
0 0.071495766698 0.534166666667 0.0470366886171 0.0916666666667
0 0.131232361242 0.431666666667 0.0479774223895 0.1
0 0.384760112888 0.2 0.0188146754468 0.0366666666667
0 0.432737535278 0.2225 0.0319849482596 0.055
0 0.464252116651 0.226666666667 0.0216368767639 0.0466666666667
0 0.488240827846 0.224166666667 0.0338664158043 0.065
0 0.523988711195 0.139166666667 0.0244590780809 0.0516666666667
0 0.571966133584 0.130833333333 0.0150517403575 0.025
0 0.62041392286 0.2375 0.0272812793979 0.0583333333333
0 0.719190968956 0.121666666667 0.0235183443086 0.0566666666667
0 0.954844778928 0.095 0.0150517403575 0.03
0 0.960489181562 0.131666666667 0.0188146754468 0.04
