0 0.11713836478 0.513888888889 0.0408805031447 0.0956790123457
0 0.217767295597 0.249228395062 0.0125786163522 0.0416666666667
0 0.284198113208 0.225308641975 0.0180817610063 0.033950617284
0 0.31643081761 0.224537037037 0.0133647798742 0.0324074074074
0 0.328616352201 0.188271604938 0.0157232704403 0.037037037037
0 0.338443396226 0.211419753086 0.0165094339623 0.0462962962963
0 0.384040880503 0.24537037037 0.0196540880503 0.0524691358025
0 0.407625786164 0.177469135802 0.0133647798742 0.037037037037
0 0.413128930818 0.218364197531 0.0133647798742 0.0324074074074
0 0.445754716981 0.27700617284 0.0204402515723 0.0509259259259
0 0.436713836478 0.159722222222 0.0165094339623 0.0324074074074
0 0.440251572327 0.186728395062 0.0141509433962 0.0401234567901
0 0.456367924528 0.158950617284 0.0117924528302 0.0401234567901
0 0.486635220126 0.159722222222 0.0157232704403 0.0354938271605
0 0.477594339623 0.239197530864 0.0149371069182 0.0462962962963
0 0.507468553459 0.19212962963 0.0149371069182 0.0354938271605
0 0.501572327044 0.14274691358 0.0110062893082 0.0262345679012
0 0.514937106918 0.0841049382716 0.0141509433962 0.0385802469136
0 0.560927672956 0.207561728395 0.0133647798742 0.0354938271605
0 0.558176100629 0.154320987654 0.0141509433962 0.0401234567901
0 0.580581761006 0.199074074074 0.0149371069182 0.0401234567901
0 0.59001572327 0.12962962963 0.0149371069182 0.033950617284
0 0.589622641509 0.154320987654 0.0141509433962 0.033950617284
0 0.60534591195 0.12037037037 0.0157232704403 0.0308641975309
0 0.640330188679 0.118827160494 0.0149371069182 0.0308641975309
0 0.620283018868 0.15200617284 0.0141509433962 0.0324074074074
0 0.650943396226 0.146604938272 0.0157232704403 0.033950617284
0 0.670597484277 0.124228395062 0.0125786163522 0.0293209876543
0 0.714622641509 0.145061728395 0.0157232704403 0.0308641975309
0 0.632468553459 0.192901234568 0.0149371069182 0.0432098765432
0 0.665880503145 0.170524691358 0.0125786163522 0.0324074074074
0 0.62106918239 0.274691358025 0.0188679245283 0.0524691358025
0 0.569575471698 0.324074074074 0.0259433962264 0.0555555555556
0 0.607704402516 0.347222222222 0.0235849056604 0.0586419753086
0 0.662342767296 0.383487654321 0.0275157232704 0.0632716049383
0 0.66391509434 0.231481481481 0.0212264150943 0.0524691358025
0 0.716194968553 0.200617283951 0.0141509433962 0.0401234567901
0 0.724842767296 0.244598765432 0.0188679245283 0.0447530864198
0 0.759827044025 0.215277777778 0.0149371069182 0.0447530864198
0 0.769261006289 0.27237654321 0.0212264150943 0.0478395061728
0 0.748820754717 0.198302469136 0.0117924528302 0.0354938271605
0 0.783411949686 0.164351851852 0.0149371069182 0.0385802469136
0 0.813286163522 0.183641975309 0.0133647798742 0.037037037037
0 0.797562893082 0.224537037037 0.0165094339623 0.0509259259259
0 0.818396226415 0.223765432099 0.0157232704403 0.037037037037
0 0.819968553459 0.283950617284 0.0204402515723 0.0524691358025
0 0.729559748428 0.37037037037 0.0251572327044 0.0679012345679
0 0.803852201258 0.429012345679 0.0275157232704 0.0740740740741
0 0.85927672956 0.483024691358 0.0220125786164 0.070987654321
0 0.863993710692 0.327160493827 0.0188679245283 0.0524691358025
0 0.874213836478 0.389660493827 0.0220125786164 0.0601851851852
0 0.878144654088 0.199845679012 0.0141509433962 0.0324074074074
0 0.871855345912 0.224537037037 0.0157232704403 0.0354938271605
0 0.89072327044 0.260030864198 0.0157232704403 0.0447530864198
0 0.902908805031 0.237654320988 0.0133647798742 0.037037037037
0 0.908018867925 0.213734567901 0.0141509433962 0.0354938271605
0 0.922955974843 0.304783950617 0.0172955974843 0.0416666666667
0 0.938286163522 0.256944444444 0.0133647798742 0.0447530864198
0 0.948899371069 0.236882716049 0.0125786163522 0.0324074074074
0 0.981525157233 0.242283950617 0.0133647798742 0.033950617284
0 0.950864779874 0.433641975309 0.0212264150943 0.0524691358025
0 0.947720125786 0.360339506173 0.0165094339623 0.0447530864198
0 0.977201257862 0.344135802469 0.0172955974843 0.0432098765432
0 0.977201257862 0.286265432099 0.0172955974843 0.0416666666667
0 0.970125786164 0.316358024691 0.0141509433962 0.0401234567901
0 0.787735849057 0.198302469136 0.0172955974843 0.0447530864198
0 0.693789308176 0.156635802469 0.0117924528302 0.0354938271605
0 0.562893081761 0.131172839506 0.0125786163522 0.033950617284
0 0.468946540881 0.150462962963 0.0133647798742 0.0324074074074
0 0.358883647799 0.199845679012 0.0149371069182 0.0324074074074
