0 0.176213592233 0.494800693241 0.0436893203883 0.0883882149047
0 0.276699029126 0.265164644714 0.0174757281553 0.0311958405546
0 0.391747572816 0.276429809359 0.0184466019417 0.0398613518198
0 0.402912621359 0.227902946274 0.0155339805825 0.0294627383016
0 0.451941747573 0.221837088388 0.0165048543689 0.0311958405546
0 0.375242718447 0.213171577123 0.0165048543689 0.0346620450607
0 0.36213592233 0.189774696707 0.0135922330097 0.0294627383016
0 0.414563106796 0.160311958406 0.0135922330097 0.0259965337955
0 0.506796116505 0.123050259965 0.0116504854369 0.0207972270364
0 0.52572815534 0.13431542461 0.0126213592233 0.0225303292894
0 0.547087378641 0.128249566724 0.0106796116505 0.0242634315425
0 0.558737864078 0.104852686308 0.0126213592233 0.0225303292894
0 0.581553398058 0.118717504333 0.0116504854369 0.0259965337955
0 0.557281553398 0.186308492201 0.0155339805825 0.0294627383016
0 0.611165048544 0.15424610052 0.0145631067961 0.0277296360485
0 0.478155339806 0.318024263432 0.026213592233 0.0433275563258
0 0.535436893204 0.334488734835 0.0203883495146 0.0415944540728
0 0.57572815534 0.246967071057 0.0194174757282 0.0363951473137
0 0.606310679612 0.269497400347 0.0203883495146 0.0433275563258
0 0.658252427184 0.21143847487 0.0155339805825 0.0311958405546
0 0.656310679612 0.168977469671 0.0174757281553 0.0329289428076
0 0.685436893204 0.143847487002 0.0174757281553 0.0415944540728
0 0.735922330097 0.123916811092 0.021359223301 0.0467937608319
0 0.720388349515 0.25129982669 0.0252427184466 0.0485268630849
0 0.683009708738 0.316291161179 0.026213592233 0.0710571923744
0 0.726699029126 0.346620450607 0.0300970873786 0.0693240901213
0 0.778640776699 0.272097053726 0.021359223301 0.0485268630849
0 0.755339805825 0.223570190641 0.0155339805825 0.0415944540728
0 0.779611650485 0.184575389948 0.0155339805825 0.0363951473137
0 0.794174757282 0.24870017331 0.0174757281553 0.0363951473137
0 0.807281553398 0.344887348354 0.026213592233 0.0589254766031
0 0.832524271845 0.298960138648 0.026213592233 0.050259965338
0 0.871359223301 0.386481802426 0.0339805825243 0.0727902946274
0 0.886893203883 0.310225303293 0.026213592233 0.0693240901213
0 0.799514563107 0.131715771231 0.0126213592233 0.0311958405546
0 0.827184466019 0.139514731369 0.0116504854369 0.0294627383016
0 0.850485436893 0.143847487002 0.0116504854369 0.0277296360485
0 0.841747572816 0.115251299827 0.0116504854369 0.0259965337955
0 0.861650485437 0.120450606586 0.0126213592233 0.0294627383016
0 0.892718446602 0.13691507799 0.0106796116505 0.0311958405546
0 0.926699029126 0.153379549393 0.0106796116505 0.0259965337955
