0 0.198316183349 0.448529411765 0.0374181478017 0.0767973856209
0 0.236202057998 0.207516339869 0.021515434986 0.0392156862745
0 0.471468662301 0.143790849673 0.0130963517306 0.0261437908497
0 0.504209541628 0.137254901961 0.0130963517306 0.0228758169935
0 0.49251637044 0.167483660131 0.0177736202058 0.031045751634
0 0.50561272217 0.191176470588 0.0196445275959 0.0294117647059
0 0.704396632367 0.174836601307 0.0168381665108 0.0326797385621
0 0.726847521048 0.180555555556 0.0130963517306 0.0277777777778
0 0.742750233863 0.179738562092 0.0149672591207 0.0294117647059
0 0.791861552853 0.180555555556 0.0159027128157 0.031045751634
0 0.842843779233 0.183006535948 0.0149672591207 0.0294117647059
0 0.902245088868 0.124183006536 0.0140318054256 0.0326797385621
0 0.93966323667 0.16339869281 0.0102899906455 0.0228758169935
0 0.943872778297 0.187091503268 0.0130963517306 0.0245098039216
0 0.940130963517 0.233660130719 0.0149672591207 0.0326797385621
0 0.880729653882 0.285947712418 0.0196445275959 0.0490196078431
