0 0.0741035856574 0.463296398892 0.0334661354582 0.0650969529086
0 0.290836653386 0.264542936288 0.0175298804781 0.0332409972299
0 0.324701195219 0.276315789474 0.0135458167331 0.0290858725762
0 0.31235059761 0.223684210526 0.0127490039841 0.0235457063712
0 0.345019920319 0.233379501385 0.0143426294821 0.0290858725762
0 0.340239043825 0.216066481994 0.0127490039841 0.0249307479224
0 0.36374501992 0.253462603878 0.0151394422311 0.0304709141274
0 0.391235059761 0.263850415512 0.0159362549801 0.0346260387812
0 0.376892430279 0.231994459834 0.0143426294821 0.0318559556787
0 0.396812749004 0.222991689751 0.0159362549801 0.0277008310249
0 0.415537848606 0.259002770083 0.0183266932271 0.0443213296399
0 0.420717131474 0.195983379501 0.0143426294821 0.0207756232687
0 0.422709163347 0.181440443213 0.0167330677291 0.0221606648199
0 0.447410358566 0.189750692521 0.0135458167331 0.0221606648199
0 0.455378486056 0.216066481994 0.0183266932271 0.0332409972299
0 0.498007968127 0.229224376731 0.0175298804781 0.0318559556787
0 0.481673306773 0.196675900277 0.0167330677291 0.0304709141274
0 0.50438247012 0.180055401662 0.0159362549801 0.0277008310249
0 0.531075697211 0.176592797784 0.0135458167331 0.0318559556787
0 0.564541832669 0.185595567867 0.0151394422311 0.0332409972299
0 0.577689243028 0.155817174515 0.0127490039841 0.0263157894737
0 0.553784860558 0.14404432133 0.0127490039841 0.0249307479224
0 0.562549800797 0.121191135734 0.0111553784861 0.0207756232687
0 0.538645418327 0.134349030471 0.0111553784861 0.0221606648199
0 0.507569721116 0.150969529086 0.0143426294821 0.0277008310249
0 0.5 0.136426592798 0.0135458167331 0.0235457063712
0 0.467330677291 0.148891966759 0.0151394422311 0.0318559556787
0 0.450996015936 0.168975069252 0.0111553784861 0.0193905817175
0 0.446215139442 0.153047091413 0.0127490039841 0.0235457063712
0 0.588446215139 0.130193905817 0.0135458167331 0.0221606648199
0 0.622310756972 0.14404432133 0.0127490039841 0.0221606648199
0 0.580876494024 0.1108033241 0.0111553784861 0.0193905817175
0 0.589641434263 0.106648199446 0.0111553784861 0.0249307479224
0 0.599203187251 0.105263157895 0.0111553784861 0.0193905817175
0 0.607171314741 0.112880886427 0.00956175298805 0.0235457063712
0 0.632270916335 0.127423822715 0.0103585657371 0.0249307479224
0 0.651792828685 0.138504155125 0.0159362549801 0.0304709141274
0 0.644621513944 0.10595567867 0.0159362549801 0.0290858725762
0 0.658964143426 0.112880886427 0.00956175298805 0.0290858725762
0 0.688047808765 0.109418282548 0.0151394422311 0.0277008310249
0 0.530278884462 0.290166204986 0.0231075697211 0.0484764542936
0 0.558964143426 0.25 0.0199203187251 0.0401662049861
0 0.597609561753 0.32756232687 0.0254980079681 0.0540166204986
0 0.625896414343 0.241689750693 0.0167330677291 0.0346260387812
0 0.614342629482 0.215373961219 0.0159362549801 0.0346260387812
0 0.649402390438 0.225761772853 0.0175298804781 0.0360110803324
0 0.664940239044 0.265927977839 0.0231075697211 0.0498614958449
0 0.667330677291 0.20567867036 0.0183266932271 0.0346260387812
0 0.709561752988 0.222991689751 0.0231075697211 0.0387811634349
0 0.73984063745 0.252770083102 0.0199203187251 0.0401662049861
0 0.76812749004 0.308864265928 0.0223107569721 0.0581717451524
0 0.80796812749 0.406509695291 0.0366533864542 0.0706371191136
0 0.888446215139 0.352493074792 0.0223107569721 0.0540166204986
0 0.908764940239 0.324792243767 0.0199203187251 0.0429362880886
0 0.831075697211 0.315096952909 0.0223107569721 0.0512465373961
0 0.813545816733 0.247922437673 0.0175298804781 0.0332409972299
0 0.846215139442 0.254155124654 0.0223107569721 0.0429362880886
0 0.872111553785 0.214681440443 0.0135458167331 0.0332409972299
0 0.917131474104 0.231994459834 0.0191235059761 0.0429362880886
0 0.888446215139 0.189058171745 0.0143426294821 0.0318559556787
0 0.904780876494 0.154432132964 0.0119521912351 0.0207756232687
0 0.911553784861 0.138504155125 0.0111553784861 0.0221606648199
0 0.92828685259 0.158587257618 0.0127490039841 0.0263157894737
0 0.936653386454 0.156509695291 0.0119521912351 0.0332409972299
0 0.92828685259 0.201523545706 0.0127490039841 0.0263157894737
0 0.850199203187 0.167590027701 0.0127490039841 0.0277008310249
0 0.869721115538 0.171745152355 0.0151394422311 0.0277008310249
0 0.862151394422 0.147506925208 0.0143426294821 0.0290858725762
0 0.871314741036 0.139889196676 0.0119521912351 0.0277008310249
0 0.803187250996 0.173130193906 0.0127490039841 0.0221606648199
0 0.813147410359 0.150969529086 0.0119521912351 0.0277008310249
0 0.819920318725 0.134349030471 0.0111553784861 0.0277008310249
0 0.838247011952 0.125346260388 0.0127490039841 0.0263157894737
0 0.773705179283 0.207756232687 0.0191235059761 0.0332409972299
0 0.780876494024 0.165512465374 0.0143426294821 0.0401662049861
0 0.803585657371 0.12188365651 0.0119521912351 0.0249307479224
0 0.781673306773 0.113573407202 0.0111553784861 0.0249307479224
0 0.730278884462 0.179362880886 0.0119521912351 0.0235457063712
0 0.716334661355 0.16620498615 0.0111553784861 0.0249307479224
0 0.717928286853 0.135041551247 0.0127490039841 0.0235457063712
0 0.734661354582 0.135041551247 0.0143426294821 0.0290858725762
0 0.750199203187 0.159972299169 0.0167330677291 0.0346260387812
