0 0.324015748031 0.214685314685 0.0149606299213 0.0265734265734
0 0.347637795276 0.218181818182 0.0149606299213 0.027972027972
0 0.393307086614 0.298601398601 0.0212598425197 0.0377622377622
0 0.48031496063 0.20979020979 0.0188976377953 0.027972027972
0 0.456299212598 0.155244755245 0.0133858267717 0.027972027972
0 0.570472440945 0.166433566434 0.0165354330709 0.0335664335664
0 0.552755905512 0.122377622378 0.0125984251969 0.0237762237762
0 0.793700787402 0.402097902098 0.0251968503937 0.0797202797203
0 0.864173228346 0.133566433566 0.0133858267717 0.0293706293706
0 0.902362204724 0.129370629371 0.0125984251969 0.034965034965
