0 0.101659751037 0.222527472527 0.0103734439834 0.0274725274725
0 0.186721991701 0.354395604396 0.0373443983402 0.0824175824176
0 0.208506224066 0.322344322344 0.0331950207469 0.0732600732601
0 0.366182572614 0.195970695971 0.0165975103734 0.029304029304
0 0.410788381743 0.105311355311 0.0124481327801 0.0274725274725
0 0.417012448133 0.0970695970696 0.00829875518672 0.018315018315
0 0.423236514523 0.0906593406593 0.00622406639004 0.0164835164835
0 0.406639004149 0.209706959707 0.0248962655602 0.0531135531136
0 0.449170124481 0.174908424908 0.0145228215768 0.0311355311355
0 0.467842323651 0.179487179487 0.0145228215768 0.032967032967
0 0.939834024896 0.190476190476 0.0103734439834 0.021978021978
0 0.935165975104 0.169413919414 0.0114107883817 0.0274725274725
0 0.947614107884 0.173076923077 0.00933609958506 0.0201465201465
0 0.91234439834 0.182234432234 0.0114107883817 0.0274725274725
0 0.872925311203 0.152014652015 0.0134854771784 0.040293040293
0 0.849585062241 0.148351648352 0.0145228215768 0.03663003663
0 0.88122406639 0.158424908425 0.0114107883817 0.0201465201465
0 0.775414937759 0.128205128205 0.00933609958506 0.025641025641
0 0.789937759336 0.388278388278 0.042531120332 0.106227106227
0 0.604771784232 0.119963369963 0.0186721991701 0.0384615384615
0 0.686721991701 0.0677655677656 0.0103734439834 0.021978021978
0 0.653526970954 0.0732600732601 0.0103734439834 0.021978021978
0 0.63744813278 0.0714285714286 0.0114107883817 0.021978021978
0 0.613070539419 0.0732600732601 0.0103734439834 0.021978021978
0 0.594398340249 0.0604395604396 0.0124481327801 0.021978021978
0 0.560165975104 0.0750915750916 0.0124481327801 0.018315018315
0 0.547199170124 0.0641025641026 0.00933609958506 0.014652014652
0 0.530601659751 0.0650183150183 0.00726141078838 0.0164835164835
0 0.641078838174 0.214285714286 0.0165975103734 0.029304029304
