0 0.170187793427 0.467132867133 0.0383411580595 0.0867132867133
0 0.214397496088 0.35034965035 0.0140845070423 0.0265734265734
0 0.253912363067 0.348951048951 0.0179968701095 0.0405594405594
0 0.278951486698 0.36993006993 0.0164319248826 0.0321678321678
0 0.283255086072 0.308391608392 0.0140845070423 0.0293706293706
0 0.316901408451 0.379020979021 0.018779342723 0.0447552447552
0 0.348200312989 0.327972027972 0.0125195618153 0.0293706293706
0 0.349374021909 0.296503496503 0.0117370892019 0.0251748251748
0 0.374021909233 0.330769230769 0.0125195618153 0.0321678321678
0 0.39827856025 0.340559440559 0.0140845070423 0.0321678321678
0 0.429577464789 0.346153846154 0.0172143974961 0.034965034965
0 0.39827856025 0.297902097902 0.0125195618153 0.027972027972
0 0.395539906103 0.248251748252 0.0117370892019 0.0321678321678
0 0.425665101721 0.308391608392 0.0140845070423 0.0293706293706
0 0.433098591549 0.266433566434 0.0133020344288 0.020979020979
0 0.417840375587 0.252447552448 0.0125195618153 0.0237762237762
0 0.459702660407 0.267132867133 0.0117370892019 0.0223776223776
0 0.452269170579 0.241258741259 0.0125195618153 0.0181818181818
0 0.481611893584 0.269230769231 0.0117370892019 0.0265734265734
0 0.50234741784 0.296503496503 0.0140845070423 0.027972027972
0 0.493348982786 0.258041958042 0.010172143975 0.0237762237762
0 0.499608763693 0.242657342657 0.0117370892019 0.0237762237762
0 0.518388106416 0.252447552448 0.0133020344288 0.0293706293706
0 0.542644757433 0.225874125874 0.010172143975 0.0237762237762
0 0.554381846635 0.244055944056 0.010172143975 0.0265734265734
0 0.557511737089 0.205594405594 0.010172143975 0.0223776223776
0 0.554773082942 0.276223776224 0.0125195618153 0.0265734265734
0 0.55985915493 0.266433566434 0.0117370892019 0.0181818181818
0 0.569640062598 0.252447552448 0.0093896713615 0.0237762237762
0 0.584507042254 0.237762237762 0.0109546165884 0.0223776223776
0 0.594287949922 0.209090909091 0.010172143975 0.0265734265734
0 0.607589984351 0.209090909091 0.0117370892019 0.0237762237762
0 0.609154929577 0.235664335664 0.0133020344288 0.0237762237762
0 0.639280125196 0.223076923077 0.0093896713615 0.0237762237762
0 0.662754303599 0.228671328671 0.0109546165884 0.0265734265734
0 0.649061032864 0.232867132867 0.010172143975 0.0265734265734
0 0.683881064163 0.254545454545 0.0109546165884 0.027972027972
0 0.620109546166 0.260839160839 0.0117370892019 0.0265734265734
0 0.498435054773 0.328671328671 0.0156494522692 0.0307692307692
0 0.456572769953 0.316083916084 0.0148669796557 0.0307692307692
0 0.444835680751 0.411188811189 0.0258215962441 0.0559440559441
0 0.52386541471 0.409090909091 0.0226917057903 0.048951048951
0 0.521126760563 0.369230769231 0.0203442879499 0.0363636363636
0 0.578247261346 0.323076923077 0.0172143974961 0.0391608391608
0 0.615805946792 0.295804195804 0.0140845070423 0.0293706293706
0 0.629107981221 0.337062937063 0.0219092331768 0.0335664335664
0 0.661580594679 0.362937062937 0.0211267605634 0.0377622377622
0 0.590375586854 0.426573426573 0.0226917057903 0.0559440559441
0 0.640845070423 0.438461538462 0.0281690140845 0.0545454545455
0 0.636150234742 0.388811188811 0.0219092331768 0.0475524475524
0 0.710093896714 0.394405594406 0.0195618153365 0.041958041958
0 0.662754303599 0.326573426573 0.0156494522692 0.0377622377622
0 0.647887323944 0.278321678322 0.0125195618153 0.0335664335664
0 0.698356807512 0.286713286713 0.0148669796557 0.027972027972
0 0.707746478873 0.270629370629 0.0117370892019 0.0321678321678
0 0.715179968701 0.248251748252 0.0093896713615 0.0265734265734
0 0.723787167449 0.234965034965 0.0140845070423 0.0251748251748
0 0.751564945227 0.240559440559 0.010172143975 0.0251748251748
0 0.743740219092 0.281118881119 0.0133020344288 0.0335664335664
0 0.749217527387 0.263636363636 0.0133020344288 0.0293706293706
0 0.683881064163 0.508391608392 0.0312989045383 0.0685314685315
0 0.78951486698 0.528671328671 0.0234741784038 0.0643356643357
0 0.755477308294 0.430769230769 0.0242566510172 0.0531468531469
0 0.783646322379 0.362937062937 0.0195618153365 0.0433566433566
0 0.796948356808 0.332167832168 0.0164319248826 0.0377622377622
0 0.782081377152 0.298601398601 0.0133020344288 0.0293706293706
0 0.789123630673 0.275524475524 0.0133020344288 0.027972027972
0 0.779342723005 0.246853146853 0.0125195618153 0.0293706293706
0 0.809076682316 0.257342657343 0.0109546165884 0.0251748251748
0 0.827073552426 0.28041958042 0.0156494522692 0.0321678321678
0 0.829812206573 0.260839160839 0.0133020344288 0.0321678321678
0 0.838810641628 0.253846153846 0.0140845070423 0.034965034965
0 0.862676056338 0.283916083916 0.0117370892019 0.0307692307692
0 0.820422535211 0.316783216783 0.0148669796557 0.0321678321678
0 0.845070422535 0.357342657343 0.018779342723 0.0405594405594
0 0.827464788732 0.390909090909 0.0179968701095 0.0517482517483
0 0.816118935837 0.446153846154 0.0234741784038 0.0447552447552
0 0.874021909233 0.46013986014 0.0203442879499 0.0615384615385
0 0.8779342723 0.395104895105 0.018779342723 0.048951048951
0 0.890062597809 0.358741258741 0.0117370892019 0.0377622377622
0 0.892801251956 0.335664335664 0.0125195618153 0.0307692307692
0 0.883020344288 0.318181818182 0.010172143975 0.0321678321678
0 0.899843505477 0.307692307692 0.0093896713615 0.027972027972
0 0.892018779343 0.291608391608 0.0109546165884 0.0265734265734
0 0.901799687011 0.272027972028 0.0117370892019 0.0265734265734
