0 0.197594501718 0.365731462926 0.0423825887743 0.0821643286573
0 0.312714776632 0.22745490982 0.0183276059565 0.0300601202405
0 0.32932416953 0.194388777555 0.0194730813288 0.0360721442886
0 0.347651775487 0.201402805611 0.0194730813288 0.0340681362725
0 0.412943871707 0.205410821643 0.0194730813288 0.0380761523046
0 0.420389461627 0.178356713427 0.0183276059565 0.0320641282565
0 0.443871706758 0.216432865731 0.0194730813288 0.0360721442886
0 0.446162657503 0.187374749499 0.0171821305842 0.0300601202405
0 0.470217640321 0.189378757515 0.0148911798396 0.0340681362725
0 0.477663230241 0.228456913828 0.020618556701 0.0440881763527
0 0.443298969072 0.154308617234 0.0137457044674 0.0280561122244
0 0.464490263459 0.147294589178 0.0103092783505 0.0220440881764
0 0.481672394044 0.149298597194 0.0126002290951 0.0260521042084
0 0.466781214204 0.135270541082 0.0126002290951 0.0220440881764
0 0.489690721649 0.132264529058 0.0126002290951 0.0280561122244
0 0.506300114548 0.14128256513 0.0137457044674 0.0340681362725
0 0.498854524628 0.157314629259 0.0148911798396 0.0340681362725
0 0.534364261168 0.156312625251 0.0126002290951 0.0280561122244
0 0.525773195876 0.139278557114 0.0114547537228 0.0180360721443
0 0.544100801833 0.140280561122 0.0114547537228 0.0240480961924
0 0.550973654066 0.125250501002 0.00916380297824 0.0220440881764
0 0.550973654066 0.165330661323 0.0160366552119 0.0340681362725
0 0.540664375716 0.187374749499 0.0160366552119 0.0380761523046
0 0.581328751432 0.167334669339 0.0148911798396 0.0340681362725
0 0.57560137457 0.143286573146 0.0148911798396 0.0300601202405
0 0.578465063001 0.117234468938 0.0160366552119 0.0220440881764
0 0.596219931271 0.145290581162 0.0148911798396 0.0340681362725
0 0.60538373425 0.133266533066 0.0103092783505 0.0260521042084
0 0.622565864834 0.10621242485 0.0126002290951 0.0240480961924
0 0.638602520046 0.125250501002 0.0126002290951 0.0260521042084
0 0.647193585338 0.11122244489 0.0114547537228 0.0220440881764
0 0.660366552119 0.110220440882 0.0103092783505 0.0240480961924
0 0.654066437572 0.13126252505 0.0114547537228 0.0260521042084
0 0.647193585338 0.15130260521 0.0137457044674 0.0300601202405
0 0.626002290951 0.156312625251 0.0171821305842 0.0280561122244
0 0.68098510882 0.122244488978 0.0103092783505 0.0240480961924
0 0.695303550974 0.12625250501 0.0114547537228 0.0320641282565
0 0.699885452463 0.118236472946 0.00916380297824 0.0240480961924
0 0.710767468499 0.169338677355 0.0148911798396 0.0260521042084
0 0.662084765178 0.188376753507 0.0183276059565 0.0400801603206
0 0.64089347079 0.201402805611 0.0194730813288 0.0380761523046
0 0.580756013746 0.233466933868 0.0183276059565 0.0420841683367
0 0.595074455899 0.301603206413 0.0309278350515 0.0781563126253
0 0.631156930126 0.245490981964 0.0183276059565 0.0380761523046
0 0.516036655212 0.288577154309 0.0263459335624 0.0480961923848
0 0.664375715922 0.271543086172 0.020618556701 0.0420841683367
0 0.666666666667 0.224448897796 0.020618556701 0.0400801603206
0 0.697594501718 0.212424849699 0.0183276059565 0.0360721442886
0 0.726804123711 0.219438877756 0.0240549828179 0.0420841683367
0 0.693585337915 0.314629258517 0.0332187857961 0.060120240481
0 0.724513172967 0.355711422846 0.0332187857961 0.0741482965932
0 0.755441008018 0.130260521042 0.0126002290951 0.0280561122244
0 0.758304696449 0.147294589178 0.0137457044674 0.0380761523046
0 0.779495990836 0.143286573146 0.0126002290951 0.0300601202405
0 0.794959908362 0.172344689379 0.0137457044674 0.0320641282565
0 0.772050400916 0.182364729459 0.0160366552119 0.0320641282565
0 0.741695303551 0.174348697395 0.0148911798396 0.0320641282565
0 0.780641466208 0.240480961924 0.0194730813288 0.0360721442886
0 0.813860252005 0.195390781563 0.0148911798396 0.0340681362725
0 0.827033218786 0.176352705411 0.0137457044674 0.0320641282565
0 0.840778923253 0.158316633267 0.0137457044674 0.0320641282565
0 0.861397479954 0.197394789579 0.0160366552119 0.0420841683367
0 0.878579610538 0.160320641283 0.0183276059565 0.0360721442886
0 0.912371134021 0.169338677355 0.0148911798396 0.0340681362725
0 0.940435280641 0.174348697395 0.0137457044674 0.0360721442886
0 0.937571592211 0.214428857715 0.0148911798396 0.0360721442886
0 0.922680412371 0.244488977956 0.0194730813288 0.0440881763527
0 0.935280641466 0.239478957916 0.0148911798396 0.0380761523046
0 0.926689576174 0.292585170341 0.020618556701 0.0561122244489
0 0.913516609393 0.334669338677 0.0217640320733 0.064128256513
0 0.875143184422 0.266533066132 0.020618556701 0.0521042084168
0 0.865979381443 0.184368737475 0.0137457044674 0.0360721442886
0 0.890607101947 0.197394789579 0.0171821305842 0.0380761523046
0 0.885452462772 0.22745490982 0.020618556701 0.0380761523046
0 0.823024054983 0.219438877756 0.0148911798396 0.0420841683367
0 0.802405498282 0.273547094188 0.028636884307 0.0541082164329
0 0.81156930126 0.265531062124 0.0194730813288 0.0460921843687
0 0.845933562428 0.296593186373 0.0194730813288 0.0521042084168
0 0.816723940435 0.34869739479 0.0320733104238 0.064128256513
0 0.89461626575 0.436873747495 0.0297823596793 0.0801603206413
