0 0.0586046511628 0.412106135987 0.0353488372093 0.0812603648425
0 0.253488372093 0.282752902156 0.0213953488372 0.0315091210614
0 0.287906976744 0.267827529022 0.0176744186047 0.0315091210614
0 0.309302325581 0.283582089552 0.0176744186047 0.0398009950249
0 0.315348837209 0.25456053068 0.0186046511628 0.0381426202322
0 0.308837209302 0.225538971808 0.0167441860465 0.0265339966833
0 0.342325581395 0.224709784411 0.0186046511628 0.0315091210614
0 0.342325581395 0.275290215589 0.0223255813953 0.0364842454395
0 0.370697674419 0.213930348259 0.0158139534884 0.0331674958541
0 0.381860465116 0.199004975124 0.0176744186047 0.0232172470978
0 0.383720930233 0.212271973466 0.0158139534884 0.0331674958541
0 0.398139534884 0.296849087894 0.0204651162791 0.0431177446103
0 0.42511627907 0.218905472637 0.0186046511628 0.0298507462687
0 0.423720930233 0.185737976783 0.0158139534884 0.0364842454395
0 0.427906976744 0.168325041459 0.0148837209302 0.0248756218905
0 0.450697674419 0.149253731343 0.0158139534884 0.0298507462687
0 0.453488372093 0.169154228856 0.0139534883721 0.0364842454395
0 0.455348837209 0.219734660033 0.0158139534884 0.0381426202322
0 0.44 0.194029850746 0.0186046511628 0.0298507462687
0 0.472093023256 0.149253731343 0.0120930232558 0.0232172470978
0 0.476744186047 0.165008291874 0.0176744186047 0.028192371476
0 0.477674418605 0.194029850746 0.0158139534884 0.0298507462687
0 0.493953488372 0.20232172471 0.0204651162791 0.0364842454395
0 0.482325581395 0.2271973466 0.0176744186047 0.0398009950249
0 0.481860465116 0.298507462687 0.0260465116279 0.0431177446103
0 0.48511627907 0.132669983416 0.0120930232558 0.0265339966833
0 0.516279069767 0.15671641791 0.0167441860465 0.0248756218905
0 0.506511627907 0.176616915423 0.0213953488372 0.0381426202322
0 0.521395348837 0.138474295191 0.0176744186047 0.0315091210614
0 0.536279069767 0.162520729685 0.0158139534884 0.0364842454395
0 0.543255813953 0.195688225539 0.0148837209302 0.0398009950249
0 0.547441860465 0.140132669983 0.0120930232558 0.028192371476
0 0.555348837209 0.146766169154 0.0111627906977 0.028192371476
0 0.564186046512 0.169983416252 0.0158139534884 0.0381426202322
0 0.572093023256 0.157545605307 0.0148837209302 0.0298507462687
0 0.560930232558 0.1135986733 0.0148837209302 0.0248756218905
0 0.580465116279 0.131011608624 0.0148837209302 0.0265339966833
0 0.602325581395 0.100331674959 0.0158139534884 0.028192371476
0 0.606511627907 0.1135986733 0.0148837209302 0.0248756218905
0 0.619069767442 0.100331674959 0.0102325581395 0.0215588723051
0 0.635348837209 0.105306799337 0.013023255814 0.028192371476
0 0.643720930233 0.116086235489 0.0111627906977 0.0265339966833
0 0.668372093023 0.12271973466 0.0158139534884 0.0265339966833
0 0.698139534884 0.0986733001658 0.0120930232558 0.0315091210614
0 0.620465116279 0.142620232172 0.0167441860465 0.0298507462687
0 0.648372093023 0.179104477612 0.0186046511628 0.0364842454395
0 0.657674418605 0.206467661692 0.0186046511628 0.0381426202322
0 0.602790697674 0.208126036484 0.0204651162791 0.0381426202322
0 0.601860465116 0.255389718076 0.0241860465116 0.0431177446103
0 0.572558139535 0.24543946932 0.0251162790698 0.0398009950249
0 0.558604651163 0.294361525705 0.0251162790698 0.0514096185738
0 0.576279069767 0.36815920398 0.0288372093023 0.0530679933665
0 0.673488372093 0.329187396352 0.0316279069767 0.0580431177446
0 0.654418604651 0.255389718076 0.0251162790698 0.0497512437811
0 0.701860465116 0.285240464345 0.0288372093023 0.0563847429519
0 0.696744186047 0.213930348259 0.0223255813953 0.0497512437811
0 0.676744186047 0.153399668325 0.0195348837209 0.0381426202322
0 0.700465116279 0.145107794362 0.0167441860465 0.028192371476
0 0.701860465116 0.179104477612 0.0195348837209 0.0398009950249
0 0.724186046512 0.166666666667 0.0158139534884 0.0348258706468
0 0.730697674419 0.123548922056 0.0139534883721 0.0315091210614
0 0.742325581395 0.120232172471 0.0148837209302 0.0248756218905
0 0.741860465116 0.141791044776 0.0158139534884 0.0315091210614
0 0.74511627907 0.185737976783 0.0167441860465 0.0364842454395
0 0.754418604651 0.251243781095 0.0204651162791 0.0480928689884
0 0.771627906977 0.294361525705 0.0251162790698 0.0580431177446
0 0.761395348837 0.127694859038 0.0139534883721 0.0265339966833
0 0.763720930233 0.158374792703 0.0167441860465 0.028192371476
0 0.778139534884 0.121061359867 0.0120930232558 0.0298507462687
0 0.792093023256 0.135986733002 0.0158139534884 0.0331674958541
0 0.815813953488 0.126036484245 0.013023255814 0.0331674958541
0 0.827441860465 0.139303482587 0.0139534883721 0.0364842454395
0 0.813488372093 0.163349917081 0.0120930232558 0.0348258706468
0 0.791627906977 0.186567164179 0.0167441860465 0.0348258706468
0 0.840465116279 0.186567164179 0.0195348837209 0.0348258706468
0 0.846046511628 0.155887230514 0.0139534883721 0.0331674958541
0 0.865581395349 0.128524046434 0.0158139534884 0.0315091210614
0 0.862790697674 0.163349917081 0.0158139534884 0.0348258706468
0 0.86511627907 0.213930348259 0.0204651162791 0.0398009950249
0 0.876744186047 0.197346600332 0.0158139534884 0.0364842454395
0 0.884651162791 0.175787728027 0.0148837209302 0.0331674958541
0 0.893953488372 0.136815920398 0.013023255814 0.0315091210614
0 0.923255813953 0.157545605307 0.0120930232558 0.0232172470978
0 0.931162790698 0.164179104478 0.0148837209302 0.0364842454395
0 0.913953488372 0.192371475954 0.0176744186047 0.0398009950249
0 0.914418604651 0.28855721393 0.0241860465116 0.0530679933665
