0 0.102564102564 0.499054820416 0.0641025641026 0.117202268431
0 0.277243589744 0.229678638941 0.0181623931624 0.0396975425331
0 0.3125 0.217391304348 0.0160256410256 0.0378071833648
0 0.324786324786 0.213610586011 0.017094017094 0.0378071833648
0 0.345085470085 0.21550094518 0.0192307692308 0.0415879017013
0 0.329594017094 0.179584120983 0.0160256410256 0.0340264650284
0 0.353098290598 0.197542533081 0.0181623931624 0.0434782608696
0 0.373397435897 0.206049149338 0.0160256410256 0.0415879017013
0 0.383012820513 0.228733459357 0.0181623931624 0.0453686200378
0 0.410256410256 0.238185255198 0.0213675213675 0.0491493383743
0 0.442841880342 0.241020793951 0.0224358974359 0.047258979206
0 0.416132478632 0.19943289225 0.0181623931624 0.0396975425331
0 0.394764957265 0.205103969754 0.0160256410256 0.0359168241966
0 0.376602564103 0.164461247637 0.0160256410256 0.0264650283554
0 0.401175213675 0.169187145558 0.0160256410256 0.0359168241966
0 0.423076923077 0.154064272212 0.0128205128205 0.0283553875236
0 0.440170940171 0.155009451796 0.0128205128205 0.0264650283554
0 0.438568376068 0.180529300567 0.0138888888889 0.0321361058601
0 0.46047008547 0.203213610586 0.0213675213675 0.0434782608696
0 0.465277777778 0.129489603025 0.0117521367521 0.0283553875236
0 0.482905982906 0.141776937618 0.0106837606838 0.0302457466919
0 0.491452991453 0.149338374291 0.0106837606838 0.0264650283554
0 0.497329059829 0.174858223062 0.0138888888889 0.0359168241966
0 0.52297008547 0.174858223062 0.0181623931624 0.0359168241966
0 0.554487179487 0.178638941399 0.017094017094 0.0396975425331
0 0.563034188034 0.156899810964 0.0149572649573 0.0378071833648
0 0.537393162393 0.150283553875 0.0128205128205 0.0321361058601
0 0.527243589744 0.141776937618 0.0117521367521 0.0264650283554
0 0.508012820513 0.143667296786 0.0160256410256 0.0340264650284
0 0.499465811966 0.120037807183 0.0117521367521 0.0283553875236
0 0.550213675214 0.127599243856 0.0149572649573 0.0321361058601
0 0.576388888889 0.133270321361 0.0138888888889 0.0283553875236
0 0.601495726496 0.157844990548 0.0149572649573 0.0396975425331
0 0.610042735043 0.145557655955 0.0128205128205 0.0340264650284
0 0.609508547009 0.118147448015 0.0117521367521 0.0283553875236
0 0.625534188034 0.131379962193 0.0138888888889 0.0321361058601
0 0.627136752137 0.109640831758 0.0106837606838 0.0226843100189
0 0.643162393162 0.154064272212 0.0149572649573 0.0359168241966
0 0.652243589744 0.131379962193 0.0138888888889 0.0321361058601
0 0.655448717949 0.109640831758 0.0138888888889 0.0302457466919
0 0.67735042735 0.126654064272 0.0128205128205 0.0264650283554
0 0.6875 0.103024574669 0.0138888888889 0.0321361058601
0 0.706196581197 0.109640831758 0.0106837606838 0.0340264650284
0 0.589743589744 0.223062381853 0.0277777777778 0.0529300567108
0 0.636217948718 0.251417769376 0.0245726495726 0.0604914933837
0 0.669871794872 0.334593572779 0.0320512820513 0.0831758034026
0 0.636752136752 0.208884688091 0.0192307692308 0.0434782608696
0 0.661858974359 0.217391304348 0.0181623931624 0.0491493383743
0 0.668803418803 0.177693761815 0.017094017094 0.0378071833648
0 0.691239316239 0.254253308129 0.0213675213675 0.054820415879
0 0.724893162393 0.241020793951 0.0202991452991 0.0434782608696
0 0.720085470085 0.178638941399 0.0192307692308 0.0434782608696
0 0.702457264957 0.174858223062 0.0160256410256 0.0396975425331
0 0.735042735043 0.145557655955 0.0128205128205 0.0340264650284
0 0.740384615385 0.166351606805 0.017094017094 0.0378071833648
0 0.755341880342 0.190926275992 0.0213675213675 0.0453686200378
0 0.762286324786 0.250472589792 0.0245726495726 0.062381852552
0 0.744658119658 0.378071833648 0.0363247863248 0.0831758034026
0 0.797008547009 0.286389413989 0.025641025641 0.062381852552
0 0.799679487179 0.196597353497 0.0181623931624 0.0415879017013
0 0.792200854701 0.164461247637 0.0138888888889 0.0340264650284
0 0.78952991453 0.137051039698 0.0128205128205 0.0321361058601
0 0.762286324786 0.129489603025 0.0138888888889 0.0359168241966
0 0.777243589744 0.126654064272 0.0117521367521 0.0302457466919
0 0.803952991453 0.134215500945 0.0117521367521 0.0302457466919
0 0.824252136752 0.126654064272 0.0138888888889 0.0302457466919
0 0.831730769231 0.166351606805 0.0138888888889 0.0378071833648
0 0.816773504274 0.206049149338 0.0181623931624 0.0340264650284
0 0.822115384615 0.254253308129 0.0245726495726 0.054820415879
0 0.839209401709 0.210775047259 0.0181623931624 0.047258979206
0 0.918269230769 0.338374291115 0.0288461538462 0.0718336483932
0 0.883012820513 0.229678638941 0.0202991452991 0.047258979206
0 0.897435897436 0.214555765595 0.0149572649573 0.0434782608696
0 0.907051282051 0.185255198488 0.0128205128205 0.0340264650284
0 0.866452991453 0.185255198488 0.0149572649573 0.0378071833648
0 0.860042735043 0.224952741021 0.017094017094 0.0340264650284
0 0.859508547009 0.146502835539 0.0138888888889 0.0245746691871
0 0.839743589744 0.155009451796 0.0149572649573 0.0340264650284
0 0.876602564103 0.159735349716 0.0138888888889 0.0359168241966
0 0.910790598291 0.154064272212 0.0117521367521 0.0283553875236
0 0.951923076923 0.191871455577 0.0128205128205 0.0396975425331
0 0.936431623932 0.194706994329 0.0138888888889 0.0340264650284
0 0.949252136752 0.232514177694 0.0160256410256 0.0453686200378
0 0.935363247863 0.25236294896 0.0202991452991 0.047258979206
