0 0.16650148662 0.400523560209 0.0535183349851 0.0959860383944
0 0.290386521308 0.167539267016 0.01585728444 0.0383944153578
0 0.307234886026 0.198952879581 0.01982160555 0.0453752181501
0 0.33746283449 0.234729493892 0.0227948463826 0.0401396160558
0 0.407829534192 0.239965095986 0.0227948463826 0.0506108202443
0 0.427155599604 0.152705061082 0.01189296333 0.0296684118674
0 0.448959365709 0.151832460733 0.013875123885 0.0314136125654
0 0.469276511397 0.162303664921 0.0168483647175 0.0314136125654
0 0.487611496531 0.1815008726 0.01585728444 0.0383944153578
0 0.496531219029 0.159685863874 0.01585728444 0.0366492146597
0 0.513379583746 0.193717277487 0.01982160555 0.0383944153578
0 0.560455896928 0.191972076789 0.0208126858276 0.0383944153578
0 0.898909811695 0.196335078534 0.013875123885 0.0331588132635
0 0.939544103072 0.204188481675 0.013875123885 0.0349040139616
0 0.934588701685 0.247818499127 0.017839444995 0.0488656195462
0 0.892467789891 0.226003490401 0.0188305252725 0.0401396160558
