0 0.209226467847 0.360696517413 0.049394221808 0.101160862355
0 0.281919850885 0.259535655058 0.0195712954334 0.0381426202322
0 0.328052190121 0.278606965174 0.0186393289842 0.0431177446103
0 0.342963653308 0.268656716418 0.0186393289842 0.0364842454395
0 0.355079217148 0.216417910448 0.0167753960857 0.0381426202322
0 0.379310344828 0.212271973466 0.0205032618826 0.0431177446103
0 0.419384902144 0.215588723051 0.0205032618826 0.0364842454395
0 0.439422180801 0.233830845771 0.0177073625349 0.0364842454395
0 0.426374650513 0.283582089552 0.0232991612302 0.0464344941957
0 0.422646784716 0.177446102819 0.0177073625349 0.0331674958541
0 0.440820130475 0.192371475954 0.0167753960857 0.0364842454395
0 0.465517241379 0.198175787728 0.0177073625349 0.0315091210614
0 0.443616029823 0.157545605307 0.0149114631873 0.0298507462687
0 0.455265610438 0.16583747927 0.0195712954334 0.0298507462687
0 0.496738117428 0.169154228856 0.0167753960857 0.0364842454395
0 0.482292637465 0.135986733002 0.0139794967381 0.0232172470978
0 0.502795899348 0.199834162521 0.0195712954334 0.0315091210614
0 0.523765144455 0.194859038143 0.0186393289842 0.0348258706468
0 0.516775396086 0.139303482587 0.0177073625349 0.0331674958541
0 0.533550792171 0.132669983416 0.0158434296365 0.0265339966833
0 0.55265610438 0.158374792703 0.0186393289842 0.0381426202322
0 0.553122087605 0.120232172471 0.0121155638397 0.0248756218905
0 0.570363466915 0.158374792703 0.0149114631873 0.028192371476
0 0.589002795899 0.109452736318 0.0130475302889 0.0298507462687
0 0.608574091333 0.121890547264 0.0149114631873 0.0315091210614
0 0.684995340168 0.106135986733 0.0149114631873 0.0364842454395
0 0.554520037279 0.255389718076 0.022367194781 0.0464344941957
0 0.478098788444 0.333333333333 0.0316868592731 0.0630182421227
0 0.540540540541 0.321724709784 0.0279589934762 0.0530679933665
0 0.604380242311 0.322553897181 0.027027027027 0.0547263681592
0 0.602982292637 0.252072968491 0.022367194781 0.0497512437811
0 0.613233923579 0.203980099502 0.0205032618826 0.0431177446103
0 0.663094128611 0.203150912106 0.0214352283318 0.044776119403
0 0.677073625349 0.160862354892 0.0195712954334 0.0431177446103
0 0.697576887232 0.175787728027 0.0195712954334 0.0398009950249
0 0.710158434296 0.20232172471 0.0242311276794 0.0497512437811
0 0.709692451072 0.278606965174 0.0288909599254 0.0630182421227
0 0.672413793103 0.319237147595 0.0288909599254 0.06135986733
0 0.657968313141 0.262852404643 0.0242311276794 0.044776119403
0 0.771668219944 0.317578772803 0.0242311276794 0.0580431177446
0 0.744641192917 0.185737976783 0.022367194781 0.0497512437811
0 0.704566635601 0.141791044776 0.0149114631873 0.0315091210614
0 0.730661696179 0.128524046434 0.0149114631873 0.0348258706468
0 0.746039142591 0.146766169154 0.0158434296365 0.0315091210614
0 0.763280521901 0.128524046434 0.0186393289842 0.028192371476
0 0.752096924511 0.110281923715 0.0130475302889 0.0315091210614
0 0.794967381174 0.128524046434 0.0149114631873 0.0315091210614
0 0.806616961789 0.126865671642 0.0139794967381 0.028192371476
0 0.796831314073 0.18407960199 0.0186393289842 0.0398009950249
0 0.815470643057 0.169154228856 0.0167753960857 0.0331674958541
0 0.842497670084 0.190713101161 0.0205032618826 0.0464344941957
0 0.868126747437 0.130182421227 0.0139794967381 0.0348258706468
0 0.881640260951 0.188225538972 0.0167753960857 0.0381426202322
0 0.870922646785 0.228855721393 0.0177073625349 0.0497512437811
0 0.913327120224 0.185737976783 0.0205032618826 0.0464344941957
0 0.910065237651 0.100331674959 0.0177073625349 0.0315091210614
