0 0.20979020979 0.359205776173 0.047952047952 0.0794223826715
0 0.325174825175 0.199458483755 0.016983016983 0.0379061371841
0 0.321178821179 0.237364620939 0.018981018981 0.0379061371841
0 0.35964035964 0.203971119134 0.015984015984 0.0361010830325
0 0.759240759241 0.126353790614 0.013986013986 0.028880866426
0 0.787212787213 0.137184115523 0.013986013986 0.0324909747292
0 0.693306693307 0.118231046931 0.013986013986 0.0234657039711
0 0.836163836164 0.156137184116 0.017982017982 0.0306859205776
0 0.643856143856 0.111010830325 0.014985014985 0.0342960288809
0 0.63036963037 0.0992779783394 0.011988011988 0.0252707581227
0 0.583416583417 0.101083032491 0.00999000999001 0.0216606498195
0 0.429070929071 0.175090252708 0.018981018981 0.0397111913357
0 0.877122877123 0.162454873646 0.013986013986 0.0361010830325
0 0.90959040959 0.166064981949 0.018981018981 0.0324909747292
0 0.948051948052 0.179602888087 0.017982017982 0.0306859205776
0 0.466533466533 0.140794223827 0.011988011988 0.0361010830325
0 0.5 0.120938628159 0.010989010989 0.0216606498195
0 0.543956043956 0.121841155235 0.014985014985 0.0342960288809
0 0.448551448551 0.221119133574 0.017982017982 0.0342960288809
0 0.403096903097 0.212093862816 0.016983016983 0.0306859205776
0 0.504495504496 0.210288808664 0.01998001998 0.0342960288809
0 0.599400599401 0.139891696751 0.015984015984 0.0306859205776
0 0.563936063936 0.153429602888 0.014985014985 0.0361010830325
0 0.543456543457 0.188628158845 0.01998001998 0.0415162454874
0 0.515484515485 0.149819494585 0.015984015984 0.028880866426
0 0.492007992008 0.175090252708 0.014985014985 0.0252707581227
0 0.458541458541 0.175090252708 0.017982017982 0.0361010830325
0 0.722777222777 0.139891696751 0.016983016983 0.0342960288809
0 0.76973026973 0.185018050542 0.014985014985 0.0379061371841
0 0.703796203796 0.162454873646 0.014985014985 0.0397111913357
0 0.644355644356 0.150722021661 0.015984015984 0.0342960288809
0 0.665334665335 0.12274368231 0.015984015984 0.0361010830325
0 0.675324675325 0.110108303249 0.017982017982 0.028880866426
0 0.641858141858 0.201263537906 0.020979020979 0.0415162454874
0 0.532967032967 0.278880866426 0.022977022977 0.0487364620939
0 0.584415584416 0.280685920578 0.023976023976 0.0451263537906
0 0.58991008991 0.244584837545 0.024975024975 0.0559566787004
0 0.626873126873 0.296931407942 0.024975024975 0.0595667870036
0 0.668331668332 0.228339350181 0.021978021978 0.0523465703971
0 0.667332667333 0.171480144404 0.017982017982 0.0469314079422
0 0.675324675325 0.290613718412 0.023976023976 0.043321299639
0 0.688811188811 0.335740072202 0.030969030969 0.072202166065
0 0.753246753247 0.416064981949 0.031968031968 0.0631768953069
0 0.738261738262 0.224729241877 0.017982017982 0.0487364620939
0 0.748251748252 0.168772563177 0.013986013986 0.0342960288809
0 0.807692307692 0.187725631769 0.018981018981 0.0541516245487
0 0.790709290709 0.27797833935 0.022977022977 0.0541516245487
0 0.831668331668 0.362815884477 0.026973026973 0.0685920577617
0 0.82017982018 0.255415162455 0.021978021978 0.0559566787004
0 0.834665334665 0.213898916968 0.022977022977 0.0595667870036
0 0.865634365634 0.169675090253 0.014985014985 0.0397111913357
0 0.872627372627 0.213898916968 0.018981018981 0.0487364620939
0 0.873126873127 0.266245487365 0.01998001998 0.0595667870036
0 0.887112887113 0.217509025271 0.013986013986 0.0487364620939
0 0.904095904096 0.318592057762 0.01998001998 0.0523465703971
0 0.936063936064 0.286101083032 0.025974025974 0.0595667870036
0 0.445054945055 0.141696750903 0.010989010989 0.0234657039711
0 0.606393606394 0.106498194946 0.013986013986 0.028880866426
0 0.593906093906 0.173285198556 0.018981018981 0.0361010830325
0 0.703296703297 0.210288808664 0.023976023976 0.0415162454874
0 0.892107892108 0.180505415162 0.017982017982 0.0361010830325
0 0.76023976024 0.147111913357 0.013986013986 0.0342960288809
0 0.796203796204 0.164259927798 0.017982017982 0.043321299639
0 0.941558441558 0.204873646209 0.016983016983 0.0415162454874
0 0.851148851149 0.192238267148 0.017982017982 0.0487364620939
0 0.489010989011 0.145306859206 0.014985014985 0.0270758122744
0 0.538461538462 0.154332129964 0.01998001998 0.0342960288809
0 0.934065934066 0.252707581227 0.023976023976 0.0469314079422
