0 0.127324171382 0.553914327917 0.0363783346807 0.0709010339734
0 0.221907841552 0.35893648449 0.0153597413096 0.0295420974889
0 0.251818916734 0.387001477105 0.0202101859337 0.0443131462334
0 0.280921584479 0.336041358936 0.0169765561843 0.0339734121123
0 0.284963621665 0.384785819793 0.0169765561843 0.03988183161
0 0.328213419563 0.387740029542 0.0226354082458 0.0428360413589
0 0.349232012935 0.348596750369 0.0145513338723 0.0324963072378
0 0.352465642684 0.307237813885 0.016168148747 0.0324963072378
0 0.386822958771 0.27917282127 0.0137429264349 0.0295420974889
0 0.409054163298 0.294682422452 0.0129345189976 0.0310192023634
0 0.419563459984 0.278434268833 0.0113177041229 0.0251107828656
0 0.440582053355 0.27917282127 0.0129345189976 0.02658788774
0 0.451899757478 0.289512555391 0.0177849636217 0.0324963072378
0 0.457962813258 0.256277695716 0.0137429264349 0.0280649926145
0 0.545270816492 0.236336779911 0.0121261115602 0.0236336779911
0 0.562247372676 0.233382570162 0.0137429264349 0.0206794682422
0 0.591754244139 0.237813884786 0.00970088924818 0.0236336779911
0 0.60064672595 0.223781388479 0.0145513338723 0.0251107828656
0 0.620452708165 0.22082717873 0.0137429264349 0.0280649926145
0 0.660468876314 0.223781388479 0.0129345189976 0.0221565731167
0 0.625303152789 0.242983751846 0.0153597413096 0.0251107828656
0 0.589733225546 0.2658788774 0.0121261115602 0.0295420974889
0 0.607922392886 0.280649926145 0.0145513338723 0.0206794682422
0 0.568310428456 0.282865583456 0.016168148747 0.0339734121123
0 0.536782538399 0.270310192024 0.016168148747 0.0295420974889
0 0.513742926435 0.268833087149 0.0137429264349 0.0295420974889
0 0.518593371059 0.296898079764 0.0169765561843 0.0324963072378
0 0.546887631366 0.299852289513 0.0153597413096 0.0324963072378
0 0.459983831851 0.336779911374 0.0194017784964 0.0324963072378
0 0.491107518189 0.347119645495 0.0202101859337 0.0354505169867
0 0.425626515764 0.329394387001 0.0202101859337 0.02658788774
0 0.438156831043 0.361890694239 0.0242522231205 0.0354505169867
0 0.40541632983 0.350812407681 0.0202101859337 0.0339734121123
0 0.400565885206 0.320531757755 0.018593371059 0.02658788774
0 0.37510105093 0.371491875923 0.0210185933711 0.03988183161
0 0.470088924818 0.432791728213 0.0250606305578 0.0531757754801
0 0.531123686338 0.381093057607 0.0210185933711 0.0472673559823
0 0.510105092967 0.478581979321 0.0291026677445 0.0502215657312
0 0.576798706548 0.469719350074 0.0282942603072 0.0620384047267
0 0.625707356508 0.485967503693 0.0291026677445 0.0620384047267
0 0.610347615198 0.397341211226 0.0210185933711 0.0472673559823
0 0.591754244139 0.346381093058 0.0194017784964 0.03988183161
0 0.62489894907 0.319793205318 0.016168148747 0.0280649926145
0 0.659256265158 0.296898079764 0.0153597413096 0.02658788774
0 0.694017784964 0.271787296898 0.0169765561843 0.0354505169867
0 0.67987065481 0.237075332349 0.0145513338723 0.0221565731167
0 0.662085691188 0.245937961595 0.0145513338723 0.0251107828656
0 0.724333063864 0.259231905465 0.0145513338723 0.0339734121123
0 0.732821341956 0.277695716396 0.0153597413096 0.0324963072378
0 0.751010509297 0.271787296898 0.0145513338723 0.02658788774
0 0.768795472918 0.257016248154 0.0145513338723 0.0295420974889
0 0.776071139854 0.271048744461 0.0129345189976 0.0251107828656
0 0.764753435732 0.297636632201 0.0145513338723 0.0428360413589
0 0.685529506871 0.319793205318 0.0210185933711 0.03988183161
0 0.797898140663 0.263663220089 0.016168148747 0.0369276218612
0 0.830638641876 0.273264401773 0.0137429264349 0.0354505169867
0 0.845998383185 0.289512555391 0.0202101859337 0.0413589364845
0 0.867825383994 0.273264401773 0.0153597413096 0.0354505169867
0 0.88116410671 0.289512555391 0.0145513338723 0.0295420974889
0 0.924818108327 0.306499261448 0.0145513338723 0.0339734121123
0 0.919563459984 0.330871491876 0.0169765561843 0.0295420974889
0 0.900970088925 0.344165435746 0.018593371059 0.0413589364845
0 0.880355699272 0.341211225997 0.0145513338723 0.0354505169867
0 0.854890864996 0.357459379616 0.0153597413096 0.0443131462334
0 0.837105901374 0.349335302806 0.0202101859337 0.0487444608567
0 0.808407437348 0.349335302806 0.0194017784964 0.0369276218612
0 0.806386418755 0.316100443131 0.0202101859337 0.0324963072378
0 0.799514955538 0.381831610044 0.0226354082458 0.0487444608567
0 0.844785772029 0.413589364845 0.0307194826192 0.0620384047267
0 0.911883589329 0.392171344165 0.0210185933711 0.0546528803545
0 0.898544866613 0.474150664697 0.0315278900566 0.0649926144756
0 0.770816491512 0.451255539143 0.0266774454325 0.0605612998523
0 0.715036378335 0.428360413589 0.0315278900566 0.0590841949778
0 0.681083265966 0.381093057607 0.0202101859337 0.0443131462334
0 0.648746968472 0.39364844904 0.0282942603072 0.0576070901034
0 0.638237671787 0.366322008863 0.0218270008084 0.0443131462334
0 0.687550525465 0.570162481536 0.0331447049313 0.0649926144756
0 0.807599029911 0.530280649926 0.0274858528698 0.0768094534712
0 0.833468067906 0.489660265879 0.0274858528698 0.0576070901034
