0 0.209012464046 0.480897009967 0.0421860019175 0.0913621262458
0 0.299137104506 0.247508305648 0.0210930009588 0.0365448504983
0 0.329817833174 0.279069767442 0.0191754554171 0.0431893687708
0 0.350910834132 0.259136212625 0.0191754554171 0.0398671096346
0 0.382070949185 0.208471760797 0.0201342281879 0.031561461794
0 0.423777564717 0.220099667774 0.0172579098754 0.031561461794
0 0.446788111218 0.220099667774 0.0172579098754 0.0382059800664
0 0.431447746884 0.282392026578 0.0230105465005 0.0431893687708
0 0.436241610738 0.171096345515 0.0172579098754 0.0299003322259
0 0.448226270374 0.189368770764 0.0182166826462 0.0299003322259
0 0.475551294343 0.203488372093 0.0153403643337 0.031561461794
0 0.472195589645 0.156146179402 0.0124640460211 0.0265780730897
0 0.482262703739 0.162790697674 0.0134228187919 0.0299003322259
0 0.498561840844 0.171926910299 0.0172579098754 0.0415282392027
0 0.455896452541 0.154485049834 0.0143815915628 0.0265780730897
0 0.496164908917 0.132890365449 0.0124640460211 0.0299003322259
0 0.538350910834 0.144518272425 0.0143815915628 0.0332225913621
0 0.541227229147 0.126245847176 0.0143815915628 0.0265780730897
0 0.564237775647 0.117940199336 0.00862895493768 0.0199335548173
0 0.572387344199 0.132059800664 0.0134228187919 0.0215946843854
0 0.561361457335 0.154485049834 0.0162991371045 0.0265780730897
0 0.586768935762 0.159468438538 0.0191754554171 0.0265780730897
0 0.593000958773 0.128737541528 0.0162991371045 0.0282392026578
0 0.615532118888 0.142026578073 0.0134228187919 0.0215946843854
0 0.607382550336 0.0971760797342 0.0162991371045 0.0215946843854
0 0.625599232982 0.117109634551 0.0124640460211 0.0249169435216
0 0.487535953979 0.325581395349 0.0316395014382 0.046511627907
0 0.530680728667 0.229235880399 0.0201342281879 0.0332225913621
0 0.559923298178 0.237541528239 0.0210930009588 0.0398671096346
0 0.558485139022 0.299833887043 0.0297219558965 0.0647840531561
0 0.615052732502 0.255813953488 0.0220517737296 0.0398671096346
0 0.624161073826 0.301495016611 0.0345158197507 0.0614617940199
0 0.630872483221 0.213455149502 0.0230105465005 0.0415282392027
0 0.700383509108 0.101328903654 0.0162991371045 0.0365448504983
0 0.695589645254 0.15365448505 0.0182166826462 0.0382059800664
0 0.686001917546 0.197674418605 0.0182166826462 0.0431893687708
0 0.667785234899 0.25415282392 0.0220517737296 0.0531561461794
0 0.741610738255 0.116279069767 0.0162991371045 0.0332225913621
0 0.759348034516 0.116279069767 0.0134228187919 0.0299003322259
0 0.71907957814 0.141196013289 0.0172579098754 0.0332225913621
0 0.711409395973 0.181893687708 0.0172579098754 0.0382059800664
0 0.732981783317 0.175249169435 0.0162991371045 0.0348837209302
0 0.763662511985 0.148671096346 0.0162991371045 0.031561461794
0 0.76941514861 0.185215946844 0.0143815915628 0.031561461794
0 0.756951102589 0.189368770764 0.0182166826462 0.0398671096346
0 0.727229146692 0.284053156146 0.0278044103547 0.0598006644518
0 0.785234899329 0.28903654485 0.0268456375839 0.0498338870432
0 0.824065196548 0.130398671096 0.0124640460211 0.0282392026578
0 0.812559923298 0.183554817276 0.0162991371045 0.0382059800664
0 0.862895493768 0.186877076412 0.0191754554171 0.0382059800664
0 0.885426653883 0.231727574751 0.0162991371045 0.0481727574751
0 0.901725790988 0.194352159468 0.0162991371045 0.0398671096346
0 0.911792905081 0.136212624585 0.0153403643337 0.0398671096346
0 0.941514860978 0.18853820598 0.0172579098754 0.0415282392027
0 0.978427612656 0.129568106312 0.0143815915628 0.0365448504983
