0 0.0801174496644 0.484684684685 0.0427852348993 0.108108108108
0 0.165687919463 0.308108108108 0.0243288590604 0.0396396396396
0 0.19505033557 0.299099099099 0.0293624161074 0.0540540540541
0 0.239932885906 0.248648648649 0.0218120805369 0.0468468468468
0 0.278104026846 0.267567567568 0.0176174496644 0.0414414414414
0 0.296140939597 0.245045045045 0.0218120805369 0.0468468468468
0 0.282298657718 0.215315315315 0.0192953020134 0.0414414414414
0 0.325083892617 0.216216216216 0.0192953020134 0.0432432432432
0 0.346895973154 0.266666666667 0.0159395973154 0.0540540540541
0 0.338087248322 0.206306306306 0.0218120805369 0.0378378378378
0 0.365771812081 0.193693693694 0.0201342281879 0.0414414414414
0 0.372483221477 0.24954954955 0.0184563758389 0.045045045045
0 0.408976510067 0.201801801802 0.0192953020134 0.0432432432432
0 0.410234899329 0.168468468468 0.0167785234899 0.0378378378378
0 0.427013422819 0.163063063063 0.0167785234899 0.045045045045
0 0.416946308725 0.326126126126 0.0318791946309 0.0576576576577
0 0.450083892617 0.254054054054 0.0226510067114 0.0576576576577
0 0.465604026846 0.161261261261 0.0134228187919 0.0342342342342
0 0.472315436242 0.163963963964 0.0167785234899 0.0504504504505
0 0.469798657718 0.215315315315 0.0201342281879 0.0486486486486
0 0.498322147651 0.175675675676 0.0218120805369 0.0486486486486
0 0.507130872483 0.159459459459 0.0176174496644 0.0414414414414
0 0.513842281879 0.235135135135 0.0192953020134 0.0486486486486
0 0.544043624161 0.168468468468 0.0209731543624 0.045045045045
0 0.536493288591 0.138738738739 0.0159395973154 0.0324324324324
0 0.565855704698 0.136936936937 0.0159395973154 0.036036036036
0 0.557046979866 0.200900900901 0.0151006711409 0.045045045045
0 0.566694630872 0.172972972973 0.0159395973154 0.0396396396396
0 0.58389261745 0.122522522523 0.0167785234899 0.0324324324324
0 0.593540268456 0.156756756757 0.0176174496644 0.0396396396396
0 0.590184563758 0.195495495495 0.0159395973154 0.0378378378378
0 0.609479865772 0.201801801802 0.0176174496644 0.0468468468468
0 0.617869127517 0.12972972973 0.0142617449664 0.0396396396396
0 0.633808724832 0.153153153153 0.0142617449664 0.0432432432432
0 0.645134228188 0.127027027027 0.0134228187919 0.0414414414414
0 0.679110738255 0.132432432432 0.0142617449664 0.0342342342342
0 0.67533557047 0.163963963964 0.0167785234899 0.0396396396396
0 0.704697986577 0.158558558559 0.0151006711409 0.036036036036
0 0.646812080537 0.181981981982 0.0134228187919 0.0396396396396
0 0.642617449664 0.268468468468 0.0251677852349 0.0648648648649
0 0.698406040268 0.215315315315 0.0159395973154 0.045045045045
0 0.722734899329 0.224324324324 0.0176174496644 0.045045045045
0 0.73322147651 0.234234234234 0.0151006711409 0.0540540540541
0 0.716023489933 0.27027027027 0.0209731543624 0.0504504504505
0 0.743708053691 0.299099099099 0.0209731543624 0.0504504504505
0 0.75 0.207207207207 0.0151006711409 0.0432432432432
0 0.767197986577 0.189189189189 0.0142617449664 0.0396396396396
0 0.773909395973 0.215315315315 0.0209731543624 0.0414414414414
0 0.804530201342 0.190990990991 0.0167785234899 0.0324324324324
0 0.810822147651 0.230630630631 0.0176174496644 0.0432432432432
0 0.824244966443 0.218918918919 0.0142617449664 0.0414414414414
0 0.785654362416 0.265765765766 0.0192953020134 0.0558558558559
0 0.810402684564 0.310810810811 0.0201342281879 0.0630630630631
0 0.604446308725 0.298198198198 0.0260067114094 0.0594594594595
0 0.558305369128 0.351351351351 0.0293624161074 0.0576576576577
0 0.588926174497 0.386486486486 0.0285234899329 0.0666666666667
0 0.648489932886 0.418018018018 0.0335570469799 0.0612612612613
0 0.720218120805 0.411711711712 0.0343959731544 0.0702702702703
0 0.787751677852 0.484684684685 0.0318791946309 0.0936936936937
0 0.864093959732 0.236936936937 0.0151006711409 0.0414414414414
0 0.887583892617 0.28018018018 0.0151006711409 0.045045045045
0 0.880453020134 0.25045045045 0.0142617449664 0.0324324324324
0 0.90394295302 0.242342342342 0.0142617449664 0.0414414414414
0 0.89932885906 0.266666666667 0.0151006711409 0.0432432432432
0 0.933305369128 0.28018018018 0.0125838926174 0.0486486486486
0 0.864513422819 0.327927927928 0.0176174496644 0.0504504504505
0 0.854865771812 0.353153153153 0.0184563758389 0.0504504504505
0 0.877097315436 0.452252252252 0.0226510067114 0.0684684684685
0 0.857382550336 0.523423423423 0.0268456375839 0.0918918918919
0 0.957214765101 0.482882882883 0.0218120805369 0.0792792792793
0 0.949244966443 0.405405405405 0.0209731543624 0.0684684684685
0 0.939177852349 0.346846846847 0.0209731543624 0.0594594594595
0 0.953439597315 0.254054054054 0.0159395973154 0.0432432432432
0 0.988674496644 0.298198198198 0.0159395973154 0.0522522522523
0 0.97860738255 0.323423423423 0.0125838926174 0.0486486486486
0 0.968540268456 0.335135135135 0.0159395973154 0.0540540540541
0 0.973154362416 0.38018018018 0.0201342281879 0.0576576576577
