0 0.816857440166 0.391544117647 0.0395421436004 0.0919117647059
0 0.871488033299 0.256433823529 0.0197710718002 0.0496323529412
0 0.828824141519 0.249080882353 0.0197710718002 0.0496323529412
0 0.758064516129 0.283088235294 0.0322580645161 0.0735294117647
0 0.730489073881 0.309742647059 0.0228928199792 0.0496323529412
0 0.561394380853 0.183823529412 0.0176899063476 0.0404411764706
0 0.624349635796 0.204044117647 0.0187304890739 0.0404411764706
0 0.629032258065 0.235294117647 0.0197710718002 0.0477941176471
0 0.683142559834 0.181066176471 0.0176899063476 0.0422794117647
0 0.685744016649 0.204963235294 0.0187304890739 0.0459558823529
0 0.700832466181 0.257352941176 0.0239334027055 0.0588235294118
0 0.726326742976 0.193014705882 0.0166493236212 0.0367647058824
0 0.371488033299 0.165441176471 0.0145681581686 0.0294117647059
0 0.408949011446 0.157169117647 0.0166493236212 0.0386029411765
0 0.209677419355 0.319852941176 0.0364203954214 0.0992647058824
