0 0.20156555773 0.434325744308 0.041095890411 0.0805604203152
0 0.296477495108 0.23292469352 0.0234833659491 0.0385288966725
0 0.310665362035 0.231173380035 0.0225048923679 0.0350262697023
0 0.41095890411 0.246059544658 0.0195694716243 0.0437828371278
0 0.425636007828 0.159369527145 0.0215264187867 0.0385288966725
0 0.473091976517 0.156742556918 0.0166340508806 0.0402802101576
0 0.499510763209 0.151488616462 0.0166340508806 0.0367775831874
0 0.489236790607 0.177758318739 0.0195694716243 0.0332749562172
0 0.698140900196 0.0674255691769 0.0146771037182 0.0297723292469
0 0.557729941292 0.190893169877 0.0195694716243 0.0385288966725
0 0.63698630137 0.26357267951 0.027397260274 0.0507880910683
0 0.735322896282 0.23292469352 0.0185909980431 0.0525394045534
0 0.906066536204 0.201401050788 0.0176125244618 0.0350262697023
0 0.94324853229 0.209281961471 0.0176125244618 0.0367775831874
0 0.899706457926 0.233800350263 0.0225048923679 0.0402802101576
0 0.931506849315 0.259194395797 0.0195694716243 0.045534150613
0 0.430528375734 0.158493870403 0.0156555772994 0.0332749562172
