0 0.104948124501 0.536833855799 0.0470869912211 0.0956112852665
0 0.203910614525 0.263322884013 0.0183559457302 0.0376175548589
0 0.231843575419 0.280564263323 0.0167597765363 0.0407523510972
0 0.275339185954 0.236677115987 0.0159616919393 0.0313479623824
0 0.307661612131 0.23275862069 0.0167597765363 0.0423197492163
0 0.334397446129 0.228056426332 0.0159616919393 0.0360501567398
0 0.316440542698 0.199843260188 0.0167597765363 0.0329153605016
0 0.354349561053 0.208463949843 0.0143655227454 0.0344827586207
0 0.37110933759 0.257053291536 0.0143655227454 0.0407523510972
0 0.400239425379 0.234326018809 0.0135674381484 0.0391849529781
0 0.44213886672 0.295454545455 0.0191540303272 0.0423197492163
0 0.3683160415 0.19670846395 0.0151636073424 0.0266457680251
0 0.402234636872 0.181034482759 0.0127693535515 0.0266457680251
0 0.42378292099 0.168495297806 0.0127693535515 0.0235109717868
0 0.432561851556 0.192789968652 0.0159616919393 0.0313479623824
0 0.470071827614 0.253918495298 0.0159616919393 0.0376175548589
0 0.446927374302 0.167711598746 0.0127693535515 0.0282131661442
0 0.464884277733 0.147335423197 0.0119712689545 0.0219435736677
0 0.480047885076 0.173197492163 0.0135674381484 0.0329153605016
0 0.496009577015 0.152037617555 0.0135674381484 0.0313479623824
0 0.498802873105 0.202978056426 0.0143655227454 0.0360501567398
0 0.549481245012 0.218652037618 0.0183559457302 0.0329153605016
0 0.528731045491 0.163793103448 0.0135674381484 0.0329153605016
0 0.553870710295 0.163009404389 0.0127693535515 0.0313479623824
0 0.556664006385 0.137931034483 0.0151636073424 0.0313479623824
0 0.574620909816 0.137147335423 0.0127693535515 0.0329153605016
0 0.580207501995 0.204545454545 0.0143655227454 0.0329153605016
0 0.615323224262 0.194357366771 0.0143655227454 0.0313479623824
0 0.599361532322 0.127742946708 0.0143655227454 0.0329153605016
0 0.621308858739 0.131661442006 0.0119712689545 0.0282131661442
0 0.622106943336 0.164576802508 0.0167597765363 0.025078369906
0 0.645650438947 0.141849529781 0.0111731843575 0.0297805642633
0 0.657621707901 0.153605015674 0.0127693535515 0.0282131661442
0 0.662410215483 0.182601880878 0.0143655227454 0.0297805642633
0 0.690742218675 0.165360501567 0.0151636073424 0.0360501567398
0 0.692737430168 0.137147335423 0.0127693535515 0.0297805642633
0 0.710694333599 0.154388714734 0.0183559457302 0.0391849529781
0 0.663607342378 0.235893416928 0.0215482841181 0.0454545454545
0 0.618116520351 0.284482758621 0.0199521149242 0.0454545454545
0 0.560255387071 0.336990595611 0.0191540303272 0.0470219435737
0 0.609337589785 0.363636363636 0.0263367916999 0.0564263322884
0 0.657621707901 0.394984326019 0.025538707103 0.0501567398119
0 0.727055067837 0.387147335423 0.023942537909 0.0626959247649
0 0.715482841181 0.260971786834 0.0183559457302 0.0454545454545
0 0.71588188348 0.213166144201 0.0143655227454 0.0407523510972
0 0.754189944134 0.223354231975 0.0143655227454 0.0360501567398
0 0.763766959298 0.194357366771 0.0111731843575 0.0282131661442
0 0.775738228252 0.177115987461 0.0127693535515 0.025078369906
0 0.780526735834 0.205329153605 0.0159616919393 0.0282131661442
0 0.764565043895 0.276645768025 0.0143655227454 0.0360501567398
0 0.795690343176 0.257836990596 0.0143655227454 0.0454545454545
0 0.817637669593 0.295454545455 0.0167597765363 0.051724137931
0 0.817238627294 0.246081504702 0.0143655227454 0.0407523510972
0 0.811252992817 0.192006269592 0.0151636073424 0.0360501567398
0 0.831205107741 0.208463949843 0.0135674381484 0.0376175548589
0 0.872705506784 0.23197492163 0.0119712689545 0.0376175548589
0 0.880287310455 0.217084639498 0.0111731843575 0.0329153605016
0 0.891061452514 0.271943573668 0.0151636073424 0.0454545454545
0 0.904628890662 0.235893416928 0.0119712689545 0.0329153605016
0 0.800877893057 0.44670846395 0.0231444533121 0.0564263322884
0 0.864724660814 0.50078369906 0.0263367916999 0.0611285266458
0 0.87110933759 0.402821316614 0.0199521149242 0.0564263322884
0 0.862729449322 0.342476489028 0.0175578611333 0.0485893416928
0 0.924581005587 0.319749216301 0.0151636073424 0.0501567398119
0 0.948922585794 0.369905956113 0.0175578611333 0.0501567398119
0 0.959696727853 0.420062695925 0.0199521149242 0.0470219435737
0 0.977653631285 0.358150470219 0.0127693535515 0.0423197492163
0 0.975259377494 0.325235109718 0.0111731843575 0.0266457680251
0 0.981245011971 0.296238244514 0.00877893056664 0.0313479623824
0 0.985235434956 0.260971786834 0.0103750997606 0.0297805642633
0 0.945331205108 0.239028213166 0.0135674381484 0.0360501567398
0 0.930566640064 0.266457680251 0.0143655227454 0.0344827586207
