0 0.205220522052 0.482677165354 0.0522052205221 0.0992125984252
0 0.29702970297 0.466929133858 0.048604860486 0.0992125984252
0 0.303780378038 0.176377952756 0.018901890189 0.0377952755906
0 0.38298829883 0.173228346457 0.018901890189 0.0409448818898
0 0.399189918992 0.106299212598 0.013501350135 0.0299212598425
0 0.420342034203 0.162992125984 0.016201620162 0.0299212598425
0 0.448694869487 0.171653543307 0.015301530153 0.0314960629921
0 0.479747974797 0.184251968504 0.019801980198 0.0314960629921
0 0.495949594959 0.154330708661 0.014401440144 0.0314960629921
0 0.51800180018 0.151968503937 0.015301530153 0.0330708661417
0 0.540054005401 0.166141732283 0.016201620162 0.0330708661417
0 0.572457245725 0.159842519685 0.01800180018 0.0330708661417
0 0.762376237624 0.11968503937 0.01800180018 0.0377952755906
