0 0.225024248303 0.397905759162 0.0465567410281 0.0942408376963
0 0.281280310378 0.224258289703 0.015518913676 0.043630017452
0 0.311833171678 0.213787085515 0.0184287099903 0.0331588132635
0 0.316682832202 0.232984293194 0.0184287099903 0.0401396160558
0 0.33268671193 0.1815008726 0.0135790494665 0.0349040139616
0 0.363724539282 0.186736474695 0.0174587778855 0.0418848167539
0 0.376333656644 0.174520069808 0.0135790494665 0.0279232111693
0 0.396702230844 0.162303664921 0.0213385063046 0.0244328097731
0 0.388457807953 0.201570680628 0.0184287099903 0.0366492146597
0 0.355965082444 0.246945898778 0.0193986420951 0.043630017452
0 0.406401551891 0.231239092496 0.0213385063046 0.0366492146597
0 0.419010669253 0.249563699825 0.0232783705141 0.0453752181501
0 0.416585838991 0.183246073298 0.0184287099903 0.0314136125654
0 0.422890397672 0.157068062827 0.0135790494665 0.0279232111693
0 0.443743937924 0.191972076789 0.0184287099903 0.0349040139616
0 0.445198836081 0.147469458988 0.011639185257 0.0296684118674
0 0.464597478177 0.134380453752 0.0135790494665 0.0279232111693
0 0.467022308438 0.157068062827 0.0145489815713 0.0314136125654
0 0.478661493695 0.196335078534 0.0184287099903 0.043630017452
0 0.478176527643 0.178010471204 0.015518913676 0.0314136125654
0 0.494665373424 0.146596858639 0.0135790494665 0.0314136125654
0 0.499030067895 0.118673647469 0.00872938894277 0.0244328097731
0 0.5101842871 0.130017452007 0.0213385063046 0.0296684118674
0 0.519398642095 0.170157068063 0.0164888457808 0.0296684118674
0 0.5305528613 0.147469458988 0.015518913676 0.0331588132635
0 0.546556741028 0.150959860384 0.0145489815713 0.0331588132635
0 0.543646944714 0.125654450262 0.0145489815713 0.0314136125654
0 0.563045586809 0.143106457243 0.0126091173618 0.0349040139616
0 0.572259941804 0.115183246073 0.0135790494665 0.0279232111693
0 0.59990300679 0.113438045375 0.0145489815713 0.0279232111693
0 0.604752667313 0.126527050611 0.0164888457808 0.0331588132635
0 0.619301648885 0.132635253054 0.0145489815713 0.0349040139616
0 0.627061105723 0.115183246073 0.0145489815713 0.0383944153578
0 0.640155189137 0.110820244328 0.0135790494665 0.0296684118674
0 0.649854510184 0.116928446771 0.0135790494665 0.0349040139616
0 0.675072744908 0.122164048866 0.0135790494665 0.0349040139616
0 0.680892337536 0.107329842932 0.011639185257 0.0261780104712
0 0.700775945684 0.106457242583 0.0145489815713 0.0279232111693
0 0.671193016489 0.174520069808 0.0174587778855 0.0349040139616
0 0.640155189137 0.152705061082 0.0193986420951 0.0366492146597
0 0.578079534433 0.166666666667 0.0193986420951 0.0366492146597
0 0.554801163919 0.184991273997 0.0193986420951 0.0349040139616
0 0.745877788555 0.125654450262 0.0135790494665 0.0349040139616
0 0.730843840931 0.14572425829 0.0164888457808 0.0331588132635
0 0.732783705141 0.174520069808 0.0184287099903 0.0349040139616
0 0.748787584869 0.192844677138 0.0193986420951 0.0401396160558
0 0.706595538312 0.185863874346 0.0184287099903 0.0331588132635
0 0.716779825412 0.241710296684 0.0232783705141 0.0471204188482
0 0.661493695441 0.239965095986 0.0193986420951 0.043630017452
0 0.672162948594 0.272251308901 0.0213385063046 0.0523560209424
0 0.614451988361 0.24520069808 0.0242483026188 0.0575916230366
0 0.612997090204 0.212041884817 0.0193986420951 0.0366492146597
0 0.558195926285 0.233856893543 0.0300678952473 0.0558464223386
0 0.656644034918 0.34554973822 0.0310378273521 0.0698080279232
0 0.742483026188 0.376963350785 0.0339476236663 0.0663176265271
0 0.754607177498 0.246073298429 0.0213385063046 0.0523560209424
0 0.792919495635 0.287085514834 0.0223084384093 0.0541012216405
0 0.833656644035 0.257417102967 0.0203685741998 0.0471204188482
0 0.84287099903 0.21815008726 0.0193986420951 0.0418848167539
0 0.816197866149 0.185863874346 0.0145489815713 0.0366492146597
0 0.796799224054 0.203315881326 0.0203685741998 0.0366492146597
0 0.784190106693 0.163176265271 0.0126091173618 0.0331588132635
0 0.77546071775 0.144851657941 0.0145489815713 0.0244328097731
0 0.777885548012 0.130017452007 0.011639185257 0.0296684118674
0 0.804558680892 0.142233856894 0.0126091173618 0.0331588132635
0 0.819592628516 0.138743455497 0.011639185257 0.0331588132635
0 0.838506304559 0.165794066318 0.0184287099903 0.0418848167539
0 0.868089233754 0.164921465969 0.0135790494665 0.043630017452
0 0.885063045587 0.234729493892 0.0184287099903 0.0541012216405
0 0.916585838991 0.249563699825 0.015518913676 0.0558464223386
0 0.935499515034 0.210296684119 0.0145489815713 0.043630017452
0 0.951988360815 0.227748691099 0.0145489815713 0.0401396160558
0 0.901551891368 0.198952879581 0.0145489815713 0.0314136125654
0 0.904946653734 0.153577661431 0.011639185257 0.0279232111693
0 0.915615906887 0.334205933682 0.0232783705141 0.0575916230366
