0 0.199057714959 0.349372384937 0.0447585394582 0.0878661087866
0 0.299175500589 0.240585774059 0.0141342756184 0.0292887029289
0 0.316843345112 0.22280334728 0.0117785630153 0.0271966527197
0 0.340989399293 0.229079497908 0.0153121319199 0.0313807531381
0 0.34628975265 0.261506276151 0.0164899882214 0.0334728033473
0 0.378091872792 0.221757322176 0.0164899882214 0.0334728033473
0 0.382803297998 0.200836820084 0.0188457008245 0.0251046025105
0 0.421083627797 0.18410041841 0.0153121319199 0.0251046025105
0 0.439340400471 0.192468619247 0.0141342756184 0.0251046025105
0 0.421672555948 0.216527196653 0.0164899882214 0.0313807531381
0 0.452885747939 0.220711297071 0.017667844523 0.0313807531381
0 0.425206124853 0.280334728033 0.0235571260306 0.0460251046025
0 0.464075382803 0.199790794979 0.0141342756184 0.0230125523013
0 0.452296819788 0.17050209205 0.0141342756184 0.0271966527197
0 0.475853945819 0.171548117155 0.0141342756184 0.0251046025105
0 0.497644287397 0.199790794979 0.0153121319199 0.0271966527197
0 0.513545347468 0.21129707113 0.0164899882214 0.0376569037657
0 0.468197879859 0.154811715481 0.0129564193168 0.0251046025105
0 0.482921083628 0.135983263598 0.0117785630153 0.0251046025105
0 0.521201413428 0.149581589958 0.0153121319199 0.0313807531381
0 0.541224970554 0.164225941423 0.0153121319199 0.0355648535565
0 0.566548881037 0.179916317992 0.0164899882214 0.0334728033473
0 0.573616018846 0.160041841004 0.0141342756184 0.0271966527197
0 0.553003533569 0.123430962343 0.0106007067138 0.0251046025105
0 0.583038869258 0.108786610879 0.0117785630153 0.0209205020921
0 0.608951707892 0.105648535565 0.00942285041225 0.0230125523013
0 0.604240282686 0.123430962343 0.0117785630153 0.0209205020921
0 0.614252061249 0.143305439331 0.0153121319199 0.0313807531381
0 0.636631330978 0.102510460251 0.0106007067138 0.0251046025105
0 0.63074204947 0.116108786611 0.0106007067138 0.0230125523013
0 0.653121319199 0.126569037657 0.0153121319199 0.0271966527197
0 0.610129564193 0.208158995816 0.0188457008245 0.0397489539749
0 0.557126030624 0.251046025105 0.0212014134276 0.0418410041841
0 0.597762073027 0.26359832636 0.020023557126 0.0460251046025
0 0.540047114252 0.307531380753 0.0247349823322 0.0543933054393
0 0.48468786808 0.309623430962 0.0270906949352 0.0502092050209
0 0.598351001178 0.330543933054 0.0282685512367 0.0543933054393
0 0.655477031802 0.26359832636 0.0223792697291 0.0418410041841
0 0.667844522968 0.328451882845 0.0235571260306 0.0627615062762
0 0.709658421673 0.284518828452 0.0223792697291 0.0502092050209
0 0.706124852768 0.226987447699 0.0223792697291 0.0481171548117
0 0.655477031802 0.206066945607 0.020023557126 0.0439330543933
0 0.648998822144 0.177824267782 0.0164899882214 0.0292887029289
0 0.681978798587 0.103556485356 0.0141342756184 0.0355648535565
0 0.711425206125 0.143305439331 0.0141342756184 0.0313807531381
0 0.685512367491 0.182008368201 0.0164899882214 0.0418410041841
0 0.724381625442 0.166317991632 0.0141342756184 0.0313807531381
0 0.73851590106 0.191422594142 0.0188457008245 0.0523012552301
0 0.739104829211 0.150627615063 0.0129564193168 0.0292887029289
0 0.755594817432 0.167364016736 0.0153121319199 0.0376569037657
0 0.729681978799 0.123430962343 0.0129564193168 0.0292887029289
0 0.742638398115 0.114016736402 0.0129564193168 0.0313807531381
0 0.759128386337 0.134937238494 0.0129564193168 0.0313807531381
0 0.789752650177 0.138075313808 0.0106007067138 0.0334728033473
0 0.801531213192 0.137029288703 0.0106007067138 0.0313807531381
0 0.789752650177 0.177824267782 0.0153121319199 0.0460251046025
0 0.813309776207 0.173640167364 0.0129564193168 0.0334728033473
0 0.822143698469 0.144351464435 0.0117785630153 0.0334728033473
0 0.842167255595 0.157949790795 0.0141342756184 0.0355648535565
0 0.85394581861 0.140167364017 0.00942285041225 0.0209205020921
0 0.857479387515 0.153765690377 0.0141342756184 0.0313807531381
0 0.881625441696 0.165271966527 0.0129564193168 0.0292887029289
0 0.89222614841 0.140167364017 0.0106007067138 0.0292887029289
0 0.919316843345 0.160041841004 0.0129564193168 0.0355648535565
0 0.875736160188 0.195606694561 0.017667844523 0.0355648535565
0 0.909893992933 0.205020920502 0.017667844523 0.0418410041841
0 0.833922261484 0.192468619247 0.0141342756184 0.0334728033473
0 0.860424028269 0.232217573222 0.020023557126 0.0460251046025
0 0.904593639576 0.283472803347 0.0212014134276 0.0564853556485
0 0.760895170789 0.289748953975 0.0235571260306 0.0564853556485
