0 0.07651434644 0.274714828897 0.0233793836344 0.0513307984791
0 0.276833156217 0.219581749049 0.0159404888417 0.0361216730038
0 0.310308182784 0.218631178707 0.0170031880978 0.0342205323194
0 0.326780021254 0.180608365019 0.0159404888417 0.0380228136882
0 0.329436769394 0.222433460076 0.0170031880978 0.0342205323194
0 0.34962805526 0.191064638783 0.0170031880978 0.0285171102662
0 0.348034006376 0.222433460076 0.0180658873539 0.0380228136882
0 0.371944739639 0.192015209125 0.0148777895855 0.0304182509506
0 0.369819341126 0.234790874525 0.01912858661 0.0399239543726
0 0.377789585547 0.164448669202 0.0138150903294 0.0247148288973
0 0.392136025505 0.194866920152 0.0170031880978 0.0361216730038
0 0.398512221041 0.164448669202 0.0148777895855 0.0399239543726
0 0.420297555792 0.150190114068 0.0138150903294 0.0266159695817
0 0.438894792774 0.158745247148 0.0127523910733 0.0285171102662
0 0.416578108395 0.192965779468 0.0170031880978 0.032319391635
0 0.40170031881 0.231939163498 0.01912858661 0.041825095057
0 0.438363443146 0.245247148289 0.0201912858661 0.041825095057
0 0.443676939426 0.189163498099 0.0159404888417 0.032319391635
0 0.456429330499 0.20247148289 0.0180658873539 0.0437262357414
0 0.478746014878 0.145437262357 0.0116896918172 0.032319391635
0 0.484590860786 0.132129277567 0.0127523910733 0.0247148288973
0 0.490435706695 0.152091254753 0.0116896918172 0.0304182509506
0 0.497874601488 0.125475285171 0.0116896918172 0.0304182509506
0 0.505844845909 0.144486692015 0.0148777895855 0.0342205323194
0 0.49734325186 0.175855513308 0.0148777895855 0.0361216730038
0 0.52178533475 0.171102661597 0.0148777895855 0.0304182509506
0 0.517003188098 0.127376425856 0.0138150903294 0.0228136882129
0 0.533475026567 0.152091254753 0.0148777895855 0.0304182509506
0 0.546758767269 0.115019011407 0.0138150903294 0.0285171102662
0 0.546758767269 0.131178707224 0.0138150903294 0.0304182509506
0 0.56004250797 0.152091254753 0.0170031880978 0.0304182509506
0 0.55472901169 0.182509505703 0.0170031880978 0.0380228136882
0 0.570669500531 0.133079847909 0.0148777895855 0.0304182509506
0 0.592454835282 0.147338403042 0.0138150903294 0.0285171102662
0 0.601487778959 0.154942965779 0.0127523910733 0.032319391635
0 0.588204038257 0.132129277567 0.0159404888417 0.0247148288973
0 0.601487778959 0.117870722433 0.00850159404888 0.0228136882129
0 0.609458023379 0.121673003802 0.0138150903294 0.0342205323194
0 0.619553666312 0.125475285171 0.0127523910733 0.0304182509506
0 0.636025504782 0.11216730038 0.0116896918172 0.0266159695817
0 0.652497343252 0.104562737643 0.00850159404888 0.0228136882129
0 0.660998937301 0.115969581749 0.0127523910733 0.0304182509506
0 0.680127523911 0.105513307985 0.0127523910733 0.0285171102662
0 0.701912858661 0.107414448669 0.0138150903294 0.0285171102662
0 0.676408076514 0.12927756654 0.0138150903294 0.0304182509506
0 0.637619553666 0.150190114068 0.0148777895855 0.0304182509506
0 0.756110520723 0.12927756654 0.0138150903294 0.0342205323194
0 0.777364505845 0.124524714829 0.0116896918172 0.0171102661597
0 0.783209351753 0.136882129278 0.0127523910733 0.0228136882129
0 0.799681190223 0.133079847909 0.0138150903294 0.0228136882129
0 0.819872476089 0.141634980989 0.0116896918172 0.0285171102662
0 0.835281615303 0.153041825095 0.0148777895855 0.0285171102662
0 0.850159404888 0.149239543726 0.0106269925611 0.0247148288973
0 0.869819341126 0.162547528517 0.0138150903294 0.0361216730038
0 0.906482465462 0.144486692015 0.0127523910733 0.0342205323194
0 0.942082890542 0.18536121673 0.0138150903294 0.0247148288973
0 0.943145589798 0.236692015209 0.0159404888417 0.0361216730038
0 0.918703506908 0.255703422053 0.0180658873539 0.0399239543726
0 0.909670563231 0.31463878327 0.0255047821467 0.0627376425856
0 0.883634431456 0.226235741445 0.0180658873539 0.0456273764259
0 0.894261424017 0.201520912548 0.0159404888417 0.041825095057
0 0.826248671626 0.170152091255 0.0138150903294 0.0361216730038
0 0.790648246546 0.163498098859 0.0127523910733 0.0266159695817
0 0.730074388948 0.142585551331 0.0148777895855 0.0304182509506
0 0.732731137088 0.16825095057 0.0159404888417 0.0361216730038
0 0.713602550478 0.184410646388 0.0159404888417 0.041825095057
0 0.660998937301 0.179657794677 0.0148777895855 0.0361216730038
0 0.618490967056 0.20247148289 0.01912858661 0.0437262357414
0 0.588204038257 0.225285171103 0.0180658873539 0.0399239543726
0 0.63655685441 0.249049429658 0.0276301806589 0.0494296577947
0 0.678002125399 0.219581749049 0.0170031880978 0.0399239543726
0 0.686503719447 0.255703422053 0.0212539851222 0.0475285171103
0 0.691817215728 0.309885931559 0.0318809776833 0.06463878327
0 0.744952178533 0.381178707224 0.0318809776833 0.0627376425856
0 0.790116896918 0.28897338403 0.0223166843783 0.0570342205323
0 0.766737513284 0.24144486692 0.0201912858661 0.0494296577947
0 0.72954303932 0.231939163498 0.0201912858661 0.0456273764259
0 0.750797024442 0.192965779468 0.0159404888417 0.0361216730038
0 0.794899043571 0.200570342205 0.01912858661 0.0361216730038
0 0.817215727949 0.198669201521 0.0170031880978 0.0285171102662
0 0.836875664187 0.213878326996 0.0180658873539 0.0399239543726
0 0.850690754516 0.211977186312 0.0138150903294 0.032319391635
0 0.862911795962 0.178707224335 0.0148777895855 0.0380228136882
0 0.824123273114 0.259505703422 0.0223166843783 0.0513307984791
