0 0.131750465549 0.27868852459 0.0158286778399 0.0327868852459
0 0.215083798883 0.459836065574 0.0428305400372 0.0934426229508
0 0.255121042831 0.425409836066 0.0409683426443 0.1
0 0.344972067039 0.252459016393 0.0195530726257 0.0360655737705
0 0.366852886406 0.259016393443 0.0167597765363 0.0393442622951
0 0.424115456238 0.285245901639 0.0195530726257 0.0360655737705
0 0.43947858473 0.233606557377 0.0186219739292 0.0344262295082
0 0.417132216015 0.227868852459 0.0204841713222 0.0295081967213
0 0.446927374302 0.190163934426 0.0148975791434 0.0327868852459
0 0.471601489758 0.198360655738 0.0176908752328 0.0360655737705
0 0.456238361266 0.153278688525 0.0111731843575 0.0213114754098
0 0.46834264432 0.148360655738 0.0130353817505 0.0245901639344
0 0.475791433892 0.16393442623 0.0111731843575 0.0229508196721
0 0.480912476723 0.126229508197 0.0102420856611 0.0229508196721
0 0.512569832402 0.158196721311 0.0158286778399 0.0311475409836
0 0.526070763501 0.140163934426 0.0148975791434 0.0311475409836
0 0.554934823091 0.149180327869 0.0130353817505 0.0262295081967
0 0.572160148976 0.154098360656 0.0139664804469 0.0262295081967
0 0.534916201117 0.195901639344 0.0176908752328 0.0344262295082
0 0.55260707635 0.0606557377049 0.012104283054 0.0229508196721
0 0.610800744879 0.0532786885246 0.0111731843575 0.0180327868852
0 0.504189944134 0.290163934426 0.0270018621974 0.055737704918
0 0.648510242086 0.251639344262 0.0232774674115 0.0475409836066
0 0.712290502793 0.289344262295 0.0279329608939 0.0508196721311
0 0.756983240223 0.296721311475 0.0279329608939 0.0524590163934
0 0.870111731844 0.231147540984 0.0176908752328 0.0393442622951
0 0.795623836127 0.191803278689 0.0139664804469 0.0295081967213
0 0.754189944134 0.179508196721 0.0167597765363 0.0344262295082
0 0.743482309125 0.152459016393 0.0158286778399 0.0262295081967
0 0.729981378026 0.159836065574 0.0148975791434 0.0377049180328
0 0.678305400372 0.163114754098 0.0158286778399 0.0311475409836
0 0.706238361266 0.145081967213 0.0139664804469 0.0311475409836
0 0.809590316574 0.132786885246 0.0139664804469 0.0295081967213
