0 0.330124575311 0.147410358566 0.0215175537939 0.0398406374502
0 0.386749716874 0.123505976096 0.0169875424689 0.0278884462151
0 0.416761041903 0.219123505976 0.0181200453001 0.0358565737052
0 0.451868629672 0.23406374502 0.0203850509626 0.0378486055777
0 0.550962627407 0.174302788845 0.0169875424689 0.0298804780876
0 0.56342015855 0.18625498008 0.0169875424689 0.0418326693227
0 0.619479048698 0.138446215139 0.0135900339751 0.0298804780876
0 0.637032842582 0.125498007968 0.0169875424689 0.0318725099602
0 0.673272933182 0.1703187251 0.0147225368063 0.0298804780876
0 0.680634201586 0.22609561753 0.0203850509626 0.0458167330677
0 0.631370328426 0.220119521912 0.0192525481314 0.0418326693227
0 0.624575311438 0.271912350598 0.0237825594564 0.0498007968127
0 0.688561721404 0.299800796813 0.0271800679502 0.0498007968127
0 0.63080407701 0.317729083665 0.0294450736127 0.0577689243028
0 0.938844847112 0.241035856574 0.0203850509626 0.0478087649402
