0 0.0683317624882 0.51738410596 0.0424128180961 0.091059602649
0 0.274740810556 0.265728476821 0.0179076343073 0.0347682119205
0 0.282280867107 0.238410596026 0.0179076343073 0.0364238410596
0 0.316211121583 0.240066225166 0.0197926484449 0.0397350993377
0 0.330348727615 0.222682119205 0.0197926484449 0.0380794701987
0 0.341187558907 0.25 0.0188501413761 0.0430463576159
0 0.373232799246 0.271523178808 0.0188501413761 0.0397350993377
0 0.390197926484 0.282284768212 0.0245051837889 0.044701986755
0 0.359095193214 0.227649006623 0.0169651272385 0.0413907284768
0 0.370876531574 0.240066225166 0.0160226201697 0.0264900662252
0 0.379830348728 0.230960264901 0.0150801131008 0.0314569536424
0 0.375589066918 0.192052980132 0.014137606032 0.0298013245033
0 0.390669180019 0.183774834437 0.0179076343073 0.0331125827815
0 0.411875589067 0.19619205298 0.0169651272385 0.0380794701987
0 0.430254476909 0.240894039735 0.0216776625825 0.0480132450331
0 0.444392082941 0.179635761589 0.0179076343073 0.0413907284768
0 0.462770970782 0.198675496689 0.0188501413761 0.0364238410596
0 0.469839773798 0.240894039735 0.0235626767201 0.0413907284768
0 0.467483506126 0.141556291391 0.0150801131008 0.0314569536424
0 0.483506126296 0.135761589404 0.0131950989632 0.0298013245033
0 0.485862393968 0.159768211921 0.0160226201697 0.0347682119205
0 0.491988689915 0.201158940397 0.0207351555137 0.0413907284768
0 0.505655042413 0.166390728477 0.0160226201697 0.0380794701987
0 0.524033930254 0.216887417219 0.0245051837889 0.0496688741722
0 0.537229029218 0.168046357616 0.0169651272385 0.044701986755
0 0.54712535344 0.158112582781 0.0160226201697 0.0347682119205
0 0.56314797361 0.164735099338 0.0216776625825 0.044701986755
0 0.567389255419 0.119205298013 0.0150801131008 0.0364238410596
0 0.587653157399 0.146523178808 0.014137606032 0.0314569536424
0 0.610744580584 0.145695364238 0.0150801131008 0.0331125827815
0 0.595664467484 0.120860927152 0.0131950989632 0.0264900662252
0 0.614985862394 0.118377483444 0.0103675777568 0.0281456953642
0 0.638548539114 0.144039735099 0.0179076343073 0.0364238410596
0 0.642318567389 0.118377483444 0.0197926484449 0.0347682119205
0 0.485391140434 0.312913907285 0.0339302544769 0.0629139072848
0 0.544769085768 0.306291390728 0.0301602262017 0.0695364238411
0 0.590009425071 0.221026490066 0.0245051837889 0.0579470198675
0 0.618284637135 0.208609271523 0.0207351555137 0.046357615894
0 0.607917059378 0.254139072848 0.0263901979265 0.0546357615894
0 0.616399622997 0.317880794702 0.0377002827521 0.0629139072848
0 0.664467483506 0.257450331126 0.0263901979265 0.0612582781457
0 0.650801131008 0.216059602649 0.0235626767201 0.0480132450331
0 0.667766258247 0.179635761589 0.0197926484449 0.0413907284768
0 0.688972667295 0.144867549669 0.0169651272385 0.0347682119205
0 0.696041470311 0.181291390728 0.0197926484449 0.0413907284768
0 0.696512723845 0.218543046358 0.0226201696513 0.0496688741722
0 0.736098020735 0.199503311258 0.0188501413761 0.044701986755
0 0.725259189444 0.163907284768 0.0216776625825 0.0331125827815
0 0.711592836946 0.139900662252 0.0169651272385 0.0347682119205
0 0.734684260132 0.115894039735 0.0179076343073 0.0364238410596
0 0.753534401508 0.144039735099 0.0160226201697 0.0331125827815
0 0.764844486334 0.168874172185 0.0179076343073 0.0364238410596
0 0.77521206409 0.138245033113 0.0160226201697 0.0347682119205
0 0.789820923657 0.140728476821 0.0131950989632 0.0397350993377
0 0.808199811499 0.12582781457 0.0160226201697 0.0397350993377
0 0.834590009425 0.140728476821 0.0179076343073 0.0397350993377
0 0.815268614515 0.158112582781 0.0169651272385 0.0314569536424
0 0.801131008483 0.17880794702 0.0169651272385 0.0364238410596
0 0.779924599434 0.210264900662 0.0235626767201 0.0430463576159
0 0.759189443921 0.240066225166 0.0216776625825 0.0562913907285
0 0.721960414703 0.281456953642 0.0245051837889 0.0562913907285
0 0.772855796418 0.296357615894 0.0245051837889 0.0562913907285
0 0.839773798303 0.312086092715 0.0282752120641 0.067880794702
0 0.823279924599 0.224337748344 0.0235626767201 0.0480132450331
0 0.840245051838 0.187086092715 0.0160226201697 0.0397350993377
0 0.852968897267 0.16142384106 0.0150801131008 0.0380794701987
0 0.881715362865 0.25082781457 0.0254476908577 0.0513245033113
0 0.91753063148 0.271523178808 0.0273327049953 0.0529801324503
0 0.920829406221 0.225993377483 0.0207351555137 0.0480132450331
0 0.889255419416 0.206125827815 0.0179076343073 0.0480132450331
0 0.891611687088 0.175496688742 0.0169651272385 0.0331125827815
0 0.899622997172 0.155629139073 0.0160226201697 0.0397350993377
