0 0.936538461538 0.218641114983 0.0134615384615 0.0400696864111
0 0.887980769231 0.223867595819 0.0144230769231 0.0435540069686
0 0.927884615385 0.275261324042 0.0173076923077 0.0522648083624
0 0.924038461538 0.329268292683 0.0230769230769 0.0592334494774
0 0.905288461538 0.412891986063 0.0317307692308 0.0766550522648
0 0.870192307692 0.270034843206 0.0173076923077 0.0522648083624
0 0.843269230769 0.316202090592 0.0211538461538 0.0644599303136
0 0.824038461538 0.390243902439 0.0269230769231 0.0696864111498
0 0.822115384615 0.250871080139 0.0153846153846 0.0452961672474
0 0.800480769231 0.229965156794 0.0163461538462 0.0418118466899
0 0.782211538462 0.302264808362 0.0221153846154 0.0540069686411
0 0.767788461538 0.224738675958 0.0182692307692 0.0418118466899
0 0.795673076923 0.133275261324 0.0105769230769 0.0226480836237
0 0.799038461538 0.155923344948 0.0134615384615 0.0365853658537
0 0.734615384615 0.137630662021 0.0115384615385 0.0278745644599
0 0.760576923077 0.147212543554 0.0115384615385 0.0331010452962
0 0.758173076923 0.170731707317 0.0125 0.0383275261324
0 0.751442307692 0.188153310105 0.0182692307692 0.0418118466899
0 0.714903846154 0.185540069686 0.0163461538462 0.0435540069686
0 0.712980769231 0.224738675958 0.0182692307692 0.0452961672474
0 0.728365384615 0.283101045296 0.0221153846154 0.0574912891986
0 0.7625 0.36149825784 0.0288461538462 0.0783972125436
0 0.683653846154 0.249128919861 0.0192307692308 0.0557491289199
0 0.693269230769 0.302264808362 0.025 0.0609756097561
0 0.673557692308 0.175087108014 0.0144230769231 0.0365853658537
0 0.662019230769 0.0975609756098 0.00865384615385 0.0209059233449
0 0.694711538462 0.101916376307 0.00865384615385 0.0226480836237
0 0.694711538462 0.115853658537 0.0105769230769 0.0261324041812
0 0.714423076923 0.103658536585 0.00961538461538 0.0261324041812
0 0.639903846154 0.109756097561 0.0105769230769 0.0278745644599
0 0.653846153846 0.130662020906 0.0115384615385 0.0278745644599
0 0.645673076923 0.216898954704 0.0144230769231 0.0331010452962
0 0.628846153846 0.123693379791 0.0115384615385 0.0278745644599
0 0.617307692308 0.107142857143 0.00769230769231 0.0261324041812
0 0.594711538462 0.107142857143 0.00865384615385 0.0226480836237
0 0.583653846154 0.114982578397 0.00961538461538 0.0278745644599
0 0.608173076923 0.120209059233 0.0105769230769 0.0278745644599
0 0.625961538462 0.142857142857 0.0134615384615 0.0313588850174
0 0.590865384615 0.174216027875 0.0125 0.0383275261324
0 0.596153846154 0.149825783972 0.0115384615385 0.0278745644599
0 0.615865384615 0.251742160279 0.0221153846154 0.0574912891986
0 0.615865384615 0.320557491289 0.0259615384615 0.0592334494774
0 0.579807692308 0.231707317073 0.0173076923077 0.0487804878049
0 0.552403846154 0.293554006969 0.0240384615385 0.0644599303136
0 0.551442307692 0.118466898955 0.0125 0.0278745644599
0 0.515865384615 0.118466898955 0.0105769230769 0.0243902439024
0 0.528846153846 0.121080139373 0.00961538461538 0.0226480836237
0 0.512980769231 0.141986062718 0.0125 0.0296167247387
0 0.531730769231 0.151567944251 0.0153846153846 0.0313588850174
0 0.548557692308 0.141986062718 0.0125 0.0261324041812
0 0.558653846154 0.159407665505 0.0134615384615 0.0331010452962
0 0.563942307692 0.182055749129 0.0125 0.0365853658537
0 0.494230769231 0.130662020906 0.0115384615385 0.0243902439024
0 0.469711538462 0.141986062718 0.0144230769231 0.0261324041812
0 0.492307692308 0.142857142857 0.0153846153846 0.0278745644599
0 0.486538461538 0.170731707317 0.0134615384615 0.0383275261324
0 0.515865384615 0.185540069686 0.0163461538462 0.0400696864111
0 0.495192307692 0.220383275261 0.0173076923077 0.0435540069686
0 0.499519230769 0.286585365854 0.0221153846154 0.0574912891986
0 0.425961538462 0.1393728223 0.0115384615385 0.0278745644599
0 0.433653846154 0.161149825784 0.0115384615385 0.0331010452962
0 0.451442307692 0.164634146341 0.0125 0.0365853658537
0 0.412980769231 0.190766550523 0.0144230769231 0.0400696864111
0 0.431730769231 0.229965156794 0.0192307692308 0.0418118466899
0 0.355769230769 0.179442508711 0.0115384615385 0.0243902439024
0 0.38125 0.188153310105 0.0144230769231 0.0348432055749
0 0.365384615385 0.222996515679 0.0134615384615 0.0348432055749
0 0.377884615385 0.236933797909 0.0134615384615 0.0348432055749
0 0.388942307692 0.242160278746 0.0201923076923 0.0452961672474
0 0.338942307692 0.222996515679 0.0163461538462 0.0418118466899
0 0.281730769231 0.231707317073 0.0153846153846 0.0383275261324
0 0.178365384615 0.351045296167 0.0394230769231 0.0714285714286
