0 0.173913043478 0.500841750842 0.0502415458937 0.0791245791246
0 0.380676328502 0.265151515152 0.0289855072464 0.0521885521886
0 0.432850241546 0.271043771044 0.0289855072464 0.03367003367
0 0.459903381643 0.236531986532 0.0231884057971 0.0319865319865
0 0.426570048309 0.218855218855 0.0183574879227 0.037037037037
0 0.488888888889 0.318181818182 0.0309178743961 0.0538720538721
0 0.548309178744 0.356060606061 0.0260869565217 0.0488215488215
0 0.728502415459 0.131313131313 0.0193236714976 0.030303030303
0 0.760869565217 0.145622895623 0.024154589372 0.0353535353535
0 0.895652173913 0.217171717172 0.0231884057971 0.040404040404
