0 0.225075528701 0.374326750449 0.043303121853 0.0879712746858
0 0.324773413897 0.211849192101 0.0211480362538 0.032315978456
0 0.352970795569 0.197486535009 0.0151057401813 0.0359066427289
0 0.377139979859 0.189407540395 0.0171198388721 0.0341113105925
0 0.413897280967 0.174147217235 0.012084592145 0.0287253141831
0 0.428499496475 0.173249551167 0.0130916414904 0.0377019748654
0 0.441591137966 0.158886894075 0.0130916414904 0.0305206463196
0 0.462235649547 0.169658886894 0.0161127895267 0.0233393177738
0 0.476334340383 0.159784560144 0.0140986908359 0.032315978456
0 0.473816717019 0.207360861759 0.0191339375629 0.0341113105925
0 0.509063444109 0.185816876122 0.0191339375629 0.0305206463196
0 0.497482376636 0.139138240575 0.012084592145 0.0233393177738
0 0.530211480363 0.128366247756 0.0130916414904 0.0305206463196
0 0.528700906344 0.164272890485 0.0181268882175 0.0269299820467
0 0.538267875126 0.218132854578 0.0171198388721 0.0341113105925
0 0.60221550856 0.240574506284 0.02416918429 0.0430879712747
0 0.632930513595 0.215439856373 0.0151057401813 0.0359066427289
0 0.671198388721 0.228007181329 0.0211480362538 0.0359066427289
0 0.732628398792 0.23249551167 0.0211480362538 0.0341113105925
0 0.881168177241 0.278276481149 0.0261832829809 0.0466786355476
0 0.88469284995 0.234290843806 0.0151057401813 0.0412926391382
0 0.933534743202 0.259425493716 0.0221550855992 0.0341113105925
0 0.943101711984 0.228904847397 0.0171198388721 0.0377019748654
0 0.951158106747 0.177737881508 0.0191339375629 0.0359066427289
0 0.91641490433 0.174147217235 0.0161127895267 0.032315978456
0 0.889224572004 0.157989228007 0.0140986908359 0.032315978456
0 0.860020140987 0.149910233393 0.012084592145 0.0233393177738
0 0.864551863041 0.198384201077 0.0171198388721 0.0448833034111
0 0.829305135952 0.140933572711 0.0171198388721 0.0341113105925
0 0.799597180262 0.137342908438 0.0140986908359 0.0269299820467
0 0.813695871098 0.165170556553 0.0140986908359 0.032315978456
0 0.831319234642 0.187612208259 0.0171198388721 0.0341113105925
0 0.804128902316 0.206463195691 0.0151057401813 0.0359066427289
0 0.781470292044 0.153500897666 0.0140986908359 0.0305206463196
0 0.767875125881 0.142728904847 0.0151057401813 0.0305206463196
0 0.750755287009 0.15170556553 0.0151057401813 0.0377019748654
0 0.742195367573 0.182226211849 0.0181268882175 0.0305206463196
0 0.709466263847 0.122980251346 0.0151057401813 0.0197486535009
0 0.725579053374 0.147217235189 0.0151057401813 0.0287253141831
0 0.546827794562 0.191202872531 0.0161127895267 0.0269299820467
0 0.582578046324 0.187612208259 0.0151057401813 0.0269299820467
0 0.610271903323 0.168761220826 0.012084592145 0.0287253141831
0 0.598187311178 0.138240574506 0.0140986908359 0.0251346499102
0 0.625881168177 0.110412926391 0.0110775427996 0.0233393177738
0 0.629909365559 0.133752244165 0.0151057401813 0.0233393177738
0 0.66163141994 0.191202872531 0.0181268882175 0.0269299820467
0 0.72306143001 0.185816876122 0.0140986908359 0.0305206463196
0 0.707955689829 0.174147217235 0.0161127895267 0.0359066427289
0 0.678751258812 0.109515260323 0.0100704934542 0.0251346499102
0 0.668680765358 0.145421903052 0.0161127895267 0.032315978456
0 0.58358509567 0.124775583483 0.0171198388721 0.0269299820467
0 0.429506545821 0.15170556553 0.0130916414904 0.0305206463196
0 0.471299093656 0.138240574506 0.0140986908359 0.0251346499102
0 0.502014098691 0.163375224417 0.0130916414904 0.0287253141831
0 0.57804632427 0.150807899461 0.0140986908359 0.0287253141831
0 0.596173212487 0.165170556553 0.0140986908359 0.032315978456
0 0.54279959718 0.150807899461 0.0161127895267 0.0287253141831
0 0.795065458207 0.188509874327 0.0151057401813 0.0359066427289
0 0.815709969789 0.204667863555 0.0140986908359 0.0359066427289
0 0.789023162135 0.175942549372 0.0130916414904 0.0287253141831
0 0.901812688822 0.209156193896 0.0151057401813 0.0377019748654
