0 0.920819490587 0.170923379175 0.0188261351052 0.0510805500982
0 0.946290143965 0.190569744597 0.0121816168328 0.0353634577603
0 0.796788482835 0.215127701375 0.0188261351052 0.0451866404715
0 0.81838316722 0.229862475442 0.0221483942414 0.0510805500982
0 0.609080841639 0.24557956778 0.0221483942414 0.0510805500982
0 0.527685492802 0.137524557957 0.0188261351052 0.0432220039293
0 0.577519379845 0.127701375246 0.0121816168328 0.0275049115914
0 0.46788482835 0.152259332024 0.0121816168328 0.0255402750491
0 0.490586932447 0.15815324165 0.0110741971207 0.0294695481336
0 0.405315614618 0.198428290766 0.0221483942414 0.0550098231827
0 0.361572535991 0.226915520629 0.0210409745293 0.049115913556
