0 0.208535402522 0.363321799308 0.0465567410281 0.076124567474
0 0.320562560621 0.237889273356 0.0203685741998 0.0363321799308
0 0.325412221145 0.210207612457 0.0184287099903 0.0363321799308
0 0.358874878758 0.199826989619 0.0174587778855 0.0363321799308
0 0.414645974782 0.208477508651 0.0203685741998 0.0363321799308
0 0.426770126091 0.187716262976 0.015518913676 0.0259515570934
0 0.419010669253 0.170415224913 0.015518913676 0.0259515570934
0 0.448593598448 0.215397923875 0.0145489815713 0.0397923875433
0 0.463627546072 0.190311418685 0.0174587778855 0.0346020761246
0 0.457807953443 0.156574394464 0.015518913676 0.0259515570934
0 0.477206595538 0.161764705882 0.0135790494665 0.0294117647059
0 0.502909796314 0.164359861592 0.0145489815713 0.0311418685121
0 0.484966052376 0.224048442907 0.0193986420951 0.0397923875433
0 0.477691561591 0.135813148789 0.0126091173618 0.0259515570934
0 0.506304558681 0.145328719723 0.011639185257 0.0242214532872
0 0.513579049467 0.131487889273 0.0126091173618 0.0242214532872
0 0.516973811833 0.14446366782 0.015518913676 0.0294117647059
0 0.532977691562 0.125432525952 0.0126091173618 0.0190311418685
0 0.537827352085 0.155709342561 0.0145489815713 0.0311418685121
0 0.551891367604 0.173010380623 0.0135790494665 0.0311418685121
0 0.559650824442 0.184256055363 0.0135790494665 0.0328719723183
0 0.555286129971 0.129757785467 0.0106692531523 0.0242214532872
0 0.576624636275 0.154844290657 0.0126091173618 0.0328719723183
0 0.595053346266 0.115916955017 0.0106692531523 0.0242214532872
0 0.607662463628 0.134083044983 0.0164888457808 0.0294117647059
0 0.59990300679 0.156574394464 0.0145489815713 0.0363321799308
0 0.588263821532 0.19723183391 0.0184287099903 0.0311418685121
0 0.622211445199 0.109861591696 0.0126091173618 0.022491349481
0 0.64694471387 0.108131487889 0.011639185257 0.022491349481
0 0.661493695441 0.113321799308 0.011639185257 0.0294117647059
0 0.689621726479 0.128892733564 0.011639185257 0.022491349481
0 0.703200775946 0.131487889273 0.015518913676 0.0346020761246
0 0.637245392823 0.136678200692 0.0135790494665 0.0276816608997
0 0.658583899127 0.146193771626 0.0135790494665 0.0259515570934
0 0.646459747818 0.153114186851 0.0145489815713 0.0294117647059
0 0.644034917556 0.209342560554 0.0213385063046 0.0415224913495
0 0.592628516004 0.242214532872 0.0232783705141 0.0519031141869
0 0.588748787585 0.275951557093 0.0252182347236 0.0501730103806
0 0.531037827352 0.286332179931 0.0261881668283 0.0570934256055
0 0.60814742968 0.321799307958 0.0329776915616 0.0692041522491
0 0.639185257032 0.257785467128 0.0232783705141 0.0449826989619
0 0.672162948594 0.215397923875 0.0213385063046 0.0397923875433
0 0.679922405432 0.26384083045 0.0252182347236 0.0467128027682
0 0.698351115422 0.318339100346 0.0310378273521 0.0622837370242
0 0.751697381183 0.351211072664 0.0310378273521 0.0692041522491
0 0.828806983511 0.360726643599 0.0300678952473 0.0640138408304
0 0.898157129001 0.424740484429 0.0290979631426 0.0743944636678
0 0.914645974782 0.384083044983 0.0193986420951 0.0657439446367
0 0.846750727449 0.320934256055 0.0213385063046 0.0570934256055
0 0.792919495635 0.308823529412 0.0242483026188 0.0570934256055
0 0.811833171678 0.273356401384 0.0232783705141 0.0588235294118
0 0.874393792435 0.300173010381 0.0203685741998 0.0467128027682
0 0.935014548982 0.28892733564 0.0213385063046 0.0484429065744
0 0.926285160039 0.253460207612 0.015518913676 0.0467128027682
0 0.937924345296 0.240484429066 0.0174587778855 0.0449826989619
0 0.937924345296 0.207612456747 0.0174587778855 0.038062283737
0 0.917555771096 0.173010380623 0.015518913676 0.0311418685121
0 0.882153249273 0.156574394464 0.0126091173618 0.0328719723183
0 0.895732298739 0.205882352941 0.0164888457808 0.0519031141869
0 0.884093113482 0.228373702422 0.0184287099903 0.0449826989619
0 0.875848690592 0.177335640138 0.0135790494665 0.0294117647059
0 0.868089233754 0.194636678201 0.0135790494665 0.0328719723183
0 0.858389912706 0.198961937716 0.0193986420951 0.0449826989619
0 0.845295829292 0.217128027682 0.0164888457808 0.0397923875433
0 0.794374393792 0.223183391003 0.015518913676 0.0449826989619
0 0.81231813773 0.210207612457 0.0164888457808 0.0467128027682
0 0.831231813773 0.179930795848 0.0135790494665 0.0276816608997
0 0.838991270611 0.163494809689 0.0135790494665 0.0328719723183
0 0.80407371484 0.17214532872 0.0135790494665 0.0294117647059
0 0.774005819593 0.18598615917 0.0193986420951 0.0397923875433
0 0.730843840931 0.22491349481 0.0203685741998 0.0449826989619
0 0.705625606208 0.206747404844 0.0164888457808 0.0432525951557
0 0.686226964113 0.178200692042 0.0184287099903 0.038062283737
0 0.710960232784 0.167820069204 0.015518913676 0.0346020761246
0 0.74490785645 0.180795847751 0.015518913676 0.0397923875433
0 0.757032007759 0.13321799308 0.0126091173618 0.0311418685121
0 0.76527643065 0.154844290657 0.015518913676 0.0363321799308
0 0.786614936954 0.141003460208 0.0135790494665 0.0328719723183
