0 0.184563758389 0.335652173913 0.0373921380633 0.0869565217391
0 0.379674017258 0.18347826087 0.0153403643337 0.0330434782609
0 0.39837008629 0.191304347826 0.0162991371045 0.0347826086957
0 0.392138063279 0.228695652174 0.0172579098754 0.04
0 0.402205177373 0.152173913043 0.0124640460211 0.0295652173913
0 0.43288590604 0.195652173913 0.0124640460211 0.0330434782609
0 0.452061361457 0.23652173913 0.0182166826462 0.0452173913043
0 0.479386385427 0.217391304348 0.0172579098754 0.0452173913043
0 0.456855225312 0.198260869565 0.0162991371045 0.0382608695652
0 0.43288590604 0.135652173913 0.0105465004794 0.024347826087
0 0.442473633749 0.159130434783 0.0124640460211 0.0330434782609
0 0.456375838926 0.162608695652 0.0115052732502 0.0295652173913
0 0.476030680729 0.175652173913 0.0143815915628 0.0347826086957
0 0.505752636625 0.186086956522 0.0162991371045 0.0382608695652
0 0.475071907958 0.146956521739 0.0124640460211 0.0260869565217
0 0.468839884947 0.133913043478 0.0115052732502 0.0173913043478
0 0.489453499521 0.129565217391 0.0105465004794 0.0260869565217
0 0.502396931927 0.109565217391 0.00958772770853 0.024347826087
0 0.541706615532 0.144347826087 0.0115052732502 0.0278260869565
0 0.553691275168 0.15652173913 0.0143815915628 0.0382608695652
0 0.540747842761 0.18347826087 0.0153403643337 0.0365217391304
0 0.580536912752 0.124347826087 0.0124640460211 0.0295652173913
0 0.591083413231 0.0939130434783 0.00862895493768 0.024347826087
0 0.615052732502 0.0886956521739 0.00862895493768 0.024347826087
0 0.608820709492 0.114782608696 0.0115052732502 0.0278260869565
0 0.627516778523 0.109565217391 0.0105465004794 0.024347826087
0 0.624161073826 0.132173913043 0.0134228187919 0.0278260869565
0 0.589645254075 0.157391304348 0.0153403643337 0.0365217391304
0 0.593480345158 0.142608695652 0.0153403643337 0.0278260869565
0 0.563279002876 0.266956521739 0.0201342281879 0.04
0 0.613135186961 0.241739130435 0.0239693192713 0.0591304347826
0 0.626558005753 0.280869565217 0.0278044103547 0.0573913043478
0 0.642857142857 0.210434782609 0.0182166826462 0.0452173913043
0 0.69606903164 0.318260869565 0.0230105465005 0.0834782608696
0 0.730105465005 0.266956521739 0.025886864813 0.0573913043478
0 0.75886864813 0.233043478261 0.0182166826462 0.0521739130435
0 0.754554170662 0.194782608696 0.0191754554171 0.0417391304348
0 0.791946308725 0.266956521739 0.0230105465005 0.0469565217391
0 0.788590604027 0.22 0.0143815915628 0.0365217391304
0 0.836049856184 0.32347826087 0.0210930009588 0.0591304347826
0 0.88782358581 0.254782608696 0.0153403643337 0.0539130434783
0 0.9046021093 0.245217391304 0.0162991371045 0.0382608695652
0 0.89837008629 0.225217391304 0.0134228187919 0.04
0 0.931447746884 0.306956521739 0.0182166826462 0.0504347826087
0 0.840843720038 0.21652173913 0.0153403643337 0.04
0 0.933365292426 0.244347826087 0.0124640460211 0.0260869565217
0 0.903163950144 0.192173913043 0.0115052732502 0.0365217391304
0 0.940556088207 0.149565217391 0.00958772770853 0.0278260869565
0 0.944391179291 0.181739130435 0.0115052732502 0.0295652173913
0 0.959252157239 0.198260869565 0.0124640460211 0.0347826086957
0 0.879674017258 0.167826086957 0.0124640460211 0.0330434782609
0 0.862895493768 0.18347826087 0.0115052732502 0.0330434782609
0 0.830297219559 0.167826086957 0.0115052732502 0.0330434782609
0 0.844199424736 0.145217391304 0.0124640460211 0.0365217391304
0 0.78092042186 0.17652173913 0.0124640460211 0.0330434782609
0 0.767018216683 0.151304347826 0.0134228187919 0.0278260869565
0 0.783796740173 0.12347826087 0.0105465004794 0.024347826087
0 0.789549376798 0.149565217391 0.0124640460211 0.0347826086957
0 0.717162032598 0.179130434783 0.0134228187919 0.0382608695652
0 0.734419942474 0.166086956522 0.0134228187919 0.0330434782609
0 0.744487056568 0.122608695652 0.0105465004794 0.0295652173913
0 0.667785234899 0.194782608696 0.0182166826462 0.0382608695652
0 0.663950143816 0.0878260869565 0.00862895493768 0.0260869565217
0 0.66874400767 0.117391304348 0.0124640460211 0.0295652173913
0 0.691754554171 0.104347826087 0.0105465004794 0.024347826087
0 0.705177372963 0.107826086957 0.0105465004794 0.0278260869565
0 0.69702780441 0.152173913043 0.0134228187919 0.0330434782609
