0 0.331683168317 0.474903474903 0.0627062706271 0.119691119691
0 0.287678767877 0.21138996139 0.016501650165 0.0289575289575
0 0.311881188119 0.226833976834 0.014301430143 0.0289575289575
0 0.325632563256 0.186293436293 0.017601760176 0.0289575289575
0 0.327282728273 0.222972972973 0.00990099009901 0.0289575289575
0 0.337733773377 0.22972972973 0.017601760176 0.034749034749
0 0.347634763476 0.242277992278 0.02200220022 0.0366795366795
0 0.390539053905 0.237451737452 0.017601760176 0.034749034749
0 0.367436743674 0.186293436293 0.015401540154 0.0366795366795
0 0.442244224422 0.244208494208 0.017601760176 0.0405405405405
0 0.392189218922 0.210424710425 0.012101210121 0.034749034749
0 0.445544554455 0.208494208494 0.015401540154 0.03861003861
0 0.387788778878 0.159266409266 0.012101210121 0.0289575289575
0 0.397689768977 0.200772200772 0.016501650165 0.030888030888
0 0.414741474147 0.185328185328 0.013201320132 0.019305019305
0 0.421892189219 0.157335907336 0.00990099009901 0.0212355212355
0 0.439493949395 0.164092664093 0.016501650165 0.030888030888
0 0.460396039604 0.180501930502 0.016501650165 0.0366795366795
0 0.47304730473 0.158301158301 0.00880088008801 0.034749034749
0 0.491749174917 0.161196911197 0.01100110011 0.0289575289575
0 0.482398239824 0.140926640927 0.00770077007701 0.030888030888
0 0.518151815182 0.132239382239 0.01100110011 0.0328185328185
0 0.524752475248 0.177606177606 0.015401540154 0.034749034749
0 0.549504950495 0.156370656371 0.016501650165 0.023166023166
0 0.553905390539 0.185328185328 0.014301430143 0.046332046332
0 0.575357535754 0.219111969112 0.02200220022 0.0405405405405
0 0.57700770077 0.130308880309 0.014301430143 0.0328185328185
0 0.590209020902 0.158301158301 0.014301430143 0.030888030888
0 0.592409240924 0.117760617761 0.012101210121 0.030888030888
0 0.649064906491 0.1138996139 0.013201320132 0.030888030888
0 0.615511551155 0.123552123552 0.012101210121 0.019305019305
0 0.625412541254 0.140926640927 0.016501650165 0.03861003861
0 0.6100110011 0.214285714286 0.020902090209 0.03861003861
0 0.634213421342 0.232625482625 0.023102310231 0.0521235521236
0 0.674367436744 0.32528957529 0.026402640264 0.0637065637066
0 0.688118811881 0.259652509653 0.020902090209 0.0405405405405
0 0.67601760176 0.226833976834 0.023102310231 0.0482625482625
0 0.657315731573 0.175675675676 0.016501650165 0.034749034749
0 0.643564356436 0.159266409266 0.015401540154 0.0289575289575
0 0.676567656766 0.116795366795 0.01100110011 0.0289575289575
0 0.696919691969 0.112934362934 0.012101210121 0.0289575289575
0 0.714521452145 0.17471042471 0.016501650165 0.0405405405405
0 0.735423542354 0.233590733591 0.018701870187 0.03861003861
0 0.730473047305 0.148648648649 0.015401540154 0.03861003861
0 0.753575357536 0.135135135135 0.013201320132 0.030888030888
0 0.782178217822 0.122586872587 0.01100110011 0.0289575289575
0 0.784928492849 0.140926640927 0.012101210121 0.023166023166
0 0.80198019802 0.139961389961 0.013201320132 0.0250965250965
0 0.833883388339 0.140926640927 0.013201320132 0.027027027027
0 0.851485148515 0.150579150579 0.013201320132 0.030888030888
0 0.906490649065 0.153474903475 0.013201320132 0.0289575289575
0 0.747524752475 0.343629343629 0.025302530253 0.0617760617761
0 0.743124312431 0.195945945946 0.020902090209 0.0328185328185
0 0.760176017602 0.242277992278 0.02200220022 0.0482625482625
0 0.793179317932 0.285714285714 0.02200220022 0.0540540540541
0 0.905390539054 0.355212355212 0.024202420242 0.0656370656371
0 0.795929592959 0.207528957529 0.016501650165 0.0366795366795
0 0.826732673267 0.25 0.020902090209 0.0482625482625
0 0.823432343234 0.195945945946 0.014301430143 0.0328185328185
0 0.843234323432 0.218146718147 0.018701870187 0.042471042471
0 0.866886688669 0.177606177606 0.015401540154 0.034749034749
0 0.941694169417 0.170849420849 0.013201320132 0.0250965250965
0 0.908140814081 0.201737451737 0.012101210121 0.0366795366795
0 0.894389438944 0.239382239382 0.015401540154 0.03861003861
0 0.943894389439 0.255791505792 0.015401540154 0.0366795366795
0 0.935643564356 0.207528957529 0.012101210121 0.0250965250965
0 0.933443344334 0.236486486486 0.012101210121 0.0328185328185
0 0.91199119912 0.175675675676 0.013201320132 0.027027027027
0 0.937843784378 0.185328185328 0.012101210121 0.027027027027
0 0.796479647965 0.166988416988 0.013201320132 0.0289575289575
0 0.822882288229 0.167953667954 0.013201320132 0.023166023166
0 0.680418041804 0.131274131274 0.012101210121 0.030888030888
0 0.613861386139 0.111969111969 0.01100110011 0.019305019305
0 0.474147414741 0.19305019305 0.017601760176 0.027027027027
0 0.402090209021 0.179536679537 0.014301430143 0.030888030888
