0 0.168576886342 0.434426229508 0.0391595033429 0.0754098360656
0 0.259312320917 0.261475409836 0.0200573065903 0.0377049180328
0 0.284622731614 0.263114754098 0.0171919770774 0.0377049180328
0 0.305157593123 0.259836065574 0.018147086915 0.0377049180328
0 0.319961795606 0.233606557377 0.0191021967526 0.0344262295082
0 0.33858643744 0.220491803279 0.018147086915 0.0344262295082
0 0.350047755492 0.264754098361 0.018147086915 0.0377049180328
0 0.369627507163 0.259836065574 0.0248328557784 0.0409836065574
0 0.357688634193 0.224590163934 0.018147086915 0.0360655737705
0 0.37106017192 0.202459016393 0.0162368672397 0.0311475409836
0 0.397325692455 0.187704918033 0.0210124164279 0.0344262295082
0 0.406876790831 0.252459016393 0.0229226361032 0.0393442622951
0 0.405444126074 0.218032786885 0.0200573065903 0.0327868852459
0 0.421680993314 0.190983606557 0.0162368672397 0.0311475409836
0 0.446513849093 0.194262295082 0.018147086915 0.0311475409836
0 0.441738299904 0.240163934426 0.018147086915 0.0409836065574
0 0.478032473734 0.240983606557 0.0200573065903 0.0459016393443
0 0.397803247373 0.291803278689 0.0296084049666 0.0491803278689
0 0.486628462273 0.205737704918 0.018147086915 0.0311475409836
0 0.466571155683 0.163114754098 0.0162368672397 0.0377049180328
0 0.507163323782 0.155737704918 0.0152817574021 0.0295081967213
0 0.514326647564 0.190163934426 0.0200573065903 0.0426229508197
0 0.540114613181 0.201639344262 0.0238777459408 0.0459016393443
0 0.499522445081 0.135245901639 0.0171919770774 0.0311475409836
0 0.554441260745 0.159836065574 0.018147086915 0.0377049180328
0 0.573543457498 0.127868852459 0.0162368672397 0.0327868852459
0 0.597421203438 0.165573770492 0.0143266475645 0.0295081967213
0 0.605062082139 0.138524590164 0.0143266475645 0.027868852459
0 0.607449856734 0.120491803279 0.0133715377268 0.0245901639344
0 0.627507163324 0.131967213115 0.0114613180516 0.0245901639344
0 0.63323782235 0.145081967213 0.0133715377268 0.0245901639344
0 0.651384909265 0.122131147541 0.0133715377268 0.027868852459
0 0.69340974212 0.117213114754 0.0133715377268 0.0245901639344
0 0.632760267431 0.198360655738 0.0219675262655 0.0393442622951
0 0.572110792741 0.243442622951 0.0229226361032 0.0540983606557
0 0.585004775549 0.284426229508 0.0296084049666 0.0573770491803
0 0.508595988539 0.313114754098 0.0315186246418 0.0622950819672
0 0.622254059217 0.324590163934 0.0315186246418 0.0688524590164
0 0.621776504298 0.251639344262 0.0286532951289 0.0540983606557
0 0.666666666667 0.216393442623 0.0248328557784 0.0491803278689
0 0.679083094556 0.187704918033 0.0210124164279 0.0409836065574
0 0.69770773639 0.168852459016 0.018147086915 0.0327868852459
0 0.708213944604 0.195081967213 0.0200573065903 0.0426229508197
0 0.690544412607 0.254918032787 0.0267430754537 0.0573770491803
0 0.736389684814 0.211475409836 0.0210124164279 0.0459016393443
0 0.734957020057 0.176229508197 0.018147086915 0.0377049180328
0 0.7258834766 0.147540983607 0.0171919770774 0.0327868852459
0 0.744508118434 0.0811475409836 0.0143266475645 0.027868852459
0 0.758834765998 0.111475409836 0.0162368672397 0.0360655737705
0 0.783190066858 0.139344262295 0.0191021967526 0.0360655737705
0 0.774594078319 0.147540983607 0.0152817574021 0.0295081967213
0 0.779369627507 0.174590163934 0.0210124164279 0.0377049180328
0 0.752626552053 0.203278688525 0.0191021967526 0.0459016393443
0 0.753104106972 0.285245901639 0.0276981852913 0.055737704918
0 0.789398280802 0.308196721311 0.0296084049666 0.0491803278689
0 0.802769818529 0.22131147541 0.0219675262655 0.055737704918
0 0.802769818529 0.153278688525 0.0162368672397 0.0311475409836
0 0.82664756447 0.172950819672 0.0200573065903 0.0475409836066
0 0.840496657116 0.202459016393 0.0210124164279 0.044262295082
0 0.857211079274 0.135245901639 0.0162368672397 0.0344262295082
0 0.86676217765 0.181147540984 0.018147086915 0.044262295082
0 0.909742120344 0.201639344262 0.018147086915 0.0393442622951
0 0.9111747851 0.172131147541 0.0133715377268 0.0262295081967
0 0.914040114613 0.155737704918 0.0133715377268 0.0229508196721
0 0.878701050621 0.25737704918 0.0267430754537 0.0622950819672
0 0.943170964661 0.273770491803 0.0238777459408 0.0491803278689
0 0.944126074499 0.232786885246 0.018147086915 0.0426229508197
0 0.860076408787 0.341803278689 0.0334288443171 0.0573770491803
