0 0.0918944392083 0.442052980132 0.0518378887842 0.0960264900662
0 0.258246936852 0.283940397351 0.0188501413761 0.0380794701987
0 0.284165881244 0.272350993377 0.0197926484449 0.0380794701987
0 0.303487276155 0.258278145695 0.0169651272385 0.0397350993377
0 0.322337417531 0.281456953642 0.0169651272385 0.0397350993377
0 0.343543826579 0.290562913907 0.0216776625825 0.044701986755
0 0.323279924599 0.222682119205 0.0150801131008 0.0314569536424
0 0.349670122526 0.21357615894 0.0188501413761 0.0331125827815
0 0.368049010368 0.223509933775 0.014137606032 0.0331125827815
0 0.3821866164 0.235927152318 0.0179076343073 0.0413907284768
0 0.395381715363 0.200331125828 0.0122525918944 0.0264900662252
0 0.408576814326 0.17798013245 0.0160226201697 0.0281456953642
0 0.430725730443 0.17880794702 0.0150801131008 0.0331125827815
0 0.418473138549 0.222682119205 0.0150801131008 0.0380794701987
0 0.434024505184 0.233443708609 0.0160226201697 0.046357615894
0 0.428369462771 0.277317880795 0.0254476908577 0.044701986755
0 0.455702167766 0.14321192053 0.014137606032 0.0281456953642
0 0.450518378888 0.187086092715 0.0150801131008 0.0331125827815
0 0.475966069746 0.176324503311 0.0188501413761 0.0314569536424
0 0.474081055608 0.149834437086 0.0150801131008 0.0281456953642
0 0.491988689915 0.133278145695 0.0113100848256 0.0248344370861
0 0.502827521206 0.167218543046 0.014137606032 0.0331125827815
0 0.481621112158 0.208609271523 0.0188501413761 0.0364238410596
0 0.48067860509 0.242549668874 0.0226201696513 0.0380794701987
0 0.485391140434 0.304635761589 0.0226201696513 0.046357615894
0 0.533459000943 0.141556291391 0.0150801131008 0.0347682119205
0 0.552309142319 0.165562913907 0.0150801131008 0.0331125827815
0 0.575400565504 0.168046357616 0.0179076343073 0.0380794701987
0 0.569274269557 0.117549668874 0.0113100848256 0.0264900662252
0 0.596135721018 0.109271523179 0.0122525918944 0.0298013245033
0 0.58671065033 0.134105960265 0.014137606032 0.0264900662252
0 0.591894439208 0.152317880795 0.0131950989632 0.0298013245033
0 0.556550424128 0.138245033113 0.014137606032 0.0248344370861
0 0.538642789821 0.206125827815 0.0216776625825 0.0314569536424
0 0.562676720075 0.240894039735 0.0245051837889 0.044701986755
0 0.561734213007 0.298013245033 0.0245051837889 0.0596026490066
0 0.61027332705 0.334437086093 0.0273327049953 0.0629139072848
0 0.605560791706 0.279801324503 0.0273327049953 0.0430463576159
0 0.611215834119 0.217715231788 0.0216776625825 0.044701986755
0 0.622997172479 0.147350993377 0.0113100848256 0.0364238410596
0 0.618755890669 0.110099337748 0.014137606032 0.0281456953642
0 0.639019792648 0.108443708609 0.0113100848256 0.0248344370861
0 0.636192271442 0.12582781457 0.0131950989632 0.0264900662252
0 0.672478793591 0.125 0.014137606032 0.0314569536424
0 0.713006597549 0.105132450331 0.014137606032 0.0281456953642
0 0.65315739868 0.17798013245 0.0169651272385 0.0380794701987
0 0.663053722903 0.210264900662 0.0197926484449 0.0430463576159
0 0.679076343073 0.245860927152 0.0179076343073 0.0413907284768
0 0.691800188501 0.187086092715 0.0169651272385 0.0364238410596
0 0.684731385485 0.168046357616 0.0179076343073 0.0347682119205
0 0.714420358153 0.147350993377 0.0113100848256 0.0264900662252
0 0.746936852026 0.109271523179 0.0122525918944 0.0298013245033
0 0.742224316682 0.139900662252 0.0160226201697 0.0380794701987
0 0.76767200754 0.133278145695 0.0122525918944 0.0347682119205
0 0.778982092366 0.128311258278 0.0122525918944 0.0248344370861
0 0.761074458058 0.167218543046 0.0160226201697 0.0397350993377
0 0.745523091423 0.184602649007 0.0169651272385 0.0413907284768
0 0.701225259189 0.225165562914 0.0169651272385 0.0430463576159
0 0.755419415646 0.263245033113 0.0235626767201 0.0529801324503
0 0.713477851084 0.288907284768 0.0282752120641 0.0546357615894
0 0.676248821866 0.350165562914 0.0311027332705 0.0711920529801
0 0.786050895382 0.291390728477 0.0226201696513 0.0562913907285
0 0.801131008483 0.147350993377 0.0131950989632 0.0298013245033
0 0.816211121583 0.134105960265 0.0113100848256 0.0264900662252
0 0.796889726673 0.191225165563 0.0160226201697 0.0380794701987
0 0.823751178134 0.163907284768 0.0131950989632 0.0298013245033
0 0.857681432611 0.156456953642 0.0150801131008 0.0314569536424
0 0.844015080113 0.153145695364 0.014137606032 0.0281456953642
0 0.853911404336 0.182947019868 0.0131950989632 0.0281456953642
0 0.863336475024 0.141556291391 0.0113100848256 0.0248344370861
0 0.87370405278 0.153973509934 0.0131950989632 0.0331125827815
0 0.885014137606 0.197847682119 0.0150801131008 0.0380794701987
0 0.901036757776 0.134105960265 0.0113100848256 0.0331125827815
0 0.933081998115 0.153145695364 0.0113100848256 0.0248344370861
0 0.932610744581 0.164735099338 0.0103675777568 0.0314569536424
0 0.934495758718 0.190397350993 0.0122525918944 0.0364238410596
0 0.895852968897 0.17798013245 0.0122525918944 0.0347682119205
0 0.901979264844 0.164735099338 0.0131950989632 0.0281456953642
0 0.932610744581 0.279801324503 0.0179076343073 0.0562913907285
0 0.872761545712 0.233443708609 0.0169651272385 0.0496688741722
