0 0.20272812794 0.487012987013 0.038570084666 0.0876623376623
0 0.304797742239 0.248376623377 0.0206961429915 0.038961038961
0 0.326434619003 0.267045454545 0.0206961429915 0.0405844155844
0 0.344778927563 0.280032467532 0.0178739416745 0.0373376623377
0 0.436030103481 0.284902597403 0.0216368767639 0.0470779220779
0 0.389934148636 0.207792207792 0.0159924741298 0.0324675324675
0 0.428504233302 0.218344155844 0.0178739416745 0.0308441558442
0 0.454844778928 0.217532467532 0.0159924741298 0.0292207792208
0 0.477422389464 0.219967532468 0.0141110065851 0.0275974025974
0 0.483066792098 0.195616883117 0.0159924741298 0.0275974025974
0 0.4557855127 0.1875 0.0141110065851 0.0275974025974
0 0.437911571025 0.176948051948 0.0141110065851 0.0292207792208
0 0.464252116651 0.157467532468 0.0122295390405 0.0227272727273
0 0.483066792098 0.168019480519 0.0159924741298 0.0275974025974
0 0.50611476952 0.170454545455 0.0131702728128 0.0292207792208
0 0.495296331138 0.140422077922 0.0141110065851 0.0243506493506
0 0.539981185325 0.147727272727 0.0131702728128 0.0227272727273
0 0.547036688617 0.133116883117 0.0122295390405 0.0292207792208
0 0.568203198495 0.123376623377 0.0131702728128 0.0292207792208
0 0.567262464722 0.159090909091 0.0131702728128 0.025974025974
0 0.589369708373 0.164772727273 0.0141110065851 0.0308441558442
0 0.583254938852 0.133928571429 0.0131702728128 0.0275974025974
0 0.615710253998 0.140422077922 0.0122295390405 0.0243506493506
0 0.618532455315 0.111201298701 0.0122295390405 0.0243506493506
0 0.628410159925 0.118506493506 0.0150517403575 0.025974025974
0 0.656632173095 0.0641233766234 0.0112888052681 0.0178571428571
0 0.696142991533 0.0625 0.0131702728128 0.0243506493506
0 0.492944496707 0.327922077922 0.0282220131703 0.0487012987013
0 0.556444026341 0.32224025974 0.0253998118532 0.0535714285714
0 0.626999059266 0.311688311688 0.0253998118532 0.0681818181818
0 0.581373471308 0.255681818182 0.0206961429915 0.0405844155844
0 0.615710253998 0.253246753247 0.0235183443086 0.0454545454545
0 0.627939793039 0.211038961039 0.0235183443086 0.0454545454545
0 0.667920978363 0.26461038961 0.0225776105362 0.0454545454545
0 0.679209783631 0.213474025974 0.0263405456256 0.0470779220779
0 0.709783631232 0.207792207792 0.0197554092192 0.0422077922078
0 0.727187206021 0.286525974026 0.0263405456256 0.0568181818182
0 0.789275634995 0.31737012987 0.0263405456256 0.0503246753247
0 0.701317027281 0.111201298701 0.0141110065851 0.0308441558442
0 0.69661335842 0.162337662338 0.0178739416745 0.038961038961
0 0.727187206021 0.143668831169 0.0169332079022 0.0373376623377
0 0.757761053622 0.185876623377 0.0178739416745 0.0308441558442
0 0.764816556914 0.156655844156 0.0188146754468 0.0308441558442
0 0.763405456256 0.123376623377 0.0122295390405 0.025974025974
0 0.751175917215 0.124188311688 0.0178739416745 0.0373376623377
0 0.822671683913 0.135551948052 0.0141110065851 0.0308441558442
0 0.839604891816 0.156655844156 0.0141110065851 0.0308441558442
0 0.813734713076 0.194805194805 0.0169332079022 0.0292207792208
0 0.862652869238 0.191558441558 0.0150517403575 0.038961038961
0 0.883819379116 0.231331168831 0.0178739416745 0.0438311688312
0 0.899341486359 0.195616883117 0.0188146754468 0.0405844155844
0 0.937911571025 0.205357142857 0.0188146754468 0.0405844155844
