0 0.351996105161 0.213689482471 0.016553067186 0.0333889816361
0 0.421616358325 0.233722871452 0.0194741966894 0.0333889816361
0 0.437195715677 0.220367278798 0.0116845180136 0.0333889816361
0 0.455209347614 0.226210350584 0.016553067186 0.0484140233723
0 0.490262901655 0.235392320534 0.0262901655307 0.0400667779633
0 0.519474196689 0.191986644407 0.014605647517 0.0400667779633
0 0.553554040896 0.196994991653 0.0185004868549 0.0367278797997
0 0.60564751704 0.181969949917 0.0175267770204 0.0300500834725
0 0.641187925998 0.151085141903 0.0107108081792 0.0283806343907
0 0.684518013632 0.198664440735 0.0272638753651 0.0367278797997
0 0.734664070107 0.191986644407 0.016553067186 0.0367278797997
0 0.659688412853 0.262938230384 0.0262901655307 0.0417362270451
0 0.723466407011 0.313856427379 0.0233690360273 0.0567612687813
0 0.785783836417 0.255425709516 0.0194741966894 0.0400667779633
0 0.858812074002 0.243739565943 0.0233690360273 0.0333889816361
0 0.867088607595 0.210350584307 0.0107108081792 0.0333889816361
0 0.915774099318 0.232053422371 0.0185004868549 0.0300500834725
0 0.95423563778 0.222871452421 0.0136319376826 0.0350584307179
0 0.892891918208 0.29632721202 0.0194741966894 0.0383973288815
0 0.87147030185 0.339732888147 0.0214216163583 0.0584307178631
0 0.468841285297 0.0926544240401 0.016553067186 0.0217028380634
