0 0.19518442623 0.237084870849 0.0194672131148 0.0461254612546
0 0.412397540984 0.217712177122 0.0215163934426 0.0405904059041
0 0.629610655738 0.136531365314 0.015368852459 0.0332103321033
0 0.649590163934 0.139298892989 0.016393442623 0.0313653136531
0 0.653176229508 0.123616236162 0.0133196721311 0.029520295203
0 0.756659836066 0.139298892989 0.0133196721311 0.0350553505535
0 0.773053278689 0.147601476015 0.015368852459 0.0332103321033
0 0.897540983607 0.223247232472 0.016393442623 0.0369003690037
0 0.829918032787 0.252767527675 0.0245901639344 0.0553505535055
0 0.893954918033 0.25 0.0194672131148 0.0424354243542
0 0.925204918033 0.252767527675 0.0204918032787 0.0479704797048
