0 0.231409001957 0.27633851468 0.0303326810176 0.0483592400691
0 0.37915851272 0.273747841105 0.0283757338552 0.0362694300518
0 0.41095890411 0.278065630397 0.0293542074364 0.0552677029361
0 0.461839530333 0.222797927461 0.0215264187867 0.0449050086356
0 0.487279843444 0.309153713299 0.0293542074364 0.0656303972366
0 0.538649706458 0.330742659758 0.0264187866928 0.0500863557858
0 0.590019569472 0.391191709845 0.0371819960861 0.0569948186528
0 0.635029354207 0.246977547496 0.027397260274 0.0310880829016
0 0.6771037182 0.210708117444 0.0254403131115 0.0483592400691
0 0.79011741683 0.279792746114 0.0264187866928 0.0414507772021
0 0.851272015656 0.311744386874 0.0254403131115 0.0466321243523
0 0.906555772994 0.150259067358 0.0185909980431 0.027633851468
0 0.937377690802 0.1597582038 0.0215264187867 0.0431778929188
0 0.570450097847 0.136442141623 0.0234833659491 0.0310880829016
0 0.59686888454 0.118307426598 0.0195694716243 0.0362694300518
0 0.418297455969 0.16493955095 0.0244618395303 0.0328151986183
