0 0.0612244897959 0.298429319372 0.0272108843537 0.0523560209424
0 0.268707482993 0.221640488656 0.0165208940719 0.0349040139616
0 0.327502429543 0.19982547993 0.0174927113703 0.0331588132635
0 0.356656948494 0.22687609075 0.019436345967 0.0349040139616
0 0.37074829932 0.188481675393 0.0126336248785 0.0314136125654
0 0.38824101069 0.194589877836 0.0165208940719 0.0331588132635
0 0.388726919339 0.244328097731 0.019436345967 0.0453752181501
0 0.407677356657 0.234729493892 0.0184645286686 0.0331588132635
0 0.445092322643 0.259162303665 0.0233236151603 0.0506108202443
0 0.425170068027 0.176265270506 0.0126336248785 0.0314136125654
0 0.404275996113 0.16404886562 0.0136054421769 0.0279232111693
0 0.392614188533 0.166666666667 0.0136054421769 0.0296684118674
0 0.428571428571 0.148342059337 0.0116618075802 0.0279232111693
0 0.473275024295 0.203315881326 0.019436345967 0.0331588132635
0 0.467444120505 0.137870855148 0.0136054421769 0.0279232111693
0 0.479105928086 0.153577661431 0.0116618075802 0.0314136125654
0 0.486394557823 0.170157068063 0.0165208940719 0.0331588132635
0 0.490281827017 0.135253054101 0.0106899902818 0.0261780104712
0 0.498056365403 0.131762652705 0.0106899902818 0.022687609075
0 0.518950437318 0.133507853403 0.0116618075802 0.022687609075
0 0.527210884354 0.130017452007 0.0106899902818 0.0331588132635
0 0.539358600583 0.136998254799 0.0136054421769 0.0296684118674
0 0.518950437318 0.176265270506 0.0213799805637 0.0383944153578
0 0.503887269193 0.210296684119 0.0204081632653 0.043630017452
0 0.554907677357 0.1815008726 0.019436345967 0.0383944153578
0 0.575801749271 0.121291448517 0.0106899902818 0.0261780104712
0 0.586491739553 0.121291448517 0.0126336248785 0.0331588132635
0 0.591350826045 0.152705061082 0.0126336248785 0.0366492146597
0 0.612244897959 0.102966841187 0.0116618075802 0.020942408377
0 0.606899902818 0.124781849913 0.0126336248785 0.0296684118674
0 0.627308066084 0.121291448517 0.0106899902818 0.0261780104712
0 0.63508260447 0.113438045375 0.0106899902818 0.0244328097731
0 0.637998056365 0.148342059337 0.0126336248785 0.0244328097731
0 0.618561710398 0.19982547993 0.022351797862 0.0401396160558
0 0.652089407191 0.140488656195 0.0155490767736 0.0296684118674
0 0.659378036929 0.116928446771 0.0126336248785 0.0244328097731
0 0.663265306122 0.101221640489 0.0106899902818 0.020942408377
0 0.68221574344 0.128272251309 0.0136054421769 0.0261780104712
0 0.686103012634 0.106457242583 0.0136054421769 0.0244328097731
0 0.714285714286 0.110820244328 0.0136054421769 0.0261780104712
0 0.713313896987 0.163176265271 0.0155490767736 0.0331588132635
0 0.655004859086 0.189354275742 0.0174927113703 0.0401396160558
0 0.64139941691 0.246073298429 0.0213799805637 0.0488656195462
0 0.571914480078 0.250436300175 0.022351797862 0.0506108202443
0 0.57628765792 0.275741710297 0.0291545189504 0.0523560209424
0 0.672983479106 0.21815008726 0.0204081632653 0.0418848167539
0 0.705053449951 0.19109947644 0.0184645286686 0.0366492146597
0 0.733236151603 0.137870855148 0.0145772594752 0.0279232111693
0 0.745383867833 0.16404886562 0.0155490767736 0.0314136125654
0 0.750242954325 0.203315881326 0.0155490767736 0.0471204188482
0 0.715743440233 0.235602094241 0.022351797862 0.0383944153578
0 0.686103012634 0.260034904014 0.0213799805637 0.0453752181501
0 0.74101068999 0.258289703316 0.0262390670554 0.0523560209424
0 0.77648202138 0.23647469459 0.019436345967 0.0366492146597
0 0.762876579203 0.142233856894 0.0155490767736 0.0331588132635
0 0.778911564626 0.137870855148 0.0106899902818 0.0279232111693
0 0.798833819242 0.128272251309 0.0136054421769 0.0261780104712
0 0.792517006803 0.15445026178 0.0165208940719 0.0296684118674
0 0.814382896016 0.142233856894 0.0136054421769 0.022687609075
0 0.827988338192 0.180628272251 0.0136054421769 0.0296684118674
0 0.844509232264 0.156195462478 0.0116618075802 0.0261780104712
0 0.851311953353 0.14572425829 0.0116618075802 0.0261780104712
0 0.853741496599 0.177137870855 0.0145772594752 0.0331588132635
0 0.808066083576 0.150959860384 0.0126336248785 0.0261780104712
0 0.871234207969 0.17277486911 0.0165208940719 0.0383944153578
0 0.894557823129 0.156195462478 0.0106899902818 0.0261780104712
0 0.910106899903 0.16404886562 0.0106899902818 0.0279232111693
0 0.881924198251 0.232111692845 0.0165208940719 0.0383944153578
0 0.845966958212 0.205933682373 0.0145772594752 0.0383944153578
0 0.84110787172 0.234729493892 0.0184645286686 0.043630017452
0 0.79397473275 0.212041884817 0.0174927113703 0.0366492146597
0 0.79397473275 0.282722513089 0.0233236151603 0.0558464223386
0 0.86443148688 0.248691099476 0.0204081632653 0.0506108202443
0 0.844509232264 0.342931937173 0.0233236151603 0.0610820244328
0 0.939747327502 0.173647469459 0.0136054421769 0.0261780104712
0 0.903304178814 0.198080279232 0.0126336248785 0.022687609075
0 0.936345966958 0.225130890052 0.0145772594752 0.0418848167539
0 0.92954324587 0.256544502618 0.0184645286686 0.0453752181501
0 0.938289601555 0.201570680628 0.0145772594752 0.0366492146597
0 0.938289601555 0.306282722513 0.0184645286686 0.0541012216405
0 0.928085519922 0.376963350785 0.0310981535471 0.0628272251309
0 0.901846452867 0.219895287958 0.0155490767736 0.020942408377
0 0.755102040816 0.135253054101 0.0116618075802 0.0261780104712
