0 0.250244379277 0.227430555556 0.019550342131 0.0451388888889
0 0.316715542522 0.176215277778 0.0234604105572 0.0503472222222
0 0.390518084066 0.231770833333 0.0244379276637 0.046875
0 0.383675464321 0.192708333333 0.0185728250244 0.0347222222222
0 0.407135874878 0.191840277778 0.0166177908113 0.0329861111111
0 0.424242424242 0.204861111111 0.0156402737048 0.0416666666667
0 0.44330400782 0.255208333333 0.0244379276637 0.0451388888889
0 0.460410557185 0.209201388889 0.019550342131 0.0399305555556
0 0.38514173998 0.127604166667 0.0175953079179 0.0329861111111
0 0.387585532747 0.0894097222222 0.0224828934506 0.0329861111111
0 0.413000977517 0.1328125 0.0166177908113 0.0295138888889
0 0.422287390029 0.108506944444 0.0156402737048 0.0295138888889
0 0.475562072336 0.230902777778 0.0205278592375 0.0416666666667
0 0.452101661779 0.111979166667 0.0205278592375 0.0364583333333
0 0.462365591398 0.134548611111 0.0215053763441 0.0364583333333
0 0.482893450635 0.0842013888889 0.0156402737048 0.0295138888889
0 0.482404692082 0.120659722222 0.0146627565982 0.0260416666667
0 0.505865102639 0.174479166667 0.0185728250244 0.0399305555556
0 0.484359726295 0.204861111111 0.0185728250244 0.0347222222222
0 0.52541544477 0.151909722222 0.0166177908113 0.0295138888889
0 0.527370478983 0.0972222222222 0.0127077223851 0.0277777777778
0 0.548875855327 0.123263888889 0.0146627565982 0.0243055555556
0 0.564516129032 0.0980902777778 0.0166177908113 0.0329861111111
0 0.586999022483 0.104166666667 0.0166177908113 0.03125
0 0.600195503421 0.125 0.0156402737048 0.03125
0 0.604105571848 0.1015625 0.0117302052786 0.0225694444444
0 0.567448680352 0.130208333333 0.0127077223851 0.0243055555556
0 0.631964809384 0.133680555556 0.0146627565982 0.0277777777778
0 0.652492668622 0.143229166667 0.0127077223851 0.0295138888889
0 0.660312805474 0.105034722222 0.0146627565982 0.0295138888889
0 0.686705767351 0.115451388889 0.0185728250244 0.0295138888889
0 0.679863147605 0.0677083333333 0.010752688172 0.0208333333333
0 0.707722385142 0.112847222222 0.0136852394917 0.0208333333333
0 0.550342130987 0.1953125 0.0234604105572 0.0434027777778
0 0.559139784946 0.275173611111 0.0254154447703 0.0538194444444
0 0.607038123167 0.256076388889 0.0254154447703 0.0538194444444
0 0.615347018573 0.21875 0.0185728250244 0.0347222222222
0 0.645650048876 0.201388888889 0.0224828934506 0.0416666666667
0 0.564027370479 0.168402777778 0.0175953079179 0.0347222222222
0 0.675953079179 0.188368055556 0.0205278592375 0.0399305555556
0 0.708699902248 0.186631944444 0.0215053763441 0.0399305555556
0 0.744868035191 0.198784722222 0.0273704789834 0.0572916666667
0 0.727272727273 0.143229166667 0.0136852394917 0.0329861111111
0 0.616324535679 0.330729166667 0.0263929618768 0.0572916666667
0 0.788367546432 0.222222222222 0.0185728250244 0.0451388888889
0 0.802052785924 0.264756944444 0.0263929618768 0.0538194444444
0 0.744868035191 0.106770833333 0.0156402737048 0.0295138888889
0 0.768817204301 0.1171875 0.0166177908113 0.0364583333333
0 0.828445747801 0.165798611111 0.0166177908113 0.0329861111111
0 0.824046920821 0.106770833333 0.019550342131 0.0434027777778
0 0.791300097752 0.166666666667 0.0166177908113 0.03125
0 0.864613880743 0.102430555556 0.0166177908113 0.0347222222222
0 0.912023460411 0.146701388889 0.0175953079179 0.0399305555556
0 0.889051808407 0.192708333333 0.0263929618768 0.0555555555556
0 0.858748778104 0.180555555556 0.0205278592375 0.0381944444444
0 0.843597262952 0.224826388889 0.0175953079179 0.0434027777778
0 0.968230694037 0.296006944444 0.0322580645161 0.078125
0 0.965786901271 0.388888888889 0.039100684262 0.0868055555556
0 0.937927663734 0.199652777778 0.0283479960899 0.0659722222222
0 0.949657869013 0.172743055556 0.0205278592375 0.0503472222222
0 0.977517106549 0.150173611111 0.0156402737048 0.0364583333333
0 0.967253176931 0.129340277778 0.0146627565982 0.0364583333333
