0 0.395768833849 0.196366782007 0.0237358101135 0.0328719723183
0 0.438080495356 0.213667820069 0.0196078431373 0.0363321799308
0 0.469040247678 0.231833910035 0.0257997936017 0.0415224913495
0 0.574819401445 0.175605536332 0.0185758513932 0.0363321799308
0 0.587719298246 0.193771626298 0.0175438596491 0.0449826989619
0 0.658410732714 0.13321799308 0.0144478844169 0.0311418685121
0 0.704850361197 0.179930795848 0.0206398348813 0.0415224913495
0 0.702270381837 0.216262975779 0.0237358101135 0.0415224913495
0 0.652734778122 0.228373702422 0.0237358101135 0.0519031141869
0 0.653250773994 0.2776816609 0.0288957688338 0.0397923875433
0 0.659442724458 0.326124567474 0.0288957688338 0.0570934256055
0 0.721878224974 0.262975778547 0.0257997936017 0.0484429065744
0 0.755417956656 0.16955017301 0.0247678018576 0.0519031141869
0 0.977296181631 0.242214532872 0.0206398348813 0.0415224913495
