0 0.109970674487 0.458974358974 0.0654936461388 0.11452991453
0 0.13587487781 0.24188034188 0.0215053763441 0.042735042735
0 0.161290322581 0.260683760684 0.0234604105572 0.0529914529915
0 0.210654936461 0.219658119658 0.0224828934506 0.0495726495726
0 0.230694037146 0.226495726496 0.0254154447703 0.0495726495726
0 0.284946236559 0.252136752137 0.0205278592375 0.0324786324786
0 0.319648093842 0.264957264957 0.0215053763441 0.0410256410256
0 0.347507331378 0.252991452991 0.0283479960899 0.0444444444444
0 0.341153470186 0.216239316239 0.019550342131 0.0358974358974
0 0.383186705767 0.245299145299 0.0234604105572 0.0495726495726
0 0.384164222874 0.200854700855 0.0215053763441 0.0393162393162
0 0.411534701857 0.206837606838 0.0215053763441 0.0376068376068
0 0.418377321603 0.163247863248 0.0156402737048 0.0324786324786
0 0.44183773216 0.163247863248 0.019550342131 0.0324786324786
0 0.451612903226 0.207692307692 0.0215053763441 0.042735042735
0 0.475562072336 0.188034188034 0.0205278592375 0.0444444444444
0 0.490224828935 0.163247863248 0.0185728250244 0.0358974358974
0 0.482404692082 0.147008547009 0.0185728250244 0.034188034188
0 0.531769305963 0.158974358974 0.0175953079179 0.034188034188
0 0.557184750733 0.184615384615 0.0215053763441 0.0410256410256
0 0.582600195503 0.117094017094 0.0156402737048 0.0290598290598
0 0.618768328446 0.115384615385 0.0136852394917 0.0290598290598
0 0.653470185728 0.117094017094 0.0166177908113 0.0290598290598
0 0.596774193548 0.231623931624 0.0224828934506 0.042735042735
0 0.627077223851 0.231623931624 0.0224828934506 0.0393162393162
0 0.664711632454 0.235897435897 0.0273704789834 0.0478632478632
0 0.718475073314 0.234188034188 0.0234604105572 0.0547008547009
0 0.730205278592 0.150427350427 0.019550342131 0.0376068376068
0 0.802052785924 0.283760683761 0.0283479960899 0.0581196581197
0 0.897849462366 0.308547008547 0.0283479960899 0.0666666666667
0 0.91642228739 0.283760683761 0.0244379276637 0.0547008547009
0 0.927663734115 0.245299145299 0.019550342131 0.0393162393162
0 0.88954056696 0.241025641026 0.019550342131 0.0512820512821
0 0.900293255132 0.203418803419 0.0156402737048 0.0410256410256
0 0.934017595308 0.205982905983 0.0166177908113 0.0393162393162
0 0.952101661779 0.176068376068 0.0136852394917 0.034188034188
