0 0.0644712430427 0.415833333333 0.0417439703154 0.0916666666667
0 0.0997217068646 0.405 0.043599257885 0.09
0 0.19573283859 0.27 0.0241187384045 0.0466666666667
0 0.318181818182 0.2075 0.0241187384045 0.045
0 0.353432282004 0.23 0.0222634508349 0.0466666666667
0 0.376623376623 0.2175 0.0278293135436 0.0583333333333
0 0.394248608534 0.194166666667 0.0166975881262 0.035
0 0.517161410019 0.0716666666667 0.0139146567718 0.0333333333333
0 0.557513914657 0.065 0.012987012987 0.03
0 0.554730983302 0.21 0.0296846011132 0.06
0 0.613172541744 0.285833333333 0.0278293135436 0.065
0 0.577922077922 0.145 0.0241187384045 0.0533333333333
0 0.612708719852 0.18 0.0287569573284 0.0566666666667
0 0.617346938776 0.1275 0.0231910946197 0.0483333333333
0 0.65120593692 0.136666666667 0.025974025974 0.06
0 0.646103896104 0.193333333333 0.0269016697588 0.0633333333333
0 0.69758812616 0.186666666667 0.0241187384045 0.0366666666667
