0 0.167990468626 0.36926286509 0.0373312152502 0.0625869262865
0 0.155679110405 0.331710709318 0.0301826846704 0.0542420027816
0 0.215647339158 0.314325452017 0.032565528197 0.0500695410292
0 0.212470214456 0.273991655076 0.0293884034948 0.0472878998609
0 0.265687053217 0.257301808067 0.0309769658459 0.0500695410292
0 0.299841143765 0.221140472879 0.0246227164416 0.0500695410292
0 0.320095313741 0.242698191933 0.0238284352661 0.0486787204451
0 0.345512311358 0.239221140473 0.0254169976172 0.0584144645341
0 0.398332009531 0.21488178025 0.0277998411438 0.0625869262865
0 0.431691818904 0.226703755216 0.0309769658459 0.0667593880389
0 0.356632247816 0.433240611961 0.0508339952343 0.0931849791377
0 0.312946783161 0.3421418637 0.0413026211279 0.0695410292072
0 0.338363780778 0.539638386648 0.0683081810961 0.116828929068
