0 0.046218487395 0.371262458472 0.0252100840336 0.0548172757475
0 0.248366013072 0.266611295681 0.0186741363212 0.0382059800664
0 0.302987861811 0.241694352159 0.0177404295051 0.0382059800664
0 0.319327731092 0.269933554817 0.0168067226891 0.031561461794
0 0.304388422035 0.274086378738 0.014939309057 0.0332225913621
0 0.323996265173 0.206810631229 0.014939309057 0.031561461794
0 0.332866479925 0.218438538206 0.015873015873 0.031561461794
0 0.35060690943 0.243355481728 0.015873015873 0.0415282392027
0 0.363211951447 0.263289036545 0.0224089635854 0.0448504983389
0 0.390756302521 0.286544850498 0.0252100840336 0.0514950166113
0 0.358543417367 0.209302325581 0.0186741363212 0.0398671096346
0 0.365546218487 0.18853820598 0.0177404295051 0.0348837209302
0 0.384220354809 0.178571428571 0.0140056022409 0.0382059800664
0 0.379551820728 0.222591362126 0.0196078431373 0.0398671096346
0 0.402427637722 0.18853820598 0.0186741363212 0.0382059800664
0 0.426237161531 0.235049833887 0.0214752567694 0.0415282392027
0 0.43837535014 0.18438538206 0.015873015873 0.0365448504983
0 0.444444444444 0.166943521595 0.014939309057 0.0249169435216
0 0.460784313725 0.194352159468 0.0196078431373 0.0398671096346
0 0.47152194211 0.228405315615 0.0242763772176 0.0448504983389
0 0.457983193277 0.135382059801 0.0140056022409 0.031561461794
0 0.492530345472 0.193521594684 0.0177404295051 0.0415282392027
0 0.501400560224 0.162790697674 0.014939309057 0.0365448504983
0 0.485060690943 0.121262458472 0.0121381886088 0.0265780730897
0 0.483660130719 0.15780730897 0.014939309057 0.0299003322259
0 0.522875816993 0.199335548173 0.0224089635854 0.046511627907
0 0.526610644258 0.167774086379 0.0205415499533 0.0365448504983
0 0.544817927171 0.14950166113 0.0196078431373 0.0332225913621
0 0.564892623716 0.172757475083 0.0186741363212 0.0398671096346
0 0.567693744164 0.21926910299 0.0261437908497 0.0498338870432
0 0.485060690943 0.304817275748 0.0289449112979 0.0614617940199
0 0.576097105509 0.297342192691 0.0298786181139 0.063122923588
0 0.5639589169 0.113787375415 0.014939309057 0.0348837209302
0 0.578431372549 0.139534883721 0.0140056022409 0.0299003322259
0 0.591970121382 0.127906976744 0.014939309057 0.0232558139535
0 0.614379084967 0.109634551495 0.0112044817927 0.0232558139535
0 0.615779645191 0.136212624585 0.015873015873 0.0299003322259
0 0.631185807656 0.127906976744 0.0112044817927 0.0299003322259
0 0.633520074697 0.110465116279 0.0102707749767 0.0249169435216
0 0.672735760971 0.112956810631 0.0140056022409 0.0332225913621
0 0.661531279178 0.205980066445 0.0196078431373 0.046511627907
0 0.643790849673 0.196013289037 0.015873015873 0.0431893687708
0 0.631652661064 0.193521594684 0.015873015873 0.0415282392027
0 0.62558356676 0.240033222591 0.0242763772176 0.0548172757475
0 0.627450980392 0.31146179402 0.031746031746 0.0647840531561
0 0.655929038282 0.269933554817 0.0252100840336 0.0614617940199
0 0.705882352941 0.269102990033 0.0242763772176 0.0598006644518
0 0.699346405229 0.210132890365 0.0186741363212 0.0382059800664
0 0.68720821662 0.1926910299 0.0186741363212 0.0431893687708
0 0.683473389356 0.150332225914 0.0186741363212 0.031561461794
0 0.708683473389 0.141196013289 0.0186741363212 0.0365448504983
0 0.731559290383 0.105481727575 0.015873015873 0.031561461794
0 0.752100840336 0.136212624585 0.0177404295051 0.0365448504983
0 0.769841269841 0.11877076412 0.0177404295051 0.031561461794
0 0.718487394958 0.181063122924 0.015873015873 0.0398671096346
0 0.732492997199 0.194352159468 0.0177404295051 0.0498338870432
0 0.755368814192 0.201827242525 0.0205415499533 0.0514950166113
0 0.762371615313 0.164451827243 0.0177404295051 0.0332225913621
0 0.772642390289 0.208471760797 0.015873015873 0.0348837209302
0 0.765639589169 0.286544850498 0.0280112044818 0.0681063122924
0 0.836134453782 0.304817275748 0.0289449112979 0.0681063122924
0 0.851073762838 0.258305647841 0.0233426704015 0.0581395348837
0 0.914098972923 0.274086378738 0.0242763772176 0.0564784053156
0 0.914098972923 0.240863787375 0.0224089635854 0.0398671096346
0 0.88141923436 0.186877076412 0.0186741363212 0.0382059800664
0 0.883753501401 0.162790697674 0.0177404295051 0.0398671096346
0 0.890289449113 0.142857142857 0.0121381886088 0.0299003322259
0 0.859477124183 0.141196013289 0.0140056022409 0.0365448504983
0 0.837535014006 0.162790697674 0.0168067226891 0.0365448504983
0 0.827264239029 0.202657807309 0.0186741363212 0.046511627907
0 0.807189542484 0.15780730897 0.0177404295051 0.0398671096346
0 0.788048552754 0.142857142857 0.014939309057 0.0365448504983
0 0.809056956116 0.117940199336 0.015873015873 0.0299003322259
0 0.832399626517 0.129568106312 0.0140056022409 0.0365448504983
