0 0.607044830741 0.105348460292 0.0118938700823 0.0291734197731
0 0.427721866423 0.19773095624 0.0173833485819 0.0388978930308
0 0.458828911253 0.199351701783 0.0192131747484 0.0421393841167
0 0.650503202196 0.122366288493 0.0146386093321 0.0275526742301
0 0.660567246112 0.143435980551 0.0128087831656 0.0275526742301
0 0.750228728271 0.144246353323 0.0146386093321 0.0291734197731
0 0.766239707228 0.14829821718 0.0137236962489 0.030794165316
0 0.822506861848 0.256077795786 0.0201280878317 0.0453808752026
0 0.867795059469 0.185575364668 0.0118938700823 0.030794165316
0 0.888380603843 0.215559157212 0.0146386093321 0.032414910859
0 0.887465690759 0.248784440843 0.0164684354986 0.0470016207455
0 0.912625800549 0.250405186386 0.0155535224154 0.0340356564019
0 0.937785910339 0.188816855754 0.0128087831656 0.030794165316
0 0.620311070448 0.139384116694 0.0146386093321 0.0291734197731
