0 0.30753968254 0.231944444444 0.0166666666667 0.0305555555556
0 0.337301587302 0.232638888889 0.015873015873 0.0402777777778
0 0.392857142857 0.180555555556 0.0190476190476 0.0333333333333
0 0.425396825397 0.266666666667 0.031746031746 0.0555555555556
0 0.470238095238 0.265277777778 0.0246031746032 0.0444444444444
0 0.50873015873 0.197222222222 0.0222222222222 0.0388888888889
0 0.539285714286 0.197916666667 0.0246031746032 0.0402777777778
0 0.564285714286 0.172222222222 0.0190476190476 0.0416666666667
0 0.633333333333 0.185416666667 0.0269841269841 0.0375
0 0.538095238095 0.569444444444 0.0 0.0
