0 0.132566069906 0.50979020979 0.0485933503836 0.0853146853147
0 0.225490196078 0.332167832168 0.0213128729753 0.0377622377622
0 0.256606990622 0.334965034965 0.0221653878943 0.0405594405594
0 0.283034953112 0.354545454545 0.0221653878943 0.0377622377622
0 0.28431372549 0.300699300699 0.0196078431373 0.0363636363636
0 0.330349531117 0.363636363636 0.0230179028133 0.0503496503497
0 0.351236146633 0.31958041958 0.0187553282182 0.0321678321678
0 0.354219948849 0.284615384615 0.0196078431373 0.034965034965
0 0.389173060529 0.324475524476 0.0196078431373 0.0363636363636
0 0.410059676044 0.322377622378 0.0238704177323 0.0377622377622
0 0.408354646206 0.292307692308 0.0187553282182 0.0307692307692
0 0.397698209719 0.253146853147 0.0179028132992 0.0307692307692
0 0.427536231884 0.252447552448 0.0161977834612 0.0265734265734
0 0.446291560102 0.255244755245 0.0144927536232 0.0265734265734
0 0.435635123615 0.3 0.0204603580563 0.0377622377622
0 0.459505541347 0.330769230769 0.0221653878943 0.0433566433566
0 0.476982097187 0.302097902098 0.0196078431373 0.0363636363636
0 0.462489343564 0.23986013986 0.0161977834612 0.034965034965
0 0.475703324808 0.254545454545 0.0136402387042 0.0307692307692
0 0.473572037511 0.223076923077 0.0144927536232 0.0265734265734
0 0.498721227621 0.255244755245 0.0136402387042 0.0265734265734
0 0.510656436488 0.251748251748 0.0119352088662 0.0251748251748
0 0.521312872975 0.235664335664 0.0144927536232 0.0265734265734
0 0.52600170503 0.270629370629 0.0170502983802 0.034965034965
0 0.547314578005 0.24965034965 0.0170502983802 0.034965034965
0 0.563938618926 0.267832167832 0.0179028132992 0.0405594405594
0 0.507672634271 0.313286713287 0.0213128729753 0.0447552447552
0 0.583120204604 0.24965034965 0.0136402387042 0.0321678321678
0 0.573316283035 0.213986013986 0.0127877237852 0.027972027972
0 0.594202898551 0.226573426573 0.0136402387042 0.0251748251748
0 0.610400682012 0.239160839161 0.0153452685422 0.0363636363636
0 0.614236999147 0.213286713287 0.0110826939471 0.0237762237762
0 0.618073316283 0.198601398601 0.0119352088662 0.027972027972
0 0.643648763853 0.241958041958 0.0153452685422 0.0335664335664
0 0.642796248934 0.212587412587 0.0153452685422 0.027972027972
0 0.677749360614 0.202097902098 0.0153452685422 0.0265734265734
0 0.685848252344 0.222377622378 0.0110826939471 0.027972027972
0 0.699062233589 0.215384615385 0.0170502983802 0.0363636363636
0 0.679454390452 0.26993006993 0.0204603580563 0.041958041958
0 0.639812446718 0.294405594406 0.0213128729753 0.0405594405594
0 0.605711849957 0.320979020979 0.0230179028133 0.0433566433566
0 0.602301790281 0.36013986014 0.0281329923274 0.0545454545455
0 0.554134697357 0.396503496503 0.0306905370844 0.0517482517483
0 0.54347826087 0.354545454545 0.0264279624893 0.0517482517483
0 0.509803921569 0.367832167832 0.0409207161125 0.0531468531469
0 0.62063086104 0.418881118881 0.0323955669224 0.0629370629371
0 0.650042625746 0.453846153846 0.0383631713555 0.0629370629371
0 0.674339300938 0.372727272727 0.0306905370844 0.0629370629371
0 0.656010230179 0.328671328671 0.0247229326513 0.0447552447552
0 0.697783461211 0.282517482517 0.0179028132992 0.0391608391608
0 0.722506393862 0.294405594406 0.0196078431373 0.0433566433566
0 0.716965046888 0.243356643357 0.0153452685422 0.0307692307692
0 0.753623188406 0.246853146853 0.0153452685422 0.0321678321678
0 0.747655583973 0.234265734266 0.0136402387042 0.0265734265734
0 0.761722080136 0.223776223776 0.0144927536232 0.0335664335664
0 0.704177323103 0.346853146853 0.0272804774084 0.0531468531469
0 0.739130434783 0.393006993007 0.0289855072464 0.0531468531469
0 0.709718670077 0.527972027972 0.0434782608696 0.0741258741259
0 0.799658994032 0.411888111888 0.0323955669224 0.0573426573427
0 0.829070758738 0.351048951049 0.0230179028133 0.0503496503497
0 0.830775788576 0.28951048951 0.0179028132992 0.0307692307692
0 0.779624893436 0.276223776224 0.0161977834612 0.0433566433566
0 0.79283887468 0.26013986014 0.0170502983802 0.0307692307692
0 0.797527706735 0.232167832168 0.0161977834612 0.0335664335664
0 0.826086956522 0.238461538462 0.0153452685422 0.0321678321678
0 0.833333333333 0.260839160839 0.0179028132992 0.0321678321678
0 0.860613810742 0.252447552448 0.0144927536232 0.0293706293706
0 0.868286445013 0.265034965035 0.0144927536232 0.0321678321678
0 0.862745098039 0.309090909091 0.0187553282182 0.0475524475524
0 0.878090366581 0.367832167832 0.0221653878943 0.0531468531469
0 0.866155157715 0.434265734266 0.0306905370844 0.0629370629371
0 0.848252344416 0.502097902098 0.0392156862745 0.0671328671329
0 0.942455242967 0.455244755245 0.0332480818414 0.0601398601399
0 0.936061381074 0.382517482517 0.0272804774084 0.0517482517483
0 0.950554134697 0.353146853147 0.0238704177323 0.0461538461538
0 0.928388746803 0.322377622378 0.0187553282182 0.0461538461538
0 0.885763000853 0.327972027972 0.0204603580563 0.0377622377622
0 0.892583120205 0.248251748252 0.0170502983802 0.0321678321678
0 0.914322250639 0.271328671329 0.0196078431373 0.041958041958
0 0.952685421995 0.299300699301 0.0179028132992 0.0335664335664
0 0.954390451833 0.263636363636 0.0144927536232 0.0321678321678
0 0.933503836317 0.299300699301 0.0153452685422 0.0307692307692
