0 0.177939646202 0.456400742115 0.0582726326743 0.103896103896
0 0.28459937565 0.222634508349 0.0135275754422 0.0333951762523
0 0.304890738814 0.222634508349 0.0124869927159 0.0296846011132
0 0.328824141519 0.226345083488 0.0145681581686 0.025974025974
0 0.325182101977 0.199443413729 0.0135275754422 0.0278293135436
0 0.348074921956 0.220779220779 0.0176899063476 0.0222634508349
0 0.352757544225 0.189239332096 0.0166493236212 0.0371057513915
0 0.374609781478 0.232838589981 0.0166493236212 0.0352504638219
0 0.381373569199 0.168831168831 0.0135275754422 0.025974025974
0 0.390218522373 0.209647495362 0.0187304890739 0.0371057513915
0 0.408949011446 0.231910946197 0.0166493236212 0.0408163265306
0 0.419875130073 0.250463821892 0.0176899063476 0.0408163265306
0 0.411550468262 0.167903525046 0.0114464099896 0.0315398886827
0 0.430280957336 0.205936920223 0.0176899063476 0.0333951762523
0 0.438085327784 0.168831168831 0.0145681581686 0.025974025974
0 0.446930280957 0.189239332096 0.0135275754422 0.0371057513915
0 0.467741935484 0.204081632653 0.0176899063476 0.0408163265306
0 0.491675338189 0.180890538033 0.0156087408949 0.0315398886827
0 0.522892819979 0.179035250464 0.0156087408949 0.0278293135436
0 0.481789802289 0.150278293135 0.0124869927159 0.0296846011132
0 0.501560874089 0.12987012987 0.0104058272633 0.025974025974
0 0.558272632674 0.187384044527 0.0176899063476 0.0371057513915
0 0.594693028096 0.225417439703 0.0197710718002 0.0538033395176
0 0.636836628512 0.248608534323 0.0228928199792 0.0408163265306
0 0.690946930281 0.25974025974 0.0208116545265 0.0556586270872
0 0.696149843913 0.320037105751 0.0312174817898 0.0612244897959
0 0.757023933403 0.352504638219 0.0197710718002 0.0556586270872
0 0.792924037461 0.289424860853 0.0166493236212 0.0482374768089
0 0.913111342352 0.357142857143 0.0260145681582 0.0612244897959
0 0.724765868887 0.232838589981 0.0176899063476 0.0426716141002
0 0.5395421436 0.165120593692 0.0135275754422 0.0371057513915
0 0.548907388137 0.137291280148 0.0114464099896 0.0333951762523
0 0.57232049948 0.141001855288 0.0124869927159 0.0333951762523
0 0.585848074922 0.167903525046 0.0145681581686 0.0278293135436
0 0.599375650364 0.156771799629 0.0124869927159 0.0315398886827
0 0.639438085328 0.165120593692 0.0176899063476 0.025974025974
0 0.659729448491 0.180890538033 0.0145681581686 0.0352504638219
0 0.780957336108 0.128014842301 0.0135275754422 0.0333951762523
0 0.690946930281 0.132653061224 0.0145681581686 0.0278293135436
0 0.712278876171 0.118738404453 0.0114464099896 0.0296846011132
0 0.714880332986 0.182745825603 0.0166493236212 0.0352504638219
0 0.731529656608 0.149350649351 0.0124869927159 0.0278293135436
0 0.741415192508 0.168831168831 0.0156087408949 0.0371057513915
0 0.759625390219 0.201298701299 0.0166493236212 0.038961038961
0 0.800208116545 0.206864564007 0.0166493236212 0.038961038961
0 0.793964620187 0.169758812616 0.0145681581686 0.038961038961
0 0.806451612903 0.141929499072 0.0124869927159 0.0315398886827
0 0.826742976067 0.137291280148 0.0114464099896 0.0296846011132
0 0.831945889698 0.176252319109 0.0135275754422 0.0333951762523
0 0.829344432882 0.254174397032 0.0187304890739 0.0445269016698
0 0.839750260146 0.225417439703 0.0145681581686 0.0426716141002
0 0.89802289282 0.231910946197 0.0187304890739 0.0482374768089
0 0.931841831426 0.251391465677 0.0156087408949 0.0463821892393
0 0.855359001041 0.154916512059 0.0124869927159 0.0352504638219
0 0.867845993757 0.186456400742 0.0145681581686 0.038961038961
0 0.877211238293 0.163265306122 0.0124869927159 0.0296846011132
0 0.904266389178 0.180890538033 0.0145681581686 0.0352504638219
0 0.936524453694 0.210575139147 0.0166493236212 0.038961038961
0 0.943288241415 0.192949907236 0.0156087408949 0.0333951762523
0 0.688345473465 0.109461966605 0.0114464099896 0.0296846011132
0 0.637877211238 0.141001855288 0.0145681581686 0.025974025974
0 0.645161290323 0.119666048237 0.0124869927159 0.0278293135436
0 0.594172736733 0.128014842301 0.0166493236212 0.025974025974
0 0.854318418314 0.217996289425 0.0166493236212 0.0315398886827
0 0.773152965661 0.254174397032 0.0187304890739 0.0408163265306
0 0.507284079084 0.159554730983 0.0135275754422 0.0296846011132
0 0.419875130073 0.161410018553 0.0114464099896 0.025974025974
