0 0.0710227272727 0.349407783418 0.0208333333333 0.0490693739425
0 0.267518939394 0.249576988156 0.0160984848485 0.0389170896785
0 0.277935606061 0.267343485618 0.0217803030303 0.0338409475465
0 0.329545454545 0.212351945854 0.0132575757576 0.0355329949239
0 0.348484848485 0.206429780034 0.0151515151515 0.0304568527919
0 0.366950757576 0.192893401015 0.0142045454545 0.0372250423012
0 0.387784090909 0.188663282572 0.0123106060606 0.0321489001692
0 0.359375 0.22758037225 0.0160984848485 0.0321489001692
0 0.35321969697 0.26565143824 0.0227272727273 0.0439932318105
0 0.39678030303 0.254653130288 0.0170454545455 0.0355329949239
0 0.410984848485 0.268189509306 0.0246212121212 0.0423011844332
0 0.403409090909 0.211505922166 0.0151515151515 0.0338409475465
0 0.422348484848 0.186125211506 0.0151515151515 0.0372250423012
0 0.453125 0.186125211506 0.0160984848485 0.0338409475465
0 0.463541666667 0.150592216582 0.0142045454545 0.0270727580372
0 0.482481060606 0.153976311337 0.0123106060606 0.0304568527919
0 0.489583333333 0.131133671743 0.0132575757576 0.0253807106599
0 0.496685606061 0.147208121827 0.0123106060606 0.0270727580372
0 0.477272727273 0.192047377327 0.0132575757576 0.0321489001692
0 0.473484848485 0.229272419628 0.0227272727273 0.0389170896785
0 0.458333333333 0.228426395939 0.0170454545455 0.0338409475465
0 0.511837121212 0.181895093063 0.0179924242424 0.0355329949239
0 0.515151515152 0.166666666667 0.0151515151515 0.0321489001692
0 0.544981060606 0.186971235195 0.0179924242424 0.0423011844332
0 0.554450757576 0.157360406091 0.0160984848485 0.0372250423012
0 0.574810606061 0.115905245347 0.0132575757576 0.0287648054146
0 0.571022727273 0.143824027073 0.0151515151515 0.0304568527919
0 0.583333333333 0.165820642978 0.0151515151515 0.0304568527919
0 0.594223484848 0.142131979695 0.0123106060606 0.0304568527919
0 0.601325757576 0.116751269036 0.0113636363636 0.0270727580372
0 0.614583333333 0.119289340102 0.0132575757576 0.0389170896785
0 0.626893939394 0.137055837563 0.0151515151515 0.0304568527919
0 0.648674242424 0.112521150592 0.0151515151515 0.0287648054146
0 0.645359848485 0.134517766497 0.0179924242424 0.0355329949239
0 0.681818181818 0.10744500846 0.0132575757576 0.0321489001692
0 0.739583333333 0.113367174281 0.0132575757576 0.0270727580372
0 0.767518939394 0.121827411168 0.0123106060606 0.0270727580372
0 0.784564393939 0.134517766497 0.0142045454545 0.0389170896785
0 0.841856060606 0.148900169205 0.0170454545455 0.0338409475465
0 0.855587121212 0.149746192893 0.0179924242424 0.0389170896785
0 0.899621212121 0.150592216582 0.0132575757576 0.0270727580372
0 0.893939393939 0.17089678511 0.0151515151515 0.0372250423012
0 0.804450757576 0.160744500846 0.0142045454545 0.0338409475465
0 0.770359848485 0.156514382403 0.0142045454545 0.0321489001692
0 0.713541666667 0.142131979695 0.0142045454545 0.0304568527919
0 0.689867424242 0.14551607445 0.0142045454545 0.0338409475465
0 0.702651515152 0.176818950931 0.0189393939394 0.0423011844332
0 0.725852272727 0.169204737733 0.0179924242424 0.0338409475465
0 0.741003787879 0.190355329949 0.0198863636364 0.0423011844332
0 0.774147727273 0.202199661591 0.0198863636364 0.0524534686971
0 0.842803030303 0.206429780034 0.0189393939394 0.0473773265651
0 0.901041666667 0.201353637902 0.0123106060606 0.0372250423012
0 0.917613636364 0.220812182741 0.0189393939394 0.0355329949239
0 0.923768939394 0.250423011844 0.0217803030303 0.0439932318105
0 0.856534090909 0.307106598985 0.0255681818182 0.0558375634518
0 0.852272727273 0.273265651438 0.0227272727273 0.0524534686971
0 0.777935606061 0.258883248731 0.0236742424242 0.0541455160745
0 0.72821969697 0.262267343486 0.0246212121212 0.0507614213198
0 0.710227272727 0.210659898477 0.0170454545455 0.0389170896785
0 0.684659090909 0.250423011844 0.0189393939394 0.0439932318105
0 0.656723484848 0.195431472081 0.0160984848485 0.0321489001692
0 0.655303030303 0.174280879865 0.0170454545455 0.0338409475465
0 0.624053030303 0.204737732657 0.0170454545455 0.0372250423012
0 0.560606060606 0.24027072758 0.0208333333333 0.0372250423012
0 0.613636363636 0.257191201354 0.0170454545455 0.0304568527919
0 0.588541666667 0.286802030457 0.0217803030303 0.0423011844332
0 0.635890151515 0.30372250423 0.0255681818182 0.0524534686971
0 0.503787878788 0.287648054146 0.0265151515152 0.0507614213198
