0 0.137129109864 0.349514563107 0.0352846832398 0.0693481276006
0 0.184843624699 0.388349514563 0.0408981555734 0.0748959778086
0 0.217722534082 0.407073509015 0.0344827586207 0.0762829403606
0 0.21892542101 0.370319001387 0.0352846832398 0.0665742024965
0 0.186848436247 0.314840499307 0.0272654370489 0.0499306518724
0 0.251804330393 0.285020804438 0.0272654370489 0.0624133148405
0 0.292702485966 0.26907073509 0.0304731355253 0.0693481276006
0 0.36006415397 0.302357836338 0.0400962309543 0.0804438280166
0 0.390136327185 0.24479889043 0.0344827586207 0.0735090152566
0 0.486367281476 0.260055478502 0.0425020048115 0.0762829403606
0 0.56134723336 0.304438280166 0.0352846832398 0.0596393897365
