0 0.313695871098 0.214285714286 0.0191339375629 0.0285714285714
0 0.367573011078 0.201785714286 0.0161127895267 0.0321428571429
0 0.372608257805 0.178571428571 0.0161127895267 0.0321428571429
0 0.414904330312 0.175892857143 0.0140986908359 0.0303571428571
0 0.430513595166 0.176785714286 0.0151057401813 0.0357142857143
0 0.451158106747 0.228571428571 0.0221550855992 0.0392857142857
0 0.473816717019 0.185714285714 0.0151057401813 0.0285714285714
0 0.440080563948 0.1625 0.0140986908359 0.0285714285714
0 0.439073514602 0.145535714286 0.012084592145 0.0267857142857
0 0.460725075529 0.148214285714 0.0151057401813 0.0285714285714
0 0.461732124874 0.180357142857 0.0151057401813 0.0321428571429
0 0.493957703927 0.144642857143 0.0151057401813 0.025
0 0.495468277946 0.133035714286 0.012084592145 0.0232142857143
0 0.525176233635 0.127678571429 0.0130916414904 0.0232142857143
0 0.517119838872 0.132142857143 0.0130916414904 0.0285714285714
0 0.534239677744 0.15 0.0130916414904 0.025
0 0.541289023162 0.140178571429 0.0110775427996 0.0232142857143
0 0.51863041289 0.166071428571 0.0181268882175 0.0321428571429
0 0.520140986908 0.190178571429 0.0171198388721 0.0339285714286
0 0.554380664653 0.191071428571 0.0171198388721 0.0392857142857
0 0.57250755287 0.141964285714 0.0110775427996 0.0232142857143
0 0.590634441088 0.141071428571 0.0151057401813 0.025
0 0.608257804632 0.108035714286 0.012084592145 0.0232142857143
0 0.591641490433 0.173214285714 0.0151057401813 0.0357142857143
0 0.567975830816 0.235714285714 0.0221550855992 0.05
0 0.623867069486 0.136607142857 0.0130916414904 0.0267857142857
0 0.628902316213 0.161607142857 0.0151057401813 0.0339285714286
0 0.61530715005 0.219642857143 0.0201409869084 0.05
0 0.650050352467 0.200892857143 0.0171198388721 0.0410714285714
0 0.659617321249 0.216071428571 0.0181268882175 0.0464285714286
0 0.647029204431 0.126785714286 0.0110775427996 0.025
0 0.65609264854 0.110714285714 0.0110775427996 0.025
0 0.670694864048 0.114285714286 0.012084592145 0.025
0 0.66364551863 0.14375 0.0100704934542 0.0267857142857
0 0.68026183283 0.151785714286 0.0110775427996 0.025
0 0.702416918429 0.124107142857 0.0110775427996 0.0267857142857
0 0.692849949648 0.18125 0.0140986908359 0.0375
0 0.708459214502 0.182142857143 0.0151057401813 0.0428571428571
0 0.71198388721 0.225892857143 0.0221550855992 0.0446428571429
0 0.720543806647 0.146428571429 0.0130916414904 0.0321428571429
0 0.730110775428 0.180357142857 0.0140986908359 0.0392857142857
0 0.753776435045 0.311607142857 0.0352467270896 0.0803571428571
0 0.737160120846 0.151785714286 0.012084592145 0.0285714285714
0 0.756294058409 0.141964285714 0.012084592145 0.0303571428571
0 0.771903323263 0.15625 0.0130916414904 0.0339285714286
0 0.765357502518 0.185714285714 0.0161127895267 0.0392857142857
0 0.787009063444 0.16875 0.0151057401813 0.0339285714286
0 0.795065458207 0.133035714286 0.0110775427996 0.0267857142857
0 0.805639476334 0.161607142857 0.0140986908359 0.0339285714286
0 0.824773413897 0.133928571429 0.012084592145 0.0321428571429
0 0.823262839879 0.176785714286 0.0130916414904 0.0357142857143
0 0.798086606244 0.209821428571 0.0151057401813 0.0446428571429
0 0.809667673716 0.205357142857 0.0140986908359 0.0357142857143
0 0.84944612286 0.142857142857 0.0110775427996 0.0321428571429
0 0.855991943605 0.198214285714 0.0140986908359 0.0357142857143
0 0.877643504532 0.229464285714 0.0151057401813 0.0410714285714
0 0.872608257805 0.273214285714 0.0171198388721 0.05
0 0.882678751259 0.161607142857 0.0110775427996 0.0303571428571
0 0.894259818731 0.2125 0.0140986908359 0.0321428571429
0 0.907351460222 0.183035714286 0.0140986908359 0.0303571428571
0 0.935548841893 0.167857142857 0.012084592145 0.0285714285714
0 0.932024169184 0.195535714286 0.0110775427996 0.0303571428571
0 0.931520644512 0.227678571429 0.0161127895267 0.0410714285714
