0 0.17434471803 0.259129213483 0.011914217633 0.0323033707865
0 0.277204130262 0.307584269663 0.0333598093725 0.0702247191011
0 0.313741064337 0.243679775281 0.0238284352661 0.0435393258427
0 0.296266878475 0.27106741573 0.0158856235107 0.0252808988764
0 0.341938046068 0.24297752809 0.0230341540905 0.0449438202247
0 0.359809372518 0.212078651685 0.022239872915 0.0365168539326
0 0.388006354249 0.216292134831 0.0246227164416 0.0505617977528
0 0.35941223193 0.349719101124 0.0420969023034 0.0814606741573
0 0.424940428912 0.198735955056 0.0254169976172 0.0463483146067
0 0.474583002383 0.253511235955 0.0293884034948 0.0547752808989
0 0.579030976966 0.301966292135 0.0238284352661 0.0421348314607
