0 0.102469135802 0.453703703704 0.041975308642 0.0892255892256
0 0.186419753086 0.273569023569 0.0156378600823 0.0353535353535
0 0.213991769547 0.288720538721 0.0213991769547 0.0488215488215
0 0.255144032922 0.237373737374 0.0164609053498 0.03367003367
0 0.293827160494 0.245791245791 0.0164609053498 0.040404040404
0 0.299588477366 0.201178451178 0.0131687242798 0.0387205387205
0 0.320164609053 0.232323232323 0.0131687242798 0.043771043771
0 0.337448559671 0.217171717172 0.0148148148148 0.047138047138
0 0.361728395062 0.257575757576 0.0156378600823 0.047138047138
0 0.350617283951 0.198653198653 0.0148148148148 0.03367003367
0 0.379423868313 0.189393939394 0.0131687242798 0.0286195286195
0 0.381893004115 0.244107744108 0.0164609053498 0.040404040404
0 0.423868312757 0.194444444444 0.0131687242798 0.0353535353535
0 0.434567901235 0.170875420875 0.00987654320988 0.0353535353535
0 0.451028806584 0.181818181818 0.0148148148148 0.026936026936
0 0.486008230453 0.205387205387 0.0106995884774 0.03367003367
0 0.461316872428 0.25 0.0172839506173 0.0488215488215
0 0.423456790123 0.313973063973 0.0156378600823 0.0454545454545
0 0.545267489712 0.222222222222 0.0156378600823 0.03367003367
0 0.486419753086 0.151515151515 0.0115226337449 0.026936026936
0 0.513580246914 0.170033670034 0.0148148148148 0.043771043771
0 0.551028806584 0.158249158249 0.0123456790123 0.030303030303
0 0.547736625514 0.130471380471 0.0139917695473 0.0252525252525
0 0.574074074074 0.132996632997 0.0139917695473 0.026936026936
0 0.575308641975 0.167508417508 0.0131687242798 0.0286195286195
0 0.566255144033 0.201178451178 0.0148148148148 0.0353535353535
0 0.606172839506 0.175084175084 0.0123456790123 0.030303030303
0 0.587654320988 0.122053872054 0.0148148148148 0.0286195286195
0 0.618930041152 0.19696969697 0.0131687242798 0.037037037037
0 0.653909465021 0.185185185185 0.0123456790123 0.03367003367
0 0.646502057613 0.146464646465 0.0123456790123 0.030303030303
0 0.628395061728 0.128787878788 0.0123456790123 0.0353535353535
0 0.602057613169 0.148148148148 0.0123456790123 0.020202020202
0 0.66049382716 0.127946127946 0.0139917695473 0.03367003367
0 0.684773662551 0.132154882155 0.0131687242798 0.0252525252525
0 0.684362139918 0.165824915825 0.0139917695473 0.0353535353535
0 0.711934156379 0.154882154882 0.0115226337449 0.03367003367
0 0.662139917695 0.233164983165 0.0189300411523 0.0387205387205
0 0.567489711934 0.340909090909 0.0222222222222 0.0454545454545
0 0.609053497942 0.290404040404 0.0197530864198 0.0521885521886
0 0.706172839506 0.217171717172 0.0131687242798 0.037037037037
0 0.723868312757 0.261784511785 0.0189300411523 0.0488215488215
0 0.73950617284 0.228956228956 0.0123456790123 0.03367003367
0 0.77695473251 0.211279461279 0.0131687242798 0.0319865319865
0 0.747325102881 0.192760942761 0.0148148148148 0.0319865319865
0 0.776543209877 0.180134680135 0.0106995884774 0.023569023569
0 0.811522633745 0.188552188552 0.0131687242798 0.03367003367
0 0.81646090535 0.228114478114 0.0131687242798 0.0353535353535
0 0.795061728395 0.247474747475 0.0131687242798 0.043771043771
0 0.744032921811 0.294612794613 0.0148148148148 0.047138047138
0 0.606172839506 0.373737373737 0.0238683127572 0.0572390572391
0 0.661728395062 0.400673400673 0.0279835390947 0.0538720538721
0 0.720576131687 0.409090909091 0.0238683127572 0.0606060606061
0 0.784362139918 0.447811447811 0.0263374485597 0.0774410774411
0 0.869547325103 0.517676767677 0.0288065843621 0.0824915824916
0 0.875720164609 0.425084175084 0.0213991769547 0.0690235690236
0 0.813580246914 0.297138047138 0.0172839506173 0.0521885521886
0 0.875308641975 0.314814814815 0.0189300411523 0.047138047138
0 0.89341563786 0.287878787879 0.0139917695473 0.037037037037
0 0.830041152263 0.21632996633 0.0156378600823 0.0387205387205
0 0.869547325103 0.228114478114 0.0139917695473 0.0353535353535
0 0.906172839506 0.223905723906 0.0131687242798 0.030303030303
0 0.907407407407 0.257575757576 0.0106995884774 0.030303030303
0 0.934979423868 0.26936026936 0.0131687242798 0.040404040404
0 0.927572016461 0.316498316498 0.0148148148148 0.047138047138
0 0.862139917695 0.374579124579 0.0156378600823 0.0521885521886
0 0.963374485597 0.455387205387 0.0205761316872 0.0622895622896
0 0.953909465021 0.378787878788 0.0148148148148 0.0505050505051
0 0.979423868313 0.369528619529 0.0131687242798 0.0488215488215
0 0.980658436214 0.321548821549 0.0139917695473 0.047138047138
0 0.988477366255 0.256734006734 0.0115226337449 0.0420875420875
0 0.954732510288 0.243265993266 0.0131687242798 0.0387205387205
