0 0.136212624585 0.553748231966 0.0382059800664 0.0749646393211
0 0.228820598007 0.334512022631 0.0141196013289 0.035360678925
0 0.259551495017 0.342998585573 0.0207641196013 0.043847241867
0 0.281146179402 0.369872701556 0.0191029900332 0.038189533239
0 0.288205980066 0.310466760962 0.0182724252492 0.035360678925
0 0.328903654485 0.368458274399 0.0232558139535 0.049504950495
0 0.352574750831 0.331683168317 0.0174418604651 0.035360678925
0 0.353405315615 0.294908062235 0.0174418604651 0.032531824611
0 0.387043189369 0.33946251768 0.0199335548173 0.04243281471
0 0.40988372093 0.333097595474 0.0207641196013 0.038189533239
0 0.408222591362 0.30198019802 0.0191029900332 0.029702970297
0 0.394102990033 0.25954738331 0.0174418604651 0.026874115983
0 0.427325581395 0.260254596888 0.0141196013289 0.025459688826
0 0.444352159468 0.270155586987 0.0182724252492 0.033946251768
0 0.435215946844 0.308345120226 0.0182724252492 0.039603960396
0 0.448504983389 0.337340876945 0.0265780730897 0.043847241867
0 0.47549833887 0.304809052334 0.0207641196013 0.032531824611
0 0.46719269103 0.241867043847 0.0141196013289 0.02828854314
0 0.473006644518 0.265912305516 0.0174418604651 0.033946251768
0 0.509136212625 0.261669024045 0.014950166113 0.031117397454
0 0.523255813953 0.275813295615 0.014950166113 0.033946251768
0 0.524086378738 0.24540311174 0.014950166113 0.024045261669
0 0.544019933555 0.251060820368 0.0132890365449 0.035360678925
0 0.558139534884 0.283592644979 0.0166112956811 0.035360678925
0 0.507475083056 0.323903818953 0.0215946843854 0.033946251768
0 0.571013289037 0.219236209335 0.0124584717608 0.025459688826
0 0.578488372093 0.234087694484 0.0124584717608 0.026874115983
0 0.583056478405 0.258840169731 0.0116279069767 0.031117397454
0 0.589285714286 0.235502121641 0.0107973421927 0.021216407355
0 0.605897009967 0.227722772277 0.0124584717608 0.02828854314
0 0.611710963455 0.208628005658 0.0124584717608 0.021216407355
0 0.631644518272 0.216407355021 0.0124584717608 0.02828854314
0 0.642857142857 0.229137199434 0.0116279069767 0.025459688826
0 0.645348837209 0.246110325318 0.0116279069767 0.02828854314
0 0.602990033223 0.253889674682 0.0166112956811 0.029702970297
0 0.676910299003 0.230551626591 0.0132890365449 0.02828854314
0 0.674833887043 0.206506364922 0.0124584717608 0.022630834512
0 0.689368770764 0.227015558699 0.0132890365449 0.032531824611
0 0.483803986711 0.403818953324 0.03073089701 0.0579915134371
0 0.539867109635 0.349363507779 0.0232558139535 0.0509193776521
0 0.549003322259 0.403111739745 0.0299003322259 0.048090523338
0 0.593438538206 0.447666195191 0.0357142857143 0.0749646393211
0 0.605481727575 0.38189533239 0.0265780730897 0.0537482319661
0 0.603820598007 0.334512022631 0.0232558139535 0.049504950495
0 0.639950166113 0.297736916549 0.0191029900332 0.041018387553
0 0.673172757475 0.277934936351 0.0174418604651 0.035360678925
0 0.699750830565 0.300565770863 0.015780730897 0.041018387553
0 0.71303986711 0.302687411598 0.015780730897 0.036775106082
0 0.711794019934 0.252475247525 0.0132890365449 0.032531824611
0 0.736295681063 0.255304101839 0.0141196013289 0.029702970297
0 0.742109634551 0.239038189533 0.0141196013289 0.02828854314
0 0.754568106312 0.230551626591 0.0124584717608 0.02828854314
0 0.650332225914 0.345120226308 0.0215946843854 0.045261669024
0 0.666528239203 0.376944837341 0.0274086378738 0.0551626591231
0 0.692275747508 0.362093352192 0.0240863787375 0.0537482319661
0 0.725913621262 0.397454031117 0.0282392026578 0.0594059405941
0 0.642857142857 0.470297029703 0.0332225913621 0.0721357850071
0 0.705980066445 0.544554455446 0.0382059800664 0.0678925035361
0 0.83596345515 0.50495049505 0.0357142857143 0.0650636492221
0 0.771179401993 0.277934936351 0.0141196013289 0.035360678925
0 0.78903654485 0.265205091938 0.0166112956811 0.038189533239
0 0.787790697674 0.24045261669 0.015780730897 0.033946251768
0 0.820598006645 0.303394625177 0.0166112956811 0.038189533239
0 0.816029900332 0.289250353607 0.0174418604651 0.035360678925
0 0.816445182724 0.244695898161 0.0182724252492 0.036775106082
0 0.848006644518 0.258132956153 0.014950166113 0.032531824611
0 0.862126245847 0.272984441301 0.0132890365449 0.033946251768
0 0.875415282392 0.260961810467 0.0132890365449 0.032531824611
0 0.90157807309 0.275813295615 0.015780730897 0.031117397454
0 0.890780730897 0.31612446959 0.015780730897 0.026874115983
0 0.852574750831 0.312588401697 0.0191029900332 0.036775106082
0 0.819352159468 0.359971711457 0.0224252491694 0.0523338048091
0 0.796096345515 0.433521923621 0.0290697674419 0.0664780763791
0 0.849252491694 0.461103253182 0.0323920265781 0.0565770862801
0 0.867940199336 0.381188118812 0.0232558139535 0.049504950495
0 0.875415282392 0.349363507779 0.0199335548173 0.04243281471
0 0.920681063123 0.391796322489 0.0240863787375 0.04243281471
0 0.929817275748 0.460396039604 0.0290697674419 0.0664780763791
0 0.940199335548 0.354314002829 0.0166112956811 0.035360678925
0 0.943106312292 0.32531824611 0.0174418604651 0.033946251768
0 0.922757475083 0.309759547383 0.0182724252492 0.036775106082
0 0.947259136213 0.277227722772 0.0174418604651 0.031117397454
