0 0.0964102564103 0.246800731261 0.0225641025641 0.0438756855576
0 0.218461538462 0.348263254113 0.0430769230769 0.0786106032907
0 0.440512820513 0.14533820841 0.0112820512821 0.0310786106033
0 0.462051282051 0.144424131627 0.0112820512821 0.0292504570384
0 0.484615384615 0.150822669104 0.0153846153846 0.0310786106033
0 0.516923076923 0.0658135283364 0.014358974359 0.018281535649
0 0.51641025641 0.133455210238 0.0133333333333 0.0219378427788
0 0.495897435897 0.201096892139 0.0153846153846 0.0292504570384
0 0.637435897436 0.121572212066 0.0112820512821 0.0274223034735
0 0.655897435897 0.122486288848 0.0112820512821 0.0292504570384
0 0.630256410256 0.207495429616 0.0235897435897 0.0457038391225
0 0.697948717949 0.17915904936 0.0174358974359 0.0329067641682
0 0.718974358974 0.19012797075 0.014358974359 0.0329067641682
0 0.725128205128 0.156307129799 0.0123076923077 0.0274223034735
0 0.734871794872 0.17915904936 0.0112820512821 0.0292504570384
0 0.77641025641 0.142595978062 0.0102564102564 0.0255941499086
0 0.769743589744 0.176416819013 0.0153846153846 0.0310786106033
0 0.812307692308 0.139853747715 0.014358974359 0.0274223034735
0 0.826153846154 0.184643510055 0.0174358974359 0.0329067641682
0 0.904615384615 0.17915904936 0.014358974359 0.036563071298
0 0.870256410256 0.288848263254 0.0194871794872 0.0511882998172
0 0.928205128205 0.236745886654 0.0164102564103 0.0347349177331
0 0.935897435897 0.196526508227 0.0153846153846 0.0274223034735
0 0.937948717949 0.170932358318 0.0112820512821 0.0237659963437
