0 0.840798442064 0.115517241379 0.0107108081792 0.0241379310345
0 0.866601752678 0.123275862069 0.00778967867575 0.0258620689655
0 0.853456669912 0.143965517241 0.0107108081792 0.0293103448276
0 0.888510223953 0.144827586207 0.0126582278481 0.0275862068966
0 0.903602726388 0.143103448276 0.00973709834469 0.0241379310345
0 0.928432327167 0.153448275862 0.00681596884129 0.0206896551724
0 0.924050632911 0.2 0.0155793573515 0.0379310344828
0 0.930379746835 0.231896551724 0.014605647517 0.0396551724138
0 0.883641674781 0.181896551724 0.016553067186 0.0396551724138
0 0.876338851022 0.196551724138 0.0175267770204 0.0379310344828
0 0.865628042843 0.256034482759 0.0194741966894 0.0396551724138
0 0.914313534567 0.293965517241 0.0214216163583 0.0603448275862
0 0.896299902629 0.361206896552 0.0223953261928 0.0637931034483
0 0.845666991237 0.29224137931 0.0262901655307 0.0637931034483
0 0.794547224927 0.364655172414 0.0272638753651 0.0637931034483
0 0.768257059396 0.263793103448 0.0233690360273 0.0551724137931
0 0.747809152872 0.331896551724 0.0292112950341 0.0672413793103
0 0.811100292113 0.131896551724 0.0155793573515 0.0362068965517
0 0.818403115871 0.145689655172 0.014605647517 0.0362068965517
0 0.793573515093 0.139655172414 0.0136319376826 0.0344827586207
0 0.825219084713 0.194827586207 0.014605647517 0.0448275862069
0 0.808666017527 0.24224137931 0.0204479065239 0.0465517241379
0 0.778481012658 0.190517241379 0.0223953261928 0.0534482758621
0 0.738558909445 0.178448275862 0.016553067186 0.0396551724138
0 0.750243427459 0.216379310345 0.0204479065239 0.05
0 0.707887049659 0.223275862069 0.0175267770204 0.0431034482759
0 0.696689386563 0.281034482759 0.0243427458617 0.048275862069
0 0.688899707887 0.311206896552 0.0301850048685 0.0672413793103
0 0.693281402142 0.185344827586 0.0194741966894 0.0396551724138
0 0.669912366115 0.169827586207 0.0155793573515 0.0396551724138
0 0.661635832522 0.205172413793 0.0185004868549 0.0448275862069
0 0.690360272639 0.146551724138 0.0155793573515 0.0275862068966
0 0.700097370983 0.0974137931034 0.00973709834469 0.0224137931034
0 0.672346640701 0.102586206897 0.0107108081792 0.0224137931034
0 0.593962999026 0.103448275862 0.00973709834469 0.0241379310345
0 0.617818889971 0.1 0.0107108081792 0.0206896551724
0 0.63729308666 0.102586206897 0.0107108081792 0.0224137931034
0 0.653846153846 0.115517241379 0.0107108081792 0.0241379310345
0 0.64605647517 0.131034482759 0.0107108081792 0.0241379310345
0 0.601265822785 0.150862068966 0.0126582278481 0.0258620689655
0 0.609542356378 0.126724137931 0.0116845180136 0.0224137931034
0 0.555501460565 0.111206896552 0.0107108081792 0.0224137931034
0 0.560856864654 0.125 0.0116845180136 0.0258620689655
0 0.573515092502 0.162068965517 0.0116845180136 0.0275862068966
0 0.528724440117 0.127586206897 0.00973709834469 0.0206896551724
0 0.545277507303 0.169827586207 0.0136319376826 0.0293103448276
0 0.519961051607 0.164655172414 0.0136319376826 0.0258620689655
0 0.509250243427 0.130172413793 0.00778967867575 0.0224137931034
0 0.472249269718 0.156034482759 0.0116845180136 0.0293103448276
0 0.450340798442 0.150862068966 0.00876338851022 0.0224137931034
0 0.446445959104 0.18275862069 0.0126582278481 0.0275862068966
0 0.444498539435 0.222413793103 0.016553067186 0.0379310344828
0 0.480525803311 0.181034482759 0.0126582278481 0.0344827586207
0 0.490749756573 0.15775862069 0.0136319376826 0.0293103448276
0 0.489289191821 0.190517241379 0.016553067186 0.0362068965517
0 0.488802336904 0.299137931034 0.0253164556962 0.05
0 0.521908471276 0.195689655172 0.0136319376826 0.0431034482759
0 0.533592989289 0.323275862069 0.0253164556962 0.0534482758621
0 0.560370009737 0.25775862069 0.0204479065239 0.0465517241379
0 0.614897760467 0.202586206897 0.016553067186 0.0396551724138
0 0.608568646543 0.31724137931 0.0233690360273 0.0551724137931
0 0.255111976631 0.260344827586 0.0136319376826 0.0344827586207
0 0.278967867575 0.249137931034 0.014605647517 0.0258620689655
0 0.328140214216 0.203448275862 0.0155793573515 0.0310344827586
0 0.36270691334 0.191379310345 0.0107108081792 0.0310344827586
0 0.358812074002 0.239655172414 0.0243427458617 0.051724137931
0 0.386562804284 0.268103448276 0.0136319376826 0.0362068965517
0 0.407984420643 0.18275862069 0.0155793573515 0.0344827586207
0 0.392891918208 0.211206896552 0.014605647517 0.0396551724138
0 0.38899707887 0.196551724138 0.014605647517 0.0344827586207
