0 0.150425733207 0.299003322259 0.0245979186377 0.0431893687708
0 0.257805108798 0.283222591362 0.035004730369 0.0647840531561
0 0.379375591296 0.269933554817 0.0189214758751 0.0415282392027
0 0.35004730369 0.242524916944 0.0283822138127 0.0398671096346
0 0.423841059603 0.16196013289 0.0189214758751 0.0348837209302
0 0.465468306528 0.220930232558 0.0245979186377 0.0431893687708
0 0.49243140965 0.31561461794 0.0312204351939 0.063122923588
0 0.543046357616 0.331395348837 0.0321665089877 0.0714285714286
0 0.595553453169 0.392857142857 0.038789025544 0.0681063122924
0 0.639545884579 0.245016611296 0.0227057710501 0.0415282392027
0 0.651371807001 0.230897009967 0.0217596972564 0.0398671096346
0 0.539735099338 0.140365448505 0.0104068117313 0.0249169435216
0 0.57426679281 0.135382059801 0.0170293282876 0.0382059800664
0 0.600283822138 0.117109634551 0.0122989593188 0.0282392026578
0 0.795175023652 0.282392026578 0.0274361400189 0.0564784053156
0 0.855250709555 0.310631229236 0.0321665089877 0.0598006644518
0 0.913907284768 0.148671096346 0.0113528855251 0.0215946843854
0 0.943235572375 0.156976744186 0.0151371807001 0.0348837209302
