0 0.201323251418 0.461348684211 0.0453686200378 0.106907894737
0 0.256143667297 0.440789473684 0.0453686200378 0.0986842105263
0 0.322778827977 0.282894736842 0.0217391304348 0.0394736842105
0 0.379017013233 0.259868421053 0.0226843100189 0.0460526315789
0 0.420604914934 0.240953947368 0.0226843100189 0.03125
0 0.45415879017 0.226973684211 0.023629489603 0.0394736842105
0 0.460775047259 0.190789473684 0.0217391304348 0.0361842105263
0 0.480623818526 0.200657894737 0.0217391304348 0.0296052631579
0 0.469754253308 0.15625 0.0132325141777 0.0230263157895
0 0.475425330813 0.157894736842 0.0132325141777 0.0263157894737
0 0.489603024575 0.09375 0.0189035916824 0.0296052631579
0 0.50236294896 0.155427631579 0.0141776937618 0.0279605263158
0 0.540170132325 0.143914473684 0.0179584120983 0.03125
0 0.547731568998 0.198190789474 0.0217391304348 0.0411184210526
0 0.559073724008 0.157894736842 0.0160680529301 0.0328947368421
0 0.59168241966 0.151315789474 0.0189035916824 0.0361842105263
0 0.5297731569 0.175164473684 0.0198487712665 0.03125
0 0.439035916824 0.28125 0.0274102079395 0.0526315789474
0 0.484877126654 0.328947368421 0.0302457466919 0.0526315789474
0 0.663516068053 0.264802631579 0.0207939508507 0.0493421052632
0 0.700378071834 0.15625 0.0170132325142 0.0427631578947
0 0.721644612476 0.148026315789 0.0141776937618 0.0361842105263
0 0.740548204159 0.159539473684 0.0179584120983 0.0328947368421
0 0.759451795841 0.138980263158 0.0160680529301 0.0345394736842
0 0.76843100189 0.183388157895 0.0170132325142 0.0411184210526
0 0.811436672968 0.189967105263 0.0198487712665 0.0444078947368
0 0.826086956522 0.135690789474 0.0113421550095 0.0411184210526
0 0.880907372401 0.214638157895 0.0170132325142 0.0476973684211
0 0.772684310019 0.291940789474 0.023629489603 0.0542763157895
0 0.728260869565 0.288651315789 0.0255198487713 0.0575657894737
