0 0.0328895849648 0.397743300423 0.0234925606891 0.0451339915374
0 0.238057948316 0.336389280677 0.0156617071261 0.0324400564175
0 0.256068911511 0.348377997179 0.0203602192639 0.0394922425952
0 0.282302270948 0.306064880113 0.0164447924824 0.0310296191819
0 0.285434612373 0.360366713681 0.0195771339076 0.0409026798307
0 0.32419733751 0.366008462623 0.0219263899765 0.0437235543018
0 0.346906812843 0.322990126939 0.0172278778387 0.033850493653
0 0.349256068912 0.296191819464 0.0156617071261 0.0310296191819
0 0.374706342991 0.332863187588 0.0148786217698 0.0282087447109
0 0.399765074393 0.337799717913 0.018010963195 0.0324400564175
0 0.400156617071 0.301128349788 0.0140955364135 0.0267983074753
0 0.379796397807 0.263046544429 0.0125293657009 0.0324400564175
0 0.400548159749 0.263046544429 0.0117462803446 0.0267983074753
0 0.427564604542 0.302538787024 0.0140955364135 0.0324400564175
0 0.429130775255 0.266572637518 0.0140955364135 0.0310296191819
0 0.414643696163 0.254583921016 0.0117462803446 0.0296191819464
0 0.418167580266 0.271509167842 0.00939702427565 0.0239774330042
0 0.457321848081 0.308885754584 0.0156617071261 0.0310296191819
0 0.417776037588 0.304654442877 0.0101801096319 0.0282087447109
0 0.454189506656 0.2341325811 0.0125293657009 0.0225669957687
0 0.440485512921 0.253878702398 0.0101801096319 0.0253878702398
0 0.496867658575 0.270803949224 0.0148786217698 0.0282087447109
0 0.490994518403 0.254583921016 0.0109631949883 0.0267983074753
0 0.498433829287 0.245416078984 0.0133124510572 0.0282087447109
0 0.519968676586 0.251057827927 0.0156617071261 0.033850493653
0 0.547768206735 0.222849083216 0.0117462803446 0.0225669957687
0 0.555990602976 0.205218617772 0.0140955364135 0.0296191819464
0 0.556773688332 0.258815232722 0.0125293657009 0.0296191819464
0 0.560689115114 0.279266572638 0.0156617071261 0.0310296191819
0 0.511354737666 0.298307475317 0.0172278778387 0.0324400564175
0 0.489819890368 0.320169252468 0.018010963195 0.0394922425952
0 0.484729835552 0.392101551481 0.0250587314017 0.0507757404795
0 0.527016444792 0.40832157969 0.0234925606891 0.0521861777151
0 0.519577133908 0.366713681241 0.0242756460454 0.0507757404795
0 0.579483163665 0.322284908322 0.0203602192639 0.0437235543018
0 0.58888018794 0.360366713681 0.0203602192639 0.0437235543018
0 0.589271730619 0.430183356841 0.0289741581832 0.064880112835
0 0.65035238841 0.444992947814 0.0274079874706 0.0662905500705
0 0.637431480031 0.371650211566 0.0281910728269 0.0550070521862
0 0.627251370399 0.332863187588 0.0172278778387 0.0366713681241
0 0.614722004699 0.2976022567 0.0187940485513 0.0423131170663
0 0.586139389193 0.243300423131 0.0133124510572 0.0239774330042
0 0.589271730619 0.222849083216 0.0101801096319 0.0225669957687
0 0.593578700078 0.20874471086 0.0109631949883 0.0225669957687
0 0.60806577917 0.214386459803 0.0117462803446 0.0253878702398
0 0.616679718089 0.230606488011 0.0117462803446 0.0267983074753
0 0.62294440094 0.245416078984 0.0101801096319 0.0253878702398
0 0.635473766641 0.218617771509 0.0117462803446 0.0253878702398
0 0.645262333594 0.230606488011 0.0109631949883 0.0267983074753
0 0.657400156617 0.229196050776 0.0117462803446 0.0352609308886
0 0.678935003915 0.248942172073 0.0156617071261 0.0352609308886
0 0.653484729836 0.269393511989 0.0148786217698 0.033850493653
0 0.676977290525 0.29125528914 0.0195771339076 0.0437235543018
0 0.699686765857 0.287023977433 0.018010963195 0.0324400564175
0 0.704385277995 0.260225669958 0.0164447924824 0.0352609308886
0 0.720830070478 0.249647390691 0.0133124510572 0.0225669957687
0 0.719263899765 0.224964739069 0.0133124510572 0.0267983074753
0 0.752936570086 0.243300423131 0.0164447924824 0.0296191819464
0 0.74784651527 0.263751763047 0.0140955364135 0.0282087447109
0 0.739232576351 0.289139633286 0.0140955364135 0.0310296191819
0 0.667580266249 0.353314527504 0.0195771339076 0.0521861777151
0 0.707517619421 0.396332863188 0.025841816758 0.0479548660085
0 0.691464369616 0.47461212976 0.0328895849648 0.0747531734838
0 0.765465935787 0.410437235543 0.0274079874706 0.0535966149506
0 0.788958496476 0.514104372355 0.0321064996085 0.0634696755994
0 0.812451057165 0.437940761636 0.0289741581832 0.0634696755994
0 0.780736100235 0.358956276446 0.0187940485513 0.0521861777151
0 0.785826155051 0.301833568406 0.018010963195 0.0366713681241
0 0.786217697729 0.281382228491 0.0156617071261 0.0267983074753
0 0.779953014879 0.251763046544 0.0172278778387 0.0352609308886
0 0.806577916993 0.260930888575 0.0125293657009 0.033850493653
0 0.823022709475 0.267277856135 0.0125293657009 0.0324400564175
0 0.827721221613 0.290550070522 0.0140955364135 0.0310296191819
0 0.84103367267 0.258110014104 0.0125293657009 0.0282087447109
0 0.8136256852 0.313117066291 0.0187940485513 0.033850493653
0 0.804228660924 0.336389280677 0.0172278778387 0.0380818053597
0 0.828504306969 0.371650211566 0.0234925606891 0.0521861777151
0 0.838292873923 0.342031029619 0.0164447924824 0.0437235543018
0 0.856303837118 0.321579689704 0.0148786217698 0.0366713681241
0 0.862176977291 0.280677009873 0.0140955364135 0.033850493653
0 0.89624119029 0.29125528914 0.018010963195 0.0296191819464
0 0.879404855129 0.318053596615 0.0156617071261 0.0324400564175
0 0.886844166014 0.35119887165 0.0164447924824 0.0394922425952
0 0.874706342991 0.390691114245 0.0203602192639 0.0451339915374
0 0.878230227095 0.442172073343 0.0305403288958 0.0634696755994
