0 0.089530332681 0.281034482759 0.0225048923679 0.051724137931
0 0.283757338552 0.231034482759 0.0195694716243 0.0379310344828
0 0.295499021526 0.23275862069 0.0156555772994 0.0344827586207
0 0.333659491194 0.189655172414 0.0156555772994 0.0344827586207
0 0.356164383562 0.193103448276 0.0156555772994 0.0344827586207
0 0.359099804305 0.230172413793 0.0195694716243 0.0396551724138
0 0.37915851272 0.237931034483 0.0185909980431 0.0379310344828
0 0.38698630137 0.177586206897 0.0127201565558 0.0310344827586
0 0.406555772994 0.172413793103 0.0127201565558 0.0275862068966
0 0.381115459883 0.211206896552 0.0146771037182 0.0293103448276
0 0.412915851272 0.243103448276 0.0176125244618 0.0379310344828
0 0.4271037182 0.203448275862 0.0166340508806 0.0413793103448
0 0.426614481409 0.175862068966 0.013698630137 0.0310344827586
0 0.444227005871 0.168103448276 0.013698630137 0.0293103448276
0 0.460371819961 0.214655172414 0.0185909980431 0.0362068965517
0 0.449608610568 0.252586206897 0.0185909980431 0.0362068965517
0 0.489236790607 0.155172413793 0.0117416829746 0.0310344827586
0 0.5 0.159482758621 0.013698630137 0.0258620689655
0 0.504403131115 0.188793103448 0.0166340508806 0.0362068965517
0 0.506849315068 0.133620689655 0.0117416829746 0.0224137931034
0 0.522015655577 0.146551724138 0.0166340508806 0.0310344827586
0 0.528864970646 0.186206896552 0.0185909980431 0.0310344827586
0 0.542074363992 0.162931034483 0.013698630137 0.0293103448276
0 0.552837573386 0.13275862069 0.0117416829746 0.0241379310345
0 0.554305283757 0.148275862069 0.0166340508806 0.0275862068966
0 0.561154598826 0.188793103448 0.0166340508806 0.0362068965517
0 0.570939334638 0.165517241379 0.0146771037182 0.0344827586207
0 0.578767123288 0.143965517241 0.0127201565558 0.0293103448276
0 0.59637964775 0.141379310345 0.0127201565558 0.0241379310345
0 0.601272015656 0.161206896552 0.0166340508806 0.0293103448276
0 0.609099804305 0.16724137931 0.0166340508806 0.0310344827586
0 0.59686888454 0.231034482759 0.0195694716243 0.048275862069
0 0.627690802348 0.213793103448 0.0185909980431 0.0413793103448
0 0.637964774951 0.254310344828 0.0215264187867 0.0465517241379
0 0.673679060665 0.186206896552 0.0146771037182 0.0344827586207
0 0.646771037182 0.160344827586 0.013698630137 0.0241379310345
0 0.627690802348 0.141379310345 0.0127201565558 0.0275862068966
0 0.617906066536 0.127586206897 0.0127201565558 0.0206896551724
0 0.612035225049 0.128448275862 0.0146771037182 0.0258620689655
0 0.64481409002 0.127586206897 0.013698630137 0.0310344827586
0 0.6614481409 0.113793103448 0.0117416829746 0.0241379310345
0 0.666829745597 0.131896551724 0.0127201565558 0.0293103448276
0 0.684442270059 0.137931034483 0.0127201565558 0.0275862068966
0 0.689823874755 0.11724137931 0.0117416829746 0.0241379310345
0 0.70988258317 0.11724137931 0.0107632093933 0.0241379310345
0 0.783268101761 0.134482758621 0.0107632093933 0.0241379310345
0 0.738258317025 0.154310344828 0.0127201565558 0.0327586206897
0 0.740704500978 0.178448275862 0.0176125244618 0.0362068965517
0 0.720156555773 0.189655172414 0.013698630137 0.0344827586207
0 0.706457925636 0.184482758621 0.0156555772994 0.0310344827586
0 0.684931506849 0.227586206897 0.0195694716243 0.0379310344828
0 0.694716242661 0.259482758621 0.0215264187867 0.0465517241379
0 0.697651663405 0.308620689655 0.0254403131115 0.0689655172414
0 0.737769080235 0.240517241379 0.0176125244618 0.0431034482759
0 0.771037181996 0.246551724138 0.0176125244618 0.0448275862069
0 0.795499021526 0.218103448276 0.0156555772994 0.0396551724138
0 0.798923679061 0.174137931034 0.0127201565558 0.0344827586207
0 0.805772994129 0.14224137931 0.0107632093933 0.0327586206897
0 0.835616438356 0.143103448276 0.0117416829746 0.0310344827586
0 0.835616438356 0.177586206897 0.013698630137 0.0344827586207
0 0.857142857143 0.162931034483 0.0117416829746 0.0362068965517
0 0.877201565558 0.169827586207 0.0146771037182 0.0327586206897
0 0.868884540117 0.195689655172 0.0156555772994 0.0327586206897
0 0.915851272016 0.155172413793 0.0117416829746 0.0310344827586
0 0.906066536204 0.18275862069 0.0156555772994 0.0379310344828
0 0.953522504892 0.199137931034 0.0107632093933 0.0327586206897
0 0.936399217221 0.212068965517 0.0156555772994 0.0275862068966
0 0.947162426614 0.225862068966 0.013698630137 0.0310344827586
0 0.925146771037 0.25775862069 0.0166340508806 0.0396551724138
0 0.917808219178 0.331034482759 0.0215264187867 0.0551724137931
0 0.888943248532 0.231034482759 0.0166340508806 0.0379310344828
0 0.896771037182 0.210344827586 0.0185909980431 0.0310344827586
0 0.858121330724 0.224137931034 0.013698630137 0.0344827586207
0 0.843933463796 0.224137931034 0.0166340508806 0.0344827586207
0 0.820939334638 0.206896551724 0.0156555772994 0.0310344827586
0 0.824853228963 0.269827586207 0.0176125244618 0.0568965517241
0 0.795009784736 0.298275862069 0.0225048923679 0.0551724137931
0 0.750489236791 0.38275862069 0.0254403131115 0.0655172413793
0 0.763209393346 0.141379310345 0.013698630137 0.0344827586207
0 0.756849315068 0.199137931034 0.0185909980431 0.0362068965517
0 0.658512720157 0.147413793103 0.013698630137 0.0258620689655
0 0.338062622309 0.227586206897 0.0146771037182 0.0310344827586
0 0.455968688845 0.195689655172 0.013698630137 0.0293103448276
