0 0.194598888006 0.394810659187 0.042891183479 0.0827489481066
0 0.299841143765 0.255960729313 0.0214455917395 0.0434782608696
0 0.313343923749 0.260168302945 0.0230341540905 0.0462833099579
0 0.337569499603 0.214586255259 0.0174741858618 0.0336605890603
0 0.353852263701 0.253155680224 0.0262112787927 0.0434782608696
0 0.370532168388 0.234221598878 0.0214455917395 0.0448807854137
0 0.390786338364 0.255960729313 0.0254169976172 0.0490883590463
0 0.40031771247 0.227208976157 0.0190627482129 0.0336605890603
0 0.415409054805 0.18793828892 0.0190627482129 0.0364656381487
0 0.422557585385 0.244740532959 0.0254169976172 0.0518934081346
0 0.4447974583 0.226507713885 0.0206513105639 0.0462833099579
0 0.465845909452 0.23141654979 0.0246227164416 0.0476858345021
0 0.43764892772 0.164095371669 0.0142970611597 0.0336605890603
0 0.45194598888 0.168302945302 0.0127084988086 0.0308555399719
0 0.452343129468 0.139551192146 0.0135027799841 0.0294530154278
0 0.469023034154 0.153576437588 0.0135027799841 0.0350631136045
0 0.505957108817 0.129733520337 0.0190627482129 0.0266479663394
0 0.517474185862 0.152875175316 0.0150913423352 0.0308555399719
0 0.503971405878 0.180925666199 0.0198570293884 0.039270687237
0 0.549642573471 0.159887798036 0.0174741858618 0.039270687237
0 0.548848292295 0.132538569425 0.0158856235107 0.0266479663394
0 0.560762509929 0.182328190743 0.022239872915 0.039270687237
0 0.530579825258 0.131837307153 0.0127084988086 0.0280504908836
0 0.547259729944 0.24824684432 0.0285941223193 0.0476858345021
0 0.541699761716 0.300841514727 0.0349483717236 0.0575035063114
0 0.606433677522 0.314165497896 0.032565528197 0.0617110799439
0 0.60325655282 0.253856942496 0.0277998411438 0.0561009817672
0 0.602859412232 0.208976157083 0.0270055599682 0.0504908835905
0 0.565131056394 0.123422159888 0.0166799046863 0.0308555399719
0 0.586179507546 0.143758765778 0.0190627482129 0.0406732117812
0 0.60683081811 0.145161290323 0.0174741858618 0.0350631136045
0 0.603653693407 0.117812061711 0.0111199364575 0.0280504908836
0 0.611596505163 0.110098176718 0.0142970611597 0.0350631136045
0 0.593328038125 0.103085553997 0.0111199364575 0.0238429172511
0 0.639396346307 0.131136044881 0.0174741858618 0.0350631136045
0 0.650119142176 0.111500701262 0.0150913423352 0.0322580645161
0 0.643764892772 0.0967741935484 0.011914217633 0.0224403927069
0 0.667990468626 0.117110799439 0.0174741858618 0.0350631136045
0 0.696981731533 0.104488078541 0.011914217633 0.0294530154278
0 0.689436060365 0.172510518934 0.0174741858618 0.039270687237
0 0.658459094519 0.223001402525 0.0238284352661 0.0476858345021
0 0.657664813344 0.260168302945 0.0285941223193 0.0490883590463
0 0.795472597299 0.380084151473 0.0420969023034 0.0841514726508
0 0.836775218427 0.316970546985 0.0277998411438 0.070126227209
0 0.778395552025 0.291023842917 0.0238284352661 0.0518934081346
0 0.748212867355 0.222300140252 0.0285941223193 0.054698457223
0 0.707307386815 0.220196353436 0.0246227164416 0.0532959326788
0 0.728752978554 0.180925666199 0.0166799046863 0.0448807854137
0 0.716441620334 0.162692847125 0.0190627482129 0.0420757363254
0 0.741461477363 0.116409537167 0.0198570293884 0.0364656381487
0 0.750992851469 0.13744740533 0.0135027799841 0.0308555399719
0 0.779586973789 0.15778401122 0.0166799046863 0.0350631136045
0 0.772835583797 0.204067321178 0.022239872915 0.0490883590463
0 0.749007148531 0.164796633941 0.0174741858618 0.0350631136045
0 0.797061159651 0.179523141655 0.0182684670373 0.0364656381487
0 0.812946783161 0.150771388499 0.0182684670373 0.0350631136045
0 0.777998411438 0.120617110799 0.0166799046863 0.0280504908836
0 0.805798252581 0.115007012623 0.0182684670373 0.0336605890603
0 0.839952343129 0.124824684432 0.0182684670373 0.0308555399719
0 0.837569499603 0.181626928471 0.0182684670373 0.0434782608696
0 0.820492454329 0.211079943899 0.0190627482129 0.0406732117812
0 0.802223987292 0.241234221599 0.0238284352661 0.0532959326788
0 0.85941223193 0.246844319776 0.0238284352661 0.0504908835905
0 0.879666401906 0.23141654979 0.0214455917395 0.0504908835905
0 0.903097696585 0.286816269285 0.0333598093725 0.0715287517532
0 0.908260524226 0.252454417952 0.0230341540905 0.0476858345021
0 0.919777601271 0.233520336606 0.0254169976172 0.0406732117812
0 0.891183478952 0.183730715288 0.0190627482129 0.0420757363254
0 0.895154884829 0.147265077139 0.0174741858618 0.0364656381487
0 0.85583796664 0.164095371669 0.0166799046863 0.0336605890603
0 0.864177918983 0.147966339411 0.0174741858618 0.0322580645161
0 0.88085782367 0.417251051893 0.0365369340747 0.085553997195
