0 0.228260869565 0.501672240803 0.0444234404537 0.0869565217391
0 0.312381852552 0.261705685619 0.0179584120983 0.0351170568562
0 0.333175803403 0.278428093645 0.0198487712665 0.0418060200669
0 0.387051039698 0.201505016722 0.0198487712665 0.0351170568562
0 0.428638941399 0.280100334448 0.0217391304348 0.0484949832776
0 0.422967863894 0.224080267559 0.0160680529301 0.0367892976589
0 0.441871455577 0.234113712375 0.0217391304348 0.0367892976589
0 0.444234404537 0.195652173913 0.0170132325142 0.0367892976589
0 0.436200378072 0.169732441472 0.0160680529301 0.0351170568562
0 0.45179584121 0.158026755853 0.0132325141777 0.0284280936455
0 0.47258979206 0.151337792642 0.0132325141777 0.0317725752508
0 0.486767485822 0.138795986622 0.0113421550095 0.0267558528428
0 0.472117202268 0.209866220736 0.0160680529301 0.0317725752508
0 0.474952741021 0.190635451505 0.0141776937618 0.0334448160535
0 0.48156899811 0.170568561873 0.0141776937618 0.0301003344482
0 0.497164461248 0.17474916388 0.0132325141777 0.0317725752508
0 0.524102079395 0.215719063545 0.0179584120983 0.0401337792642
0 0.525519848771 0.155518394649 0.0151228733459 0.0334448160535
0 0.539697542533 0.0844481605351 0.0113421550095 0.0284280936455
0 0.567580340265 0.109531772575 0.0122873345936 0.0250836120401
0 0.600189035917 0.0986622073579 0.0132325141777 0.0301003344482
0 0.615784499055 0.117056856187 0.0122873345936 0.0234113712375
0 0.615311909263 0.136287625418 0.0132325141777 0.0284280936455
0 0.558128544423 0.149665551839 0.0160680529301 0.0351170568562
0 0.58034026465 0.161371237458 0.0151228733459 0.0284280936455
0 0.608695652174 0.180602006689 0.0207939508507 0.0434782608696
0 0.576086956522 0.135451505017 0.0122873345936 0.0334448160535
0 0.684782608696 0.0627090301003 0.0103969754253 0.0317725752508
0 0.784971644612 0.0560200668896 0.0141776937618 0.0250836120401
0 0.6904536862 0.102006688963 0.0141776937618 0.0301003344482
0 0.753780718336 0.108695652174 0.0141776937618 0.0301003344482
0 0.811436672968 0.130434782609 0.0141776937618 0.0334448160535
0 0.702268431002 0.135451505017 0.0189035916824 0.0334448160535
0 0.683837429112 0.157190635452 0.0179584120983 0.0401337792642
0 0.699905482042 0.188127090301 0.0179584120983 0.0384615384615
0 0.663043478261 0.204849498328 0.0217391304348 0.0518394648829
0 0.749527410208 0.149665551839 0.0170132325142 0.0384615384615
0 0.72258979206 0.177257525084 0.0198487712665 0.0401337792642
0 0.754725897921 0.178929765886 0.0198487712665 0.0367892976589
0 0.799149338374 0.197324414716 0.0179584120983 0.0468227424749
0 0.852551984877 0.183946488294 0.0170132325142 0.0434782608696
0 0.87145557656 0.229096989967 0.0170132325142 0.0501672240803
0 0.608223062382 0.254180602007 0.023629489603 0.0501672240803
0 0.549621928166 0.296822742475 0.0274102079395 0.061872909699
0 0.482514177694 0.326086956522 0.0330812854442 0.0535117056856
0 0.661153119093 0.264214046823 0.023629489603 0.056856187291
0 0.719754253308 0.281772575251 0.0274102079395 0.0585284280936
0 0.775047258979 0.313545150502 0.0264650283554 0.0551839464883
0 0.973062381853 0.377926421405 0.0444234404537 0.0969899665552
