0 0.0716577540107 0.289122137405 0.0320855614973 0.0553435114504
0 0.27807486631 0.217557251908 0.0192513368984 0.030534351145
0 0.289304812834 0.238549618321 0.0160427807487 0.030534351145
0 0.317112299465 0.229007633588 0.0181818181818 0.0381679389313
0 0.329946524064 0.203244274809 0.0139037433155 0.0400763358779
0 0.347058823529 0.229007633588 0.0160427807487 0.0419847328244
0 0.350802139037 0.259541984733 0.0213903743316 0.0458015267176
0 0.358823529412 0.190839694656 0.0181818181818 0.0419847328244
0 0.378609625668 0.208015267176 0.0128342245989 0.0381679389313
0 0.383957219251 0.173664122137 0.0149732620321 0.030534351145
0 0.419251336898 0.157442748092 0.0149732620321 0.0324427480916
0 0.431016042781 0.150763358779 0.0128342245989 0.030534351145
0 0.421390374332 0.201335877863 0.0149732620321 0.043893129771
0 0.411229946524 0.236641221374 0.0181818181818 0.0381679389313
0 0.428342245989 0.246183206107 0.020320855615 0.0419847328244
0 0.444385026738 0.200381679389 0.0139037433155 0.0343511450382
0 0.457219251337 0.187022900763 0.0117647058824 0.030534351145
0 0.445989304813 0.162213740458 0.0149732620321 0.030534351145
0 0.486096256684 0.18606870229 0.020320855615 0.0324427480916
0 0.479144385027 0.207061068702 0.0192513368984 0.0362595419847
0 0.481818181818 0.129770992366 0.0117647058824 0.0229007633588
0 0.489304812834 0.144083969466 0.0139037433155 0.0286259541985
0 0.506951871658 0.117366412214 0.0128342245989 0.0248091603053
0 0.519251336898 0.148854961832 0.0117647058824 0.0267175572519
0 0.524598930481 0.128816793893 0.0096256684492 0.0248091603053
0 0.532085561497 0.175572519084 0.0117647058824 0.030534351145
0 0.540106951872 0.153625954198 0.0149732620321 0.0286259541985
0 0.557219251337 0.137404580153 0.0128342245989 0.030534351145
0 0.56577540107 0.12213740458 0.0106951871658 0.0229007633588
0 0.557754010695 0.18034351145 0.0160427807487 0.043893129771
0 0.578609625668 0.155534351145 0.0128342245989 0.0324427480916
0 0.585026737968 0.135496183206 0.0149732620321 0.0267175572519
0 0.606951871658 0.109732824427 0.0096256684492 0.0286259541985
0 0.606951871658 0.138358778626 0.0160427807487 0.0286259541985
0 0.636363636364 0.114503816794 0.00855614973262 0.0267175572519
0 0.642245989305 0.13358778626 0.0117647058824 0.0267175572519
0 0.653475935829 0.153625954198 0.0128342245989 0.0324427480916
0 0.658823529412 0.135496183206 0.0106951871658 0.0267175572519
0 0.655614973262 0.112595419847 0.0106951871658 0.030534351145
0 0.68449197861 0.125 0.0128342245989 0.0248091603053
0 0.685561497326 0.111641221374 0.0106951871658 0.0248091603053
0 0.713903743316 0.105916030534 0.0117647058824 0.0248091603053
0 0.61550802139 0.161259541985 0.0160427807487 0.0400763358779
0 0.668983957219 0.18320610687 0.0160427807487 0.0343511450382
0 0.596256684492 0.220419847328 0.020320855615 0.0362595419847
0 0.646524064171 0.235687022901 0.020320855615 0.0477099236641
0 0.650267379679 0.202290076336 0.0171122994652 0.0343511450382
0 0.689839572193 0.222328244275 0.0213903743316 0.0362595419847
0 0.695721925134 0.268129770992 0.0224598930481 0.043893129771
0 0.705347593583 0.309160305344 0.0288770053476 0.0725190839695
0 0.716042780749 0.185114503817 0.0160427807487 0.0343511450382
0 0.739037433155 0.144083969466 0.0128342245989 0.0324427480916
0 0.751871657754 0.158396946565 0.0171122994652 0.0381679389313
0 0.754545454545 0.200381679389 0.0181818181818 0.0381679389313
0 0.725668449198 0.24427480916 0.020320855615 0.0381679389313
0 0.761497326203 0.257633587786 0.0213903743316 0.0458015267176
0 0.768983957219 0.351145038168 0.027807486631 0.0648854961832
0 0.810160427807 0.285305343511 0.020320855615 0.0515267175573
0 0.775935828877 0.12213740458 0.0117647058824 0.0267175572519
0 0.805347593583 0.137404580153 0.0128342245989 0.0229007633588
0 0.802673796791 0.165076335878 0.0160427807487 0.0248091603053
0 0.804812834225 0.202290076336 0.0160427807487 0.0381679389313
0 0.817647058824 0.19179389313 0.0160427807487 0.0362595419847
0 0.836363636364 0.167938931298 0.0149732620321 0.0343511450382
0 0.831016042781 0.137404580153 0.0106951871658 0.0190839694656
0 0.848663101604 0.152671755725 0.0117647058824 0.030534351145
0 0.86577540107 0.148854961832 0.0117647058824 0.0267175572519
0 0.840106951872 0.246183206107 0.020320855615 0.0419847328244
0 0.859893048128 0.218511450382 0.0171122994652 0.043893129771
0 0.896256684492 0.230916030534 0.0149732620321 0.0419847328244
0 0.880213903743 0.174618320611 0.0149732620321 0.0324427480916
0 0.883957219251 0.164122137405 0.0139037433155 0.030534351145
0 0.920855614973 0.145992366412 0.0128342245989 0.0324427480916
0 0.919251336898 0.176526717557 0.0117647058824 0.0324427480916
0 0.909625668449 0.196564885496 0.0160427807487 0.0343511450382
0 0.898930481283 0.211832061069 0.0139037433155 0.0381679389313
0 0.942245989305 0.24427480916 0.0192513368984 0.0534351145038
0 0.946524064171 0.204198473282 0.0128342245989 0.0343511450382
0 0.962032085561 0.190839694656 0.0139037433155 0.030534351145
0 0.954010695187 0.175572519084 0.0128342245989 0.0267175572519
0 0.92192513369 0.331106870229 0.0256684491979 0.0629770992366
