0 0.174603174603 0.481054365733 0.0336134453782 0.0626029654036
0 0.253034547152 0.266886326194 0.0130718954248 0.0329489291598
0 0.270774976657 0.276771004942 0.014939309057 0.0296540362438
0 0.295518207283 0.26194398682 0.0177404295051 0.0329489291598
0 0.347338935574 0.299011532125 0.0168067226891 0.0313014827018
0 0.35060690943 0.263591433278 0.015873015873 0.0362438220758
0 0.30578898226 0.233113673806 0.015873015873 0.0280065897858
0 0.330999066293 0.222405271829 0.0140056022409 0.0329489291598
0 0.352474323063 0.227347611203 0.0140056022409 0.0230642504119
0 0.380952380952 0.224052718287 0.0130718954248 0.0230642504119
0 0.394491129785 0.263591433278 0.0177404295051 0.0395387149918
0 0.377684407096 0.194398682043 0.0102707749767 0.0230642504119
0 0.389822595705 0.186985172982 0.0102707749767 0.0313014827018
0 0.415032679739 0.182866556837 0.0121381886088 0.0296540362438
0 0.442577030812 0.182866556837 0.0112044817927 0.0230642504119
0 0.453781512605 0.218286655684 0.0168067226891 0.0378912685338
0 0.479458450047 0.22981878089 0.015873015873 0.0345963756178
0 0.506069094304 0.189456342669 0.014939309057 0.0329489291598
0 0.478524743231 0.197693574959 0.015873015873 0.0296540362438
0 0.472922502334 0.165568369028 0.0121381886088 0.0247116968699
0 0.447245564893 0.14744645799 0.0112044817927 0.0214168039539
0 0.478991596639 0.141680395387 0.0112044817927 0.0230642504119
0 0.511671335201 0.163097199341 0.0130718954248 0.0197693574959
0 0.541083099907 0.190280065898 0.0140056022409 0.0345963756178
0 0.551353874883 0.166392092257 0.0102707749767 0.0296540362438
0 0.580765639589 0.168863261944 0.0130718954248 0.0280065897858
0 0.563025210084 0.12273476112 0.0130718954248 0.0280065897858
0 0.606442577031 0.159802306425 0.0121381886088 0.0263591433278
0 0.628384687208 0.1392092257 0.014939309057 0.0247116968699
0 0.641456582633 0.117792421746 0.0112044817927 0.0280065897858
0 0.678338001867 0.125205930807 0.0102707749767 0.0263591433278
0 0.609710550887 0.117792421746 0.0093370681606 0.0181219110379
0 0.571895424837 0.145799011532 0.0121381886088 0.0181219110379
0 0.522408963585 0.297364085667 0.0214752567694 0.0411861614498
0 0.562091503268 0.295716639209 0.0224089635854 0.0510708401977
0 0.615312791783 0.312191103789 0.0224089635854 0.0576606260297
0 0.605042016807 0.260296540362 0.0205415499533 0.0461285008237
0 0.575630252101 0.227347611203 0.0214752567694 0.0461285008237
0 0.621848739496 0.215815485997 0.0168067226891 0.0362438220758
0 0.665732959851 0.219110378913 0.014939309057 0.0362438220758
0 0.676470588235 0.26194398682 0.0196078431373 0.0494233937397
0 0.703548085901 0.269357495881 0.0196078431373 0.0477759472817
0 0.671335200747 0.190280065898 0.0130718954248 0.0280065897858
0 0.698412698413 0.189456342669 0.0168067226891 0.0362438220758
0 0.687675070028 0.158154859967 0.0121381886088 0.0296540362438
0 0.700746965453 0.145799011532 0.0121381886088 0.0280065897858
0 0.71802054155 0.165568369028 0.014939309057 0.0313014827018
0 0.726423902894 0.137561779242 0.0112044817927 0.0247116968699
0 0.739028944911 0.132619439868 0.0140056022409 0.0313014827018
0 0.760504201681 0.128500823723 0.0121381886088 0.0296540362438
0 0.758636788049 0.168863261944 0.0140056022409 0.0280065897858
0 0.772642390289 0.162273476112 0.0140056022409 0.0313014827018
0 0.727357609711 0.202635914333 0.014939309057 0.0296540362438
0 0.710550887021 0.219934102142 0.0168067226891 0.0378912685338
0 0.769374416433 0.227347611203 0.0186741363212 0.0494233937397
0 0.762371615313 0.285831960461 0.0252100840336 0.0477759472817
0 0.838468720822 0.283360790774 0.0205415499533 0.0560131795717
0 0.916900093371 0.250411861614 0.0186741363212 0.0527182866557
0 0.885620915033 0.216639209226 0.015873015873 0.0345963756178
0 0.883753501401 0.175453047776 0.0102707749767 0.0247116968699
0 0.888422035481 0.160626029654 0.0121381886088 0.0313014827018
0 0.833333333333 0.227347611203 0.0140056022409 0.0362438220758
0 0.841736694678 0.192751235585 0.015873015873 0.0329489291598
0 0.850140056022 0.169686985173 0.0140056022409 0.0329489291598
0 0.827264239029 0.153212520593 0.0130718954248 0.0230642504119
0 0.802054154995 0.165568369028 0.014939309057 0.0378912685338
