0 0.240945674044 0.41 0.0633802816901 0.14
0 0.329476861167 0.496363636364 0.0653923541247 0.138181818182
0 0.264084507042 0.157272727273 0.0171026156942 0.0309090909091
0 0.329979879276 0.236363636364 0.0281690140845 0.0581818181818
0 0.412977867203 0.268181818182 0.0251509054326 0.0527272727273
0 0.406941649899 0.208181818182 0.0191146881288 0.0381818181818
0 0.445674044266 0.199090909091 0.0160965794769 0.0345454545455
0 0.468309859155 0.228181818182 0.0191146881288 0.0454545454545
0 0.592052313883 0.248181818182 0.0251509054326 0.0527272727273
0 0.630281690141 0.243636363636 0.0291750503018 0.0690909090909
0 0.605130784708 0.122727272727 0.0130784708249 0.0272727272727
0 0.609154929577 0.106363636364 0.0110663983903 0.0236363636364
0 0.635814889336 0.119090909091 0.0120724346076 0.0272727272727
0 0.660965794769 0.117272727273 0.0140845070423 0.0272727272727
