0 0.22976744186 0.372305140962 0.0446511627907 0.0878938640133
0 0.255813953488 0.287728026534 0.0204651162791 0.0348258706468
0 0.283720930233 0.269485903814 0.0148837209302 0.0381426202322
0 0.301395348837 0.258706467662 0.0186046511628 0.0364842454395
0 0.308837209302 0.228026533997 0.0148837209302 0.028192371476
0 0.331162790698 0.226368159204 0.0186046511628 0.0315091210614
0 0.313023255814 0.299336650083 0.026976744186 0.0414593698176
0 0.346046511628 0.274461028192 0.0204651162791 0.0480928689884
0 0.373023255814 0.226368159204 0.0167441860465 0.0315091210614
0 0.373488372093 0.205638474295 0.0176744186047 0.0331674958541
0 0.404186046512 0.234660033167 0.0176744186047 0.0414593698176
0 0.424651162791 0.2728026534 0.0213953488372 0.0480928689884
0 0.428372093023 0.234660033167 0.0213953488372 0.0348258706468
0 0.428372093023 0.20232172471 0.0158139534884 0.0398009950249
0 0.40976744186 0.173300165837 0.0120930232558 0.0315091210614
0 0.441395348837 0.198175787728 0.0158139534884 0.0348258706468
0 0.459534883721 0.233830845771 0.0204651162791 0.0431177446103
0 0.47023255814 0.198175787728 0.0158139534884 0.0348258706468
0 0.455813953488 0.145936981758 0.013023255814 0.0298507462687
0 0.469302325581 0.153399668325 0.0139534883721 0.0315091210614
0 0.476279069767 0.165008291874 0.0167441860465 0.0315091210614
0 0.503720930233 0.192371475954 0.0195348837209 0.0331674958541
0 0.483720930233 0.13184079602 0.0111627906977 0.0215588723051
0 0.521860465116 0.136815920398 0.0167441860465 0.028192371476
0 0.53488372093 0.160033167496 0.0167441860465 0.0348258706468
0 0.519069767442 0.163349917081 0.0148837209302 0.028192371476
0 0.535348837209 0.203150912106 0.0195348837209 0.0381426202322
0 0.560465116279 0.167495854063 0.0176744186047 0.0331674958541
0 0.555813953488 0.116915422886 0.0120930232558 0.0215588723051
0 0.548372093023 0.135986733002 0.0120930232558 0.0232172470978
0 0.597209302326 0.138474295191 0.013023255814 0.0315091210614
0 0.586511627907 0.149253731343 0.0158139534884 0.0331674958541
0 0.585581395349 0.101990049751 0.0120930232558 0.0248756218905
0 0.592093023256 0.123548922056 0.0120930232558 0.0215588723051
0 0.604186046512 0.128524046434 0.0102325581395 0.0248756218905
0 0.621860465116 0.123548922056 0.0120930232558 0.0248756218905
0 0.624651162791 0.10447761194 0.0139534883721 0.0232172470978
0 0.640465116279 0.116086235489 0.0102325581395 0.0265339966833
0 0.653023255814 0.120232172471 0.0148837209302 0.028192371476
0 0.648837209302 0.100331674959 0.0120930232558 0.0248756218905
0 0.681860465116 0.106965174129 0.013023255814 0.0315091210614
0 0.560465116279 0.24543946932 0.0232558139535 0.0431177446103
0 0.536279069767 0.312603648425 0.0288372093023 0.0580431177446
0 0.482790697674 0.300165837479 0.0279069767442 0.0630182421227
0 0.604186046512 0.26368159204 0.0251162790698 0.0431177446103
0 0.598604651163 0.228026533997 0.0195348837209 0.0348258706468
0 0.64 0.177446102819 0.0204651162791 0.0431177446103
0 0.654418604651 0.212271973466 0.0195348837209 0.0464344941957
0 0.659534883721 0.26368159204 0.0279069767442 0.0530679933665
0 0.675813953488 0.349087893864 0.0381395348837 0.0713101160862
0 0.583255813953 0.374792703151 0.0353488372093 0.0563847429519
0 0.691627906977 0.225538971808 0.0251162790698 0.0464344941957
0 0.676279069767 0.152570480929 0.0186046511628 0.0398009950249
0 0.704186046512 0.180762852405 0.0186046511628 0.0431177446103
0 0.723255813953 0.173300165837 0.0176744186047 0.0348258706468
0 0.707906976744 0.143449419569 0.0204651162791 0.0414593698176
0 0.728837209302 0.141791044776 0.0158139534884 0.0315091210614
0 0.730697674419 0.126865671642 0.0158139534884 0.0248756218905
0 0.753488372093 0.111111111111 0.0167441860465 0.0331674958541
0 0.766511627907 0.124378109453 0.013023255814 0.0298507462687
0 0.77488372093 0.126865671642 0.0111627906977 0.028192371476
0 0.77023255814 0.163349917081 0.0167441860465 0.0348258706468
0 0.74511627907 0.219734660033 0.0204651162791 0.0480928689884
0 0.734418604651 0.194859038143 0.0176744186047 0.0381426202322
0 0.71023255814 0.293532338308 0.0306976744186 0.0563847429519
0 0.777209302326 0.293532338308 0.0288372093023 0.0597014925373
0 0.815813953488 0.252902155887 0.0204651162791 0.0514096185738
0 0.8 0.18407960199 0.0186046511628 0.0398009950249
0 0.796279069767 0.145107794362 0.013023255814 0.0248756218905
0 0.816279069767 0.14096185738 0.0158139534884 0.0265339966833
0 0.813953488372 0.163349917081 0.0111627906977 0.0248756218905
0 0.841860465116 0.198175787728 0.0167441860465 0.0414593698176
0 0.863255813953 0.214759535655 0.0204651162791 0.044776119403
0 0.857674418605 0.160033167496 0.0167441860465 0.0348258706468
0 0.861395348837 0.129353233831 0.013023255814 0.0265339966833
0 0.886046511628 0.130182421227 0.0176744186047 0.0381426202322
0 0.880930232558 0.181592039801 0.013023255814 0.0348258706468
0 0.88976744186 0.209784411277 0.0176744186047 0.0414593698176
0 0.891162790698 0.165008291874 0.0148837209302 0.0315091210614
0 0.922325581395 0.207296849088 0.0158139534884 0.0398009950249
0 0.92 0.17495854063 0.013023255814 0.0215588723051
0 0.921395348837 0.155887230514 0.0120930232558 0.0232172470978
