0 0.0518999073216 0.363410596026 0.014828544949 0.0347682119205
0 0.0607043558851 0.331125827815 0.0157553290083 0.0331125827815
0 0.0936051899907 0.442052980132 0.0370713623726 0.0794701986755
0 0.145968489342 0.398178807947 0.0361445783133 0.0711920529801
0 0.177479147359 0.485099337748 0.0398517145505 0.0860927152318
0 0.352641334569 0.192052980132 0.0194624652456 0.0430463576159
0 0.422150139018 0.224337748344 0.0342910101946 0.067880794702
0 0.4328081557 0.175496688742 0.0240963855422 0.0496688741722
0 0.549119555144 0.207781456954 0.0342910101946 0.0711920529801
0 0.664504170528 0.10761589404 0.0203892493049 0.046357615894
0 0.753475440222 0.122516556291 0.0185356811863 0.0496688741722
