0 0.0382281553398 0.368085106383 0.0254854368932 0.0553191489362
0 0.0570388349515 0.373404255319 0.0266990291262 0.0702127659574
0 0.0728155339806 0.304255319149 0.0169902912621 0.0510638297872
0 0.431432038835 0.253191489362 0.0279126213592 0.0553191489362
0 0.385922330097 0.206382978723 0.0194174757282 0.0297872340426
0 0.455703883495 0.225531914894 0.0230582524272 0.0382978723404
0 0.481796116505 0.18085106383 0.0218446601942 0.0510638297872
0 0.50182038835 0.210638297872 0.0206310679612 0.0382978723404
0 0.532766990291 0.268085106383 0.0315533980583 0.0765957446809
0 0.591626213592 0.248936170213 0.0254854368932 0.0510638297872
0 0.692961165049 0.182978723404 0.0194174757282 0.0382978723404
0 0.571601941748 0.137234042553 0.0169902912621 0.031914893617
