0 0.768130745659 0.553442028986 0.0858018386108 0.146739130435
0 0.893769152196 0.410326086957 0.0388151174668 0.103260869565
0 0.544433094995 0.192934782609 0.0204290091931 0.0416666666667
0 0.598569969356 0.158514492754 0.0143003064351 0.0344202898551
0 0.674157303371 0.240942028986 0.0183861082737 0.0507246376812
0 0.679264555669 0.192934782609 0.0183861082737 0.0344202898551
0 0.699693564862 0.186594202899 0.0183861082737 0.0434782608696
0 0.727272727273 0.202898550725 0.0163432073544 0.036231884058
0 0.686925434116 0.221920289855 0.0153217568948 0.0380434782609
0 0.747191011236 0.275362318841 0.0296220633299 0.0579710144928
0 0.758937691522 0.201086956522 0.0163432073544 0.036231884058
0 0.767109295199 0.258152173913 0.0183861082737 0.0416666666667
0 0.831971399387 0.230072463768 0.0153217568948 0.054347826087
0 0.737997957099 0.359601449275 0.0296220633299 0.0742753623188
0 0.842185903984 0.364130434783 0.0275791624106 0.0688405797101
0 0.632277834525 0.232789855072 0.0224719101124 0.0416666666667
