0 0.185634328358 0.40826446281 0.0429104477612 0.0793388429752
0 0.278451492537 0.257851239669 0.0214552238806 0.0297520661157
0 0.288712686567 0.276859504132 0.0214552238806 0.0413223140496
0 0.358675373134 0.262809917355 0.0158582089552 0.0330578512397
0 0.373134328358 0.282644628099 0.0186567164179 0.0363636363636
0 0.378731343284 0.232231404959 0.0167910447761 0.0280991735537
0 0.371268656716 0.198347107438 0.0167910447761 0.0330578512397
0 0.397854477612 0.199173553719 0.0139925373134 0.0280991735537
0 0.404850746269 0.161983471074 0.0149253731343 0.0264462809917
0 0.428171641791 0.179338842975 0.0167910447761 0.0314049586777
0 0.455690298507 0.155371900826 0.0139925373134 0.0264462809917
0 0.471548507463 0.15867768595 0.0139925373134 0.0264462809917
0 0.484141791045 0.171900826446 0.0167910447761 0.0264462809917
0 0.455690298507 0.184297520661 0.0195895522388 0.0347107438017
0 0.44776119403 0.231404958678 0.0186567164179 0.0429752066116
0 0.480876865672 0.232231404959 0.0214552238806 0.0413223140496
0 0.507929104478 0.177685950413 0.017723880597 0.0347107438017
0 0.517257462687 0.202479338843 0.017723880597 0.0347107438017
0 0.516791044776 0.154545454545 0.0149253731343 0.0247933884298
0 0.517257462687 0.125619834711 0.0121268656716 0.0264462809917
0 0.536380597015 0.132231404959 0.0149253731343 0.0231404958678
0 0.555970149254 0.126446280992 0.0130597014925 0.0247933884298
0 0.569496268657 0.13305785124 0.0139925373134 0.0247933884298
0 0.56296641791 0.181818181818 0.0158582089552 0.0297520661157
0 0.555970149254 0.16694214876 0.0130597014925 0.0231404958678
0 0.590018656716 0.13305785124 0.0139925373134 0.0314049586777
0 0.599813432836 0.098347107438 0.0111940298507 0.0247933884298
0 0.621735074627 0.105785123967 0.0102611940299 0.0198347107438
0 0.632462686567 0.107438016529 0.0111940298507 0.0198347107438
0 0.611473880597 0.134710743802 0.0139925373134 0.0247933884298
0 0.649253731343 0.11652892562 0.0130597014925 0.0214876033058
0 0.648320895522 0.138842975207 0.0149253731343 0.0264462809917
0 0.679570895522 0.107438016529 0.0121268656716 0.0264462809917
0 0.702891791045 0.103305785124 0.0121268656716 0.0247933884298
0 0.688432835821 0.152892561983 0.0149253731343 0.0247933884298
0 0.665578358209 0.17520661157 0.017723880597 0.0297520661157
0 0.624067164179 0.207438016529 0.0167910447761 0.0347107438017
0 0.613339552239 0.161157024793 0.017723880597 0.0247933884298
0 0.571828358209 0.163636363636 0.0149253731343 0.0231404958678
0 0.628731343284 0.248760330579 0.0205223880597 0.0380165289256
0 0.557835820896 0.257851239669 0.0186567164179 0.0363636363636
0 0.504664179104 0.3 0.0279850746269 0.0545454545455
0 0.544309701493 0.322314049587 0.0251865671642 0.0429752066116
0 0.621735074627 0.321487603306 0.0289179104478 0.0512396694215
0 0.673973880597 0.214876033058 0.0214552238806 0.0396694214876
0 0.701026119403 0.185123966942 0.0214552238806 0.0396694214876
0 0.728544776119 0.164462809917 0.0149253731343 0.0280991735537
0 0.730876865672 0.122314049587 0.0158582089552 0.0297520661157
0 0.745802238806 0.13305785124 0.0139925373134 0.0314049586777
0 0.771921641791 0.129752066116 0.0121268656716 0.0247933884298
0 0.789645522388 0.142148760331 0.0139925373134 0.0297520661157
0 0.729944029851 0.198347107438 0.0214552238806 0.0396694214876
0 0.707089552239 0.240495867769 0.0205223880597 0.0380165289256
0 0.6875 0.346280991736 0.0298507462687 0.0578512396694
0 0.719682835821 0.271074380165 0.0214552238806 0.0462809917355
0 0.76072761194 0.217355371901 0.0195895522388 0.0413223140496
0 0.777518656716 0.204958677686 0.017723880597 0.0429752066116
0 0.817630597015 0.152892561983 0.0158582089552 0.0314049586777
0 0.838152985075 0.138016528926 0.0158582089552 0.0314049586777
0 0.869402985075 0.119008264463 0.0111940298507 0.0264462809917
0 0.86427238806 0.147107438017 0.0139925373134 0.0264462809917
0 0.856343283582 0.171900826446 0.0186567164179 0.0396694214876
0 0.832089552239 0.196694214876 0.0205223880597 0.0462809917355
0 0.815298507463 0.25867768595 0.0223880597015 0.0479338842975
0 0.779384328358 0.285123966942 0.0251865671642 0.0545454545455
0 0.745335820896 0.382644628099 0.0298507462687 0.0710743801653
0 0.807369402985 0.411570247934 0.0307835820896 0.0628099173554
0 0.89598880597 0.352066115702 0.0289179104478 0.0528925619835
0 0.848414179104 0.304958677686 0.0251865671642 0.0545454545455
0 0.868936567164 0.248760330579 0.0195895522388 0.0380165289256
0 0.880130597015 0.207438016529 0.017723880597 0.0347107438017
0 0.925373134328 0.267768595041 0.0186567164179 0.0396694214876
0 0.923973880597 0.21652892562 0.0139925373134 0.0462809917355
0 0.897854477612 0.174380165289 0.017723880597 0.0314049586777
0 0.931902985075 0.160330578512 0.0130597014925 0.0264462809917
