0 0.0590238365494 0.414171656687 0.0385925085131 0.0858283433134
0 0.103291713961 0.407185628743 0.0385925085131 0.0878243512974
0 0.230987514188 0.330339321357 0.0261066969353 0.0538922155689
0 0.317820658343 0.210578842315 0.0181611804767 0.0299401197605
0 0.33427922815 0.218562874251 0.0192962542565 0.0339321357285
0 0.349602724177 0.220558882236 0.0204313280363 0.0419161676647
0 0.381384790011 0.196606786427 0.0158910329171 0.0259481037924
0 0.432463110102 0.209580838323 0.0227014755959 0.0399201596806
0 0.55732122588 0.14371257485 0.0227014755959 0.0399201596806
0 0.601021566402 0.0678642714571 0.0124858115778 0.0239520958084
0 0.704880817253 0.0728542914172 0.011350737798 0.0299401197605
0 0.650964812713 0.135728542914 0.0170261066969 0.0319361277445
0 0.639046538025 0.152694610778 0.0204313280363 0.0299401197605
0 0.618615209989 0.192614770459 0.0158910329171 0.0339321357285
0 0.699772985244 0.182634730539 0.0147559591373 0.0339321357285
0 0.677639046538 0.251497005988 0.0181611804767 0.0359281437126
0 0.593643586833 0.284431137725 0.0295119182747 0.0459081836327
0 0.526106696935 0.291417165669 0.0261066969353 0.0518962075848
0 0.508513053348 0.271457085828 0.0249716231555 0.0479041916168
