0 0.113888888889 0.564903846154 0.0468253968254 0.116987179487
0 0.229365079365 0.274038461538 0.0222222222222 0.0544871794872
0 0.265873015873 0.254006410256 0.0206349206349 0.0496794871795
0 0.312301587302 0.242788461538 0.018253968254 0.0400641025641
0 0.323412698413 0.216346153846 0.018253968254 0.0448717948718
0 0.338095238095 0.233974358974 0.0190476190476 0.0480769230769
0 0.358333333333 0.213942307692 0.0150793650794 0.0400641025641
0 0.377777777778 0.270032051282 0.0206349206349 0.0464743589744
0 0.378571428571 0.200320512821 0.015873015873 0.0384615384615
0 0.395238095238 0.208333333333 0.015873015873 0.0384615384615
0 0.409523809524 0.239583333333 0.0190476190476 0.0400641025641
0 0.421031746032 0.179487179487 0.0119047619048 0.0288461538462
0 0.438888888889 0.195512820513 0.0174603174603 0.0384615384615
0 0.44246031746 0.305288461538 0.0230158730159 0.0560897435897
0 0.478571428571 0.247596153846 0.0222222222222 0.0432692307692
0 0.463492063492 0.165865384615 0.0142857142857 0.0336538461538
0 0.47380952381 0.171474358974 0.0142857142857 0.0352564102564
0 0.487301587302 0.171474358974 0.0174603174603 0.0416666666667
0 0.49880952381 0.160256410256 0.0134920634921 0.0352564102564
0 0.503174603175 0.211538461538 0.0174603174603 0.0384615384615
0 0.53253968254 0.166666666667 0.015873015873 0.0320512820513
0 0.557936507937 0.165865384615 0.0126984126984 0.0304487179487
0 0.561111111111 0.145032051282 0.0142857142857 0.0336538461538
0 0.557936507937 0.215544871795 0.0174603174603 0.0400641025641
0 0.575 0.204326923077 0.0150793650794 0.0336538461538
0 0.587301587302 0.18108974359 0.0126984126984 0.0352564102564
0 0.585714285714 0.143429487179 0.0142857142857 0.0400641025641
0 0.602380952381 0.135416666667 0.0142857142857 0.0304487179487
0 0.640476190476 0.133814102564 0.0142857142857 0.0304487179487
0 0.670634920635 0.135416666667 0.0142857142857 0.0336538461538
0 0.621428571429 0.164262820513 0.0190476190476 0.0272435897436
0 0.614285714286 0.189102564103 0.0126984126984 0.0320512820513
0 0.626984126984 0.200320512821 0.0174603174603 0.0416666666667
0 0.618253968254 0.290064102564 0.0253968253968 0.0544871794872
0 0.67380952381 0.189102564103 0.0126984126984 0.0320512820513
0 0.694047619048 0.141826923077 0.0134920634921 0.0304487179487
0 0.690873015873 0.160256410256 0.0134920634921 0.0352564102564
0 0.711507936508 0.165064102564 0.0150793650794 0.0384615384615
0 0.66746031746 0.258012820513 0.0285714285714 0.0480769230769
0 0.719841269841 0.217147435897 0.0142857142857 0.0400641025641
0 0.742857142857 0.203525641026 0.0142857142857 0.0448717948718
0 0.706746031746 0.290064102564 0.0261904761905 0.0576923076923
0 0.759920634921 0.229967948718 0.0166666666667 0.0432692307692
0 0.785714285714 0.177083333333 0.015873015873 0.036858974359
0 0.780555555556 0.213141025641 0.0150793650794 0.0448717948718
0 0.813095238095 0.197916666667 0.0150793650794 0.036858974359
0 0.828571428571 0.222756410256 0.0142857142857 0.0384615384615
0 0.877380952381 0.237179487179 0.0166666666667 0.0384615384615
0 0.893253968254 0.27483974359 0.018253968254 0.0464743589744
0 0.911507936508 0.264423076923 0.0119047619048 0.0352564102564
0 0.936507936508 0.272435897436 0.015873015873 0.0448717948718
0 0.950396825397 0.25641025641 0.0103174603175 0.0352564102564
0 0.980952380952 0.269230769231 0.0126984126984 0.0384615384615
0 0.97619047619 0.304487179487 0.0111111111111 0.0352564102564
0 0.975396825397 0.333333333333 0.0142857142857 0.0352564102564
0 0.978571428571 0.365384615385 0.0142857142857 0.0480769230769
0 0.95753968254 0.366185897436 0.018253968254 0.0464743589744
0 0.923015873016 0.324519230769 0.0142857142857 0.0592948717949
0 0.960317460317 0.424679487179 0.0253968253968 0.0673076923077
0 0.860317460317 0.376602564103 0.0206349206349 0.0576923076923
0 0.820238095238 0.300480769231 0.018253968254 0.0560897435897
0 0.815476190476 0.248397435897 0.0150793650794 0.0480769230769
0 0.793650793651 0.257211538462 0.0174603174603 0.0528846153846
0 0.768253968254 0.286858974359 0.0174603174603 0.0544871794872
0 0.874206349206 0.415064102564 0.0246031746032 0.0641025641026
0 0.861904761905 0.515224358974 0.0285714285714 0.0753205128205
0 0.79126984127 0.421474358974 0.0349206349206 0.0833333333333
0 0.729365079365 0.391025641026 0.0269841269841 0.0705128205128
0 0.663492063492 0.399038461538 0.0253968253968 0.0673076923077
0 0.61626984127 0.360576923077 0.0261904761905 0.0641025641026
0 0.559523809524 0.342147435897 0.0285714285714 0.0592948717949
