0 0.135753749013 0.497913769124 0.0505130228887 0.0917941585535
0 0.223756906077 0.336578581363 0.0181531176006 0.0333796940195
0 0.258089976322 0.356050069541 0.0220994475138 0.0445062586926
0 0.286898184688 0.356745479833 0.0197316495659 0.0403337969402
0 0.282557221784 0.301808066759 0.017363851618 0.0361613351878
0 0.32636148382 0.353963838665 0.0244672454617 0.0514603616134
0 0.34727703236 0.324756606398 0.0157853196527 0.0319888734353
0 0.352407261247 0.289986091794 0.0149960536701 0.0375521557719
0 0.378453038674 0.321974965229 0.0165745856354 0.0347705146036
0 0.403314917127 0.326842837274 0.0189423835833 0.0333796940195
0 0.397790055249 0.296244784423 0.017363851618 0.0333796940195
0 0.435280189424 0.340055632823 0.0213101815312 0.0403337969402
0 0.389502762431 0.254520166898 0.0134175217048 0.0278164116829
0 0.402131018153 0.260778859527 0.0134175217048 0.0319888734353
0 0.425414364641 0.264255910987 0.017363851618 0.0305980528512
0 0.430149960537 0.303198887344 0.017363851618 0.0278164116829
0 0.456985003946 0.310152990264 0.0205209155485 0.0417246175243
0 0.497237569061 0.31223922114 0.0205209155485 0.0347705146036
0 0.483030781373 0.260083449235 0.0142067876875 0.0305980528512
0 0.444751381215 0.250347705146 0.0134175217048 0.0333796940195
0 0.459747434886 0.23504867872 0.0149960536701 0.0278164116829
0 0.498421468035 0.246175243394 0.0134175217048 0.0278164116829
0 0.514206787687 0.267037552156 0.0197316495659 0.0333796940195
0 0.522888713496 0.247566063978 0.0149960536701 0.0361613351878
0 0.511444356748 0.240611961057 0.0142067876875 0.0250347705146
0 0.546961325967 0.26842837274 0.0157853196527 0.0333796940195
0 0.539463299132 0.226703755216 0.0134175217048 0.0278164116829
0 0.563141278611 0.254520166898 0.0181531176006 0.0333796940195
0 0.560773480663 0.224617524339 0.0165745856354 0.0236439499305
0 0.582478295185 0.245479833102 0.0142067876875 0.0319888734353
0 0.589187056038 0.219749652295 0.0118389897395 0.0250347705146
0 0.595501183899 0.202364394993 0.0134175217048 0.0264255910987
0 0.610497237569 0.212100139082 0.0118389897395 0.0264255910987
0 0.623520126283 0.237830319889 0.0142067876875 0.0278164116829
0 0.634175217048 0.216272600834 0.0118389897395 0.0236439499305
0 0.640883977901 0.229485396384 0.0142067876875 0.0305980528512
0 0.656669297553 0.2280945758 0.0142067876875 0.0305980528512
0 0.489739542226 0.378303198887 0.0307813733228 0.0528511821975
0 0.531570639305 0.395688456189 0.0244672454617 0.0542420027816
0 0.561957379637 0.428372739917 0.0331491712707 0.0667593880389
0 0.573796369376 0.410292072323 0.0268350434096 0.0472878998609
0 0.545382794002 0.343532684284 0.0220994475138 0.0445062586926
0 0.583267561168 0.320584144645 0.0205209155485 0.0486787204451
0 0.617205998421 0.296940194715 0.0189423835833 0.0375521557719
0 0.6318074191 0.331015299026 0.0213101815312 0.0417246175243
0 0.64956590371 0.363699582754 0.0268350434096 0.0486787204451
0 0.671270718232 0.3421418637 0.0213101815312 0.0445062586926
0 0.662194159432 0.262865090403 0.0142067876875 0.0333796940195
0 0.688239936859 0.256606397775 0.017363851618 0.0319888734353
0 0.701262825572 0.283031988873 0.0181531176006 0.0319888734353
0 0.713891081294 0.259388038943 0.0197316495659 0.029207232267
0 0.720994475138 0.239916550765 0.0118389897395 0.0264255910987
0 0.728492501973 0.23157162726 0.0142067876875 0.0236439499305
0 0.73362273086 0.296940194715 0.0181531176006 0.0403337969402
0 0.755327545383 0.267037552156 0.0205209155485 0.0361613351878
0 0.758484609313 0.239916550765 0.0142067876875 0.0319888734353
0 0.79044988161 0.273296244784 0.0165745856354 0.0319888734353
0 0.777821625888 0.302503477051 0.0165745856354 0.0431154381085
0 0.793212312549 0.326842837274 0.0220994475138 0.0472878998609
0 0.777821625888 0.353963838665 0.0228887134964 0.0486787204451
0 0.769139700079 0.413769123783 0.026045777427 0.0542420027816
0 0.71862667719 0.393602225313 0.0276243093923 0.0500695410292
0 0.692975532755 0.462447844228 0.034727703236 0.0792767732962
0 0.617600631413 0.456884561892 0.0339384372534 0.0625869262865
0 0.768350434096 0.566759388039 0.0418310970797 0.0737134909597
0 0.818074191002 0.429068150209 0.0292028413575 0.0598052851182
0 0.879636937648 0.480528511822 0.0355169692186 0.0681502086231
0 0.83543804262 0.364394993046 0.0228887134964 0.0556328233658
0 0.822415153907 0.303198887344 0.017363851618 0.0361613351878
0 0.825966850829 0.279554937413 0.0181531176006 0.0305980528512
0 0.810970797159 0.255910987483 0.0149960536701 0.0305980528512
0 0.825966850829 0.251043115438 0.0149960536701 0.0347705146036
0 0.84135753749 0.252433936022 0.0157853196527 0.0319888734353
0 0.861483820047 0.330319888734 0.0181531176006 0.0403337969402
0 0.848855564325 0.344923504868 0.0197316495659 0.0445062586926
0 0.891475927388 0.388038942976 0.0213101815312 0.0472878998609
0 0.90410418311 0.355354659249 0.0181531176006 0.0458970792768
0 0.898973954223 0.331015299026 0.0157853196527 0.0361613351878
0 0.902131018153 0.307371349096 0.0142067876875 0.0305980528512
0 0.908050513023 0.262865090403 0.0149960536701 0.0305980528512
0 0.870560378848 0.298331015299 0.0142067876875 0.0347705146036
