0 0.21845124283 0.452459016393 0.0525812619503 0.111475409836
0 0.26673040153 0.463114754098 0.0554493307839 0.109836065574
0 0.314053537285 0.300819672131 0.027724665392 0.044262295082
0 0.37189292543 0.272950819672 0.0248565965583 0.0508196721311
0 0.435946462715 0.281147540984 0.0267686424474 0.0508196721311
0 0.428298279159 0.234426229508 0.0210325047801 0.0393442622951
0 0.456500956023 0.232786885246 0.0219885277247 0.0426229508197
0 0.459847036329 0.194262295082 0.019120458891 0.0344262295082
0 0.479445506692 0.200819672131 0.0219885277247 0.0409836065574
0 0.49378585086 0.2 0.0239005736138 0.0360655737705
0 0.481357552581 0.154098360656 0.0181644359465 0.0295081967213
0 0.494741873805 0.146721311475 0.0124282982792 0.027868852459
0 0.539674952199 0.148360655738 0.0162523900574 0.0344262295082
0 0.568833652008 0.149180327869 0.0133843212237 0.0327868852459
0 0.597992351816 0.146721311475 0.0143403441683 0.027868852459
0 0.545889101338 0.206557377049 0.0229445506692 0.0360655737705
0 0.488049713193 0.329508196721 0.0239005736138 0.0590163934426
0 0.673996175908 0.254918032787 0.0267686424474 0.0475409836066
0 0.729445506692 0.290983606557 0.0286806883365 0.0573770491803
0 0.796845124283 0.293442622951 0.0296367112811 0.055737704918
0 0.71845124283 0.155737704918 0.0200764818356 0.0360655737705
0 0.761472275335 0.144262295082 0.0143403441683 0.0327868852459
0 0.776290630975 0.119672131148 0.0210325047801 0.0360655737705
0 0.816921606119 0.17868852459 0.0200764818356 0.0393442622951
0 0.830305927342 0.131967213115 0.0124282982792 0.0311475409836
0 0.9034416826 0.218032786885 0.0229445506692 0.055737704918
