0 0.29939516129 0.168118466899 0.0161290322581 0.0296167247387
0 0.357862903226 0.155052264808 0.0181451612903 0.0383275261324
0 0.408266129032 0.238675958188 0.0302419354839 0.0627177700348
0 0.439516129032 0.173344947735 0.0262096774194 0.0574912891986
0 0.488911290323 0.184668989547 0.0282258064516 0.0592334494774
0 0.545866935484 0.195993031359 0.023185483871 0.0365853658537
0 0.645161290323 0.164634146341 0.0241935483871 0.0574912891986
0 0.694052419355 0.209059233449 0.0211693548387 0.0452961672474
0 0.62247983871 0.197735191638 0.0211693548387 0.0505226480836
0 0.756048387097 0.27787456446 0.0221774193548 0.0540069686411
0 0.782258064516 0.278745644599 0.0221774193548 0.0418118466899
0 0.845262096774 0.256097560976 0.0211693548387 0.0522648083624
0 0.860887096774 0.294425087108 0.0282258064516 0.0731707317073
0 0.921875 0.257839721254 0.0352822580645 0.0627177700348
0 0.95060483871 0.335365853659 0.0403225806452 0.0783972125436
