0 0.887589013225 0.151351351351 0.0132248219736 0.0288288288288
0 0.836724313327 0.221621621622 0.0132248219736 0.0396396396396
0 0.612410986775 0.175675675676 0.0142421159715 0.0306306306306
0 0.577822990844 0.317117117117 0.0203458799593 0.0468468468468
0 0.488809766022 0.198198198198 0.0152594099695 0.0396396396396
0 0.513224821974 0.2 0.0152594099695 0.036036036036
0 0.406408952187 0.185585585586 0.0152594099695 0.0396396396396
0 0.340284842319 0.245045045045 0.0172939979654 0.036036036036
0 0.26500508647 0.245045045045 0.0233977619532 0.0468468468468
0 0.238046795524 0.39009009009 0.0427263479145 0.0990990990991
