0 0.255338904364 0.27 0.0185701021356 0.0333333333333
0 0.329155060353 0.208333333333 0.0120705663881 0.0266666666667
0 0.350046425255 0.2075 0.0148560817084 0.0283333333333
0 0.372794800371 0.186666666667 0.0120705663881 0.03
0 0.379294336119 0.190833333333 0.0120705663881 0.0283333333333
0 0.400185701021 0.215833333333 0.016713091922 0.035
0 0.41504178273 0.19 0.0148560817084 0.0333333333333
0 0.326833797586 0.25 0.0185701021356 0.0366666666667
0 0.370473537604 0.26 0.0204271123491 0.0366666666667
0 0.376044568245 0.27 0.0204271123491 0.03
0 0.38904363974 0.296666666667 0.0259981429898 0.04
0 0.448932219127 0.189166666667 0.0157845868152 0.0283333333333
0 0.454038997214 0.225833333333 0.0185701021356 0.0316666666667
0 0.468895078923 0.231666666667 0.0204271123491 0.0366666666667
0 0.477715877437 0.194166666667 0.0194986072423 0.0383333333333
0 0.490714948932 0.175833333333 0.0157845868152 0.035
0 0.482358402971 0.1375 0.0120705663881 0.0216666666667
0 0.503249767874 0.193333333333 0.0185701021356 0.03
0 0.521355617456 0.17 0.0176415970288 0.03
0 0.529247910864 0.22 0.0185701021356 0.0233333333333
0 0.562209842154 0.125833333333 0.0139275766017 0.0216666666667
0 0.646703806871 0.1225 0.0120705663881 0.0216666666667
0 0.637883008357 0.138333333333 0.016713091922 0.0233333333333
0 0.583101207057 0.164166666667 0.0148560817084 0.0316666666667
0 0.613277623027 0.2 0.0194986072423 0.04
0 0.549210770659 0.25 0.025069637883 0.0366666666667
0 0.55338904364 0.3275 0.0278551532033 0.0483333333333
0 0.613277623027 0.343333333333 0.0306406685237 0.0466666666667
0 0.604456824513 0.284166666667 0.0222841225627 0.0416666666667
0 0.651346332405 0.269166666667 0.0287836583101 0.0483333333333
0 0.668987929434 0.2225 0.0194986072423 0.0416666666667
0 0.698235840297 0.246666666667 0.0204271123491 0.04
0 0.715413184773 0.286666666667 0.0232126276695 0.04
0 0.759981429898 0.311666666667 0.025069637883 0.05
0 0.836583101207 0.31 0.0222841225627 0.0466666666667
0 0.840297121634 0.255 0.0204271123491 0.0566666666667
0 0.909470752089 0.275 0.0194986072423 0.04
0 0.903899721448 0.235833333333 0.0176415970288 0.0383333333333
0 0.880222841226 0.195833333333 0.0129990714949 0.0316666666667
0 0.88625812442 0.169166666667 0.0157845868152 0.0316666666667
0 0.839832869081 0.161666666667 0.0176415970288 0.0366666666667
0 0.77530176416 0.145 0.016713091922 0.03
0 0.819405756732 0.136666666667 0.0157845868152 0.03
0 0.761374187558 0.139166666667 0.016713091922 0.0316666666667
0 0.732126276695 0.135833333333 0.0157845868152 0.0216666666667
0 0.737697307335 0.149166666667 0.0194986072423 0.025
0 0.731197771588 0.173333333333 0.0176415970288 0.0333333333333
0 0.743268337976 0.194166666667 0.0176415970288 0.0283333333333
0 0.776230269266 0.220833333333 0.0204271123491 0.035
0 0.800371402043 0.189166666667 0.0185701021356 0.035
0 0.759052924791 0.236666666667 0.0213556174559 0.0433333333333
0 0.698235840297 0.189166666667 0.016713091922 0.0316666666667
0 0.690807799443 0.163333333333 0.0185701021356 0.0333333333333
0 0.705199628598 0.153333333333 0.0176415970288 0.03
