0 0.139816360601 0.563400576369 0.0459098497496 0.0864553314121
0 0.235809682805 0.340778097983 0.0175292153589 0.0331412103746
0 0.265442404007 0.346541786744 0.0217028380634 0.0417867435159
0 0.290066777963 0.373198847262 0.0225375626043 0.0461095100865
0 0.294240400668 0.308357348703 0.0191986644407 0.0374639769452
0 0.337646076795 0.372478386167 0.0242070116861 0.0475504322767
0 0.358931552588 0.327089337176 0.0183639398998 0.0374639769452
0 0.362270450751 0.295389048991 0.016694490818 0.0317002881844
0 0.394407345576 0.338616714697 0.0225375626043 0.0432276657061
0 0.418614357262 0.335734870317 0.0225375626043 0.0403458213256
0 0.414858096828 0.298991354467 0.0183639398998 0.0331412103746
0 0.406928213689 0.263688760807 0.0158597662771 0.0374639769452
0 0.44407345576 0.307636887608 0.016694490818 0.036023054755
0 0.456594323873 0.337175792507 0.016694490818 0.0403458213256
0 0.479966611018 0.309077809798 0.0217028380634 0.0417867435159
0 0.441151919866 0.275936599424 0.0158597662771 0.0302593659942
0 0.431969949917 0.262247838617 0.0175292153589 0.0374639769452
0 0.468697829716 0.252161383285 0.0175292153589 0.0317002881844
0 0.477045075125 0.238472622478 0.0141903171953 0.0244956772334
0 0.482470784641 0.267291066282 0.0150250417362 0.0302593659942
0 0.5 0.264409221902 0.0150250417362 0.0302593659942
0 0.516277128548 0.261527377522 0.0158597662771 0.0331412103746
0 0.530884808013 0.277377521614 0.0183639398998 0.0331412103746
0 0.530884808013 0.245677233429 0.0133555926544 0.0302593659942
0 0.550918196995 0.250720461095 0.0150250417362 0.0345821325648
0 0.56469115192 0.28818443804 0.0175292153589 0.0345821325648
0 0.585141903172 0.261527377522 0.0150250417362 0.0331412103746
0 0.578046744574 0.222622478386 0.0125208681135 0.021613832853
0 0.594741235392 0.240634005764 0.0125208681135 0.0230547550432
0 0.608514190317 0.25144092219 0.016694490818 0.0331412103746
0 0.614357262104 0.221902017291 0.0133555926544 0.0259365994236
0 0.622704507513 0.204610951009 0.0116861435726 0.0230547550432
0 0.633973288815 0.218299711816 0.0125208681135 0.0244956772334
0 0.650250417362 0.226224783862 0.0133555926544 0.0230547550432
0 0.653589315526 0.25 0.0150250417362 0.0302593659942
0 0.686560934891 0.233429394813 0.0141903171953 0.028818443804
0 0.697412353923 0.226224783862 0.0158597662771 0.0317002881844
0 0.678213689482 0.208933717579 0.0141903171953 0.028818443804
0 0.498747913189 0.386887608069 0.0308848080134 0.0590778097983
0 0.513772954925 0.326368876081 0.0258764607679 0.0417867435159
0 0.541318864775 0.359510086455 0.0292153589316 0.0590778097983
0 0.559265442404 0.409221902017 0.0317195325543 0.0547550432277
0 0.600584307179 0.380403458213 0.0292153589316 0.0634005763689
0 0.611853088481 0.332853025937 0.0267111853088 0.0489913544669
0 0.651085141903 0.304755043228 0.0200333889816 0.0389048991354
0 0.659015025042 0.344380403458 0.0275459098497 0.0461095100865
0 0.645659432387 0.470461095101 0.0375626043406 0.0734870317003
0 0.600166944908 0.454610951009 0.0317195325543 0.0763688760807
0 0.714106844741 0.553314121037 0.0459098497496 0.0749279538905
0 0.67612687813 0.384726224784 0.0283806343907 0.0605187319885
0 0.702838063439 0.371037463977 0.0233722871452 0.0533141210375
0 0.74040066778 0.409942363112 0.0350584307179 0.0561959654179
0 0.706594323873 0.302593659942 0.0208681135225 0.0403458213256
0 0.678213689482 0.278097982709 0.0191986644407 0.0374639769452
0 0.719115191987 0.254322766571 0.0158597662771 0.036023054755
0 0.719115191987 0.300432276657 0.0175292153589 0.0389048991354
0 0.742070116861 0.258645533141 0.0150250417362 0.0389048991354
0 0.74958263773 0.240634005764 0.0116861435726 0.028818443804
0 0.760851419032 0.232708933718 0.0141903171953 0.0331412103746
0 0.784641068447 0.275936599424 0.0183639398998 0.0331412103746
0 0.795492487479 0.242074927954 0.0183639398998 0.0345821325648
0 0.82429048414 0.247838616715 0.0141903171953 0.0317002881844
0 0.828464106845 0.273775216138 0.0125208681135 0.028818443804
0 0.826794657763 0.309077809798 0.0191986644407 0.0389048991354
0 0.822203672788 0.359510086455 0.025041736227 0.0533141210375
0 0.801752921536 0.43083573487 0.0308848080134 0.0634005763689
0 0.845993322204 0.513688760807 0.0375626043406 0.0792507204611
0 0.860183639399 0.455331412104 0.034223706177 0.0749279538905
0 0.941151919866 0.475504322767 0.0392320534224 0.0749279538905
0 0.928631051753 0.399135446686 0.0225375626043 0.0489913544669
0 0.874373956594 0.378962536023 0.0242070116861 0.0576368876081
0 0.883973288815 0.343659942363 0.0200333889816 0.0533141210375
0 0.860183639399 0.314841498559 0.0225375626043 0.0475504322767
0 0.862270450751 0.274495677233 0.0133555926544 0.0331412103746
0 0.858931552588 0.256484149856 0.0150250417362 0.028818443804
0 0.890233722871 0.258645533141 0.0158597662771 0.0331412103746
0 0.871452420701 0.275936599424 0.0133555926544 0.036023054755
0 0.909015025042 0.276657060519 0.0150250417362 0.0345821325648
0 0.904006677796 0.32204610951 0.0200333889816 0.0446685878963
0 0.924874791319 0.306195965418 0.016694490818 0.0331412103746
0 0.945742904841 0.358069164265 0.0183639398998 0.0417867435159
0 0.948247078464 0.309798270893 0.016694490818 0.0317002881844
0 0.956176961603 0.277377521614 0.0158597662771 0.0331412103746
