0 0.898956356736 0.479797979798 0.0275142314991 0.0740740740741
0 0.915559772296 0.363636363636 0.0189753320683 0.0538720538721
0 0.896584440228 0.190235690236 0.0170777988615 0.040404040404
0 0.891840607211 0.22138047138 0.0151802656546 0.0454545454545
0 0.910815939279 0.188552188552 0.0151802656546 0.040404040404
0 0.934535104364 0.236531986532 0.0170777988615 0.0420875420875
0 0.932163187856 0.276936026936 0.0180265654649 0.0488215488215
0 0.874762808349 0.288720538721 0.0170777988615 0.0454545454545
0 0.84724857685 0.319023569024 0.022770398482 0.0488215488215
0 0.815939278937 0.290404040404 0.0208728652751 0.0521885521886
0 0.831593927894 0.249158249158 0.0180265654649 0.043771043771
0 0.854364326376 0.218855218855 0.0161290322581 0.037037037037
0 0.860056925996 0.176767676768 0.0161290322581 0.040404040404
0 0.870493358634 0.179292929293 0.0142314990512 0.0387205387205
0 0.81119544592 0.160774410774 0.0132827324478 0.0353535353535
0 0.817362428843 0.191077441077 0.0161290322581 0.0387205387205
0 0.836337760911 0.165824915825 0.0142314990512 0.0319865319865
0 0.790322580645 0.207912457912 0.0170777988615 0.0420875420875
0 0.781309297913 0.175925925926 0.0142314990512 0.0387205387205
0 0.759013282732 0.151515151515 0.0151802656546 0.037037037037
0 0.739563567362 0.18265993266 0.0142314990512 0.0353535353535
0 0.701138519924 0.170875420875 0.0132827324478 0.0286195286195
0 0.666034155598 0.177609427609 0.0170777988615 0.0387205387205
0 0.666508538899 0.218013468013 0.0180265654649 0.0454545454545
0 0.721062618596 0.231481481481 0.0189753320683 0.0521885521886
0 0.635673624288 0.247474747475 0.022770398482 0.0505050505051
0 0.655123339658 0.282828282828 0.0218216318786 0.0505050505051
0 0.624762808349 0.302188552189 0.0256166982922 0.0690235690236
0 0.571157495256 0.292087542088 0.0246679316888 0.0622895622896
0 0.569734345351 0.255892255892 0.0199240986717 0.0505050505051
0 0.684060721063 0.337542087542 0.0284629981025 0.0690235690236
0 0.707305502846 0.199494949495 0.0180265654649 0.0353535353535
0 0.625711574953 0.135521885522 0.0123339658444 0.0286195286195
0 0.594876660342 0.151515151515 0.0151802656546 0.030303030303
0 0.567362428843 0.0698653198653 0.00948766603416 0.0252525252525
0 0.553130929791 0.169191919192 0.011385199241 0.0252525252525
0 0.560246679317 0.178451178451 0.0123339658444 0.03367003367
0 0.537476280835 0.117845117845 0.00853889943074 0.020202020202
0 0.546963946869 0.139730639731 0.0123339658444 0.023569023569
0 0.512333965844 0.144781144781 0.011385199241 0.026936026936
0 0.518975332068 0.166666666667 0.0132827324478 0.03367003367
0 0.490037950664 0.142255892256 0.0104364326376 0.0252525252525
0 0.493358633776 0.164141414141 0.0132827324478 0.0319865319865
0 0.471537001898 0.140572390572 0.0132827324478 0.0218855218855
0 0.450664136622 0.148148148148 0.0132827324478 0.026936026936
0 0.434060721063 0.176767676768 0.0142314990512 0.030303030303
0 0.452087286528 0.170875420875 0.0142314990512 0.0319865319865
0 0.473434535104 0.175925925926 0.0151802656546 0.0353535353535
0 0.414611005693 0.209595959596 0.0132827324478 0.0353535353535
0 0.451138519924 0.225589225589 0.0142314990512 0.040404040404
0 0.481024667932 0.23063973064 0.0170777988615 0.043771043771
0 0.498576850095 0.305555555556 0.0256166982922 0.0555555555556
0 0.313092979127 0.236531986532 0.0151802656546 0.0353535353535
0 0.348197343454 0.191919191919 0.0151802656546 0.030303030303
0 0.199715370019 0.439393939394 0.0370018975332 0.0808080808081
0 0.554079696395 0.119528619529 0.011385199241 0.023569023569
