0 0.200362647325 0.221774193548 0.0163191296464 0.0338709677419
0 0.249773345422 0.170161290323 0.0172257479601 0.0338709677419
0 0.43970988214 0.216935483871 0.0181323662738 0.0435483870968
0 0.462828649139 0.215322580645 0.0208522212149 0.0403225806452
0 0.613327289211 0.111290322581 0.0135992747053 0.0322580645161
0 0.635539437897 0.146774193548 0.0181323662738 0.0387096774194
0 0.650045330916 0.151612903226 0.0163191296464 0.0322580645161
0 0.66953762466 0.125 0.0135992747053 0.0306451612903
0 0.747506799637 0.15 0.0135992747053 0.0322580645161
0 0.765185856754 0.154838709677 0.0181323662738 0.0387096774194
0 0.822756119674 0.264516129032 0.0244786944696 0.0516129032258
0 0.888485947416 0.251612903226 0.0217588395286 0.0483870967742
0 0.916591115141 0.254032258065 0.0181323662738 0.0532258064516
0 0.886219401632 0.209677419355 0.0154125113327 0.0354838709677
0 0.868540344515 0.195161290323 0.014505893019 0.0483870967742
0 0.935176790571 0.199193548387 0.0154125113327 0.0338709677419
