0 0.117740232313 0.246282527881 0.0179514255544 0.046468401487
0 0.181098204857 0.210966542751 0.0158394931362 0.0501858736059
0 0.215417106653 0.236059479554 0.0190073917635 0.0408921933086
0 0.347940865892 0.233271375465 0.0200633579725 0.0390334572491
0 0.393875395987 0.253717472119 0.0190073917635 0.0501858736059
0 0.427138331573 0.159851301115 0.0158394931362 0.0297397769517
0 0.448257655755 0.164498141264 0.0137275607181 0.0315985130112
0 0.493664202746 0.154275092937 0.0158394931362 0.0334572490706
0 0.503695881732 0.165427509294 0.012671594509 0.0297397769517
0 0.94878563886 0.211895910781 0.0137275607181 0.0408921933086
