0 0.0808383233533 0.277777777778 0.0259481037924 0.0520833333333
0 0.293413173653 0.240451388889 0.0179640718563 0.0329861111111
0 0.286427145709 0.224826388889 0.0179640718563 0.0399305555556
0 0.336327345309 0.191840277778 0.0179640718563 0.0399305555556
0 0.357784431138 0.196180555556 0.0189620758483 0.0381944444444
0 0.360279441118 0.223958333333 0.0179640718563 0.0381944444444
0 0.38373253493 0.237847222222 0.0229540918164 0.0451388888889
0 0.339820359281 0.228298611111 0.0189620758483 0.0364583333333
0 0.38373253493 0.201388888889 0.0149700598802 0.0381944444444
0 0.399201596806 0.208333333333 0.0159680638723 0.0347222222222
0 0.389720558882 0.173611111111 0.0169660678643 0.0347222222222
0 0.409181636727 0.171875 0.0119760479042 0.0347222222222
0 0.428143712575 0.203993055556 0.0159680638723 0.0364583333333
0 0.412175648703 0.2421875 0.0259481037924 0.0434027777778
0 0.450598802395 0.247395833333 0.0229540918164 0.0503472222222
0 0.451097804391 0.202256944444 0.0199600798403 0.0399305555556
0 0.470558882236 0.203993055556 0.0209580838323 0.0434027777778
0 0.432135728543 0.160590277778 0.0159680638723 0.0295138888889
0 0.454590818363 0.161458333333 0.0189620758483 0.0381944444444
0 0.491017964072 0.138020833333 0.0119760479042 0.0260416666667
0 0.493512974052 0.150173611111 0.0129740518962 0.0260416666667
0 0.50249500998 0.155381944444 0.0149700598802 0.0260416666667
0 0.506986027944 0.186631944444 0.0199600798403 0.0364583333333
0 0.531437125749 0.1796875 0.0209580838323 0.0364583333333
0 0.518463073852 0.151909722222 0.0149700598802 0.0295138888889
0 0.510479041916 0.134548611111 0.0129740518962 0.0260416666667
0 0.529441117764 0.137152777778 0.0129740518962 0.0208333333333
0 0.556886227545 0.128472222222 0.0159680638723 0.0243055555556
0 0.561876247505 0.141493055556 0.0139720558882 0.0260416666667
0 0.575848303393 0.161458333333 0.0139720558882 0.03125
0 0.566367265469 0.184895833333 0.0169660678643 0.0434027777778
0 0.544411177645 0.160590277778 0.0169660678643 0.0364583333333
0 0.585329341317 0.143229166667 0.0149700598802 0.0329861111111
0 0.60129740519 0.139756944444 0.0129740518962 0.0295138888889
0 0.614271457086 0.167534722222 0.0149700598802 0.0364583333333
0 0.615768463074 0.126736111111 0.00998003992016 0.0243055555556
0 0.622255489022 0.127604166667 0.0129740518962 0.0260416666667
0 0.63373253493 0.138020833333 0.0139720558882 0.0329861111111
0 0.64870259481 0.125 0.0159680638723 0.0347222222222
0 0.672155688623 0.123263888889 0.0129740518962 0.0243055555556
0 0.666167664671 0.110243055556 0.0109780439122 0.0190972222222
0 0.692115768463 0.134548611111 0.0129740518962 0.0329861111111
0 0.694610778443 0.111979166667 0.00998003992016 0.0260416666667
0 0.704091816367 0.127604166667 0.0129740518962 0.0260416666667
0 0.716566866267 0.118055555556 0.0139720558882 0.03125
0 0.677145708583 0.186631944444 0.0189620758483 0.0364583333333
0 0.664171656687 0.145833333333 0.0129740518962 0.0243055555556
0 0.65119760479 0.157986111111 0.0149700598802 0.03125
0 0.601796407186 0.229166666667 0.0259481037924 0.0486111111111
0 0.632235528942 0.210069444444 0.0249500998004 0.0486111111111
0 0.64870259481 0.250868055556 0.0259481037924 0.0538194444444
0 0.701596806387 0.260416666667 0.0259481037924 0.0520833333333
0 0.691616766467 0.224826388889 0.0219560878244 0.0503472222222
0 0.713073852295 0.184027777778 0.0169660678643 0.0416666666667
0 0.726546906188 0.185763888889 0.0159680638723 0.0381944444444
0 0.748003992016 0.178819444444 0.0189620758483 0.0381944444444
0 0.708582834331 0.325520833333 0.0339321357285 0.078125
0 0.760479041916 0.381076388889 0.0319361277445 0.0677083333333
0 0.806387225549 0.298611111111 0.0279441117764 0.0625
0 0.77994011976 0.251736111111 0.0269461077844 0.0625
0 0.743512974052 0.243055555556 0.0219560878244 0.0520833333333
0 0.766467065868 0.197916666667 0.0219560878244 0.0416666666667
0 0.74500998004 0.152777777778 0.0169660678643 0.03125
0 0.77245508982 0.137152777778 0.0139720558882 0.03125
0 0.793413173653 0.137152777778 0.0139720558882 0.0277777777778
0 0.800399201597 0.1484375 0.0119760479042 0.0260416666667
0 0.805389221557 0.170138888889 0.0119760479042 0.0277777777778
0 0.810379241517 0.207465277778 0.0179640718563 0.0399305555556
0 0.828842315369 0.203125 0.0169660678643 0.0381944444444
0 0.85379241517 0.223090277778 0.0209580838323 0.0434027777778
0 0.839820359281 0.265625 0.0229540918164 0.0590277777778
0 0.870259481038 0.230902777778 0.0159680638723 0.0381944444444
0 0.84381237525 0.177951388889 0.0149700598802 0.0364583333333
0 0.812874251497 0.142361111111 0.0149700598802 0.03125
0 0.837325349301 0.147569444444 0.0119760479042 0.03125
0 0.849800399202 0.157986111111 0.0149700598802 0.0347222222222
0 0.86876247505 0.15625 0.0149700598802 0.0347222222222
0 0.888223552894 0.165798611111 0.0159680638723 0.0399305555556
0 0.880738522954 0.190972222222 0.0149700598802 0.0381944444444
0 0.901696606786 0.231770833333 0.0189620758483 0.0399305555556
0 0.910179640719 0.211805555556 0.0159680638723 0.0416666666667
0 0.915668662675 0.190972222222 0.0169660678643 0.03125
0 0.926147704591 0.157118055556 0.0119760479042 0.0399305555556
0 0.963073852295 0.186631944444 0.0139720558882 0.0434027777778
0 0.951097804391 0.208333333333 0.0159680638723 0.0416666666667
0 0.957085828343 0.234375 0.0179640718563 0.0416666666667
0 0.936626746507 0.263020833333 0.0229540918164 0.0503472222222
0 0.926646706587 0.322916666667 0.0309381237525 0.0625
