0 0.634204275534 0.0990168539326 0.00791765637371 0.0266853932584
0 0.664687252573 0.113764044944 0.0118764845606 0.0280898876404
0 0.692399049881 0.111657303371 0.0134600158353 0.0294943820225
0 0.742280285036 0.122191011236 0.0150435471101 0.0337078651685
0 0.787806809184 0.119382022472 0.0126682501979 0.0196629213483
0 0.807996832937 0.120786516854 0.0134600158353 0.0280898876404
0 0.825811559778 0.124297752809 0.0110847189232 0.0266853932584
0 0.558590657165 0.115168539326 0.0182106096595 0.0252808988764
0 0.869358669834 0.136235955056 0.0142517814727 0.0337078651685
0 0.908946951702 0.141853932584 0.0126682501979 0.0308988764045
0 0.895091053048 0.158707865169 0.0134600158353 0.0365168539326
0 0.918844022169 0.155196629213 0.0118764845606 0.0323033707865
0 0.448535233571 0.154494382022 0.0166270783848 0.0308988764045
0 0.479414093428 0.144662921348 0.0118764845606 0.0252808988764
0 0.50593824228 0.138342696629 0.0126682501979 0.0266853932584
0 0.529295328583 0.145365168539 0.0166270783848 0.0294943820225
0 0.313935075218 0.229634831461 0.0166270783848 0.0266853932584
0 0.338083927158 0.218398876404 0.0158353127474 0.0379213483146
0 0.35233570863 0.228230337079 0.0174188440222 0.0379213483146
0 0.423990498812 0.186797752809 0.0182106096595 0.0337078651685
0 0.408946951702 0.199438202247 0.0182106096595 0.0365168539326
0 0.378463974663 0.240168539326 0.0205859065717 0.0449438202247
0 0.395091053048 0.282303370787 0.0190023752969 0.0449438202247
0 0.454077593032 0.217696629213 0.0182106096595 0.0393258426966
0 0.483372921615 0.200140449438 0.0245447347585 0.0491573033708
0 0.501979414093 0.221207865169 0.0190023752969 0.0491573033708
0 0.534837688044 0.176264044944 0.021377672209 0.0407303370787
0 0.558194774347 0.148876404494 0.0221694378464 0.0337078651685
0 0.576405384006 0.158005617978 0.0142517814727 0.0379213483146
0 0.580760095012 0.120084269663 0.0166270783848 0.0379213483146
0 0.591844813935 0.116573033708 0.0166270783848 0.0365168539326
0 0.607680126683 0.135533707865 0.0197941409343 0.0407303370787
0 0.61757719715 0.120786516854 0.0190023752969 0.0365168539326
0 0.63855898654 0.136235955056 0.0150435471101 0.0280898876404
0 0.682106096595 0.167134831461 0.0150435471101 0.0393258426966
0 0.624703087886 0.202949438202 0.0237529691211 0.0463483146067
0 0.559778305622 0.254213483146 0.0237529691211 0.0505617977528
0 0.544734758511 0.301264044944 0.0221694378464 0.063202247191
0 0.602137767221 0.347612359551 0.0245447347585 0.0547752808989
0 0.599762470309 0.25 0.0182106096595 0.0477528089888
0 0.663895486936 0.268960674157 0.0182106096595 0.0491573033708
0 0.676167854315 0.236657303371 0.0221694378464 0.0463483146067
0 0.682106096595 0.197331460674 0.0245447347585 0.0379213483146
0 0.720110847189 0.136235955056 0.0166270783848 0.0393258426966
0 0.172604908947 0.474016853933 0.0380047505938 0.0716292134831
0 0.706650831354 0.224719101124 0.0197941409343 0.0505617977528
0 0.728028503563 0.193820224719 0.0245447347585 0.0477528089888
0 0.748614410135 0.259129213483 0.0245447347585 0.0491573033708
0 0.772763262074 0.218398876404 0.0237529691211 0.0323033707865
0 0.806017418844 0.191713483146 0.0269200316706 0.060393258427
0 0.826603325416 0.220505617978 0.0221694378464 0.0365168539326
0 0.8432304038 0.191011235955 0.0190023752969 0.0337078651685
0 0.851543942993 0.246488764045 0.0245447347585 0.0547752808989
0 0.870150435471 0.237359550562 0.0269200316706 0.0589887640449
0 0.92478226445 0.210674157303 0.0126682501979 0.0365168539326
0 0.91567695962 0.242275280899 0.0197941409343 0.0435393258427
0 0.767616785432 0.294943820225 0.021377672209 0.0505617977528
0 0.803642121932 0.243679775281 0.0221694378464 0.0463483146067
0 0.821060965954 0.296348314607 0.0237529691211 0.0505617977528
0 0.918052256532 0.311095505618 0.0197941409343 0.060393258427
0 0.819081551861 0.396769662921 0.0387965162312 0.0744382022472
0 0.887569279493 0.44452247191 0.0364212193191 0.0800561797753
0 0.887569279493 0.188904494382 0.0142517814727 0.0351123595506
0 0.722486144101 0.165730337079 0.0229612034838 0.0393258426966
0 0.51821060966 0.165730337079 0.0229612034838 0.0477528089888
0 0.473475851148 0.176966292135 0.0237529691211 0.0449438202247
0 0.36460807601 0.252808988764 0.021377672209 0.0337078651685
0 0.340063341251 0.255617977528 0.021377672209 0.0365168539326
0 0.32224861441 0.259129213483 0.0237529691211 0.0379213483146
0 0.820269200317 0.161516853933 0.00791765637371 0.0224719101124
0 0.778701504355 0.171348314607 0.0150435471101 0.0308988764045
0 0.75296912114 0.142556179775 0.0142517814727 0.0238764044944
0 0.627474267617 0.0990168539326 0.0102929532858 0.0182584269663
0 0.851148060174 0.165730337079 0.0142517814727 0.0365168539326
0 0.860649247823 0.150280898876 0.0110847189232 0.0393258426966
