0 0.0924882629108 0.425460636516 0.0460093896714 0.0938023450586
0 0.258685446009 0.287269681742 0.0197183098592 0.035175879397
0 0.282159624413 0.277219430486 0.0215962441315 0.0418760469012
0 0.300469483568 0.259631490787 0.018779342723 0.0435510887772
0 0.322535211268 0.268844221106 0.0197183098592 0.0452261306533
0 0.340845070423 0.283082077052 0.0206572769953 0.0435510887772
0 0.3220657277 0.222780569514 0.0150234741784 0.0301507537688
0 0.347887323944 0.213567839196 0.0178403755869 0.0318257956449
0 0.355399061033 0.247906197655 0.0197183098592 0.036850921273
0 0.372300469484 0.230318257956 0.0159624413146 0.035175879397
0 0.417370892019 0.221943048576 0.0178403755869 0.035175879397
0 0.387323943662 0.221105527638 0.0215962441315 0.0402010050251
0 0.394366197183 0.307370184255 0.0244131455399 0.0519262981575
0 0.449765258216 0.225293132328 0.0169014084507 0.0418760469012
0 0.425821596244 0.187604690117 0.0159624413146 0.0268006700168
0 0.408450704225 0.177554438861 0.0150234741784 0.0268006700168
0 0.456338028169 0.169179229481 0.018779342723 0.0335008375209
0 0.480751173709 0.170854271357 0.0169014084507 0.0335008375209
0 0.497183098592 0.232830820771 0.0215962441315 0.0502512562814
0 0.472769953052 0.151591289782 0.0140845070423 0.0284757118928
0 0.484976525822 0.141541038526 0.0140845070423 0.0318257956449
0 0.503755868545 0.175879396985 0.0178403755869 0.0335008375209
0 0.527699530516 0.138190954774 0.018779342723 0.0385259631491
0 0.530985915493 0.173366834171 0.0197183098592 0.035175879397
0 0.541784037559 0.20351758794 0.0225352112676 0.0452261306533
0 0.571361502347 0.164154103853 0.0215962441315 0.0402010050251
0 0.550704225352 0.155778894472 0.0159624413146 0.036850921273
0 0.569953051643 0.118090452261 0.0131455399061 0.0251256281407
0 0.582629107981 0.134003350084 0.0159624413146 0.0301507537688
0 0.595774647887 0.105527638191 0.0140845070423 0.0301507537688
0 0.617840375587 0.103852596315 0.0131455399061 0.0301507537688
0 0.639436619718 0.106365159129 0.0131455399061 0.0251256281407
0 0.620657276995 0.144891122278 0.0169014084507 0.0318257956449
0 0.631455399061 0.128140703518 0.0159624413146 0.0318257956449
0 0.689201877934 0.106365159129 0.0150234741784 0.0318257956449
0 0.670892018779 0.123115577889 0.0178403755869 0.035175879397
0 0.490610328638 0.298994974874 0.0291079812207 0.0519262981575
0 0.560563380282 0.293969849246 0.0244131455399 0.0586264656616
0 0.565727699531 0.241206030151 0.0215962441315 0.0435510887772
0 0.605164319249 0.259631490787 0.030985915493 0.0536013400335
0 0.623943661972 0.193467336683 0.0215962441315 0.0519262981575
0 0.648356807512 0.178391959799 0.0178403755869 0.0418760469012
0 0.66103286385 0.209380234506 0.0206572769953 0.0402010050251
0 0.6779342723 0.246231155779 0.018779342723 0.0502512562814
0 0.695774647887 0.215242881072 0.0244131455399 0.0452261306533
0 0.674178403756 0.337520938023 0.0319248826291 0.0653266331658
0 0.605633802817 0.335845896147 0.0262910798122 0.0586264656616
0 0.684507042254 0.143216080402 0.0169014084507 0.0318257956449
0 0.707511737089 0.138190954774 0.0159624413146 0.0385259631491
0 0.692018779343 0.179229480737 0.0206572769953 0.0335008375209
0 0.729577464789 0.157453936348 0.018779342723 0.0402010050251
0 0.73896713615 0.123115577889 0.018779342723 0.0318257956449
0 0.748356807512 0.112227805695 0.0150234741784 0.0335008375209
0 0.765258215962 0.13567839196 0.0150234741784 0.0335008375209
0 0.756338028169 0.159966499162 0.0197183098592 0.035175879397
0 0.740375586854 0.211055276382 0.0215962441315 0.0435510887772
0 0.760093896714 0.231993299832 0.0234741784038 0.0485762144054
0 0.771361502347 0.282244556114 0.030985915493 0.0653266331658
0 0.707511737089 0.291457286432 0.030985915493 0.0569514237856
0 0.794835680751 0.185929648241 0.0215962441315 0.0435510887772
0 0.792957746479 0.134003350084 0.0140845070423 0.0301507537688
0 0.788732394366 0.119765494137 0.0150234741784 0.0251256281407
0 0.806572769953 0.120603015075 0.0131455399061 0.0335008375209
0 0.82441314554 0.159966499162 0.0150234741784 0.035175879397
0 0.828169014085 0.134840871022 0.0150234741784 0.0318257956449
0 0.849765258216 0.14824120603 0.0169014084507 0.035175879397
0 0.846009389671 0.193467336683 0.018779342723 0.0452261306533
0 0.874178403756 0.225293132328 0.0244131455399 0.0452261306533
0 0.878403755869 0.187604690117 0.0215962441315 0.0402010050251
0 0.866197183099 0.149916247906 0.0140845070423 0.0318257956449
0 0.869483568075 0.124790619765 0.0150234741784 0.0284757118928
0 0.895774647887 0.130653266332 0.0169014084507 0.0402010050251
0 0.932863849765 0.166666666667 0.0197183098592 0.0418760469012
0 0.892018779343 0.172529313233 0.0169014084507 0.0301507537688
0 0.928638497653 0.273869346734 0.0244131455399 0.0552763819095
