0 0.427306616962 0.262023217247 0.0251630941286 0.0431177446103
0 0.392357875116 0.196517412935 0.0205032618826 0.0414593698176
0 0.437558247903 0.191542288557 0.0214352283318 0.0348258706468
0 0.455731593663 0.223880597015 0.0260950605778 0.0464344941957
0 0.478098788444 0.15671641791 0.0186393289842 0.0315091210614
0 0.497204100652 0.19320066335 0.0251630941286 0.0348258706468
0 0.478564771668 0.197346600332 0.0177073625349 0.0364842454395
0 0.48788443616 0.302653399668 0.0251630941286 0.0514096185738
0 0.592264678472 0.265339966833 0.0232991612302 0.0464344941957
0 0.57082945014 0.136815920398 0.0158434296365 0.0348258706468
0 0.69431500466 0.176616915423 0.0205032618826 0.0381426202322
0 0.730195712954 0.145936981758 0.027027027027 0.0464344941957
