0 0.202932828761 0.460591133005 0.0501419110691 0.0935960591133
0 0.260170293283 0.422003284072 0.0435193945128 0.0985221674877
0 0.226111636708 0.234811165846 0.0170293282876 0.0295566502463
0 0.352885525071 0.270114942529 0.0151371807001 0.0311986863711
0 0.375591296121 0.270935960591 0.0189214758751 0.0295566502463
0 0.424787133396 0.232348111658 0.0151371807001 0.0344827586207
0 0.448912015137 0.238095238095 0.0198675496689 0.0328407224959
0 0.457899716178 0.194581280788 0.0151371807001 0.0344827586207
0 0.479659413434 0.202791461412 0.0151371807001 0.0311986863711
0 0.435666982025 0.293103448276 0.0236518448439 0.0410509031199
0 0.485335856197 0.169950738916 0.0113528855251 0.0180623973727
0 0.473509933775 0.159277504105 0.0141911069063 0.0197044334975
0 0.491958372753 0.133825944171 0.0132450331126 0.0213464696223
0 0.538789025544 0.146962233169 0.0104068117313 0.0213464696223
0 0.526017029328 0.173234811166 0.0132450331126 0.0311986863711
0 0.547776726585 0.206075533662 0.0170293282876 0.0246305418719
0 0.564333017975 0.158456486043 0.0141911069063 0.0246305418719
0 0.594607379376 0.160098522167 0.0122989593188 0.0246305418719
0 0.55912961211 0.0829228243021 0.0132450331126 0.0180623973727
0 0.491485335856 0.292282430213 0.0255439924314 0.0394088669951
0 0.668874172185 0.249589490969 0.0227057710501 0.0459770114943
0 0.72421948912 0.289819376026 0.0236518448439 0.0541871921182
0 0.772942289499 0.300492610837 0.0245979186377 0.0426929392447
0 0.690633869442 0.172413793103 0.0151371807001 0.0295566502463
0 0.723746452223 0.155172413793 0.0132450331126 0.0246305418719
0 0.74550614948 0.162561576355 0.0151371807001 0.0328407224959
0 0.755912961211 0.155172413793 0.0151371807001 0.0311986863711
0 0.764427625355 0.0738916256158 0.0132450331126 0.0229885057471
0 0.767265846736 0.183087027915 0.0170293282876 0.0344827586207
0 0.809839167455 0.192118226601 0.0151371807001 0.0361247947455
0 0.823084200568 0.131362889984 0.0132450331126 0.0328407224959
0 0.970671712394 0.105911330049 0.0113528855251 0.0279146141215
0 0.886471144749 0.234811165846 0.0170293282876 0.0426929392447
