0 0.0181587837838 0.434131736527 0.0228040540541 0.0538922155689
0 0.236486486486 0.345808383234 0.0152027027027 0.0329341317365
0 0.263091216216 0.38248502994 0.0211148648649 0.0434131736527
0 0.302787162162 0.372754491018 0.0194256756757 0.0419161676647
0 0.340793918919 0.36751497006 0.0194256756757 0.0404191616766
0 0.293496621622 0.314371257485 0.0160472972973 0.0359281437126
0 0.364864864865 0.298652694611 0.0135135135135 0.0284431137725
0 0.368665540541 0.336077844311 0.0143581081081 0.0314371257485
0 0.393581081081 0.345808383234 0.0152027027027 0.0389221556886
0 0.420608108108 0.34880239521 0.0202702702703 0.0419161676647
0 0.461570945946 0.354790419162 0.0160472972973 0.0389221556886
0 0.420185810811 0.306137724551 0.0143581081081 0.0314371257485
0 0.398226351351 0.26871257485 0.0126689189189 0.0284431137725
0 0.415962837838 0.275449101796 0.0126689189189 0.0299401197605
0 0.451858108108 0.270958083832 0.0152027027027 0.0299401197605
0 0.445945945946 0.317365269461 0.0185810810811 0.0359281437126
0 0.483108108108 0.309131736527 0.0135135135135 0.0344311377246
0 0.513935810811 0.326347305389 0.0160472972973 0.0389221556886
0 0.441300675676 0.243263473054 0.0126689189189 0.0254491017964
0 0.484375 0.270958083832 0.0143581081081 0.0269461077844
0 0.477618243243 0.241766467066 0.0109797297297 0.0224550898204
0 0.486064189189 0.239520958084 0.0126689189189 0.0239520958084
0 0.508868243243 0.273952095808 0.0143581081081 0.0329341317365
0 0.532939189189 0.280688622754 0.0152027027027 0.0314371257485
0 0.537584459459 0.25 0.0126689189189 0.0269461077844
0 0.559543918919 0.252245508982 0.0126689189189 0.0284431137725
0 0.559966216216 0.297904191617 0.0152027027027 0.0329341317365
0 0.548141891892 0.364520958084 0.0219594594595 0.0464071856287
0 0.475084459459 0.421407185629 0.0244932432432 0.0523952095808
0 0.550675675676 0.433383233533 0.0253378378378 0.0523952095808
0 0.595861486486 0.267964071856 0.0143581081081 0.0329341317365
0 0.587837837838 0.254491017964 0.0118243243243 0.0269461077844
0 0.580236486486 0.222305389222 0.0101351351351 0.0254491017964
0 0.591638513514 0.22380239521 0.0109797297297 0.0224550898204
0 0.615709459459 0.255239520958 0.0135135135135 0.0314371257485
0 0.619932432432 0.226796407186 0.0118243243243 0.0284431137725
0 0.625 0.205838323353 0.0118243243243 0.0284431137725
0 0.641891891892 0.221556886228 0.0101351351351 0.0269461077844
0 0.65625 0.226796407186 0.0118243243243 0.0284431137725
0 0.660472972973 0.252994011976 0.0135135135135 0.0299401197605
0 0.67652027027 0.211077844311 0.0101351351351 0.0239520958084
0 0.692989864865 0.233532934132 0.0109797297297 0.0329341317365
0 0.718327702703 0.224550898204 0.0109797297297 0.0269461077844
0 0.722550675676 0.250748502994 0.0143581081081 0.0344311377246
0 0.694679054054 0.267215568862 0.0126689189189 0.0314371257485
0 0.709459459459 0.298652694611 0.0168918918919 0.0404191616766
0 0.649915540541 0.309880239521 0.0177364864865 0.0419161676647
0 0.613175675676 0.347305389222 0.0219594594595 0.0449101796407
0 0.74535472973 0.291916167665 0.0143581081081 0.0329341317365
0 0.613175675676 0.464820359281 0.027027027027 0.0673652694611
0 0.612753378378 0.409431137725 0.0244932432432 0.0494011976048
0 0.674408783784 0.38248502994 0.0211148648649 0.0523952095808
0 0.663429054054 0.35254491018 0.0177364864865 0.0404191616766
0 0.710726351351 0.369011976048 0.0194256756757 0.0464071856287
0 0.725084459459 0.498502994012 0.03125 0.0868263473054
0 0.657516891892 0.489520958084 0.0363175675676 0.059880239521
0 0.796875 0.452844311377 0.0261824324324 0.0523952095808
0 0.736486486486 0.427395209581 0.0219594594595 0.0464071856287
0 0.859375 0.540419161677 0.03125 0.0658682634731
0 0.871199324324 0.480538922156 0.0278716216216 0.062874251497
0 0.931587837838 0.476047904192 0.0287162162162 0.0658682634731
0 0.885557432432 0.38248502994 0.0211148648649 0.0523952095808
0 0.833192567568 0.375 0.0211148648649 0.0494011976048
0 0.859797297297 0.345808383234 0.0152027027027 0.0419161676647
0 0.862331081081 0.317365269461 0.0152027027027 0.0329341317365
0 0.83910472973 0.318862275449 0.0160472972973 0.0359281437126
0 0.793074324324 0.300149700599 0.0152027027027 0.0314371257485
0 0.758868243243 0.264221556886 0.0160472972973 0.0314371257485
0 0.779560810811 0.270958083832 0.0118243243243 0.0299401197605
0 0.78589527027 0.240269461078 0.0143581081081 0.0314371257485
0 0.808699324324 0.255988023952 0.0143581081081 0.0269461077844
0 0.799831081081 0.249251497006 0.0118243243243 0.0284431137725
0 0.84375 0.277694610778 0.0135135135135 0.0314371257485
0 0.865709459459 0.25748502994 0.0135135135135 0.0299401197605
0 0.875 0.285179640719 0.0135135135135 0.0404191616766
0 0.882601351351 0.273203592814 0.0101351351351 0.0314371257485
0 0.897381756757 0.263473053892 0.0126689189189 0.0359281437126
0 0.906672297297 0.345808383234 0.0160472972973 0.0389221556886
0 0.913429054054 0.319610778443 0.0126689189189 0.0374251497006
0 0.918496621622 0.285928143713 0.0126689189189 0.0299401197605
0 0.937077702703 0.333832335329 0.0143581081081 0.0389221556886
0 0.949746621622 0.357784431138 0.0177364864865 0.0449101796407
0 0.960726351351 0.315119760479 0.0126689189189 0.0314371257485
0 0.961148648649 0.285179640719 0.0118243243243 0.0314371257485
0 0.940878378378 0.313622754491 0.0152027027027 0.0374251497006
