0 0.206712062257 0.439236111111 0.0379377431907 0.0798611111111
0 0.161964980545 0.227430555556 0.0165369649805 0.0381944444444
0 0.286964980545 0.232638888889 0.0155642023346 0.0381944444444
0 0.333657587549 0.215277777778 0.0175097276265 0.0347222222222
0 0.349708171206 0.261284722222 0.0204280155642 0.0434027777778
0 0.357976653696 0.217013888889 0.0194552529183 0.0381944444444
0 0.393968871595 0.196180555556 0.0194552529183 0.03125
0 0.409046692607 0.243923611111 0.0165369649805 0.0364583333333
0 0.422178988327 0.196180555556 0.0136186770428 0.03125
0 0.450875486381 0.215277777778 0.0184824902724 0.0381944444444
0 0.492704280156 0.173611111111 0.0126459143969 0.03125
0 0.472762645914 0.155381944444 0.0136186770428 0.0329861111111
0 0.441634241245 0.157986111111 0.0155642023346 0.0243055555556
0 0.424124513619 0.163194444444 0.011673151751 0.0208333333333
0 0.544747081712 0.192708333333 0.0194552529183 0.0451388888889
0 0.544260700389 0.15625 0.0165369649805 0.03125
0 0.49173151751 0.138888888889 0.0145914396887 0.03125
0 0.500972762646 0.151909722222 0.0155642023346 0.0260416666667
0 0.664883268482 0.0512152777778 0.0145914396887 0.0225694444444
0 0.733463035019 0.143229166667 0.0136186770428 0.0329861111111
0 0.652723735409 0.229166666667 0.0194552529183 0.0416666666667
0 0.674610894942 0.230034722222 0.0165369649805 0.0399305555556
0 0.599221789883 0.235243055556 0.0233463035019 0.0329861111111
0 0.911964980545 0.357638888889 0.0282101167315 0.0555555555556
0 0.892996108949 0.240451388889 0.0175097276265 0.0434027777778
0 0.922178988327 0.243055555556 0.0175097276265 0.0451388888889
0 0.90126459144 0.200520833333 0.0145914396887 0.0364583333333
0 0.938229571984 0.203125 0.0145914396887 0.0347222222222
0 0.954766536965 0.178819444444 0.0145914396887 0.0277777777778
