0 0.0670634920635 0.296005706134 0.0214285714286 0.0499286733238
0 0.295634920635 0.212553495007 0.0166666666667 0.0313837375178
0 0.313095238095 0.220399429387 0.0150793650794 0.0442225392297
0 0.33373015873 0.218972895863 0.018253968254 0.0385164051355
0 0.331746031746 0.194721825963 0.0190476190476 0.0271041369472
0 0.352777777778 0.192582025678 0.0198412698413 0.0342368045649
0 0.351587301587 0.22182596291 0.0190476190476 0.0413694721826
0 0.36626984127 0.243223965763 0.0214285714286 0.0442225392297
0 0.376587301587 0.20970042796 0.0198412698413 0.0342368045649
0 0.409920634921 0.240370898716 0.018253968254 0.0442225392297
0 0.405555555556 0.274607703281 0.0206349206349 0.0470756062767
0 0.395634920635 0.159058487874 0.0119047619048 0.0242510699001
0 0.412301587302 0.191155492154 0.0150793650794 0.0342368045649
0 0.436904761905 0.192582025678 0.0166666666667 0.0313837375178
0 0.420634920635 0.159771754636 0.015873015873 0.0313837375178
0 0.437698412698 0.160485021398 0.0134920634921 0.0299572039943
0 0.467063492063 0.201854493581 0.0198412698413 0.0470756062767
0 0.443650793651 0.187589158345 0.0174603174603 0.0299572039943
0 0.471428571429 0.134807417974 0.0126984126984 0.0213980028531
0 0.481746031746 0.146932952924 0.015873015873 0.0285306704708
0 0.494841269841 0.124108416548 0.0119047619048 0.0228245363766
0 0.503968253968 0.14122681883 0.015873015873 0.0285306704708
0 0.505952380952 0.152639087019 0.0150793650794 0.0313837375178
0 0.500793650794 0.180456490728 0.0142857142857 0.0299572039943
0 0.529761904762 0.176890156919 0.0166666666667 0.0342368045649
0 0.515079365079 0.132667617689 0.0126984126984 0.0199714693295
0 0.55119047619 0.154778887304 0.0150793650794 0.0299572039943
0 0.547222222222 0.146219686163 0.0134920634921 0.0271041369472
0 0.561904761905 0.119115549215 0.015873015873 0.0271041369472
0 0.563888888889 0.151212553495 0.0134920634921 0.0285306704708
0 0.553174603175 0.181169757489 0.0190476190476 0.037089871612
0 0.568650793651 0.22967189729 0.0230158730159 0.0485021398003
0 0.590079365079 0.16119828816 0.0198412698413 0.0399429386591
0 0.587698412698 0.151212553495 0.018253968254 0.0313837375178
0 0.614682539683 0.112696148359 0.0103174603175 0.0228245363766
0 0.625793650794 0.114835948645 0.0134920634921 0.0299572039943
0 0.618650793651 0.14122681883 0.0150793650794 0.0313837375178
0 0.642063492063 0.151212553495 0.0126984126984 0.0313837375178
0 0.65 0.146219686163 0.0126984126984 0.0299572039943
0 0.655555555556 0.114122681883 0.0111111111111 0.0313837375178
0 0.673015873016 0.109129814551 0.0111111111111 0.018544935806
0 0.677777777778 0.122681883024 0.0142857142857 0.037089871612
0 0.614682539683 0.212553495007 0.0214285714286 0.0485021398003
0 0.615079365079 0.251783166904 0.0238095238095 0.0499286733238
0 0.659523809524 0.193295292439 0.0174603174603 0.0385164051355
0 0.671031746032 0.219686162625 0.0166666666667 0.0399429386591
0 0.701587301587 0.108416547789 0.0142857142857 0.0256776034237
0 0.700793650794 0.179029957204 0.0190476190476 0.0356633380884
0 0.71746031746 0.183309557775 0.0142857142857 0.0385164051355
0 0.721031746032 0.234664764622 0.0198412698413 0.0442225392297
0 0.693650793651 0.256062767475 0.0222222222222 0.0499286733238
0 0.712301587302 0.343081312411 0.0325396825397 0.0641940085592
0 0.767857142857 0.358059914408 0.0309523809524 0.0627674750357
0 0.734126984127 0.148359486448 0.0142857142857 0.0342368045649
0 0.745238095238 0.136233951498 0.0126984126984 0.0356633380884
0 0.769047619048 0.126961483595 0.0126984126984 0.0228245363766
0 0.778571428571 0.147646219686 0.0126984126984 0.0299572039943
0 0.796428571429 0.139800285307 0.0134920634921 0.0285306704708
0 0.819841269841 0.134094151213 0.0126984126984 0.0313837375178
0 0.84246031746 0.154065620542 0.0119047619048 0.0285306704708
0 0.825 0.169044222539 0.0134920634921 0.0356633380884
0 0.792857142857 0.166191155492 0.0142857142857 0.0271041369472
0 0.797619047619 0.206134094151 0.015873015873 0.0413694721826
0 0.819444444444 0.199714693295 0.0166666666667 0.037089871612
0 0.753174603175 0.191868758916 0.0174603174603 0.0385164051355
0 0.733333333333 0.183309557775 0.0142857142857 0.0328102710414
0 0.82380952381 0.255349500713 0.0190476190476 0.0542082738944
0 0.842857142857 0.221112696148 0.0206349206349 0.0456490727532
0 0.75873015873 0.253209700428 0.0238095238095 0.0470756062767
0 0.786904761905 0.285306704708 0.0246031746032 0.0542082738944
0 0.865476190476 0.186875891583 0.0150793650794 0.0399429386591
0 0.857142857143 0.230385164051 0.0174603174603 0.0385164051355
0 0.892857142857 0.231811697575 0.0174603174603 0.0470756062767
0 0.905158730159 0.222539229672 0.0134920634921 0.0427960057061
0 0.892063492063 0.181883024251 0.015873015873 0.0385164051355
0 0.905952380952 0.179029957204 0.0134920634921 0.0385164051355
0 0.911507936508 0.14907275321 0.0119047619048 0.0328102710414
0 0.949206349206 0.183309557775 0.0142857142857 0.0271041369472
0 0.948412698413 0.194008559201 0.0111111111111 0.0342368045649
0 0.934523809524 0.208273894437 0.0134920634921 0.0399429386591
0 0.951587301587 0.228958630528 0.015873015873 0.0413694721826
0 0.923015873016 0.27032810271 0.0190476190476 0.0470756062767
0 0.911507936508 0.336661911555 0.0246031746032 0.0599144079886
