0 0.119539316918 0.53536977492 0.0420969023034 0.096463022508
0 0.213661636219 0.279742765273 0.0190627482129 0.0418006430868
0 0.237887212073 0.273311897106 0.0214455917395 0.0450160771704
0 0.270055599682 0.238745980707 0.0174741858618 0.0369774919614
0 0.300238284353 0.248392282958 0.0158856235107 0.0434083601286
0 0.337966640191 0.235530546624 0.0182684670373 0.0434083601286
0 0.316521048451 0.21463022508 0.0198570293884 0.0434083601286
0 0.355440826052 0.215434083601 0.0166799046863 0.0385852090032
0 0.374106433678 0.262057877814 0.0158856235107 0.0385852090032
0 0.399126290707 0.234726688103 0.0150913423352 0.0289389067524
0 0.445591739476 0.297427652733 0.0174741858618 0.0450160771704
0 0.371326449563 0.188102893891 0.0135027799841 0.032154340836
0 0.413423351867 0.184887459807 0.0166799046863 0.0353697749196
0 0.442414614774 0.188906752412 0.0127084988086 0.0305466237942
0 0.436457505957 0.165594855305 0.010325655282 0.0289389067524
0 0.453137410643 0.168810289389 0.0135027799841 0.0385852090032
0 0.472200158856 0.142282958199 0.010325655282 0.0305466237942
0 0.484114376489 0.170418006431 0.0150913423352 0.0418006430868
0 0.502779984114 0.20578778135 0.0142970611597 0.0353697749196
0 0.475774424146 0.24115755627 0.0174741858618 0.048231511254
0 0.496028594122 0.150321543408 0.011914217633 0.0305466237942
0 0.527005559968 0.163183279743 0.010325655282 0.0337620578778
0 0.55877680699 0.162379421222 0.0135027799841 0.0257234726688
0 0.559571088165 0.138263665595 0.0150913423352 0.0353697749196
0 0.578633836378 0.139871382637 0.0135027799841 0.032154340836
0 0.586973788721 0.156752411576 0.0142970611597 0.0305466237942
0 0.582605242256 0.201768488746 0.0150913423352 0.0369774919614
0 0.553613979349 0.224276527331 0.0142970611597 0.0369774919614
0 0.604845115171 0.200160771704 0.0150913423352 0.040192926045
0 0.613185067514 0.180868167203 0.0142970611597 0.0369774919614
0 0.608816521048 0.155144694534 0.0135027799841 0.0305466237942
0 0.601667990469 0.130225080386 0.0150913423352 0.0289389067524
0 0.622319301033 0.13424437299 0.0135027799841 0.0369774919614
0 0.655679110405 0.182475884244 0.0135027799841 0.0305466237942
0 0.661636219222 0.162379421222 0.0127084988086 0.0289389067524
0 0.655679110405 0.135048231511 0.0135027799841 0.0353697749196
0 0.689038919778 0.163183279743 0.0150913423352 0.040192926045
0 0.693010325655 0.137459807074 0.0135027799841 0.0305466237942
0 0.713661636219 0.150321543408 0.0150913423352 0.0337620578778
0 0.689038919778 0.217845659164 0.0166799046863 0.0434083601286
0 0.66719618745 0.230707395498 0.0190627482129 0.0530546623794
0 0.604845115171 0.299839228296 0.0230341540905 0.056270096463
0 0.575059571088 0.325562700965 0.022239872915 0.0530546623794
0 0.613185067514 0.373794212219 0.0238284352661 0.0530546623794
0 0.656076250993 0.405144694534 0.0254169976172 0.064308681672
0 0.726767275616 0.396302250804 0.0270055599682 0.0659163987138
0 0.710881652105 0.275723472669 0.022239872915 0.056270096463
0 0.742255758539 0.241961414791 0.0135027799841 0.0337620578778
0 0.767672756156 0.283762057878 0.0182684670373 0.0434083601286
0 0.735107227959 0.222668810289 0.0166799046863 0.040192926045
0 0.758141382049 0.198553054662 0.0150913423352 0.0369774919614
0 0.775615567911 0.180868167203 0.0135027799841 0.0369774919614
0 0.789118347895 0.220257234727 0.0166799046863 0.0418006430868
0 0.806195393169 0.249196141479 0.0174741858618 0.0385852090032
0 0.818903891978 0.300643086817 0.0190627482129 0.0514469453376
0 0.802223987292 0.45498392283 0.0301826846704 0.08038585209
0 0.813741064337 0.192122186495 0.0150913423352 0.040192926045
0 0.833995234313 0.212218649518 0.0127084988086 0.032154340836
0 0.875297855441 0.234726688103 0.0158856235107 0.0418006430868
0 0.8895949166 0.286173633441 0.0142970611597 0.0418006430868
0 0.865369340747 0.338424437299 0.0166799046863 0.0466237942122
0 0.924940428912 0.324758842444 0.0182684670373 0.0418006430868
0 0.928117553614 0.262057877814 0.0135027799841 0.0385852090032
0 0.904686258936 0.257234726688 0.0142970611597 0.0353697749196
0 0.900714853058 0.229903536977 0.0142970611597 0.0353697749196
0 0.949960285941 0.245176848875 0.0127084988086 0.0337620578778
0 0.986100079428 0.263665594855 0.0135027799841 0.0353697749196
0 0.976568705322 0.299035369775 0.011914217633 0.0289389067524
0 0.976171564734 0.332797427653 0.0127084988086 0.032154340836
0 0.975774424146 0.362540192926 0.0166799046863 0.040192926045
0 0.957108816521 0.368971061093 0.0190627482129 0.056270096463
0 0.957108816521 0.434887459807 0.0238284352661 0.0691318327974
0 0.875694996029 0.422025723473 0.0214455917395 0.0594855305466
0 0.872120730739 0.495980707395 0.0317712470214 0.0659163987138
