0 0.0717732207479 0.405117270789 0.0325693606755 0.0852878464819
0 0.0826296743064 0.504264392324 0.0566948130277 0.108742004264
0 0.134499396864 0.412579957356 0.0325693606755 0.0874200426439
0 0.141737032569 0.307036247335 0.015681544029 0.0341151385928
0 0.246079613993 0.349680170576 0.0361881785283 0.0724946695096
0 0.274427020507 0.267590618337 0.0277442702051 0.0533049040512
0 0.416164053076 0.263326226013 0.0241254523522 0.044776119403
0 0.386610373945 0.203624733475 0.0205066344994 0.0362473347548
0 0.389626055489 0.243070362473 0.0168878166466 0.0341151385928
0 0.451749095296 0.217484008529 0.015681544029 0.0383795309168
0 0.566948130277 0.131130063966 0.00965018094089 0.0191897654584
0 0.589264173703 0.267590618337 0.0205066344994 0.044776119403
