0 0.0329804560261 0.403225806452 0.0203583061889 0.0406732117812
0 0.23493485342 0.339410939691 0.0171009771987 0.0336605890603
0 0.260179153094 0.369565217391 0.0203583061889 0.0434782608696
0 0.291530944625 0.375175315568 0.0211726384365 0.0434782608696
0 0.298045602606 0.303646563815 0.0162866449511 0.0322580645161
0 0.33509771987 0.361150070126 0.0236156351792 0.0462833099579
0 0.358713355049 0.293127629734 0.0171009771987 0.0336605890603
0 0.359120521173 0.335203366059 0.0179153094463 0.0336605890603
0 0.384364820847 0.330294530154 0.0179153094463 0.0322580645161
0 0.408794788274 0.336605890603 0.0228013029316 0.0420757363254
0 0.393729641694 0.257363253857 0.0138436482085 0.0322580645161
0 0.409201954397 0.270687237027 0.0154723127036 0.0280504908836
0 0.411237785016 0.300841514727 0.0195439739414 0.0322580645161
0 0.444625407166 0.341514726508 0.0211726384365 0.0434782608696
0 0.431188925081 0.254558204769 0.0138436482085 0.0294530154278
0 0.447068403909 0.272089761571 0.0162866449511 0.0336605890603
0 0.474755700326 0.303646563815 0.0195439739414 0.0350631136045
0 0.467426710098 0.246143057504 0.0179153094463 0.0378681626928
0 0.478013029316 0.26858345021 0.0162866449511 0.0322580645161
0 0.502442996743 0.323983169705 0.0211726384365 0.039270687237
0 0.510993485342 0.26507713885 0.0154723127036 0.0308555399719
0 0.525651465798 0.277699859748 0.0203583061889 0.0336605890603
0 0.517915309446 0.244740532959 0.0162866449511 0.0266479663394
0 0.53990228013 0.24824684432 0.0162866449511 0.0308555399719
0 0.553745928339 0.300140252454 0.0179153094463 0.0336605890603
0 0.559446254072 0.230014025245 0.0162866449511 0.0280504908836
0 0.583469055375 0.257363253857 0.0154723127036 0.0322580645161
0 0.575325732899 0.223001402525 0.0171009771987 0.0224403927069
0 0.60016286645 0.248948106592 0.0162866449511 0.0322580645161
0 0.60342019544 0.223001402525 0.0130293159609 0.0308555399719
0 0.610342019544 0.208274894811 0.0122149837134 0.0266479663394
0 0.627850162866 0.220196353436 0.0130293159609 0.0336605890603
0 0.641286644951 0.247545582048 0.0138436482085 0.0238429172511
0 0.641693811075 0.227910238429 0.014657980456 0.0294530154278
0 0.657166123779 0.215287517532 0.0114006514658 0.0238429172511
0 0.675895765472 0.230715287518 0.0130293159609 0.0350631136045
0 0.697475570033 0.227910238429 0.0138436482085 0.0294530154278
0 0.705211726384 0.257363253857 0.0162866449511 0.0350631136045
0 0.67671009772 0.271388499299 0.0179153094463 0.0350631136045
0 0.632328990228 0.301542776999 0.0203583061889 0.0420757363254
0 0.602605863192 0.330995792426 0.0228013029316 0.039270687237
0 0.609527687296 0.35904628331 0.021986970684 0.0448807854137
0 0.536237785016 0.352033660589 0.0268729641694 0.0476858345021
0 0.465390879479 0.410238429173 0.0333876221498 0.0575035063114
0 0.546824104235 0.403225806452 0.0268729641694 0.0518934081346
0 0.611970684039 0.417952314165 0.0285016286645 0.0561009817672
0 0.653094462541 0.448106591865 0.0390879478827 0.0659186535764
0 0.652687296417 0.37237026648 0.0268729641694 0.0603085553997
0 0.686889250814 0.356241234222 0.0268729641694 0.0448807854137
0 0.680781758958 0.321879382889 0.0228013029316 0.0406732117812
0 0.715390879479 0.4698457223 0.0366449511401 0.0729312762973
0 0.730863192182 0.399018232819 0.0268729641694 0.0490883590463
0 0.780537459283 0.42286115007 0.0301302931596 0.054698457223
0 0.837947882736 0.524544179523 0.0358306188925 0.0673211781206
0 0.843648208469 0.432678821879 0.0325732899023 0.0518934081346
0 0.810667752443 0.363955119215 0.0236156351792 0.0518934081346
0 0.814739413681 0.335904628331 0.021986970684 0.0434782608696
0 0.725977198697 0.288218793829 0.0187296416938 0.0350631136045
0 0.740228013029 0.260168302945 0.0162866449511 0.0406732117812
0 0.746335504886 0.240532959327 0.0122149837134 0.0266479663394
0 0.756921824104 0.23492286115 0.0154723127036 0.0322580645161
0 0.770358306189 0.286115007013 0.014657980456 0.0336605890603
0 0.758550488599 0.262973352034 0.0171009771987 0.0266479663394
0 0.777280130293 0.239130434783 0.0138436482085 0.0294530154278
0 0.786237785016 0.25175315568 0.0138436482085 0.0294530154278
0 0.819218241042 0.29873772791 0.0162866449511 0.0308555399719
0 0.813517915309 0.267882187938 0.0162866449511 0.0308555399719
0 0.841205211726 0.304347826087 0.0179153094463 0.039270687237
0 0.848941368078 0.28190743338 0.0154723127036 0.0336605890603
0 0.840798045603 0.255259467041 0.0122149837134 0.0280504908836
0 0.85993485342 0.270687237027 0.0130293159609 0.0336605890603
0 0.870928338762 0.251051893408 0.0138436482085 0.0336605890603
0 0.894543973941 0.286115007013 0.0154723127036 0.0364656381487
0 0.885179153094 0.32538569425 0.014657980456 0.0280504908836
0 0.877850162866 0.347826086957 0.0162866449511 0.0364656381487
0 0.860342019544 0.370266479663 0.0236156351792 0.0532959326788
0 0.910830618893 0.464235624123 0.0366449511401 0.0645161290323
0 0.914087947883 0.326086956522 0.0154723127036 0.0406732117812
0 0.931188925081 0.297335203366 0.0138436482085 0.0280504908836
0 0.928745928339 0.27840112202 0.0171009771987 0.0350631136045
0 0.932817589577 0.360448807854 0.0187296416938 0.0532959326788
