0 0.139523809524 0.292988313856 0.0219047619048 0.0417362270451
0 0.38380952381 0.229549248748 0.0304761904762 0.0550918196995
0 0.418095238095 0.196994991653 0.0209523809524 0.0367278797997
0 0.441904761905 0.253756260434 0.0247619047619 0.0467445742905
0 0.407619047619 0.333889816361 0.0285714285714 0.0601001669449
0 0.467142857143 0.226210350584 0.0295238095238 0.0450751252087
0 0.493333333333 0.189482470785 0.0209523809524 0.0417362270451
0 0.512380952381 0.182804674457 0.0209523809524 0.0417362270451
0 0.503333333333 0.151085141903 0.0161904761905 0.0350584307179
0 0.505238095238 0.287979966611 0.0238095238095 0.0517529215359
0 0.64619047619 0.242904841402 0.0257142857143 0.0484140233723
0 0.587619047619 0.139398998331 0.0190476190476 0.0383973288815
0 0.712857142857 0.184474123539 0.02 0.0383973288815
