0 0.191419141914 0.454735376045 0.0379537953795 0.0766016713092
0 0.239686468647 0.33635097493 0.0140264026403 0.0320334261838
0 0.271864686469 0.345403899721 0.0189768976898 0.0389972144847
0 0.303217821782 0.358635097493 0.0206270627063 0.0376044568245
0 0.295792079208 0.303621169916 0.0156765676568 0.0306406685237
0 0.349834983498 0.358635097493 0.019801980198 0.0376044568245
0 0.372937293729 0.324512534819 0.0148514851485 0.0306406685237
0 0.369636963696 0.291782729805 0.0148514851485 0.0348189415042
0 0.39603960396 0.33147632312 0.013201320132 0.025069637883
0 0.418729372937 0.33008356546 0.0173267326733 0.0278551532033
0 0.456683168317 0.33356545961 0.0156765676568 0.0320334261838
0 0.4199669967 0.300835654596 0.0148514851485 0.0306406685237
0 0.4199669967 0.271587743733 0.0148514851485 0.025069637883
0 0.405528052805 0.256963788301 0.0123762376238 0.0236768802228
0 0.450907590759 0.269498607242 0.0156765676568 0.0264623955432
0 0.447194719472 0.304317548747 0.013201320132 0.0292479108635
0 0.482673267327 0.300139275766 0.0115511551155 0.0264623955432
0 0.480610561056 0.266016713092 0.0140264026403 0.025069637883
0 0.473184818482 0.243732590529 0.00742574257426 0.0194986072423
0 0.48102310231 0.234679665738 0.013201320132 0.0208913649025
0 0.507425742574 0.265320334262 0.013201320132 0.0292479108635
0 0.512788778878 0.311977715877 0.0173267326733 0.0362116991643
0 0.528052805281 0.277158774373 0.0148514851485 0.0278551532033
0 0.57301980198 0.24860724234 0.0123762376238 0.0236768802228
0 0.535066006601 0.25069637883 0.0123762376238 0.025069637883
0 0.545379537954 0.256963788301 0.0148514851485 0.0264623955432
0 0.575495049505 0.215877437326 0.0107260726073 0.0194986072423
0 0.585396039604 0.241643454039 0.0107260726073 0.0236768802228
0 0.617161716172 0.224233983287 0.013201320132 0.025069637883
0 0.624174917492 0.203342618384 0.0107260726073 0.025069637883
0 0.63902640264 0.220752089136 0.0107260726073 0.0236768802228
0 0.647689768977 0.24651810585 0.013201320132 0.025069637883
0 0.615924092409 0.254874651811 0.0123762376238 0.0194986072423
0 0.584158415842 0.275069637883 0.016501650165 0.0292479108635
0 0.675742574257 0.210306406685 0.00990099009901 0.0222841225627
0 0.686881188119 0.228412256267 0.0107260726073 0.0278551532033
0 0.70297029703 0.227019498607 0.0148514851485 0.025069637883
0 0.681105610561 0.272980501393 0.0140264026403 0.0278551532033
0 0.514851485149 0.378830083565 0.026402640264 0.0473537604457
0 0.557343234323 0.401114206128 0.0255775577558 0.041782729805
0 0.55198019802 0.369080779944 0.023102310231 0.0306406685237
0 0.610561056106 0.325208913649 0.019801980198 0.0376044568245
0 0.625 0.41922005571 0.0305280528053 0.0557103064067
0 0.680280528053 0.367688022284 0.0239273927393 0.0389972144847
0 0.660066006601 0.341225626741 0.0181518151815 0.0389972144847
0 0.645214521452 0.301532033426 0.016501650165 0.0348189415042
0 0.715759075908 0.260445682451 0.0107260726073 0.0278551532033
0 0.733498349835 0.284122562674 0.013201320132 0.033426183844
0 0.755775577558 0.222144846797 0.0148514851485 0.0264623955432
0 0.687293729373 0.434540389972 0.036303630363 0.0612813370474
0 0.717821782178 0.511838440111 0.0346534653465 0.0738161559889
0 0.751650165017 0.403203342618 0.0247524752475 0.0431754874652
0 0.701320132013 0.352367688022 0.0214521452145 0.0389972144847
0 0.800330033003 0.403899721448 0.019801980198 0.0445682451253
0 0.814356435644 0.482590529248 0.026402640264 0.0515320334262
0 0.856848184818 0.433147632312 0.0222772277228 0.0473537604457
0 0.923267326733 0.463788300836 0.029702970297 0.0612813370474
0 0.928630363036 0.394846796657 0.0189768976898 0.0376044568245
0 0.940594059406 0.350974930362 0.013201320132 0.0362116991643
0 0.869636963696 0.407381615599 0.0214521452145 0.0487465181058
0 0.821369636964 0.361420612813 0.0189768976898 0.0376044568245
0 0.757838283828 0.271587743733 0.0107260726073 0.0194986072423
0 0.777227722772 0.282033426184 0.013201320132 0.0292479108635
0 0.77599009901 0.25278551532 0.0107260726073 0.0181058495822
0 0.792491749175 0.233983286908 0.0123762376238 0.0278551532033
0 0.797442244224 0.275069637883 0.0123762376238 0.0236768802228
0 0.823844884488 0.305710306407 0.0156765676568 0.0292479108635
0 0.825907590759 0.277855153203 0.013201320132 0.0208913649025
0 0.823432343234 0.243036211699 0.013201320132 0.0264623955432
0 0.853135313531 0.259749303621 0.0115511551155 0.0292479108635
0 0.86798679868 0.263927576602 0.0115511551155 0.0264623955432
0 0.885313531353 0.255571030641 0.0115511551155 0.0292479108635
0 0.908828382838 0.288300835655 0.0140264026403 0.0306406685237
0 0.949257425743 0.282033426184 0.0123762376238 0.0236768802228
0 0.94801980198 0.299442896936 0.013201320132 0.025069637883
0 0.944719471947 0.312674094708 0.0148514851485 0.0264623955432
0 0.864273927393 0.312674094708 0.0140264026403 0.0292479108635
0 0.877887788779 0.340529247911 0.0148514851485 0.0403899721448
0 0.899752475248 0.321030640669 0.0156765676568 0.0320334261838
0 0.876650165017 0.287604456825 0.0140264026403 0.0292479108635
