0 0.180397727273 0.453871499176 0.0539772727273 0.107084019769
0 0.238162878788 0.366556836903 0.0445075757576 0.107084019769
0 0.276988636364 0.207578253707 0.0255681818182 0.0461285008237
0 0.341382575758 0.277594728171 0.0198863636364 0.0444810543657
0 0.356060606061 0.260296540362 0.0189393939394 0.0362438220758
0 0.4375 0.280889621087 0.0284090909091 0.0510708401977
0 0.423768939394 0.2215815486 0.0198863636364 0.0378912685338
0 0.411458333333 0.187808896211 0.0179924242424 0.0329489291598
0 0.452178030303 0.223228995058 0.0255681818182 0.0477759472817
0 0.461647727273 0.182042833608 0.0179924242424 0.0345963756178
0 0.482954545455 0.199341021417 0.0189393939394 0.0362438220758
0 0.464488636364 0.150741350906 0.0160984848485 0.0280065897858
0 0.479166666667 0.153212520593 0.0132575757576 0.0296540362438
0 0.489109848485 0.16392092257 0.0179924242424 0.0313014827018
0 0.492897727273 0.135090609555 0.0142045454545 0.0263591433278
0 0.518465909091 0.173805601318 0.0179924242424 0.0313014827018
0 0.54071969697 0.1392092257 0.0170454545455 0.0345963756178
0 0.569128787879 0.152388797364 0.0151515151515 0.0313014827018
0 0.574337121212 0.116144975288 0.0160984848485 0.0280065897858
0 0.591382575758 0.159802306425 0.0142045454545 0.0362438220758
0 0.548295454545 0.204283360791 0.0246212121212 0.0395387149918
0 0.492897727273 0.310543657331 0.0274621212121 0.0609555189456
0 0.633049242424 0.23805601318 0.0293560606061 0.0510708401977
0 0.651515151515 0.126853377265 0.0227272727273 0.0527182866557
0 0.667140151515 0.250411861614 0.0255681818182 0.0593080724876
0 0.696496212121 0.160626029654 0.0198863636364 0.0378912685338
0 0.72490530303 0.148270181219 0.0160984848485 0.0329489291598
0 0.74053030303 0.163097199341 0.0189393939394 0.0362438220758
0 0.70928030303 0.0955518945634 0.0132575757576 0.0296540362438
0 0.716856060606 0.0766062602965 0.0113636363636 0.0280065897858
0 0.741003787879 0.0741350906096 0.0142045454545 0.0296540362438
0 0.766098484848 0.103789126853 0.0132575757576 0.0263591433278
0 0.758522727273 0.143327841845 0.0151515151515 0.0395387149918
0 0.768465909091 0.168863261944 0.0160984848485 0.0411861614498
0 0.730113636364 0.2784184514 0.0340909090909 0.0593080724876
0 0.787878787879 0.269357495881 0.032196969697 0.0609555189456
0 0.813446969697 0.182042833608 0.0189393939394 0.0411861614498
0 0.828125 0.130148270181 0.0160984848485 0.0362438220758
0 0.86553030303 0.178747940692 0.0151515151515 0.0345963756178
0 0.888257575758 0.22981878089 0.0170454545455 0.0477759472817
