0 0.544375644995 0.309963099631 0.0423116615067 0.0774907749077
0 0.389060887513 0.158671586716 0.0144478844169 0.0332103321033
0 0.415376676987 0.158671586716 0.0113519091847 0.0332103321033
0 0.426212590299 0.166051660517 0.0144478844169 0.0258302583026
0 0.44427244582 0.175276752768 0.015479876161 0.029520295203
0 0.430340557276 0.137453874539 0.0123839009288 0.0276752767528
0 0.452012383901 0.140221402214 0.0123839009288 0.029520295203
0 0.471620227038 0.154981549815 0.0144478844169 0.029520295203
0 0.477296181631 0.185424354244 0.015479876161 0.0276752767528
0 0.504643962848 0.176199261993 0.0165118679051 0.0350553505535
0 0.482972136223 0.138376383764 0.0123839009288 0.0258302583026
0 0.463364293086 0.132841328413 0.0103199174407 0.0258302583026
0 0.495872033024 0.124538745387 0.0113519091847 0.0239852398524
0 0.528895768834 0.122693726937 0.0134158926729 0.0313653136531
0 0.545923632611 0.137453874539 0.0123839009288 0.0350553505535
0 0.578431372549 0.134686346863 0.0134158926729 0.0332103321033
0 0.603715170279 0.147601476015 0.0123839009288 0.0258302583026
0 0.635190918473 0.113468634686 0.0113519091847 0.0276752767528
0 0.666666666667 0.112546125461 0.0144478844169 0.0258302583026
0 0.63209494324 0.20110701107 0.0196078431373 0.0442804428044
0 0.671310629515 0.184501845018 0.0134158926729 0.0369003690037
0 0.711558307534 0.213099630996 0.0175438596491 0.0461254612546
0 0.866873065015 0.276752767528 0.0165118679051 0.0442804428044
0 0.932404540764 0.226014760148 0.0134158926729 0.0350553505535
0 0.940660474716 0.196494464945 0.0134158926729 0.0350553505535
0 0.912796697626 0.159594095941 0.015479876161 0.0387453874539
0 0.93653250774 0.162361623616 0.0134158926729 0.0258302583026
0 0.826625386997 0.169741697417 0.0144478844169 0.0332103321033
0 0.798245614035 0.158671586716 0.0113519091847 0.0332103321033
0 0.808049535604 0.140221402214 0.0144478844169 0.0332103321033
0 0.796181630547 0.20295202952 0.015479876161 0.0369003690037
0 0.771929824561 0.168819188192 0.0144478844169 0.0350553505535
0 0.774509803922 0.133763837638 0.0134158926729 0.0313653136531
0 0.761609907121 0.123616236162 0.0103199174407 0.0258302583026
0 0.734778121775 0.173431734317 0.0165118679051 0.0332103321033
0 0.731166150671 0.139298892989 0.0134158926729 0.0276752767528
0 0.703302373581 0.175276752768 0.015479876161 0.0258302583026
0 0.698658410733 0.15221402214 0.0123839009288 0.020295202952
