0 0.167009249743 0.268656716418 0.0195272353546 0.044776119403
0 0.190647482014 0.240671641791 0.0195272353546 0.0335820895522
0 0.29753340185 0.22947761194 0.0133607399794 0.0335820895522
0 0.311921891059 0.227611940299 0.0174717368962 0.0373134328358
0 0.363823227133 0.203358208955 0.0143884892086 0.0373134328358
0 0.375128468654 0.217350746269 0.0123329907503 0.035447761194
0 0.386433710175 0.210820895522 0.016443987667 0.0298507462687
0 0.401336073998 0.236007462687 0.0195272353546 0.0466417910448
0 0.439362795478 0.238805970149 0.0174717368962 0.0485074626866
0 0.477389516958 0.232276119403 0.0236382322713 0.0578358208955
0 0.453237410072 0.166044776119 0.0184994861254 0.0298507462687
0 0.485611510791 0.211753731343 0.0236382322713 0.0503731343284
0 0.460431654676 0.136194029851 0.0143884892086 0.0335820895522
0 0.492805755396 0.122201492537 0.0154162384378 0.035447761194
0 0.472250770812 0.128731343284 0.0113052415211 0.0223880597015
0 0.511819116136 0.143656716418 0.0102774922919 0.0261194029851
0 0.525179856115 0.139925373134 0.0102774922919 0.0261194029851
0 0.52569373073 0.171641791045 0.0154162384378 0.0261194029851
0 0.552929085303 0.183768656716 0.016443987667 0.035447761194
0 0.549331963001 0.142723880597 0.0113052415211 0.0242537313433
0 0.549331963001 0.0951492537313 0.0133607399794 0.0261194029851
0 0.572456320658 0.130597014925 0.0143884892086 0.0335820895522
0 0.585817060637 0.115671641791 0.0102774922919 0.0298507462687
0 0.612024665982 0.127798507463 0.0133607399794 0.0242537313433
0 0.589928057554 0.16697761194 0.0123329907503 0.0279850746269
0 0.610483042138 0.110074626866 0.0123329907503 0.0223880597015
0 0.630010277492 0.130597014925 0.0123329907503 0.0335820895522
0 0.628982528263 0.105410447761 0.0102774922919 0.0242537313433
0 0.643884892086 0.103544776119 0.0174717368962 0.0391791044776
0 0.660842754368 0.125932835821 0.0123329907503 0.0317164179104
0 0.695272353546 0.10447761194 0.0154162384378 0.0373134328358
0 0.510277492292 0.217350746269 0.0195272353546 0.035447761194
0 0.627440904419 0.21828358209 0.0215827338129 0.044776119403
0 0.617163412127 0.282649253731 0.0236382322713 0.0503731343284
0 0.67780061665 0.362873134328 0.0277492291881 0.0690298507463
0 0.70246659815 0.207089552239 0.0174717368962 0.0410447761194
0 0.717368961973 0.241604477612 0.0246659815005 0.0503731343284
0 0.730215827338 0.307835820896 0.0236382322713 0.0522388059701
0 0.774922918808 0.234141791045 0.0205549845838 0.0391791044776
0 0.751798561151 0.213619402985 0.0195272353546 0.0391791044776
0 0.736382322713 0.152052238806 0.0154162384378 0.0317164179104
0 0.765673175745 0.152985074627 0.0123329907503 0.0335820895522
0 0.788283658787 0.141791044776 0.0123329907503 0.0298507462687
0 0.810380267215 0.161380597015 0.0154162384378 0.035447761194
0 0.802672147996 0.227611940299 0.0143884892086 0.0373134328358
0 0.815519013361 0.271455223881 0.0195272353546 0.0429104477612
0 0.780061664954 0.414179104478 0.0287769784173 0.0559701492537
0 0.816032887975 0.397388059701 0.0267214799589 0.0597014925373
0 0.834018499486 0.436567164179 0.0256937307297 0.0708955223881
0 0.834018499486 0.337686567164 0.0215827338129 0.0559701492537
0 0.868448098664 0.285447761194 0.0184994861254 0.0485074626866
0 0.882836587873 0.243470149254 0.016443987667 0.0429104477612
0 0.920349434738 0.310634328358 0.0195272353546 0.0466417910448
0 0.941932168551 0.233208955224 0.0154162384378 0.0373134328358
0 0.419321685509 0.166044776119 0.0143884892086 0.0261194029851
