0 0.257660167131 0.216129032258 0.0157845868152 0.0387096774194
0 0.294336118849 0.2 0.0185701021356 0.0451612903226
0 0.285515320334 0.256451612903 0.0306406685237 0.058064516129
0 0.316155988858 0.210483870968 0.0194986072423 0.0403225806452
0 0.345868152275 0.210483870968 0.0287836583101 0.0532258064516
0 0.383472609099 0.209677419355 0.0241411327762 0.0387096774194
0 0.397864438254 0.166935483871 0.025069637883 0.0467741935484
0 0.456360259981 0.191129032258 0.025069637883 0.0532258064516
0 0.549675023213 0.202419354839 0.0241411327762 0.0532258064516
0 0.611420612813 0.242741935484 0.0269266480966 0.0564516129032
0 0.516713091922 0.283064516129 0.0362116991643 0.0693548387097
