0 0.117592592593 0.346153846154 0.0240740740741 0.0540098199673
0 0.157407407407 0.307692307692 0.0203703703704 0.0458265139116
0 0.206944444444 0.288870703764 0.0194444444444 0.0474631751227
0 0.195833333333 0.350245499182 0.0287037037037 0.0556464811784
0 0.203240740741 0.396890343699 0.0324074074074 0.0801963993453
0 0.191666666667 0.474631751227 0.037037037037 0.0851063829787
0 0.26712962963 0.314238952537 0.0324074074074 0.0654664484452
0 0.35787037037 0.171849427169 0.0138888888889 0.0360065466448
0 0.431018518519 0.16612111293 0.0268518518519 0.0409165302782
0 0.568055555556 0.125204582651 0.0212962962963 0.0441898527005
0 0.669444444444 0.10883797054 0.0166666666667 0.0409165302782
0 0.716203703704 0.118657937807 0.0212962962963 0.0409165302782
0 0.738425925926 0.0916530278232 0.0231481481481 0.0392798690671
0 0.789814814815 0.238952536825 0.0388888888889 0.0818330605565
0 0.937962962963 0.300327332242 0.0407407407407 0.0932896890344
