0 0.227411167513 0.404676258993 0.0710659898477 0.125899280576
0 0.386294416244 0.474820143885 0.0741116751269 0.136690647482
0 0.361421319797 0.155575539568 0.0304568527919 0.044964028777
0 0.410659898477 0.196043165468 0.0253807106599 0.0467625899281
0 0.441116751269 0.209532374101 0.0213197969543 0.044964028777
0 0.446700507614 0.256294964029 0.0284263959391 0.044964028777
0 0.488324873096 0.218525179856 0.0263959390863 0.044964028777
0 0.601015228426 0.206834532374 0.0203045685279 0.0431654676259
0 0.653299492386 0.23381294964 0.0355329949239 0.0467625899281
0 0.595939086294 0.105215827338 0.0182741116751 0.0269784172662
0 0.615736040609 0.107913669065 0.0131979695431 0.0251798561151
0 0.648730964467 0.110611510791 0.0121827411168 0.0269784172662
0 0.680710659898 0.0989208633094 0.0152284263959 0.0287769784173
