0 0.820792880259 0.39539748954 0.0299352750809 0.0739191073919
0 0.885922330097 0.0997210599721 0.0113268608414 0.0292887029289
0 0.920307443366 0.149232914923 0.0105177993528 0.0306834030683
0 0.570388349515 0.118549511855 0.0129449838188 0.0278940027894
0 0.576051779935 0.172942817294 0.0145631067961 0.0334728033473
0 0.506067961165 0.152719665272 0.0088996763754 0.0209205020921
0 0.492313915858 0.205718270572 0.0137540453074 0.0348675034868
0 0.386326860841 0.306136680614 0.0250809061489 0.0460251046025
0 0.333333333333 0.21129707113 0.0113268608414 0.0292887029289
0 0.359223300971 0.215481171548 0.0129449838188 0.0320781032078
