0 0.207729468599 0.394186046512 0.048309178744 0.109302325581
0 0.288647342995 0.283720930233 0.0217391304348 0.0511627906977
0 0.329106280193 0.244186046512 0.018115942029 0.0372093023256
0 0.320652173913 0.301162790698 0.0205314009662 0.053488372093
0 0.338768115942 0.309302325581 0.0229468599034 0.0511627906977
0 0.437198067633 0.305813953488 0.0265700483092 0.053488372093
0 0.43115942029 0.240697674419 0.024154589372 0.0441860465116
0 0.390700483092 0.220930232558 0.018115942029 0.0325581395349
0 0.38345410628 0.247674418605 0.018115942029 0.0395348837209
0 0.365942028986 0.248837209302 0.0169082125604 0.0418604651163
0 0.350845410628 0.246511627907 0.018115942029 0.0418604651163
0 0.43115942029 0.193023255814 0.0144927536232 0.0372093023256
0 0.446256038647 0.217441860465 0.0205314009662 0.0441860465116
0 0.461352657005 0.191860465116 0.0169082125604 0.0348837209302
0 0.45229468599 0.166279069767 0.018115942029 0.0302325581395
0 0.472222222222 0.252325581395 0.0217391304348 0.053488372093
0 0.484299516908 0.182558139535 0.0169082125604 0.0395348837209
0 0.507246376812 0.206976744186 0.0169082125604 0.0418604651163
0 0.527777777778 0.226744186047 0.0217391304348 0.0395348837209
0 0.49154589372 0.143023255814 0.012077294686 0.0302325581395
0 0.521739130435 0.168604651163 0.0169082125604 0.0395348837209
0 0.551328502415 0.176744186047 0.018115942029 0.0418604651163
0 0.54347826087 0.145348837209 0.0169082125604 0.0302325581395
0 0.57306763285 0.186046511628 0.0205314009662 0.0418604651163
0 0.565217391304 0.13023255814 0.012077294686 0.0279069767442
0 0.588768115942 0.16511627907 0.0157004830918 0.0418604651163
0 0.627415458937 0.156976744186 0.0157004830918 0.0348837209302
0 0.602053140097 0.109302325581 0.0157004830918 0.0325581395349
0 0.629830917874 0.116279069767 0.0157004830918 0.0372093023256
0 0.650966183575 0.117441860465 0.0144927536232 0.0348837209302
0 0.685990338164 0.11976744186 0.012077294686 0.0348837209302
0 0.704106280193 0.108139534884 0.0144927536232 0.0348837209302
0 0.693236714976 0.168604651163 0.0193236714976 0.0348837209302
0 0.743357487923 0.133720930233 0.0205314009662 0.0395348837209
0 0.625 0.23023255814 0.0229468599034 0.0511627906977
0 0.612922705314 0.288372093023 0.0253623188406 0.0558139534884
0 0.571256038647 0.283720930233 0.0314009661836 0.0558139534884
0 0.554951690821 0.332558139535 0.0326086956522 0.0744186046512
0 0.506642512077 0.337209302326 0.030193236715 0.0790697674419
0 0.618961352657 0.373255813953 0.0326086956522 0.0767441860465
0 0.684178743961 0.363953488372 0.030193236715 0.0767441860465
0 0.669685990338 0.282558139535 0.0229468599034 0.0627906976744
0 0.682367149758 0.226744186047 0.024154589372 0.053488372093
0 0.7288647343 0.316279069767 0.030193236715 0.0604651162791
0 0.710748792271 0.227906976744 0.0229468599034 0.0511627906977
0 0.719806763285 0.167441860465 0.0193236714976 0.0372093023256
0 0.760265700483 0.201162790698 0.0205314009662 0.0441860465116
0 0.74577294686 0.179069767442 0.018115942029 0.0418604651163
0 0.762077294686 0.159302325581 0.0169082125604 0.0395348837209
0 0.763285024155 0.11976744186 0.0144927536232 0.0395348837209
0 0.777173913043 0.147674418605 0.0157004830918 0.0395348837209
0 0.815217391304 0.15 0.0169082125604 0.0395348837209
0 0.842391304348 0.152325581395 0.0157004830918 0.0395348837209
0 0.809782608696 0.201162790698 0.018115942029 0.053488372093
0 0.832729468599 0.188372093023 0.018115942029 0.0418604651163
0 0.854468599034 0.213953488372 0.018115942029 0.046511627907
0 0.870169082126 0.186046511628 0.018115942029 0.0372093023256
0 0.879830917874 0.172093023256 0.018115942029 0.0372093023256
0 0.878623188406 0.148837209302 0.0157004830918 0.0325581395349
0 0.903985507246 0.210465116279 0.0157004830918 0.0441860465116
0 0.910628019324 0.170930232558 0.012077294686 0.0348837209302
0 0.912439613527 0.144186046512 0.0132850241546 0.0279069767442
0 0.93538647343 0.159302325581 0.018115942029 0.0395348837209
0 0.954710144928 0.125581395349 0.018115942029 0.046511627907
0 0.926328502415 0.21976744186 0.0217391304348 0.0488372093023
0 0.93115942029 0.296511627907 0.0217391304348 0.0581395348837
0 0.878623188406 0.26511627907 0.0253623188406 0.0604651162791
0 0.779589371981 0.325581395349 0.0326086956522 0.0651162790698
