0 0.0491113189897 0.402847571189 0.0308699719364 0.0586264656616
0 0.259120673527 0.2797319933 0.0187090739008 0.0301507537688
0 0.301216089804 0.252931323283 0.0130963517306 0.0268006700168
0 0.315247895229 0.288944723618 0.0168381665108 0.035175879397
0 0.3395696913 0.278894472362 0.0149672591207 0.0318257956449
0 0.387277829747 0.313232830821 0.0205799812909 0.0402010050251
0 0.319457436857 0.226130653266 0.0140318054256 0.0234505862647
0 0.346117867166 0.215242881072 0.0149672591207 0.0318257956449
0 0.380729653882 0.223618090452 0.0149672591207 0.035175879397
0 0.369036482694 0.213567839196 0.0140318054256 0.035175879397
0 0.38493919551 0.19932998325 0.0102899906455 0.0268006700168
0 0.413002806361 0.221943048576 0.0196445275959 0.0452261306533
0 0.449485500468 0.221943048576 0.0159027128157 0.0318257956449
0 0.487839101964 0.2202680067 0.0177736202058 0.0418760469012
0 0.476613657624 0.190117252931 0.0140318054256 0.0251256281407
0 0.44340505145 0.195142378559 0.0130963517306 0.0184254606365
0 0.422357343312 0.191792294807 0.0196445275959 0.0217755443886
0 0.416744621141 0.172529313233 0.0196445275959 0.0234505862647
0 0.455098222638 0.170016750419 0.0140318054256 0.0318257956449
0 0.452291861553 0.139028475712 0.0102899906455 0.0167504187605
0 0.475678203929 0.164991624791 0.0140318054256 0.0217755443886
0 0.506080449018 0.170854271357 0.0168381665108 0.0301507537688
0 0.534611786717 0.138190954774 0.0140318054256 0.0251256281407
0 0.555191768007 0.159966499162 0.0121608980355 0.0284757118928
0 0.580449017774 0.15661641541 0.0140318054256 0.0284757118928
0 0.567352666043 0.14405360134 0.0102899906455 0.0301507537688
0 0.55846585594 0.115577889447 0.00935453695042 0.0201005025126
0 0.594948550047 0.0971524288107 0.0112254443405 0.0201005025126
0 0.590739008419 0.118090452261 0.0102899906455 0.0251256281407
0 0.61693171188 0.108877721943 0.0121608980355 0.0335008375209
0 0.624883068288 0.140703517588 0.0130963517306 0.0268006700168
0 0.653882132834 0.115577889447 0.0130963517306 0.0268006700168
0 0.648269410664 0.0929648241206 0.0130963517306 0.0217755443886
0 0.681010289991 0.116415410385 0.0112254443405 0.0318257956449
0 0.693171188026 0.107202680067 0.00935453695042 0.0301507537688
0 0.543966323667 0.195979899497 0.0159027128157 0.0301507537688
0 0.570159027128 0.176716917923 0.0159027128157 0.0284757118928
0 0.487371375117 0.28810720268 0.022450888681 0.0435510887772
0 0.529934518241 0.316582914573 0.0233863423761 0.0402010050251
0 0.565014031805 0.236180904523 0.0149672591207 0.036850921273
0 0.60944808232 0.21608040201 0.0159027128157 0.036850921273
0 0.601028999065 0.335008375209 0.0233863423761 0.0469011725293
0 0.608044901777 0.277219430486 0.0168381665108 0.035175879397
0 0.661833489242 0.267169179229 0.0233863423761 0.0485762144054
0 0.672591206735 0.356783919598 0.0243217960711 0.0502512562814
0 0.713751169317 0.295644891122 0.0187090739008 0.0586264656616
0 0.782039289055 0.293132328308 0.0261927034612 0.0536013400335
0 0.699251637044 0.212730318258 0.0196445275959 0.0402010050251
0 0.688493919551 0.194304857621 0.0149672591207 0.0335008375209
0 0.658091674462 0.205192629816 0.0177736202058 0.0452261306533
0 0.684284377923 0.154941373534 0.0159027128157 0.0251256281407
0 0.705332086062 0.141541038526 0.0130963517306 0.0284757118928
0 0.730589335828 0.158291457286 0.0112254443405 0.0251256281407
0 0.742750233863 0.143216080402 0.00935453695042 0.0284757118928
0 0.730589335828 0.132328308208 0.0112254443405 0.0234505862647
0 0.746024321796 0.113902847571 0.0121608980355 0.0268006700168
0 0.776894293732 0.118090452261 0.00841908325538 0.0251256281407
0 0.768475210477 0.134840871022 0.0121608980355 0.0318257956449
0 0.753507951356 0.15661641541 0.0177736202058 0.0284757118928
0 0.736669784846 0.193467336683 0.021515434986 0.0385259631491
0 0.761927034612 0.235343383585 0.0196445275959 0.0385259631491
0 0.811506080449 0.242881072027 0.0177736202058 0.0502512562814
0 0.796071094481 0.170854271357 0.0149672591207 0.0335008375209
0 0.794200187091 0.130653266332 0.0130963517306 0.0301507537688
0 0.803554724041 0.124790619765 0.0130963517306 0.0251256281407
0 0.834424695978 0.139028475712 0.0130963517306 0.0335008375209
0 0.817586529467 0.161641541039 0.0130963517306 0.0318257956449
0 0.847521047708 0.155778894472 0.0130963517306 0.0335008375209
0 0.857343311506 0.192629815745 0.0140318054256 0.0301507537688
0 0.869036482694 0.133165829146 0.0149672591207 0.0318257956449
0 0.87932647334 0.171691792295 0.0149672591207 0.0251256281407
0 0.888213283442 0.20351758794 0.0140318054256 0.0318257956449
0 0.873713751169 0.231155778894 0.0168381665108 0.0402010050251
0 0.919550982226 0.28810720268 0.0187090739008 0.0536013400335
0 0.922825070159 0.19932998325 0.0159027128157 0.0469011725293
0 0.918147801684 0.161641541039 0.0121608980355 0.0318257956449
0 0.932179607109 0.153266331658 0.0102899906455 0.0251256281407
0 0.898503274088 0.128140703518 0.0121608980355 0.0251256281407
0 0.899438727783 0.166666666667 0.0140318054256 0.0251256281407
0 0.475210477081 0.145728643216 0.0130963517306 0.0234505862647
