0 0.702282157676 0.59217877095 0.0767634854772 0.15270018622
0 0.720435684647 0.418994413408 0.0570539419087 0.10800744879
0 0.633817427386 0.248603351955 0.0207468879668 0.0465549348231
0 0.792531120332 0.22905027933 0.0145228215768 0.0335195530726
0 0.832468879668 0.259776536313 0.0217842323651 0.0465549348231
0 0.951244813278 0.207635009311 0.0124481327801 0.0316573556797
0 0.927904564315 0.274674115456 0.0155601659751 0.0428305400372
0 0.580912863071 0.218808193669 0.0186721991701 0.0428305400372
0 0.557053941909 0.200186219739 0.0186721991701 0.0353817504655
0 0.520228215768 0.195530726257 0.0176348547718 0.0335195530726
0 0.580394190871 0.132216014898 0.0114107883817 0.0260707635009
0 0.479771784232 0.134078212291 0.0134854771784 0.0297951582868
0 0.469917012448 0.160148975791 0.0103734439834 0.0223463687151
0 0.444502074689 0.22905027933 0.0176348547718 0.0335195530726
0 0.414937759336 0.224394785847 0.0165975103734 0.0316573556797
0 0.403008298755 0.191806331471 0.0176348547718 0.0372439478585
0 0.379668049793 0.170391061453 0.0165975103734 0.0279329608939
0 0.327282157676 0.200186219739 0.0134854771784 0.0316573556797
