0 0.251929437707 0.2104743083 0.0275633958104 0.0454545454545
0 0.289415656009 0.183794466403 0.0231532524807 0.0474308300395
0 0.460859977949 0.180830039526 0.0264608599779 0.0573122529644
0 0.496141124587 0.185770750988 0.0264608599779 0.0553359683794
0 0.545203969129 0.151185770751 0.0253583241455 0.0573122529644
0 0.570011025358 0.119565217391 0.0198456449835 0.0454545454545
0 0.601984564498 0.121541501976 0.0264608599779 0.0494071146245
0 0.631753031974 0.180830039526 0.0264608599779 0.0573122529644
0 0.659316427784 0.149209486166 0.0220507166483 0.0533596837945
0 0.689636163175 0.272727272727 0.03197353914 0.0513833992095
0 0.726571113561 0.27766798419 0.0286659316428 0.0612648221344
0 0.815876515987 0.180830039526 0.0264608599779 0.0691699604743
0 0.955347298787 0.22628458498 0.0275633958104 0.0573122529644
