0 0.172712933754 0.373452544704 0.0362776025237 0.0646492434663
0 0.164432176656 0.338376891334 0.0276025236593 0.041265474553
0 0.223186119874 0.310178817056 0.0331230283912 0.0536451169188
0 0.231861198738 0.267537826685 0.0252365930599 0.0398899587345
0 0.281151419558 0.24552957359 0.0197160883281 0.0371389270977
0 0.349369085174 0.515130674003 0.0583596214511 0.100412654746
0 0.365141955836 0.443603851444 0.0488958990536 0.0784044016506
0 0.326892744479 0.344566712517 0.0402208201893 0.0784044016506
0 0.302444794953 0.221458046768 0.0228706624606 0.0467675378267
0 0.323738170347 0.240715268226 0.0197160883281 0.0467675378267
0 0.351735015773 0.233837689133 0.0236593059937 0.0495185694635
0 0.376577287066 0.220082530949 0.0276025236593 0.0550206327373
0 0.397476340694 0.213892709766 0.0252365930599 0.0481430536451
