0 0.387033398821 0.268103448276 0.0196463654224 0.0396551724138
0 0.349705304519 0.240517241379 0.0216110019646 0.0396551724138
0 0.443516699411 0.224137931034 0.0186640471513 0.0448275862069
0 0.39931237721 0.129310344828 0.0147347740668 0.0344827586207
0 0.492141453831 0.308620689655 0.0275049115914 0.0586206896552
0 0.546660117878 0.324137931034 0.0284872298625 0.0586206896552
0 0.58742632613 0.384482758621 0.0294695481336 0.048275862069
0 0.631139489194 0.24224137931 0.0225933202358 0.0431034482759
0 0.658644400786 0.218965517241 0.0225933202358 0.048275862069
0 0.560903732809 0.124137931034 0.0137524557957 0.0241379310345
0 0.572200392927 0.129310344828 0.0127701375246 0.0275862068966
0 0.598722986248 0.110344827586 0.0108055009823 0.0275862068966
0 0.783398821218 0.283620689655 0.0284872298625 0.0672413793103
0 0.848722986248 0.310344827586 0.0294695481336 0.0655172413793
0 0.910117878193 0.147413793103 0.0147347740668 0.0258620689655
0 0.937131630648 0.152586206897 0.0137524557957 0.0293103448276
