0 0.955366098295 0.212802768166 0.0130391173521 0.038062283737
0 0.431293881645 0.160034602076 0.012036108325 0.0259515570934
0 0.453861584754 0.156574394464 0.0130391173521 0.0259515570934
0 0.49297893681 0.154844290657 0.0130391173521 0.0294117647059
0 0.5 0.168685121107 0.0150451354062 0.0294117647059
0 0.26629889669 0.230103806228 0.0210631895687 0.0449826989619
0 0.235205616851 0.21107266436 0.0170511534604 0.0449826989619
0 0.348044132397 0.229238754325 0.0180541624875 0.0363321799308
0 0.392176529589 0.260380622837 0.0200601805416 0.0432525951557
0 0.156469408225 0.23875432526 0.0160481444333 0.038062283737
