0 0.0737509912768 0.420689655172 0.0396510705789 0.0689655172414
0 0.290245836638 0.28275862069 0.0237906423473 0.0386206896552
0 0.31919111816 0.28 0.0182394924663 0.0386206896552
0 0.342188739096 0.270344827586 0.0182394924663 0.0358620689655
0 0.360031720856 0.286896551724 0.0222045995242 0.0441379310345
0 0.392545598731 0.292413793103 0.0237906423473 0.0496551724138
0 0.307295796987 0.237931034483 0.01506740682 0.0344827586207
0 0.337034099921 0.228275862069 0.0174464710547 0.031724137931
0 0.365582870738 0.222068965517 0.0190325138779 0.0358620689655
0 0.375099127676 0.23724137931 0.0190325138779 0.0386206896552
0 0.406026962728 0.227586206897 0.0158604282316 0.0386206896552
0 0.439333862014 0.224137931034 0.0174464710547 0.04
0 0.411181601903 0.199310344828 0.0182394924663 0.0372413793103
0 0.425059476606 0.191724137931 0.0142743854084 0.0331034482759
0 0.44726407613 0.203448275862 0.0158604282316 0.0344827586207
0 0.448850118953 0.177931034483 0.0126883425852 0.0303448275862
0 0.449643140365 0.152413793103 0.0126883425852 0.0289655172414
0 0.467882632831 0.158620689655 0.0142743854084 0.0303448275862
0 0.495241871531 0.199310344828 0.0182394924663 0.0372413793103
0 0.500396510706 0.228965517241 0.0190325138779 0.0468965517241
0 0.504361617764 0.138620689655 0.0126883425852 0.0234482758621
0 0.502379064235 0.15724137931 0.0118953211737 0.0248275862069
0 0.508723235527 0.178620689655 0.01506740682 0.0344827586207
0 0.523790642347 0.163448275862 0.01506740682 0.031724137931
0 0.526962727994 0.146206896552 0.0134813639968 0.0248275862069
0 0.541633624108 0.178620689655 0.0174464710547 0.0372413793103
0 0.557890563045 0.153103448276 0.01506740682 0.0358620689655
0 0.560666137986 0.132413793103 0.0126883425852 0.0220689655172
0 0.580491673275 0.131724137931 0.0142743854084 0.031724137931
0 0.595559080095 0.106896551724 0.0126883425852 0.0262068965517
0 0.584456780333 0.12275862069 0.0142743854084 0.0248275862069
0 0.588818398097 0.148275862069 0.01506740682 0.031724137931
0 0.584060269627 0.173793103448 0.0182394924663 0.0358620689655
0 0.613402061856 0.116551724138 0.01506740682 0.0262068965517
0 0.610626486915 0.142068965517 0.0142743854084 0.0275862068966
0 0.626883425852 0.150344827586 0.0134813639968 0.0303448275862
0 0.647898493259 0.0993103448276 0.0126883425852 0.0248275862069
0 0.659793814433 0.12 0.0111022997621 0.0248275862069
0 0.676447264076 0.125517241379 0.0111022997621 0.0275862068966
0 0.692704203013 0.115862068966 0.0134813639968 0.0275862068966
0 0.6506740682 0.138620689655 0.0134813639968 0.031724137931
0 0.645519429025 0.124827586207 0.0142743854084 0.0262068965517
0 0.627676447264 0.203448275862 0.0166534496431 0.04
0 0.648691514671 0.224827586207 0.0190325138779 0.0413793103448
0 0.609040444092 0.251724137931 0.0237906423473 0.048275862069
0 0.568992862807 0.258620689655 0.0245836637589 0.0510344827586
0 0.541633624108 0.292413793103 0.03013481364 0.0551724137931
0 0.608643933386 0.333103448276 0.0325138778747 0.0648275862069
0 0.671689135607 0.272413793103 0.0253766851705 0.0565517241379
0 0.683980967486 0.196551724138 0.0182394924663 0.0427586206897
0 0.712529738303 0.22275862069 0.0214115781126 0.0455172413793
0 0.722442505948 0.187586206897 0.0174464710547 0.0413793103448
0 0.708961141951 0.153103448276 0.0126883425852 0.0303448275862
0 0.714908802538 0.180689655172 0.0166534496431 0.0331034482759
0 0.760111022998 0.177931034483 0.01506740682 0.0358620689655
0 0.742664551943 0.144827586207 0.01506740682 0.0358620689655
0 0.781919111816 0.131724137931 0.0126883425852 0.0262068965517
0 0.805709754163 0.134482758621 0.0126883425852 0.0289655172414
0 0.837034099921 0.136551724138 0.0134813639968 0.0303448275862
0 0.870340999207 0.14275862069 0.0118953211737 0.0289655172414
0 0.902854877082 0.146896551724 0.0134813639968 0.0344827586207
0 0.905233941316 0.157931034483 0.01506740682 0.0344827586207
0 0.931403647898 0.162068965517 0.0134813639968 0.0344827586207
0 0.863996827914 0.155862068966 0.01506740682 0.0331034482759
0 0.851704996035 0.173103448276 0.0158604282316 0.0344827586207
0 0.831879460745 0.157931034483 0.0126883425852 0.031724137931
0 0.891356066614 0.193103448276 0.0174464710547 0.0358620689655
0 0.927438540841 0.212413793103 0.01506740682 0.0496551724138
0 0.92188739096 0.247586206897 0.0214115781126 0.0427586206897
0 0.873909595559 0.225517241379 0.020618556701 0.048275862069
0 0.844964314036 0.191034482759 0.0134813639968 0.031724137931
0 0.815622521808 0.155862068966 0.0166534496431 0.0331034482759
0 0.78152260111 0.165517241379 0.01506740682 0.0358620689655
0 0.804916732752 0.18275862069 0.0158604282316 0.0372413793103
0 0.821570182395 0.217931034483 0.0190325138779 0.0441379310345
0 0.826328310864 0.243448275862 0.0190325138779 0.0455172413793
0 0.874306106265 0.268275862069 0.0182394924663 0.0455172413793
0 0.746233148295 0.253793103448 0.0253766851705 0.0441379310345
0 0.775971451229 0.307586206897 0.0261697065821 0.0524137931034
0 0.837430610626 0.328275862069 0.03013481364 0.0689655172414
0 0.897303727201 0.344137931034 0.0229976209358 0.0593103448276
0 0.805313243458 0.404827586207 0.0404440919905 0.0758620689655
0 0.89452815226 0.440689655172 0.0333068992863 0.0758620689655
0 0.919508326725 0.28275862069 0.0214115781126 0.0496551724138
