0 0.0448179271709 0.396351575456 0.0298786181139 0.0630182421227
0 0.249766573296 0.290215588723 0.015873015873 0.0232172470978
0 0.272175536881 0.270315091211 0.0177404295051 0.0331674958541
0 0.302987861811 0.26368159204 0.0177404295051 0.0364842454395
0 0.33660130719 0.280265339967 0.015873015873 0.0298507462687
0 0.331932773109 0.223051409619 0.0140056022409 0.0315091210614
0 0.34827264239 0.217247097844 0.014939309057 0.0265339966833
0 0.375350140056 0.214759535655 0.0130718954248 0.0315091210614
0 0.392623716153 0.21807628524 0.0140056022409 0.028192371476
0 0.426704014939 0.21807628524 0.014939309057 0.0248756218905
0 0.428571428571 0.269485903814 0.0205415499533 0.0414593698176
0 0.490196078431 0.233001658375 0.0186741363212 0.044776119403
0 0.455182072829 0.223051409619 0.015873015873 0.0315091210614
0 0.442110177404 0.201492537313 0.0140056022409 0.0248756218905
0 0.425770308123 0.186567164179 0.0168067226891 0.028192371476
0 0.424836601307 0.165008291874 0.0112044817927 0.0182421227197
0 0.459383753501 0.169154228856 0.0130718954248 0.0199004975124
0 0.451914098973 0.15008291874 0.0093370681606 0.0182421227197
0 0.477124183007 0.168325041459 0.0130718954248 0.0215588723051
0 0.470121381886 0.149253731343 0.0121381886088 0.0232172470978
0 0.485060690943 0.134328358209 0.0102707749767 0.0232172470978
0 0.499066293184 0.198175787728 0.0140056022409 0.0248756218905
0 0.540149393091 0.200663349917 0.015873015873 0.0331674958541
0 0.516806722689 0.152570480929 0.0140056022409 0.0265339966833
0 0.530345471522 0.135157545605 0.0130718954248 0.0315091210614
0 0.500933706816 0.155887230514 0.0121381886088 0.0199004975124
0 0.50233426704 0.179933665008 0.0130718954248 0.0215588723051
0 0.549953314659 0.158374792703 0.0130718954248 0.0315091210614
0 0.570028011204 0.181592039801 0.0177404295051 0.0315091210614
0 0.577964519141 0.155887230514 0.0130718954248 0.0298507462687
0 0.558823529412 0.115257048093 0.0121381886088 0.0215588723051
0 0.586367880486 0.124378109453 0.0130718954248 0.0232172470978
0 0.589169000934 0.0995024875622 0.0112044817927 0.0232172470978
0 0.61858076564 0.145936981758 0.0121381886088 0.0265339966833
0 0.609710550887 0.121890547264 0.0093370681606 0.0215588723051
0 0.616713352007 0.105306799337 0.0102707749767 0.0215588723051
0 0.635387488329 0.124378109453 0.0140056022409 0.0265339966833
0 0.64939309057 0.10447761194 0.0121381886088 0.0232172470978
0 0.666199813259 0.118573797678 0.0140056022409 0.0248756218905
0 0.698412698413 0.101990049751 0.0130718954248 0.0315091210614
0 0.391690009337 0.198175787728 0.0140056022409 0.0248756218905
0 0.489262371615 0.299336650083 0.0205415499533 0.044776119403
0 0.568160597572 0.292703150912 0.0214752567694 0.044776119403
0 0.602240896359 0.332504145937 0.0298786181139 0.0547263681592
0 0.671335200747 0.325870646766 0.0280112044818 0.0547263681592
0 0.711484593838 0.296019900498 0.0242763772176 0.044776119403
0 0.782913165266 0.298507462687 0.0214752567694 0.0497512437811
0 0.802987861811 0.243781094527 0.0205415499533 0.0497512437811
0 0.746965452848 0.223051409619 0.0224089635854 0.0414593698176
0 0.702147525677 0.203980099502 0.0205415499533 0.0331674958541
0 0.661531279178 0.20232172471 0.0196078431373 0.0364842454395
0 0.638655462185 0.179104477612 0.0186741363212 0.0331674958541
0 0.620448179272 0.222222222222 0.0214752567694 0.0364842454395
0 0.613912231559 0.25456053068 0.0214752567694 0.0414593698176
0 0.563492063492 0.244610281924 0.0233426704015 0.0480928689884
0 0.676470588235 0.150912106136 0.0140056022409 0.0298507462687
0 0.702614379085 0.145107794362 0.0121381886088 0.028192371476
0 0.724556489262 0.15671641791 0.0112044817927 0.0315091210614
0 0.734360410831 0.128524046434 0.0121381886088 0.0315091210614
0 0.746031746032 0.138474295191 0.014939309057 0.0315091210614
0 0.746031746032 0.109452736318 0.0112044817927 0.0265339966833
0 0.765172735761 0.13184079602 0.0121381886088 0.0248756218905
0 0.771241830065 0.158374792703 0.014939309057 0.028192371476
0 0.732492997199 0.195688225539 0.0177404295051 0.0364842454395
0 0.659197012138 0.262852404643 0.0205415499533 0.044776119403
0 0.780578898226 0.125207296849 0.0093370681606 0.0248756218905
0 0.795518207283 0.132669983416 0.0093370681606 0.0232172470978
0 0.807189542484 0.131011608624 0.0121381886088 0.0265339966833
0 0.795985060691 0.182421227197 0.0177404295051 0.0364842454395
0 0.813258636788 0.171641791045 0.014939309057 0.028192371476
0 0.831932773109 0.140132669983 0.0130718954248 0.0315091210614
0 0.851073762838 0.168325041459 0.0121381886088 0.028192371476
0 0.859943977591 0.153399668325 0.0112044817927 0.028192371476
0 0.859943977591 0.128524046434 0.0112044817927 0.0248756218905
0 0.891223155929 0.131011608624 0.0121381886088 0.0298507462687
0 0.882819794585 0.166666666667 0.0102707749767 0.0215588723051
0 0.910830999066 0.167495854063 0.0140056022409 0.0265339966833
0 0.926237161531 0.160033167496 0.0112044817927 0.028192371476
0 0.922969187675 0.204809286899 0.015873015873 0.0348258706468
0 0.889822595705 0.199004975124 0.0130718954248 0.0331674958541
0 0.893557422969 0.166666666667 0.0112044817927 0.0215588723051
0 0.864612511671 0.233830845771 0.014939309057 0.0364842454395
0 0.843137254902 0.197346600332 0.014939309057 0.0364842454395
