0 0.117055510861 0.51217765043 0.0442477876106 0.104584527221
0 0.218825422365 0.35888252149 0.0193081255028 0.0329512893983
0 0.253821399839 0.368194842407 0.0249396621078 0.0429799426934
0 0.288415124698 0.375358166189 0.0249396621078 0.0458452722063
0 0.284794851167 0.304441260745 0.0144810941271 0.0386819484241
0 0.336685438455 0.35100286533 0.0233306516492 0.0487106017192
0 0.349557522124 0.329512893983 0.0152855993564 0.0343839541547
0 0.355993563958 0.296561604585 0.0152855993564 0.0315186246418
0 0.381335478681 0.339541547278 0.0160901045857 0.0343839541547
0 0.413113435237 0.3388252149 0.0185036202735 0.0386819484241
0 0.442477876106 0.345988538682 0.0193081255028 0.0472779369628
0 0.435639581657 0.308739255014 0.0185036202735 0.0358166189112
0 0.403057119871 0.297994269341 0.0144810941271 0.0315186246418
0 0.390185036203 0.257163323782 0.0144810941271 0.0300859598854
0 0.410699919549 0.260028653295 0.0152855993564 0.0300859598854
0 0.444086886565 0.26217765043 0.0128720836685 0.0286532951289
0 0.452936444087 0.251432664756 0.01126307321 0.0300859598854
0 0.467417538214 0.269340974212 0.0160901045857 0.0315186246418
0 0.463395012068 0.31446991404 0.0176991150442 0.041547277937
0 0.500804505229 0.312320916905 0.016894609815 0.0372492836676
0 0.512872083669 0.296561604585 0.016894609815 0.0372492836676
0 0.489943684634 0.268624641834 0.0144810941271 0.0329512893983
0 0.466613032985 0.239971346705 0.0144810941271 0.0214899713467
0 0.510860820595 0.256446991404 0.0128720836685 0.0286532951289
0 0.537007240547 0.251432664756 0.0136765888978 0.0300859598854
0 0.549074818986 0.273638968481 0.016894609815 0.0401146131805
0 0.567980691874 0.258595988539 0.0160901045857 0.0358166189112
0 0.543845534996 0.228510028653 0.0144810941271 0.0300859598854
0 0.567176186645 0.219197707736 0.0144810941271 0.025787965616
0 0.575221238938 0.238538681948 0.0144810941271 0.0300859598854
0 0.591713596138 0.249283667622 0.0120675784393 0.0315186246418
0 0.592518101368 0.22564469914 0.0120675784393 0.0272206303725
0 0.604585679807 0.20558739255 0.0120675784393 0.0300859598854
0 0.621078037007 0.212034383954 0.0128720836685 0.0286532951289
0 0.629927594529 0.231375358166 0.0128720836685 0.0358166189112
0 0.62308930008 0.259312320917 0.0152855993564 0.0343839541547
0 0.654867256637 0.219914040115 0.0128720836685 0.0272206303725
0 0.666532582462 0.232091690544 0.0136765888978 0.0315186246418
0 0.676186645213 0.228510028653 0.0120675784393 0.0329512893983
0 0.497988736927 0.382521489971 0.0273531777957 0.0573065902579
0 0.541834271923 0.406876790831 0.0297666934835 0.0515759312321
0 0.529364440869 0.376074498567 0.02252614642 0.0501432664756
0 0.590909090909 0.325931232092 0.0233306516492 0.0530085959885
0 0.608205953339 0.431232091691 0.0337892196299 0.0659025787966
0 0.602574416734 0.382521489971 0.0289621882542 0.054441260745
0 0.658889782784 0.442693409742 0.0337892196299 0.0687679083095
0 0.648028962188 0.372492836676 0.0281576830249 0.0601719197708
0 0.637972646822 0.335243553009 0.02252614642 0.0458452722063
0 0.62389380531 0.297277936963 0.0185036202735 0.0386819484241
0 0.667337087691 0.27005730659 0.0152855993564 0.0329512893983
0 0.681818181818 0.363896848138 0.0233306516492 0.0429799426934
0 0.70796460177 0.477077363897 0.0353982300885 0.0830945558739
0 0.724054706356 0.396848137536 0.0273531777957 0.0601719197708
0 0.766693483508 0.445558739255 0.0305711987128 0.0573065902579
0 0.810136765889 0.501432664756 0.0321802091714 0.0659025787966
0 0.829847144006 0.442693409742 0.0297666934835 0.0573065902579
0 0.847546259051 0.416189111748 0.0265486725664 0.0472779369628
0 0.896218825422 0.46776504298 0.0321802091714 0.0587392550143
0 0.890587288817 0.393266475645 0.0209171359614 0.0530085959885
0 0.85961383749 0.376790830946 0.0233306516492 0.0458452722063
0 0.873290426388 0.323065902579 0.0185036202735 0.0444126074499
0 0.89943684634 0.350286532951 0.0176991150442 0.0444126074499
0 0.90989541432 0.333094555874 0.0160901045857 0.0444126074499
0 0.922365245374 0.313753581662 0.0120675784393 0.0315186246418
0 0.915124698311 0.280085959885 0.0136765888978 0.0329512893983
0 0.883748994368 0.292263610315 0.0136765888978 0.0372492836676
0 0.858809332261 0.26217765043 0.0136765888978 0.0315186246418
0 0.847144006436 0.265759312321 0.0160901045857 0.0358166189112
0 0.849959774739 0.286532951289 0.0152855993564 0.0343839541547
0 0.837892196299 0.307306590258 0.016894609815 0.0386819484241
0 0.812952534191 0.351719197708 0.0233306516492 0.0444126074499
0 0.7747385358 0.378223495702 0.0257441673371 0.0601719197708
0 0.800884955752 0.30229226361 0.0201126307321 0.0429799426934
0 0.806114239743 0.272206303725 0.0176991150442 0.0315186246418
0 0.825020112631 0.267908309456 0.0152855993564 0.0372492836676
0 0.797666934835 0.244985673352 0.0136765888978 0.0315186246418
0 0.769911504425 0.247851002865 0.0160901045857 0.0286532951289
0 0.756637168142 0.290830945559 0.0185036202735 0.0401146131805
0 0.758648431215 0.262893982808 0.0176991150442 0.0358166189112
0 0.726065969429 0.269340974212 0.0152855993564 0.0372492836676
0 0.732502011263 0.246418338109 0.0136765888978 0.0315186246418
0 0.740144810941 0.231375358166 0.0144810941271 0.0300859598854
0 0.695897023331 0.248567335244 0.0144810941271 0.0329512893983
0 0.71399839099 0.290830945559 0.0152855993564 0.0429799426934
0 0.677795655672 0.328080229226 0.0233306516492 0.0343839541547
