0 0.211133400201 0.354351687389 0.0391173520562 0.0692717584369
0 0.315947843531 0.223801065719 0.0140421263791 0.0319715808171
0 0.323470411234 0.203374777975 0.0150451354062 0.0266429840142
0 0.347542627884 0.198046181172 0.0150451354062 0.0301953818828
0 0.411233701103 0.195381882771 0.0140421263791 0.0319715808171
0 0.41925777332 0.173179396092 0.0140421263791 0.0266429840142
0 0.413239719157 0.156305506217 0.0140421263791 0.0248667850799
0 0.449348044132 0.150976909414 0.012036108325 0.0213143872114
0 0.456369107322 0.169626998224 0.0160481444333 0.0301953818828
0 0.443831494483 0.201598579041 0.0170511534604 0.0373001776199
0 0.487462387161 0.229129662522 0.0220661985958 0.0390763765542
0 0.521063189569 0.264653641208 0.0230692076229 0.0532859680284
0 0.474423269809 0.179396092362 0.0180541624875 0.0319715808171
0 0.476429287864 0.148312611012 0.0140421263791 0.0266429840142
0 0.46890672016 0.128774422735 0.0130391173521 0.0195381882771
0 0.499498495486 0.129662522202 0.0100300902708 0.0213143872114
0 0.509027081244 0.144760213144 0.0150451354062 0.0266429840142
0 0.52407221665 0.150088809947 0.0150451354062 0.0337477797513
0 0.513540621866 0.114564831261 0.0140421263791 0.0230905861456
0 0.528084252758 0.121669626998 0.0110330992979 0.0195381882771
0 0.539117352056 0.132326820604 0.0110330992979 0.0230905861456
0 0.561183550652 0.147424511545 0.0130391173521 0.0284191829485
0 0.556168505517 0.17406749556 0.0170511534604 0.0319715808171
0 0.588766298897 0.106571936057 0.012036108325 0.0248667850799
0 0.600300902708 0.11811722913 0.0130391173521 0.0230905861456
0 0.59779338014 0.134103019538 0.0140421263791 0.0266429840142
0 0.599799398195 0.164298401421 0.0160481444333 0.0266429840142
0 0.593279839519 0.230017761989 0.0190571715145 0.0337477797513
0 0.586258776329 0.262877442274 0.0230692076229 0.0497335701599
0 0.620862587763 0.288632326821 0.0260782347041 0.0550621669627
0 0.633901705115 0.243339253996 0.0200601805416 0.0355239786856
0 0.659478435306 0.265541740675 0.0210631895687 0.0408525754885
0 0.676529588766 0.318827708703 0.0290872617854 0.0657193605684
0 0.665496489468 0.207815275311 0.0210631895687 0.0355239786856
0 0.634904714142 0.147424511545 0.012036108325 0.0248667850799
0 0.610330992979 0.0994671403197 0.0110330992979 0.0213143872114
0 0.632397191575 0.0968028419183 0.0110330992979 0.0230905861456
0 0.621364092277 0.13676731794 0.0130391173521 0.0284191829485
0 0.644934804413 0.119005328597 0.012036108325 0.0213143872114
0 0.656469408225 0.103907637655 0.0110330992979 0.0266429840142
0 0.685055165496 0.119005328597 0.0100300902708 0.0248667850799
0 0.696088264794 0.120781527531 0.012036108325 0.0284191829485
0 0.706118355065 0.119005328597 0.0100300902708 0.0213143872114
0 0.707121364092 0.157193605684 0.012036108325 0.0301953818828
0 0.700601805416 0.204262877442 0.0150451354062 0.0319715808171
0 0.720160481444 0.226465364121 0.0200601805416 0.0479573712256
0 0.739217652959 0.164298401421 0.012036108325 0.0301953818828
0 0.726178535607 0.13676731794 0.0140421263791 0.0319715808171
0 0.752256770311 0.123445825933 0.0140421263791 0.0266429840142
0 0.763791374122 0.13676731794 0.0150451354062 0.0319715808171
0 0.780341023069 0.134991119005 0.0140421263791 0.0284191829485
0 0.787863590772 0.159857904085 0.0150451354062 0.0319715808171
0 0.769809428285 0.179396092362 0.0170511534604 0.0355239786856
0 0.789869608826 0.198046181172 0.0170511534604 0.0337477797513
0 0.789368104313 0.257548845471 0.0240722166499 0.0532859680284
0 0.738716148445 0.349911190053 0.0270812437312 0.056838365897
0 0.828986960883 0.343694493783 0.025075225677 0.0550621669627
0 0.844533600802 0.297513321492 0.0200601805416 0.044404973357
0 0.9037111334 0.311722912966 0.0220661985958 0.0550621669627
0 0.813941825476 0.238898756661 0.0190571715145 0.0408525754885
0 0.840521564694 0.211367673179 0.0160481444333 0.0426287744227
0 0.852056168506 0.187388987567 0.0150451354062 0.0373001776199
0 0.862086258776 0.175843694494 0.0130391173521 0.0284191829485
0 0.872617853561 0.163410301954 0.012036108325 0.0284191829485
0 0.87963891675 0.146536412078 0.012036108325 0.0266429840142
0 0.839017051153 0.150088809947 0.0130391173521 0.0301953818828
0 0.825476429288 0.16785079929 0.0140421263791 0.0337477797513
0 0.891675025075 0.172291296625 0.0140421263791 0.0284191829485
0 0.889669007021 0.198934280639 0.0160481444333 0.0355239786856
0 0.880140421264 0.235346358792 0.0190571715145 0.0479573712256
0 0.92778335005 0.276198934281 0.0200601805416 0.0408525754885
0 0.925777331996 0.235346358792 0.0200601805416 0.0479573712256
0 0.935305917753 0.207815275311 0.0170511534604 0.0355239786856
0 0.935807422267 0.172291296625 0.0160481444333 0.0319715808171
0 0.913239719157 0.17406749556 0.0150451354062 0.0319715808171
0 0.909227683049 0.162522202487 0.0130391173521 0.0266429840142
