0 0.0975813177648 0.539383561644 0.04670558799 0.119863013699
0 0.165137614679 0.291095890411 0.0216847372811 0.0513698630137
0 0.19224353628 0.287671232877 0.0258548790659 0.0547945205479
0 0.239783152627 0.241438356164 0.0191826522102 0.0445205479452
0 0.282735613011 0.238869863014 0.0216847372811 0.0496575342466
0 0.302335279399 0.225171232877 0.0175145954962 0.0496575342466
0 0.278565471226 0.208904109589 0.0200166805671 0.0445205479452
0 0.324854045038 0.209760273973 0.0175145954962 0.0428082191781
0 0.344453711426 0.256849315068 0.0183486238532 0.0479452054795
0 0.371976647206 0.242294520548 0.0183486238532 0.0462328767123
0 0.410341951626 0.32448630137 0.0266889074229 0.0599315068493
0 0.364470391993 0.195205479452 0.0183486238532 0.041095890411
0 0.341117597998 0.19948630137 0.0166805671393 0.0359589041096
0 0.411175979983 0.190068493151 0.0166805671393 0.0445205479452
0 0.408673894912 0.162671232877 0.0166805671393 0.0376712328767
0 0.446622185154 0.247431506849 0.022518765638 0.0599315068493
0 0.431609674729 0.16352739726 0.0141784820684 0.0359589041096
0 0.44495412844 0.169520547945 0.0158465387823 0.0376712328767
0 0.459549624687 0.170376712329 0.0183486238532 0.0496575342466
0 0.473311092577 0.203767123288 0.0158465387823 0.0445205479452
0 0.473311092577 0.148116438356 0.0175145954962 0.0496575342466
0 0.498748957465 0.167808219178 0.0166805671393 0.0445205479452
0 0.529608006672 0.218321917808 0.0183486238532 0.0393835616438
0 0.544620517098 0.162671232877 0.0166805671393 0.0376712328767
0 0.550458715596 0.212328767123 0.0183486238532 0.0479452054795
0 0.534195162636 0.13698630137 0.0141784820684 0.0376712328767
0 0.558381984987 0.130136986301 0.0158465387823 0.041095890411
0 0.580066722269 0.125 0.0158465387823 0.041095890411
0 0.590909090909 0.15154109589 0.0158465387823 0.0393835616438
0 0.584236864053 0.186643835616 0.0158465387823 0.041095890411
0 0.566722268557 0.173801369863 0.0175145954962 0.0393835616438
0 0.605921601334 0.196917808219 0.0175145954962 0.0445205479452
0 0.614261884904 0.128424657534 0.0158465387823 0.0376712328767
0 0.639699749791 0.182363013699 0.0183486238532 0.0393835616438
0 0.637197664721 0.144691780822 0.0150125104254 0.0393835616438
0 0.651793160967 0.13698630137 0.0141784820684 0.041095890411
0 0.674311926606 0.159246575342 0.0175145954962 0.041095890411
0 0.675979983319 0.134417808219 0.0141784820684 0.0325342465753
0 0.701000834028 0.150684931507 0.0175145954962 0.0445205479452
0 0.683486238532 0.215753424658 0.0191826522102 0.0513698630137
0 0.648874061718 0.252568493151 0.0250208507089 0.0633561643836
0 0.602585487907 0.286815068493 0.022518765638 0.0496575342466
0 0.556713928274 0.335616438356 0.0275229357798 0.0547945205479
0 0.592160133445 0.380993150685 0.0266889074229 0.0667808219178
0 0.643869891576 0.40154109589 0.0316930775646 0.0702054794521
0 0.709758131776 0.405821917808 0.0300250208507 0.0787671232877
0 0.71976647206 0.267979452055 0.023352793995 0.0565068493151
0 0.740617180984 0.28852739726 0.023352793995 0.0530821917808
0 0.729774812344 0.232876712329 0.0200166805671 0.0479452054795
0 0.735195996664 0.184931506849 0.0158465387823 0.041095890411
0 0.768557130942 0.204623287671 0.0175145954962 0.0428082191781
0 0.759799833194 0.180650684932 0.0150125104254 0.0428082191781
0 0.800667222686 0.191780821918 0.0183486238532 0.041095890411
0 0.811092577148 0.222602739726 0.0191826522102 0.041095890411
0 0.833611342786 0.215753424658 0.0158465387823 0.0445205479452
0 0.786071726439 0.254280821918 0.0191826522102 0.0565068493151
0 0.801918265221 0.295376712329 0.024186822352 0.0599315068493
0 0.780650542118 0.452054794521 0.0316930775646 0.0924657534247
0 0.858632193495 0.494006849315 0.0341951626355 0.0907534246575
0 0.876146788991 0.418664383562 0.0258548790659 0.0667808219178
0 0.956213511259 0.446061643836 0.0275229357798 0.0736301369863
0 0.840283569641 0.379280821918 0.0275229357798 0.0667808219178
0 0.861551292744 0.322773972603 0.0250208507089 0.0530821917808
0 0.884070058382 0.277397260274 0.0200166805671 0.0479452054795
0 0.914095079233 0.345890410959 0.0200166805671 0.0513698630137
0 0.942452043369 0.384417808219 0.023352793995 0.0633561643836
0 0.968306922435 0.365582191781 0.0166805671393 0.0599315068493
0 0.863636363636 0.231164383562 0.0141784820684 0.041095890411
0 0.873227689741 0.228595890411 0.0133444537114 0.0325342465753
0 0.89824854045 0.226883561644 0.0150125104254 0.0428082191781
0 0.895329441201 0.260273972603 0.0158465387823 0.041095890411
0 0.924103419516 0.269691780822 0.0150125104254 0.0530821917808
0 0.942869057548 0.244006849315 0.0125104253545 0.0393835616438
0 0.968306922435 0.320205479452 0.0166805671393 0.041095890411
0 0.984570475396 0.261130136986 0.0175145954962 0.0462328767123
