0 0.0835322195704 0.326117318436 0.0159108989658 0.0321229050279
0 0.130469371519 0.300977653631 0.0206841686555 0.0488826815642
0 0.224741447892 0.272346368715 0.0294351630867 0.0586592178771
0 0.187748607796 0.489525139665 0.0445505171042 0.0851955307263
0 0.299920445505 0.265363128492 0.0254574383453 0.0530726256983
0 0.331344470963 0.254888268156 0.0214797136038 0.0488826815642
0 0.369132856006 0.257681564246 0.0254574383453 0.0460893854749
0 0.430389817025 0.213687150838 0.0175019888624 0.036312849162
0 0.452665075577 0.230446927374 0.0190930787589 0.0418994413408
0 0.431185361973 0.273044692737 0.0254574383453 0.054469273743
0 0.489657915672 0.310754189944 0.0294351630867 0.0572625698324
0 0.54415274463 0.353351955307 0.0286396181384 0.0446927374302
0 0.717979315831 0.141759776536 0.0198886237072 0.0432960893855
0 0.75139220366 0.150139664804 0.0167064439141 0.0405027932961
0 0.886634844869 0.215782122905 0.0214797136038 0.0460893854749
