0 0.274714828897 0.399014778325 0.0532319391635 0.0952380952381
0 0.478136882129 0.115763546798 0.0171102661597 0.0377668308703
0 0.502851711027 0.169950738916 0.0171102661597 0.0344827586207
0 0.724809885932 0.16091954023 0.0123574144487 0.0262725779967
0 0.771863117871 0.161740558292 0.0152091254753 0.0311986863711
0 0.802281368821 0.184729064039 0.0152091254753 0.0311986863711
0 0.807509505703 0.169950738916 0.0161596958175 0.0246305418719
0 0.856939163498 0.185550082102 0.0123574144487 0.0262725779967
0 0.888783269962 0.291461412151 0.0171102661597 0.0443349753695
0 0.951045627376 0.237274220033 0.0142585551331 0.0344827586207
