0 0.130397967824 0.53323903819 0.0406435224386 0.0735502121641
0 0.22650296359 0.342998585573 0.0143945808637 0.029702970297
0 0.253598645216 0.364214992928 0.0177815410669 0.041018387553
0 0.28916172735 0.308345120226 0.0143945808637 0.02828854314
0 0.283234546994 0.389674681754 0.0177815410669 0.029702970297
0 0.337849280271 0.361386138614 0.0220152413209 0.041018387553
0 0.356477561389 0.333804809052 0.0152413209145 0.031117397454
0 0.354784081287 0.303394625177 0.0152413209145 0.024045261669
0 0.393310753599 0.267326732673 0.0143945808637 0.025459688826
0 0.41617273497 0.276520509194 0.0127011007621 0.021216407355
0 0.412785774767 0.338755304102 0.0194750211685 0.032531824611
0 0.382303132938 0.35360678925 0.0177815410669 0.031117397454
0 0.408128704488 0.306223479491 0.0135478408129 0.026874115983
0 0.430143945809 0.264497878359 0.0118543607113 0.022630834512
0 0.448348856901 0.269448373409 0.0127011007621 0.024045261669
0 0.45215918713 0.347949080622 0.0186282811177 0.02828854314
0 0.478408128704 0.313295615276 0.0169348010161 0.026874115983
0 0.47883149873 0.270155586987 0.0160880609653 0.025459688826
0 0.469940728196 0.253182461103 0.0152413209145 0.022630834512
0 0.475867908552 0.243281471004 0.0135478408129 0.019801980198
0 0.518628281118 0.26874115983 0.0143945808637 0.02828854314
0 0.530906011854 0.279349363508 0.0135478408129 0.029702970297
0 0.560965283658 0.2828854314 0.0160880609653 0.02828854314
0 0.550381033023 0.265205091938 0.0135478408129 0.024045261669
0 0.563928873836 0.235502121641 0.0135478408129 0.024045261669
0 0.578746824725 0.227722772277 0.0127011007621 0.022630834512
0 0.586367485182 0.267326732673 0.0127011007621 0.025459688826
0 0.610076206605 0.257425742574 0.0143945808637 0.025459688826
0 0.612616426757 0.233380480905 0.0127011007621 0.022630834512
0 0.618120237087 0.215700141443 0.0135478408129 0.024045261669
0 0.646486028789 0.25459688826 0.0143945808637 0.025459688826
0 0.649449618967 0.228429985856 0.0135478408129 0.021216407355
0 0.683319220999 0.2171145686 0.0118543607113 0.021216407355
0 0.687129551228 0.239745403112 0.0110076206605 0.021216407355
0 0.696443691787 0.231966053748 0.0127011007621 0.025459688826
0 0.635055038103 0.225601131542 0.0118543607113 0.015558698727
0 0.505080440305 0.337340876945 0.0194750211685 0.032531824611
0 0.486875529213 0.413012729844 0.0254022015241 0.045261669024
0 0.544453852667 0.434229137199 0.0270956816257 0.0509193776521
0 0.549110922947 0.365629420085 0.0211685012701 0.041018387553
0 0.59483488569 0.462517680339 0.0296359017782 0.0622347949081
0 0.64733276884 0.469589816124 0.0313293818798 0.0622347949081
0 0.712531752752 0.543140028289 0.0364098221846 0.0650636492221
0 0.837425910246 0.526874115983 0.0338696020322 0.0721357850071
0 0.944538526672 0.473833097595 0.0296359017782 0.0565770862801
0 0.927603725656 0.444130127298 0.0194750211685 0.033946251768
0 0.856900931414 0.476661951909 0.0338696020322 0.0565770862801
0 0.800592718036 0.422206506365 0.0279424216765 0.046676096181
0 0.828958509738 0.365629420085 0.0220152413209 0.043847241867
0 0.870025402202 0.405940594059 0.0245554614733 0.0509193776521
0 0.950889077053 0.408062234795 0.0186282811177 0.038189533239
0 0.936917866215 0.328854314003 0.0143945808637 0.029702970297
0 0.950465707028 0.314710042433 0.0143945808637 0.026874115983
0 0.958509737511 0.292786421499 0.0135478408129 0.022630834512
0 0.914902624894 0.293493635078 0.0160880609653 0.032531824611
0 0.888230313294 0.342291371994 0.0169348010161 0.033946251768
0 0.909398814564 0.329561527581 0.0135478408129 0.025459688826
0 0.863251481795 0.329561527581 0.0160880609653 0.031117397454
0 0.872142252329 0.280763790665 0.0152413209145 0.032531824611
0 0.898391193903 0.260961810467 0.0118543607113 0.024045261669
0 0.864098221846 0.263790664781 0.0127011007621 0.018387553041
0 0.836155800169 0.309759547383 0.0160880609653 0.02828854314
0 0.838272650296 0.275106082037 0.0152413209145 0.026874115983
0 0.82599491956 0.251768033946 0.0143945808637 0.025459688826
0 0.791701947502 0.287128712871 0.0152413209145 0.033946251768
0 0.800592718036 0.269448373409 0.0143945808637 0.026874115983
0 0.795512277731 0.244695898161 0.0127011007621 0.02828854314
0 0.751481795089 0.253889674682 0.0143945808637 0.032531824611
0 0.759525825572 0.24540311174 0.0135478408129 0.026874115983
0 0.718882303133 0.258132956153 0.0152413209145 0.032531824611
0 0.715071972904 0.303394625177 0.0177815410669 0.032531824611
0 0.681625740898 0.283592644979 0.0152413209145 0.032531824611
0 0.690093141406 0.318246110325 0.0186282811177 0.036775106082
0 0.703640982218 0.362093352192 0.0220152413209 0.045261669024
0 0.734546994073 0.405233380481 0.0211685012701 0.046676096181
0 0.666384419983 0.366336633663 0.0237087214225 0.039603960396
0 0.621930567316 0.377652050919 0.0194750211685 0.031117397454
0 0.644792548688 0.309052333805 0.0143945808637 0.029702970297
0 0.610922946655 0.335219236209 0.0194750211685 0.031117397454
