0 0.183438985737 0.392510402219 0.0356576862124 0.0610263522885
0 0.161648177496 0.371012482663 0.0253565768621 0.0457697642164
0 0.150950871632 0.346047156727 0.0277337559429 0.0457697642164
0 0.127971473851 0.326629680999 0.0245641838352 0.0485436893204
0 0.179873217116 0.325242718447 0.0237717908082 0.0457697642164
0 0.228605388273 0.305825242718 0.0213946117274 0.0485436893204
0 0.257527733756 0.315533980583 0.026941362916 0.0596393897365
0 0.3264659271 0.282246879334 0.026941362916 0.0651872399445
0 0.33676703645 0.244105409154 0.0285261489699 0.0554785020804
0 0.339936608558 0.374479889043 0.0380348652932 0.0721220527046
0 0.37440570523 0.329403606103 0.0340729001585 0.0568654646325
0 0.424326465927 0.29680998613 0.0293185419968 0.0610263522885
