0 0.0764984227129 0.513910355487 0.0441640378549 0.097372488408
0 0.230283911672 0.248840803709 0.018927444795 0.0463678516229
0 0.246056782334 0.249613601236 0.0205047318612 0.0448222565688
0 0.265378548896 0.237248840804 0.0134069400631 0.0417310664606
0 0.322555205047 0.227202472952 0.0157728706625 0.0401854714065
0 0.318611987382 0.200927357032 0.018927444795 0.0309119010819
0 0.344637223975 0.220247295209 0.0205047318612 0.047913446677
0 0.357649842271 0.200154559505 0.0165615141956 0.0448222565688
0 0.373422712934 0.187017001546 0.0197160883281 0.0340030911901
0 0.383280757098 0.241885625966 0.0205047318612 0.0448222565688
0 0.416403785489 0.17542503864 0.0173501577287 0.032457496136
0 0.442034700315 0.180061823802 0.0134069400631 0.0355486862442
0 0.437302839117 0.29829984544 0.0197160883281 0.0525502318393
0 0.481466876972 0.224111282844 0.0228706624606 0.0463678516229
0 0.462933753943 0.159969088099 0.0157728706625 0.0386398763524
0 0.473186119874 0.140649149923 0.0157728706625 0.0309119010819
0 0.485015772871 0.167697063369 0.0220820189274 0.0417310664606
0 0.499211356467 0.14142194745 0.0110410094637 0.032457496136
0 0.523264984227 0.153013910355 0.0165615141956 0.0278207109737
0 0.503154574132 0.195517774343 0.0157728706625 0.032457496136
0 0.561119873817 0.206336939722 0.0197160883281 0.0417310664606
0 0.538249211356 0.149922720247 0.0118296529968 0.0340030911901
0 0.558359621451 0.14914992272 0.0110410094637 0.0262751159196
0 0.560331230284 0.129829984544 0.0149842271293 0.0278207109737
0 0.581624605678 0.129829984544 0.0165615141956 0.0309119010819
0 0.603706624606 0.119010819165 0.0134069400631 0.0278207109737
0 0.636041009464 0.121329211747 0.0118296529968 0.0355486862442
0 0.586356466877 0.192426584235 0.0134069400631 0.032457496136
0 0.659305993691 0.144513137558 0.0157728706625 0.0355486862442
0 0.663249211356 0.132921174652 0.018927444795 0.0309119010819
0 0.695977917981 0.130602782071 0.0149842271293 0.0355486862442
0 0.714905362776 0.143740340031 0.0118296529968 0.0309119010819
0 0.614747634069 0.169242658423 0.0149842271293 0.0386398763524
0 0.624211356467 0.187789799073 0.0181388012618 0.0417310664606
0 0.667586750789 0.218701700155 0.0228706624606 0.0510046367852
0 0.704652996845 0.197063369397 0.0165615141956 0.0355486862442
0 0.612776025237 0.2828438949 0.0236593059937 0.0463678516229
0 0.579258675079 0.313755795981 0.0228706624606 0.0494590417311
0 0.608438485804 0.343894899536 0.0244479495268 0.0571870170015
0 0.66167192429 0.37171561051 0.0268138801262 0.0510046367852
0 0.731861198738 0.364760432767 0.0268138801262 0.0587326120556
0 0.727523659306 0.242658423493 0.0212933753943 0.0432766615147
0 0.745662460568 0.214064914992 0.0165615141956 0.0417310664606
0 0.764195583596 0.184698608964 0.0157728706625 0.0355486862442
0 0.779968454259 0.1885625966 0.0141955835962 0.0432766615147
0 0.797712933754 0.180061823802 0.0212933753943 0.0355486862442
0 0.812697160883 0.182380216383 0.0134069400631 0.0432766615147
0 0.798895899054 0.241885625966 0.0173501577287 0.0386398763524
0 0.768138801262 0.267387944359 0.0157728706625 0.0432766615147
0 0.815457413249 0.288253477589 0.018927444795 0.0540958268934
0 0.792981072555 0.421947449768 0.0291798107256 0.0834621329212
0 0.856072555205 0.464451313756 0.0276025236593 0.0880989180835
0 0.874211356467 0.395672333849 0.0212933753943 0.0587326120556
0 0.865930599369 0.316074188563 0.0220820189274 0.0448222565688
0 0.873422712934 0.221020092736 0.0149842271293 0.0340030911901
0 0.90141955836 0.224111282844 0.0141955835962 0.0401854714065
0 0.941640378549 0.225656877898 0.0173501577287 0.0370942812983
0 0.951104100946 0.416537867079 0.0220820189274 0.0633693972179
0 0.985410094637 0.248840803709 0.0134069400631 0.0370942812983
0 0.966482649842 0.29057187017 0.0181388012618 0.0401854714065
0 0.975157728707 0.336166924266 0.0181388012618 0.047913446677
0 0.92429022082 0.32457496136 0.018927444795 0.0525502318393
0 0.893138801262 0.265069551777 0.0181388012618 0.0510046367852
0 0.930599369085 0.251931993818 0.0110410094637 0.0370942812983
0 0.823738170347 0.20942812983 0.0181388012618 0.0355486862442
0 0.405757097792 0.23570324575 0.0165615141956 0.0386398763524
0 0.425867507886 0.16228748068 0.0141955835962 0.0247295208655
0 0.688880126183 0.14914992272 0.0197160883281 0.032457496136
0 0.944400630915 0.355486862442 0.0197160883281 0.0587326120556
