0 0.275775775776 0.385563380282 0.0550550550551 0.0845070422535
0 0.343843843844 0.266725352113 0.015015015015 0.0334507042254
0 0.420920920921 0.261443661972 0.019019019019 0.0334507042254
0 0.384384384384 0.19014084507 0.02002002002 0.0316901408451
0 0.411411411411 0.167253521127 0.016016016016 0.0246478873239
0 0.418418418418 0.207746478873 0.014014014014 0.0316901408451
0 0.435435435435 0.176056338028 0.016016016016 0.0281690140845
0 0.436936936937 0.213908450704 0.015015015015 0.0334507042254
0 0.457457457457 0.172535211268 0.018018018018 0.0316901408451
0 0.492492492492 0.138204225352 0.012012012012 0.0264084507042
0 0.518018018018 0.117077464789 0.013013013013 0.0264084507042
0 0.47997997998 0.183098591549 0.019019019019 0.0352112676056
0 0.468968968969 0.213028169014 0.015015015015 0.0281690140845
0 0.50950950951 0.219190140845 0.016016016016 0.0334507042254
0 0.54004004004 0.205105633803 0.015015015015 0.0334507042254
0 0.543543543544 0.161971830986 0.012012012012 0.0281690140845
0 0.546546546547 0.135563380282 0.016016016016 0.0316901408451
0 0.582082082082 0.117077464789 0.011011011011 0.0264084507042
0 0.587587587588 0.174295774648 0.014014014014 0.0422535211268
0 0.588088088088 0.265845070423 0.017017017017 0.0457746478873
0 0.596096096096 0.176936619718 0.017017017017 0.0299295774648
0 0.567567567568 0.174295774648 0.014014014014 0.0281690140845
0 0.623123123123 0.103873239437 0.011011011011 0.0211267605634
0 0.60960960961 0.132922535211 0.01001001001 0.0299295774648
0 0.626626626627 0.142605633803 0.016016016016 0.0352112676056
0 0.665665665666 0.113556338028 0.014014014014 0.0334507042254
0 0.716216216216 0.110035211268 0.017017017017 0.0334507042254
0 0.692192192192 0.12764084507 0.013013013013 0.0299295774648
0 0.642142142142 0.231514084507 0.023023023023 0.0580985915493
0 0.654654654655 0.31161971831 0.024024024024 0.0528169014085
0 0.705705705706 0.333626760563 0.024024024024 0.0510563380282
0 0.734734734735 0.274647887324 0.022022022022 0.0528169014085
0 0.68968968969 0.205105633803 0.02002002002 0.0369718309859
0 0.719219219219 0.19014084507 0.015015015015 0.0387323943662
0 0.742242242242 0.177816901408 0.017017017017 0.0457746478873
0 0.757257257257 0.153169014085 0.013013013013 0.0422535211268
0 0.780780780781 0.141725352113 0.014014014014 0.044014084507
0 0.767767767768 0.201584507042 0.018018018018 0.0369718309859
0 0.781781781782 0.232394366197 0.018018018018 0.0352112676056
0 0.788788788789 0.1875 0.012012012012 0.0264084507042
0 0.7997997998 0.159330985915 0.02002002002 0.044014084507
0 0.796796796797 0.218309859155 0.018018018018 0.0422535211268
0 0.849349349349 0.166373239437 0.015015015015 0.0369718309859
0 0.884884884885 0.155809859155 0.016016016016 0.0334507042254
0 0.837337337337 0.269366197183 0.023023023023 0.0352112676056
0 0.84984984985 0.224471830986 0.016016016016 0.0404929577465
0 0.875375375375 0.193661971831 0.017017017017 0.0352112676056
0 0.90990990991 0.209507042254 0.016016016016 0.0387323943662
0 0.888388388388 0.270246478873 0.021021021021 0.0475352112676
0 0.881881881882 0.322183098592 0.02002002002 0.0457746478873
0 0.94044044044 0.302816901408 0.021021021021 0.0422535211268
0 0.943943943944 0.242077464789 0.018018018018 0.0404929577465
0 0.944944944945 0.205985915493 0.014014014014 0.0352112676056
0 0.948948948949 0.181338028169 0.012012012012 0.0316901408451
0 0.902402402402 0.255281690141 0.021021021021 0.0387323943662
0 0.834334334334 0.183978873239 0.013013013013 0.0299295774648
0 0.66966966967 0.143485915493 0.012012012012 0.0299295774648
0 0.623623623624 0.25264084507 0.024024024024 0.0580985915493
0 0.397397397397 0.25264084507 0.02002002002 0.0369718309859
0 0.536036036036 0.149647887324 0.017017017017 0.0281690140845
0 0.474974974975 0.146126760563 0.015015015015 0.0246478873239
0 0.614114114114 0.159330985915 0.013013013013 0.0334507042254
