0 0.353869653768 0.244328097731 0.0356415478615 0.0593368237347
0 0.424134419552 0.227748691099 0.0213849287169 0.0401396160558
0 0.460285132383 0.235602094241 0.0224032586558 0.0418848167539
0 0.578411405295 0.202443280977 0.0224032586558 0.0488656195462
0 0.576883910387 0.168411867365 0.0254582484725 0.0366492146597
0 0.641547861507 0.267015706806 0.0244399185336 0.0488656195462
0 0.641038696538 0.227748691099 0.0274949083503 0.043630017452
0 0.688900203666 0.180628272251 0.0173116089613 0.0401396160558
0 0.697046843177 0.232984293194 0.0234215885947 0.043630017452
0 0.962321792261 0.239965095986 0.020366598778 0.0401396160558
