0 0.241675617615 0.247600767754 0.0257787325456 0.0499040307102
0 0.30880773362 0.20537428023 0.0225563909774 0.042226487524
0 0.40977443609 0.277351247601 0.0247046186896 0.0479846449136
0 0.422126745435 0.215930902111 0.0193340494092 0.0364683301344
0 0.471535982814 0.236084452975 0.0193340494092 0.0383877159309
0 0.498388829216 0.239923224568 0.0214822771214 0.0383877159309
0 0.602577873255 0.254318618042 0.0236305048335 0.0441458733205
0 0.656820622986 0.249520153551 0.0247046186896 0.0614203454894
0 0.52738990333 0.142034548944 0.0128893662728 0.0268714011516
0 0.593984962406 0.117082533589 0.0128893662728 0.0268714011516
0 0.618152524168 0.100767754319 0.0118152524168 0.0287907869482
0 0.629430719656 0.120921305182 0.015037593985 0.0230326295585
0 0.658968850698 0.117082533589 0.0139634801289 0.0268714011516
