0 0.16709346991 0.267857142857 0.0320102432778 0.0491071428571
0 0.261203585147 0.203125 0.0230473751601 0.0357142857143
0 0.298975672215 0.193080357143 0.0140845070423 0.0290178571429
0 0.311779769526 0.1875 0.0166453265045 0.0401785714286
0 0.468629961588 0.177455357143 0.0230473751601 0.0334821428571
0 0.576824583867 0.140625 0.0217669654289 0.0401785714286
0 0.561459667093 0.267857142857 0.0217669654289 0.0535714285714
0 0.613316261204 0.2421875 0.0256081946223 0.0558035714286
0 0.659411011524 0.180803571429 0.0153649167734 0.0401785714286
0 0.679257362356 0.213169642857 0.0166453265045 0.0424107142857
0 0.699103713188 0.189732142857 0.0179257362356 0.03125
0 0.706786171575 0.25 0.0204865556978 0.0446428571429
0 0.741357234315 0.280133928571 0.0204865556978 0.0424107142857
0 0.750320102433 0.238839285714 0.0204865556978 0.0446428571429
