0 0.44103992572 0.201827242525 0.016713091922 0.0382059800664
0 0.461931290622 0.209302325581 0.0213556174559 0.0431893687708
0 0.611420612813 0.103820598007 0.0139275766017 0.031561461794
0 0.640204271123 0.136212624585 0.0139275766017 0.0265780730897
0 0.651810584958 0.143687707641 0.0148560817084 0.0282392026578
0 0.672237697307 0.119601328904 0.0129990714949 0.0299003322259
0 0.754874651811 0.143687707641 0.0148560817084 0.0282392026578
0 0.772980501393 0.144518272425 0.0139275766017 0.0332225913621
0 0.874651810585 0.186046511628 0.0129990714949 0.0398671096346
0 0.895078922934 0.212624584718 0.016713091922 0.0398671096346
0 0.893686165274 0.250830564784 0.0157845868152 0.046511627907
0 0.828226555246 0.25415282392 0.0204271123491 0.0564784053156
0 0.924326833798 0.247508305648 0.0176415970288 0.0431893687708
0 0.942896935933 0.191860465116 0.0120705663881 0.0348837209302
