0 0.232225300092 0.239870340357 0.0230840258541 0.0453808752026
0 0.258541089566 0.218800648298 0.0203139427516 0.0486223662885
0 0.276546629732 0.209886547812 0.0212373037858 0.0470016207455
0 0.298707294552 0.252025931929 0.0267774699908 0.0502431118314
0 0.319021237304 0.213938411669 0.0249307479224 0.0453808752026
0 0.34810710988 0.208265802269 0.0203139427516 0.0502431118314
0 0.357340720222 0.187196110211 0.0221606648199 0.0437601296596
0 0.369344413666 0.209886547812 0.0221606648199 0.0502431118314
0 0.404893813481 0.171799027553 0.0267774699908 0.0453808752026
0 0.446445060018 0.201782820097 0.0286241920591 0.0534846029173
0 0.550784856879 0.20340356564 0.0286241920591 0.0664505672609
0 0.600184672207 0.2471636953 0.0258541089566 0.0534846029173
0 0.615881809788 0.235818476499 0.0221606648199 0.0534846029173
0 0.641274238227 0.235008103728 0.0249307479224 0.0518638573744
0 0.635272391505 0.213938411669 0.0240073868883 0.0453808752026
