0 0.0775510204082 0.547463175123 0.0489795918367 0.0998363338789
0 0.209387755102 0.270867430442 0.0138775510204 0.0409165302782
0 0.226530612245 0.270867430442 0.0155102040816 0.0441898527005
0 0.26612244898 0.241407528642 0.0179591836735 0.037643207856
0 0.293469387755 0.241407528642 0.0171428571429 0.0343698854337
0 0.297959183673 0.207037643208 0.0179591836735 0.0245499181669
0 0.328571428571 0.233224222586 0.0138775510204 0.0409165302782
0 0.359183673469 0.271685761047 0.0212244897959 0.0458265139116
0 0.342040816327 0.212765957447 0.0130612244898 0.0392798690671
0 0.359183673469 0.198036006547 0.0130612244898 0.0360065466448
0 0.387346938776 0.247135842881 0.0171428571429 0.0392798690671
0 0.421632653061 0.314238952537 0.0236734693878 0.0523731587561
0 0.571428571429 0.33387888707 0.0195918367347 0.0490998363339
0 0.595918367347 0.367430441899 0.0244897959184 0.0540098199673
0 0.657142857143 0.392798690671 0.0244897959184 0.0589198036007
0 0.601224489796 0.303600654664 0.025306122449 0.0474631751227
0 0.461224489796 0.245499181669 0.0212244897959 0.0523731587561
0 0.400816326531 0.18821603928 0.0179591836735 0.0327332242226
0 0.426530612245 0.193126022913 0.0171428571429 0.0294599018003
0 0.415510204082 0.162847790507 0.014693877551 0.0278232405892
0 0.467346938776 0.174304418985 0.0138775510204 0.0409165302782
0 0.491020408163 0.213584288052 0.0138775510204 0.0343698854337
0 0.54612244898 0.220949263502 0.0130612244898 0.0360065466448
0 0.570204081633 0.198036006547 0.0155102040816 0.0294599018003
0 0.508571428571 0.157119476268 0.0163265306122 0.0327332242226
0 0.490612244898 0.149754500818 0.0130612244898 0.0278232405892
0 0.548571428571 0.161211129296 0.014693877551 0.0278232405892
0 0.572653061224 0.141571194763 0.0122448979592 0.0245499181669
0 0.592653061224 0.126022913257 0.014693877551 0.0261865793781
0 0.629387755102 0.128477905074 0.014693877551 0.0278232405892
0 0.646530612245 0.12356792144 0.0163265306122 0.0343698854337
0 0.650612244898 0.157119476268 0.0114285714286 0.0196399345336
0 0.654693877551 0.182487725041 0.0114285714286 0.0278232405892
0 0.602448979592 0.154664484452 0.0163265306122 0.0212765957447
0 0.605306122449 0.197217675941 0.0138775510204 0.0441898527005
0 0.655102040816 0.252045826514 0.0187755102041 0.0360065466448
0 0.722448979592 0.393617021277 0.0244897959184 0.063829787234
0 0.799183673469 0.450900163666 0.0261224489796 0.0572831423895
0 0.852653061224 0.496726677578 0.025306122449 0.0801963993453
0 0.877551020408 0.39852700491 0.0228571428571 0.0703764320786
0 0.864489795918 0.338788870704 0.0195918367347 0.0458265139116
0 0.798775510204 0.31178396072 0.0204081632653 0.0540098199673
0 0.751836734694 0.283142389525 0.0179591836735 0.0425531914894
0 0.711020408163 0.278232405892 0.0195918367347 0.0458265139116
0 0.695510204082 0.216039279869 0.014693877551 0.0425531914894
0 0.682448979592 0.155482815057 0.0163265306122 0.0327332242226
0 0.705714285714 0.157937806874 0.0155102040816 0.0343698854337
0 0.731428571429 0.240589198036 0.0179591836735 0.0458265139116
0 0.754285714286 0.200490998363 0.0114285714286 0.0343698854337
0 0.775102040816 0.207855973813 0.0138775510204 0.0360065466448
0 0.792653061224 0.250409165303 0.0163265306122 0.0425531914894
0 0.818367346939 0.229132569558 0.0155102040816 0.0360065466448
0 0.873469387755 0.234860883797 0.0130612244898 0.0310965630115
0 0.887346938776 0.28232405892 0.0195918367347 0.0409165302782
0 0.901632653061 0.261865793781 0.0155102040816 0.0360065466448
0 0.952653061224 0.248772504092 0.014693877551 0.0360065466448
0 0.989387755102 0.261047463175 0.014693877551 0.037643207856
0 0.90612244898 0.228314238953 0.0163265306122 0.037643207856
0 0.932244897959 0.273322422259 0.0130612244898 0.0327332242226
0 0.972244897959 0.31914893617 0.014693877551 0.0458265139116
0 0.924489795918 0.349427168576 0.0171428571429 0.0474631751227
0 0.948571428571 0.373158756137 0.0195918367347 0.0458265139116
0 0.978367346939 0.363338788871 0.0155102040816 0.0490998363339
0 0.952244897959 0.43535188216 0.0285714285714 0.0654664484452
0 0.808163265306 0.19558101473 0.014693877551 0.0409165302782
0 0.77387755102 0.184124386252 0.0163265306122 0.037643207856
0 0.524081632653 0.166939443535 0.0163265306122 0.0392798690671
0 0.548571428571 0.140752864157 0.0163265306122 0.0327332242226
