0 0.185501066098 0.468631178707 0.046908315565 0.0817490494297
0 0.363539445629 0.281368821293 0.0255863539446 0.0570342205323
0 0.391257995736 0.327946768061 0.0341151385928 0.0779467680608
0 0.268656716418 0.221482889734 0.0170575692964 0.0285171102662
0 0.34381663113 0.189163498099 0.0138592750533 0.032319391635
0 0.365671641791 0.189163498099 0.0149253731343 0.0285171102662
0 0.365671641791 0.219581749049 0.0170575692964 0.0247148288973
0 0.342217484009 0.239543726236 0.0213219616205 0.0342205323194
0 0.408848614072 0.206273764259 0.0159914712154 0.0285171102662
0 0.394456289979 0.189163498099 0.0127931769723 0.0247148288973
0 0.380597014925 0.18536121673 0.0127931769723 0.0247148288973
0 0.444029850746 0.219581749049 0.0159914712154 0.0361216730038
0 0.415245202559 0.259505703422 0.0202558635394 0.0399239543726
0 0.472281449893 0.210076045627 0.0234541577825 0.0399239543726
0 0.440831556503 0.173954372624 0.0138592750533 0.032319391635
0 0.438699360341 0.141634980989 0.0138592750533 0.0285171102662
0 0.472814498934 0.170152091255 0.0159914712154 0.0209125475285
0 0.51012793177 0.182509505703 0.0181236673774 0.0380228136882
0 0.543176972281 0.19391634981 0.0181236673774 0.041825095057
0 0.518656716418 0.166349809886 0.0181236673774 0.0361216730038
0 0.506929637527 0.134980988593 0.0138592750533 0.0304182509506
0 0.52078891258 0.127376425856 0.0138592750533 0.0266159695817
0 0.478144989339 0.149239543726 0.0181236673774 0.0209125475285
0 0.535714285714 0.135931558935 0.0138592750533 0.0285171102662
0 0.579424307036 0.169201520913 0.0159914712154 0.0342205323194
0 0.609808102345 0.116920152091 0.0191897654584 0.0361216730038
0 0.587953091684 0.122623574144 0.0117270788913 0.0285171102662
0 0.650852878465 0.119771863118 0.0159914712154 0.0304182509506
0 0.664179104478 0.102661596958 0.0170575692964 0.0304182509506
0 0.671641791045 0.130228136882 0.0127931769723 0.032319391635
0 0.689765458422 0.109315589354 0.0149253731343 0.0361216730038
0 0.714818763326 0.12072243346 0.0138592750533 0.0247148288973
0 0.597014925373 0.247148288973 0.0191897654584 0.041825095057
0 0.628464818763 0.252851711027 0.0223880597015 0.0494296577947
0 0.722281449893 0.242395437262 0.0202558635394 0.0361216730038
0 0.667377398721 0.304182509506 0.0213219616205 0.0380228136882
0 0.670575692964 0.179657794677 0.0191897654584 0.032319391635
0 0.763859275053 0.350760456274 0.0245202558635 0.0627376425856
0 0.787846481876 0.325095057034 0.0213219616205 0.0608365019011
0 0.76012793177 0.286121673004 0.0234541577825 0.0627376425856
0 0.773454157783 0.27566539924 0.0202558635394 0.0532319391635
0 0.77078891258 0.20247148289 0.0170575692964 0.0361216730038
0 0.741471215352 0.195817490494 0.0138592750533 0.0266159695817
0 0.762260127932 0.180608365019 0.0127931769723 0.0228136882129
0 0.745202558635 0.153041825095 0.0170575692964 0.0209125475285
0 0.720149253731 0.165399239544 0.0181236673774 0.0228136882129
0 0.756396588486 0.136882129278 0.0138592750533 0.0228136882129
0 0.778784648188 0.154942965779 0.0117270788913 0.0247148288973
0 0.797974413646 0.157794676806 0.0138592750533 0.0304182509506
0 0.81236673774 0.148288973384 0.0127931769723 0.0304182509506
0 0.804904051173 0.124524714829 0.0127931769723 0.0247148288973
0 0.825692963753 0.133079847909 0.0117270788913 0.0266159695817
0 0.839552238806 0.152091254753 0.0117270788913 0.0304182509506
0 0.85447761194 0.150190114068 0.0117270788913 0.0304182509506
0 0.829957356077 0.18536121673 0.0138592750533 0.0285171102662
0 0.852878464819 0.227186311787 0.0170575692964 0.0399239543726
0 0.846481876333 0.205323193916 0.0127931769723 0.0304182509506
0 0.857675906183 0.187262357414 0.0117270788913 0.0285171102662
0 0.874200426439 0.164448669202 0.0149253731343 0.0361216730038
0 0.884861407249 0.144486692015 0.0149253731343 0.0342205323194
0 0.910447761194 0.150190114068 0.0149253731343 0.0342205323194
0 0.837420042644 0.359315589354 0.0266524520256 0.0456273764259
0 0.908315565032 0.391634980989 0.0234541577825 0.0494296577947
0 0.909381663113 0.321292775665 0.0213219616205 0.0456273764259
0 0.883795309168 0.256653992395 0.0234541577825 0.0494296577947
0 0.935501066098 0.287072243346 0.0223880597015 0.0494296577947
0 0.931236673774 0.244296577947 0.0159914712154 0.0285171102662
0 0.900319829424 0.20247148289 0.0138592750533 0.0247148288973
0 0.892324093817 0.228136882129 0.0191897654584 0.0380228136882
0 0.952558635394 0.204372623574 0.0138592750533 0.032319391635
0 0.942430703625 0.192965779468 0.0106609808102 0.0285171102662
0 0.953091684435 0.171102661597 0.0127931769723 0.0266159695817
