0 0.323971518987 0.210013908206 0.0181962025316 0.0389429763561
0 0.345332278481 0.214186369958 0.0197784810127 0.0417246175243
0 0.381724683544 0.296940194715 0.0292721518987 0.0458970792768
0 0.480617088608 0.200278164117 0.0166139240506 0.0389429763561
0 0.46875 0.146731571627 0.0166139240506 0.029207232267
0 0.553401898734 0.120305980529 0.0150316455696 0.0264255910987
0 0.559335443038 0.169680111266 0.0189873417722 0.0389429763561
0 0.801028481013 0.388038942976 0.0387658227848 0.0778859527121
0 0.862341772152 0.135605006954 0.0126582278481 0.029207232267
0 0.893196202532 0.142559109875 0.0110759493671 0.0347705146036
