0 0.133253778839 0.499301675978 0.0517104216388 0.0879888268156
0 0.157120127287 0.475558659218 0.0469371519491 0.0768156424581
0 0.163086714399 0.341480446927 0.030230708035 0.054469273743
0 0.231105807478 0.300977653631 0.0310262529833 0.0656424581006
0 0.50676213206 0.0789106145251 0.0159108989658 0.0237430167598
0 0.541368337311 0.0572625698324 0.0135242641209 0.0251396648045
0 0.612569610183 0.0628491620112 0.0143198090692 0.0251396648045
0 0.635640413683 0.0509776536313 0.0143198090692 0.0237430167598
0 0.79554494829 0.0642458100559 0.0143198090692 0.0307262569832
0 0.856404136834 0.0782122905028 0.0151153540175 0.0251396648045
