0 0.20281124498 0.357142857143 0.0461847389558 0.0970017636684
0 0.302710843373 0.229276895944 0.0230923694779 0.0458553791887
0 0.323293172691 0.178130511464 0.0180722891566 0.042328042328
0 0.347891566265 0.194885361552 0.0210843373494 0.0335097001764
0 0.402610441767 0.188712522046 0.0220883534137 0.0352733686067
0 0.413654618474 0.162257495591 0.0140562248996 0.0282186948854
0 0.413152610442 0.142857142857 0.0150602409639 0.0246913580247
0 0.441767068273 0.168430335097 0.0200803212851 0.0405643738977
0 0.438253012048 0.200176366843 0.0190763052209 0.0405643738977
0 0.469879518072 0.205467372134 0.0281124497992 0.0546737213404
0 0.43875502008 0.142857142857 0.0140562248996 0.0246913580247
0 0.449297188755 0.128747795414 0.0110441767068 0.021164021164
0 0.45983935743 0.142857142857 0.0140562248996 0.031746031746
0 0.474899598394 0.164902998236 0.0200803212851 0.037037037037
0 0.493975903614 0.144620811287 0.0140562248996 0.031746031746
0 0.496987951807 0.126102292769 0.0140562248996 0.026455026455
0 0.511546184739 0.117283950617 0.0130522088353 0.026455026455
0 0.516064257028 0.148148148148 0.0160642570281 0.031746031746
0 0.526104417671 0.170194003527 0.0200803212851 0.0335097001764
0 0.548192771084 0.168430335097 0.0160642570281 0.037037037037
0 0.550200803213 0.140211640212 0.0160642570281 0.0299823633157
0 0.563253012048 0.137566137566 0.0160642570281 0.0352733686067
0 0.533634538153 0.136684303351 0.0150602409639 0.026455026455
0 0.524598393574 0.120811287478 0.0110441767068 0.0229276895944
0 0.53765060241 0.122574955908 0.0130522088353 0.0229276895944
0 0.580321285141 0.0987654320988 0.0140562248996 0.031746031746
0 0.592871485944 0.135802469136 0.0170682730924 0.0352733686067
0 0.592871485944 0.118165784832 0.0130522088353 0.0282186948854
0 0.578815261044 0.167548500882 0.0170682730924 0.042328042328
0 0.629016064257 0.143738977072 0.0150602409639 0.0335097001764
0 0.639558232932 0.137566137566 0.0120481927711 0.031746031746
0 0.6109437751 0.0934744268078 0.0130522088353 0.0246913580247
0 0.628012048193 0.0925925925926 0.0130522088353 0.026455026455
0 0.638554216867 0.10758377425 0.0100401606426 0.0282186948854
0 0.653614457831 0.115520282187 0.0140562248996 0.0299823633157
0 0.668674698795 0.100529100529 0.0100401606426 0.0282186948854
0 0.681224899598 0.112874779541 0.0130522088353 0.0282186948854
0 0.696787148594 0.110229276896 0.0140562248996 0.0335097001764
0 0.501004016064 0.270723104056 0.0281124497992 0.0546737213404
0 0.564759036145 0.228395061728 0.0230923694779 0.0511463844797
0 0.578815261044 0.273368606702 0.0291164658635 0.0564373897707
0 0.625 0.29012345679 0.0291164658635 0.0652557319224
0 0.626506024096 0.253968253968 0.0220883534137 0.0458553791887
0 0.625 0.185185185185 0.0210843373494 0.0388007054674
0 0.662148594378 0.175485008818 0.0170682730924 0.0440917107584
0 0.673694779116 0.201058201058 0.0220883534137 0.0458553791887
0 0.664156626506 0.254850088183 0.0251004016064 0.047619047619
0 0.681726907631 0.305114638448 0.0301204819277 0.0670194003527
0 0.714859437751 0.340388007055 0.0361445783133 0.0740740740741
0 0.701807228916 0.198412698413 0.0200803212851 0.0440917107584
0 0.71937751004 0.219576719577 0.0230923694779 0.0546737213404
0 0.706827309237 0.155202821869 0.0160642570281 0.0388007054674
0 0.738955823293 0.163139329806 0.0160642570281 0.037037037037
0 0.765060240964 0.135802469136 0.0180722891566 0.0352733686067
0 0.758032128514 0.114638447972 0.0180722891566 0.042328042328
0 0.788152610442 0.126984126984 0.0180722891566 0.0352733686067
0 0.777610441767 0.165784832451 0.0190763052209 0.0458553791887
0 0.802710843373 0.189594356261 0.0190763052209 0.0405643738977
0 0.813253012048 0.180776014109 0.0160642570281 0.037037037037
0 0.830321285141 0.169312169312 0.0160642570281 0.0388007054674
0 0.83483935743 0.206349206349 0.0170682730924 0.0388007054674
0 0.853915662651 0.178130511464 0.0170682730924 0.042328042328
0 0.848895582329 0.144620811287 0.0150602409639 0.0282186948854
0 0.870481927711 0.167548500882 0.0160642570281 0.031746031746
0 0.881526104418 0.141093474427 0.0140562248996 0.0352733686067
0 0.894578313253 0.189594356261 0.0200803212851 0.037037037037
0 0.890060240964 0.232804232804 0.0230923694779 0.0529100529101
0 0.854417670683 0.302469135802 0.0220883534137 0.0546737213404
0 0.866465863454 0.284832451499 0.0200803212851 0.0511463844797
0 0.802208835341 0.254850088183 0.0220883534137 0.0440917107584
0 0.80421686747 0.29012345679 0.0281124497992 0.0582010582011
0 0.809236947791 0.355379188713 0.0361445783133 0.0758377425044
0 0.897590361446 0.41975308642 0.0281124497992 0.0846560846561
0 0.920682730924 0.319223985891 0.0261044176707 0.0634920634921
0 0.936746987952 0.270723104056 0.0240963855422 0.0546737213404
0 0.925200803213 0.233686067019 0.0170682730924 0.0440917107584
0 0.942269076305 0.236331569665 0.0150602409639 0.0352733686067
0 0.939759036145 0.194003527337 0.0120481927711 0.031746031746
0 0.941767068273 0.164021164021 0.0120481927711 0.0282186948854
0 0.919678714859 0.149911816578 0.0120481927711 0.0246913580247
0 0.918674698795 0.173721340388 0.0140562248996 0.0299823633157
