0 0.02 0.401685393258 0.0256 0.0533707865169
0 0.2352 0.327949438202 0.0192 0.0379213483146
0 0.262 0.337078651685 0.0216 0.0449438202247
0 0.2856 0.352528089888 0.0208 0.0477528089888
0 0.282 0.299859550562 0.0184 0.0379213483146
0 0.336 0.349719101124 0.0224 0.0477528089888
0 0.3744 0.339185393258 0.0192 0.0379213483146
0 0.3696 0.311797752809 0.0176 0.0337078651685
0 0.3536 0.283707865169 0.0176 0.0365168539326
0 0.402 0.330056179775 0.0216 0.0365168539326
0 0.4432 0.332865168539 0.0224 0.0393258426966
0 0.406 0.290730337079 0.0168 0.0308988764045
0 0.3972 0.273174157303 0.0152 0.0266853932584
0 0.394 0.246488764045 0.0136 0.0266853932584
0 0.4252 0.273174157303 0.0168 0.0323033707865
0 0.422 0.254213483146 0.012 0.0252808988764
0 0.4512 0.238061797753 0.0128 0.0266853932584
0 0.464 0.233848314607 0.0128 0.0266853932584
0 0.4668 0.264747191011 0.0184 0.0323033707865
0 0.4648 0.301264044944 0.0176 0.0294943820225
0 0.4412 0.299157303371 0.02 0.0337078651685
0 0.4948 0.257724719101 0.0168 0.0294943820225
0 0.5136 0.30547752809 0.0192 0.0351123595506
0 0.5412 0.27808988764 0.02 0.0421348314607
0 0.5108 0.239466292135 0.0152 0.0294943820225
0 0.5428 0.218398876404 0.0136 0.0238764044944
0 0.5272 0.259129213483 0.016 0.0294943820225
0 0.562 0.235252808989 0.0152 0.0266853932584
0 0.5504 0.250702247191 0.0176 0.0294943820225
0 0.5624 0.21558988764 0.0144 0.0238764044944
0 0.5844 0.224016853933 0.0152 0.0266853932584
0 0.5884 0.242275280899 0.0136 0.0266853932584
0 0.6 0.199438202247 0.0128 0.0308988764045
0 0.616 0.20856741573 0.0128 0.0266853932584
0 0.6284 0.219101123596 0.0152 0.0280898876404
0 0.628 0.25 0.0144 0.0308988764045
0 0.642 0.207865168539 0.012 0.0196629213483
0 0.662 0.224016853933 0.0168 0.0323033707865
0 0.6736 0.221207865169 0.0112 0.0294943820225
0 0.6876 0.247893258427 0.0152 0.0351123595506
0 0.6692 0.257724719101 0.0168 0.0323033707865
0 0.626 0.287921348315 0.02 0.0393258426966
0 0.5828 0.322331460674 0.0184 0.0435393258427
0 0.5344 0.394662921348 0.0272 0.0533707865169
0 0.5316 0.352528089888 0.0248 0.0505617977528
0 0.4932 0.386938202247 0.0264 0.063202247191
0 0.6032 0.421348314607 0.032 0.0702247191011
0 0.5992 0.366573033708 0.0256 0.0533707865169
0 0.6376 0.325842696629 0.0208 0.0477528089888
0 0.6812 0.344803370787 0.0232 0.0519662921348
0 0.6532 0.375 0.0264 0.061797752809
0 0.6528 0.436797752809 0.0352 0.0702247191011
0 0.7012 0.497893258427 0.0408 0.0856741573034
0 0.7092 0.283707865169 0.0152 0.0393258426966
0 0.7332 0.261235955056 0.0152 0.0337078651685
0 0.7276 0.214887640449 0.0152 0.0308988764045
0 0.744 0.24297752809 0.0144 0.0252808988764
0 0.7676 0.225421348315 0.0152 0.0379213483146
0 0.7476 0.274578651685 0.0184 0.0351123595506
0 0.7948 0.290730337079 0.0152 0.0393258426966
0 0.7932 0.235252808989 0.0136 0.0266853932584
0 0.7588 0.255617977528 0.0136 0.0337078651685
0 0.7224 0.386938202247 0.0256 0.0547752808989
0 0.7556 0.400280898876 0.0264 0.0561797752809
0 0.7932 0.358146067416 0.0232 0.0505617977528
0 0.8264 0.447331460674 0.0352 0.0688202247191
0 0.8164 0.516853932584 0.0392 0.0702247191011
0 0.8916 0.459269662921 0.0328 0.0702247191011
0 0.8992 0.391151685393 0.0272 0.0519662921348
0 0.9084 0.346207865169 0.0184 0.0379213483146
0 0.8544 0.358848314607 0.024 0.0463483146067
0 0.8368 0.402387640449 0.024 0.0435393258427
0 0.8304 0.29845505618 0.0176 0.0379213483146
0 0.8392 0.274578651685 0.0144 0.0294943820225
0 0.828 0.247893258427 0.016 0.0323033707865
0 0.8588 0.249297752809 0.0136 0.0323033707865
0 0.8748 0.277387640449 0.0168 0.0379213483146
0 0.8532 0.3125 0.0168 0.0379213483146
0 0.906 0.310393258427 0.0136 0.0337078651685
0 0.9144 0.286516853933 0.0112 0.0252808988764
0 0.9144 0.268960674157 0.016 0.0323033707865
