0 0.341052631579 0.207386363636 0.0168421052632 0.0284090909091
0 0.532631578947 0.205492424242 0.0210526315789 0.0397727272727
0 0.542631578947 0.224431818182 0.0242105263158 0.0511363636364
0 0.588947368421 0.220643939394 0.02 0.0511363636364
0 0.625789473684 0.201704545455 0.02 0.0435606060606
0 0.630526315789 0.225378787879 0.0252631578947 0.0530303030303
0 0.664736842105 0.214962121212 0.02 0.0473484848485
0 0.680526315789 0.176136363636 0.02 0.0454545454545
0 0.706842105263 0.195075757576 0.0178947368421 0.0416666666667
0 0.747368421053 0.27178030303 0.0231578947368 0.0511363636364
0 0.823157894737 0.267992424242 0.0273684210526 0.0549242424242
0 0.874210526316 0.279356060606 0.0263157894737 0.0511363636364
0 0.882105263158 0.332386363636 0.04 0.0852272727273
0 0.920526315789 0.291666666667 0.02 0.0492424242424
0 0.936315789474 0.285984848485 0.0221052631579 0.0643939393939
