0 0.130434782609 0.620658135283 0.0295324036095 0.0749542961609
0 0.0758818703856 0.498171846435 0.0188679245283 0.0566727605119
0 0.0623461853979 0.41773308958 0.0164068908942 0.0603290676417
0 0.209187858901 0.500914076782 0.0213289581624 0.0511882998172
0 0.21246923708 0.351919561243 0.0164068908942 0.0566727605119
0 0.246513535685 0.300731261426 0.0172272354389 0.0530164533821
0 0.174323215751 0.265996343693 0.0155865463495 0.0420475319927
0 0.182116488925 0.187385740402 0.0131255127153 0.0420475319927
0 0.121821164889 0.210237659963 0.0123051681706 0.036563071298
0 0.157916324856 0.153564899452 0.0106644790812 0.0292504570384
0 0.0500410172272 0.23126142596 0.0114848236259 0.0310786106033
0 0.22641509434 0.147166361974 0.0131255127153 0.0274223034735
0 0.2596390484 0.124314442413 0.0123051681706 0.0292504570384
0 0.29450369155 0.164533820841 0.0147662018048 0.0329067641682
0 0.292042657916 0.203839122486 0.0131255127153 0.0347349177331
0 0.313371616079 0.236745886654 0.0147662018048 0.0310786106033
0 0.359721082855 0.226691042048 0.0123051681706 0.036563071298
0 0.383100902379 0.172760511883 0.0131255127153 0.0347349177331
0 0.365053322395 0.0840950639854 0.00984413453651 0.0292504570384
0 0.396636587367 0.0923217550274 0.0106644790812 0.0274223034735
0 0.439294503692 0.091407678245 0.0106644790812 0.0255941499086
0 0.423707957342 0.165447897623 0.0123051681706 0.0347349177331
0 0.45652173913 0.289762340037 0.0155865463495 0.0457038391225
0 0.471287940935 0.132541133455 0.0123051681706 0.0310786106033
0 0.472928630025 0.169104204753 0.01394585726 0.0274223034735
0 0.487694831829 0.117001828154 0.0123051681706 0.0292504570384
0 0.489335520919 0.0740402193784 0.0090237899918 0.0237659963437
0 0.515586546349 0.106032906764 0.0106644790812 0.0255941499086
0 0.484003281378 0.222120658135 0.0147662018048 0.0420475319927
0 0.51394585726 0.172760511883 0.0123051681706 0.0347349177331
0 0.547579983593 0.0749542961609 0.0106644790812 0.0255941499086
0 0.580803937654 0.0950639853748 0.00984413453651 0.0219378427788
0 0.611156685808 0.13071297989 0.0114848236259 0.0310786106033
0 0.627973748975 0.111517367459 0.0123051681706 0.0219378427788
0 0.579983593109 0.200182815356 0.0147662018048 0.0347349177331
0 0.552502050861 0.305301645338 0.0172272354389 0.0438756855576
0 0.618949958983 0.235831809872 0.0155865463495 0.0329067641682
0 0.661607875308 0.152650822669 0.0106644790812 0.0274223034735
0 0.543068088597 0.480804387569 0.0246103363413 0.0658135283364
0 0.695242001641 0.352833638026 0.0155865463495 0.0475319926874
0 0.722723543888 0.275137111517 0.0147662018048 0.0383912248629
0 0.715750615258 0.211151736746 0.0123051681706 0.0347349177331
0 0.735438884331 0.212979890311 0.0123051681706 0.0274223034735
0 0.787120590648 0.215722120658 0.0123051681706 0.0292504570384
0 0.827727645611 0.241316270567 0.0147662018048 0.036563071298
0 0.796964725185 0.380255941499 0.0205086136177 0.0438756855576
0 0.864232977851 0.275137111517 0.01394585726 0.0310786106033
0 0.882690730107 0.301645338208 0.0147662018048 0.036563071298
0 0.940525020509 0.372943327239 0.01394585726 0.0402193784278
