0 0.0682189542484 0.567019400353 0.0563725490196 0.135802469136
0 0.18545751634 0.286596119929 0.0228758169935 0.0582010582011
0 0.21568627451 0.293650793651 0.0261437908497 0.0582010582011
0 0.254493464052 0.23721340388 0.0220588235294 0.047619047619
0 0.292892156863 0.244268077601 0.0204248366013 0.0546737213404
0 0.295751633987 0.206349206349 0.0212418300654 0.0493827160494
0 0.312908496732 0.227513227513 0.0212418300654 0.0599647266314
0 0.33660130719 0.207231040564 0.016339869281 0.0440917107584
0 0.350490196078 0.196649029982 0.0196078431373 0.0405643738977
0 0.360294117647 0.258377425044 0.0196078431373 0.047619047619
0 0.386846405229 0.232804232804 0.0138888888889 0.0458553791887
0 0.378676470588 0.185185185185 0.0187908496732 0.042328042328
0 0.424019607843 0.320987654321 0.0261437908497 0.0493827160494
0 0.459558823529 0.246031746032 0.0220588235294 0.0546737213404
0 0.479575163399 0.205467372134 0.0179738562092 0.047619047619
0 0.481209150327 0.152557319224 0.0179738562092 0.0440917107584
0 0.43954248366 0.155202821869 0.0179738562092 0.0458553791887
0 0.423611111111 0.190476190476 0.0171568627451 0.0388007054674
0 0.417892156863 0.163139329806 0.0171568627451 0.037037037037
0 0.519607843137 0.224867724868 0.0212418300654 0.0511463844797
0 0.508986928105 0.164021164021 0.0179738562092 0.0493827160494
0 0.56454248366 0.195767195767 0.0179738562092 0.0388007054674
0 0.549019607843 0.157848324515 0.016339869281 0.0405643738977
0 0.543300653595 0.128747795414 0.016339869281 0.0352733686067
0 0.569852941176 0.126984126984 0.0171568627451 0.0458553791887
0 0.589869281046 0.112874779541 0.016339869281 0.042328042328
0 0.598447712418 0.149911816578 0.0187908496732 0.0458553791887
0 0.594362745098 0.188712522046 0.0171568627451 0.042328042328
0 0.615604575163 0.191358024691 0.0187908496732 0.0511463844797
0 0.62295751634 0.122574955908 0.0138888888889 0.0405643738977
0 0.640114379085 0.144620811287 0.0171568627451 0.0458553791887
0 0.650326797386 0.173721340388 0.0147058823529 0.037037037037
0 0.649509803922 0.120811287478 0.0147058823529 0.0405643738977
0 0.680147058824 0.128747795414 0.0171568627451 0.0388007054674
0 0.682189542484 0.161375661376 0.0179738562092 0.0405643738977
0 0.706699346405 0.149911816578 0.016339869281 0.042328042328
0 0.567401960784 0.335978835979 0.0253267973856 0.0723104056437
0 0.599264705882 0.388888888889 0.0269607843137 0.0687830687831
0 0.653594771242 0.405643738977 0.0294117647059 0.0705467372134
0 0.609477124183 0.28835978836 0.0277777777778 0.0582010582011
0 0.648284313725 0.269841269841 0.0253267973856 0.0670194003527
0 0.707924836601 0.208994708995 0.0187908496732 0.0440917107584
0 0.71568627451 0.258377425044 0.0245098039216 0.0582010582011
0 0.726715686275 0.203703703704 0.0171568627451 0.047619047619
0 0.734068627451 0.228395061728 0.015522875817 0.0440917107584
0 0.749183006536 0.200176366843 0.016339869281 0.0405643738977
0 0.771241830065 0.204585537919 0.0147058823529 0.042328042328
0 0.770016339869 0.178130511464 0.0171568627451 0.0352733686067
0 0.742647058824 0.285714285714 0.0196078431373 0.0564373897707
0 0.719362745098 0.405643738977 0.0253267973856 0.0670194003527
0 0.792892156863 0.44885361552 0.031862745098 0.0864197530864
0 0.810049019608 0.302469135802 0.0204248366013 0.0617283950617
0 0.786764705882 0.256613756614 0.0179738562092 0.0582010582011
0 0.810866013072 0.218694885362 0.0187908496732 0.0458553791887
0 0.804738562092 0.183421516755 0.016339869281 0.0388007054674
0 0.825163398693 0.210758377425 0.0130718954248 0.0405643738977
0 0.863562091503 0.223104056437 0.0130718954248 0.0405643738977
0 0.854575163399 0.340388007055 0.0179738562092 0.0564373897707
0 0.864379084967 0.314814814815 0.016339869281 0.0405643738977
0 0.884803921569 0.279541446208 0.0179738562092 0.0546737213404
0 0.87704248366 0.247795414462 0.015522875817 0.037037037037
0 0.895016339869 0.256613756614 0.015522875817 0.037037037037
0 0.902777777778 0.231922398589 0.0147058823529 0.0440917107584
0 0.875816993464 0.432098765432 0.0245098039216 0.0740740740741
0 0.879493464052 0.50176366843 0.0383986928105 0.0723104056437
0 0.957924836601 0.460317460317 0.0285947712418 0.0811287477954
0 0.946078431373 0.387125220459 0.0212418300654 0.0723104056437
0 0.929330065359 0.335097001764 0.0204248366013 0.0634920634921
0 0.930555555556 0.273368606702 0.0130718954248 0.0388007054674
0 0.944444444444 0.240740740741 0.0130718954248 0.0440917107584
0 0.978349673203 0.268077601411 0.0138888888889 0.0352733686067
0 0.972222222222 0.305114638448 0.016339869281 0.042328042328
0 0.965277777778 0.322751322751 0.0171568627451 0.0458553791887
0 0.971405228758 0.372134038801 0.0245098039216 0.0634920634921
