0 0.0628988149499 0.565634218289 0.0401093892434 0.0781710914454
0 0.173199635369 0.353244837758 0.0255241567912 0.0309734513274
0 0.202370100273 0.38790560472 0.0164083865087 0.0442477876106
0 0.239744758432 0.382743362832 0.0218778486782 0.0427728613569
0 0.287602552416 0.380530973451 0.0227894257065 0.0442477876106
0 0.237921604376 0.325958702065 0.0237010027347 0.0324483775811
0 0.31130355515 0.344395280236 0.0227894257065 0.0339233038348
0 0.30902461258 0.307522123894 0.0200546946217 0.0309734513274
0 0.355515041021 0.275073746313 0.0255241567912 0.0250737463127
0 0.373290793072 0.344395280236 0.024612579763 0.0457227138643
0 0.452142206016 0.423303834808 0.0309936189608 0.0589970501475
0 0.527347310848 0.438790560472 0.0300820419325 0.0545722713864
0 0.569279854148 0.469764011799 0.0319051959891 0.0693215339233
0 0.614402917046 0.473451327434 0.0364630811304 0.0737463126844
0 0.697356426618 0.561209439528 0.0309936189608 0.0722713864307
0 0.414311759344 0.36209439528 0.02096627165 0.0309734513274
0 0.43710118505 0.328908554572 0.0191431175934 0.0353982300885
0 0.475843208751 0.339970501475 0.0200546946217 0.0368731563422
0 0.39288969918 0.268436578171 0.0182315405652 0.023598820059
0 0.411577028259 0.278761061947 0.0136736554239 0.0294985250737
0 0.427529626253 0.281710914454 0.0127620783956 0.0294985250737
0 0.430264357338 0.253687315634 0.0145852324521 0.023598820059
0 0.482224247949 0.272861356932 0.0145852324521 0.0353982300885
0 0.501823154057 0.256637168142 0.0118505013674 0.0294985250737
0 0.535551504102 0.255162241888 0.0136736554239 0.0294985250737
0 0.53646308113 0.228613569322 0.0118505013674 0.0206489675516
0 0.497721057429 0.294985250737 0.0145852324521 0.0265486725664
0 0.530082041933 0.296460176991 0.0154968094804 0.0324483775811
0 0.518687329079 0.375368731563 0.0237010027347 0.0486725663717
0 0.599817684594 0.398230088496 0.0255241567912 0.0442477876106
0 0.588878760255 0.336283185841 0.0237010027347 0.0412979351032
0 0.558796718323 0.27802359882 0.0182315405652 0.0280235988201
0 0.613947128532 0.267699115044 0.0173199635369 0.0280235988201
0 0.586599817685 0.261799410029 0.0154968094804 0.0250737463127
0 0.631267092069 0.234513274336 0.0154968094804 0.0265486725664
0 0.617137648131 0.218289085546 0.0127620783956 0.0324483775811
0 0.551959890611 0.229351032448 0.0118505013674 0.0191740412979
0 0.595259799453 0.219764011799 0.0182315405652 0.0265486725664
0 0.343208751139 0.350294985251 0.02096627165 0.0368731563422
0 0.657247037375 0.219026548673 0.0145852324521 0.0221238938053
0 0.692798541477 0.312684365782 0.0164083865087 0.0412979351032
0 0.704649042844 0.259587020649 0.0145852324521 0.0383480825959
0 0.664539653601 0.286873156342 0.0182315405652 0.0368731563422
0 0.668185961714 0.236725663717 0.0127620783956 0.0221238938053
0 0.733363719234 0.249262536873 0.0154968094804 0.0324483775811
0 0.750683682771 0.238200589971 0.0154968094804 0.0309734513274
0 0.767547857794 0.270648967552 0.0127620783956 0.0339233038348
0 0.783500455789 0.290560471976 0.0173199635369 0.0383480825959
0 0.78805834093 0.245575221239 0.0136736554239 0.0280235988201
0 0.819507748405 0.251474926254 0.0182315405652 0.0309734513274
0 0.826344576117 0.311946902655 0.0191431175934 0.0368731563422
0 0.821786690975 0.370206489676 0.024612579763 0.0501474926254
0 0.838195077484 0.351769911504 0.0154968094804 0.0398230088496
0 0.855970829535 0.334808259587 0.0145852324521 0.0353982300885
0 0.868732907931 0.290560471976 0.0164083865087 0.0294985250737
0 0.886964448496 0.267699115044 0.0145852324521 0.0309734513274
0 0.85323609845 0.265486725664 0.0109389243391 0.0265486725664
0 0.915679124886 0.291297935103 0.0136736554239 0.0368731563422
0 0.912488605287 0.33407079646 0.0182315405652 0.0368731563422
0 0.873290793072 0.340707964602 0.0 0.0
0 0.623062898815 0.319321533923 0.0227894257065 0.0339233038348
0 0.645396536007 0.385693215339 0.0273473108478 0.0604719764012
0 0.685505925251 0.370943952802 0.0237010027347 0.0457227138643
0 0.721969006381 0.418879056047 0.0309936189608 0.0560471976401
0 0.781221513218 0.442477876106 0.0273473108478 0.0619469026549
0 0.831814038286 0.522861356932 0.0264357338195 0.0634218289086
0 0.857793983592 0.492625368732 0.0255241567912 0.0619469026549
0 0.867365542388 0.435103244838 0.024612579763 0.0589970501475
0 0.885597082954 0.360619469027 0.02096627165 0.0427728613569
0 0.934822242479 0.338495575221 0.0173199635369 0.0339233038348
0 0.955788514129 0.318584070796 0.0191431175934 0.0294985250737
0 0.947128532361 0.377581120944 0.0200546946217 0.0412979351032
0 0.929808568824 0.470501474926 0.0237010027347 0.0678466076696
0 0.962625341841 0.292772861357 0.0145852324521 0.0221238938053
0 0.744302643573 0.268436578171 0.0136736554239 0.0353982300885
0 0.369644484959 0.315634218289 0.0154968094804 0.0265486725664
0 0.36645396536 0.293510324484 0.0164083865087 0.0265486725664
0 0.438924339107 0.246312684366 0.0136736554239 0.023598820059
