0 0.208947368421 0.353703703704 0.0410526315789 0.0740740740741
0 0.315263157895 0.227777777778 0.0157894736842 0.0333333333333
0 0.323684210526 0.199074074074 0.0178947368421 0.0314814814815
0 0.348947368421 0.207407407407 0.0157894736842 0.0296296296296
0 0.414736842105 0.192592592593 0.0168421052632 0.0333333333333
0 0.424210526316 0.175925925926 0.0147368421053 0.0259259259259
0 0.422631578947 0.15 0.0136842105263 0.0259259259259
0 0.46 0.143518518519 0.0105263157895 0.0240740740741
0 0.47 0.132407407407 0.0115789473684 0.0240740740741
0 0.484736842105 0.141666666667 0.0136842105263 0.0240740740741
0 0.494210526316 0.127777777778 0.0115789473684 0.0259259259259
0 0.447368421053 0.209259259259 0.0189473684211 0.037037037037
0 0.455789473684 0.17962962963 0.0168421052632 0.0333333333333
0 0.481578947368 0.187962962963 0.0157894736842 0.0314814814815
0 0.482631578947 0.214814814815 0.0178947368421 0.0333333333333
0 0.503684210526 0.148148148148 0.0136842105263 0.0259259259259
0 0.504210526316 0.134259259259 0.0105263157895 0.0203703703704
0 0.523157894737 0.122222222222 0.0126315789474 0.0222222222222
0 0.539473684211 0.135185185185 0.0115789473684 0.0222222222222
0 0.545263157895 0.124074074074 0.0105263157895 0.0222222222222
0 0.527894736842 0.156481481481 0.0136842105263 0.0277777777778
0 0.548421052632 0.159259259259 0.0147368421053 0.0259259259259
0 0.542105263158 0.184259259259 0.0168421052632 0.0314814814815
0 0.564736842105 0.148148148148 0.0136842105263 0.0296296296296
0 0.593157894737 0.111111111111 0.00947368421053 0.0222222222222
0 0.602631578947 0.121296296296 0.0115789473684 0.0277777777778
0 0.595263157895 0.14537037037 0.0136842105263 0.0240740740741
0 0.592105263158 0.166666666667 0.0157894736842 0.0333333333333
0 0.621052631579 0.1 0.0126315789474 0.0222222222222
0 0.642631578947 0.0990740740741 0.00947368421053 0.0203703703704
0 0.638421052632 0.113888888889 0.00947368421053 0.0203703703704
0 0.647894736842 0.125925925926 0.0115789473684 0.0222222222222
0 0.661052631579 0.106481481481 0.0126315789474 0.0203703703704
0 0.666842105263 0.112962962963 0.0115789473684 0.0222222222222
0 0.628947368421 0.137962962963 0.0115789473684 0.0277777777778
0 0.638947368421 0.148148148148 0.0126315789474 0.0222222222222
0 0.684210526316 0.124074074074 0.0126315789474 0.0222222222222
0 0.699473684211 0.12037037037 0.0136842105263 0.0259259259259
0 0.515789473684 0.264814814815 0.0231578947368 0.0407407407407
0 0.587368421053 0.280555555556 0.0231578947368 0.0425925925926
0 0.594210526316 0.234259259259 0.02 0.0388888888889
0 0.646842105263 0.196296296296 0.0178947368421 0.037037037037
0 0.639473684211 0.243518518519 0.0178947368421 0.0388888888889
0 0.628947368421 0.298148148148 0.0242105263158 0.0518518518519
0 0.669473684211 0.211111111111 0.0189473684211 0.037037037037
0 0.668947368421 0.173148148148 0.0157894736842 0.0314814814815
0 0.712105263158 0.157407407407 0.0136842105263 0.0333333333333
0 0.694210526316 0.306481481481 0.0263157894737 0.0574074074074
0 0.688947368421 0.260185185185 0.0221052631579 0.0351851851852
0 0.725789473684 0.225925925926 0.02 0.0444444444444
0 0.7 0.212037037037 0.0147368421053 0.0277777777778
0 0.725263157895 0.140740740741 0.0147368421053 0.0296296296296
0 0.745789473684 0.164814814815 0.0136842105263 0.0296296296296
0 0.757368421053 0.125 0.0136842105263 0.0240740740741
0 0.769473684211 0.12037037037 0.0126315789474 0.0259259259259
0 0.767894736842 0.144444444444 0.0136842105263 0.0296296296296
0 0.786842105263 0.135185185185 0.0115789473684 0.0296296296296
0 0.771052631579 0.17962962963 0.0157894736842 0.037037037037
0 0.763157894737 0.32037037037 0.0273684210526 0.0592592592593
0 0.806315789474 0.276851851852 0.0252631578947 0.05
0 0.822631578947 0.243518518519 0.0178947368421 0.0388888888889
0 0.795789473684 0.198148148148 0.0168421052632 0.037037037037
0 0.812631578947 0.187962962963 0.0147368421053 0.0314814814815
0 0.803157894737 0.160185185185 0.0147368421053 0.0314814814815
0 0.831578947368 0.175 0.0147368421053 0.0314814814815
0 0.846842105263 0.15 0.0136842105263 0.0296296296296
0 0.873157894737 0.152777777778 0.0136842105263 0.0351851851852
0 0.88 0.152777777778 0.0105263157895 0.0277777777778
0 0.854210526316 0.189814814815 0.0136842105263 0.0314814814815
0 0.864736842105 0.187962962963 0.0136842105263 0.0314814814815
0 0.843684210526 0.212037037037 0.0157894736842 0.0314814814815
0 0.833157894737 0.352777777778 0.0242105263158 0.0537037037037
0 0.853684210526 0.3 0.0210526315789 0.0444444444444
0 0.906842105263 0.381481481481 0.0242105263158 0.0555555555556
0 0.867894736842 0.287037037037 0.02 0.0407407407407
0 0.888947368421 0.225925925926 0.0157894736842 0.0407407407407
0 0.931578947368 0.278703703704 0.0210526315789 0.0462962962963
0 0.877894736842 0.263888888889 0.0168421052632 0.0314814814815
0 0.932105263158 0.237037037037 0.0178947368421 0.037037037037
0 0.939473684211 0.214814814815 0.0178947368421 0.037037037037
0 0.944736842105 0.169444444444 0.0136842105263 0.0277777777778
0 0.897368421053 0.19537037037 0.0157894736842 0.0277777777778
0 0.908947368421 0.166666666667 0.0115789473684 0.0296296296296
0 0.917368421053 0.159259259259 0.0115789473684 0.0296296296296
