0 0.198772426818 0.456228956229 0.0406043437205 0.0841750841751
0 0.491029272899 0.183501683502 0.0169971671388 0.03367003367
0 0.508026440038 0.191919191919 0.0188857412653 0.037037037037
0 0.546742209632 0.141414141414 0.0151085930123 0.026936026936
0 0.698300283286 0.179292929293 0.014164305949 0.0353535353535
0 0.75731822474 0.174242424242 0.0151085930123 0.0319865319865
0 0.784702549575 0.191919191919 0.0132200188857 0.026936026936
0 0.79178470255 0.179292929293 0.0122757318225 0.0319865319865
0 0.830500472144 0.186868686869 0.0160528800755 0.037037037037
0 0.869216241737 0.289562289562 0.0198300283286 0.0538720538721
0 0.931067044381 0.248316498316 0.0132200188857 0.0353535353535
0 0.977337110482 0.143097643098 0.0132200188857 0.03367003367
