0 0.0756302521008 0.359550561798 0.0373482726424 0.0770465489567
0 0.273576097106 0.195024077047 0.0168067226891 0.0401284109149
0 0.286181139122 0.222311396469 0.0214752567694 0.0561797752809
0 0.309523809524 0.189406099518 0.015873015873 0.0353130016051
0 0.322128851541 0.182182985554 0.0186741363212 0.0369181380417
0 0.395424836601 0.203852327448 0.0289449112979 0.0577849117175
0 0.424369747899 0.224719101124 0.0196078431373 0.0449438202247
0 0.472455648926 0.178170144462 0.0242763772176 0.0609951845907
0 0.513071895425 0.154093097913 0.0233426704015 0.0481540930979
0 0.569561157796 0.157303370787 0.0261437908497 0.0545746388443
0 0.634920634921 0.184590690209 0.0280112044818 0.0577849117175
0 0.586367880486 0.27367576244 0.0280112044818 0.0626003210273
0 0.616713352007 0.299357945425 0.0289449112979 0.0626003210273
0 0.752567693744 0.351524879615 0.0448179271709 0.0930979133226
