0 0.298353909465 0.17 0.0205761316872 0.0381818181818
0 0.338477366255 0.2 0.0164609053498 0.0363636363636
0 0.534465020576 0.184545454545 0.0216049382716 0.0418181818182
0 0.611625514403 0.206363636364 0.0195473251029 0.0418181818182
0 0.624485596708 0.215454545455 0.0205761316872 0.0418181818182
0 0.638374485597 0.23 0.0318930041152 0.0563636363636
0 0.672325102881 0.209090909091 0.0174897119342 0.0436363636364
0 0.677983539095 0.179090909091 0.0185185185185 0.0381818181818
0 0.710390946502 0.192727272727 0.0174897119342 0.04
0 0.68158436214 0.243636363636 0.0277777777778 0.0509090909091
0 0.717592592593 0.308181818182 0.0298353909465 0.0563636363636
0 0.816358024691 0.233636363636 0.0216049382716 0.0490909090909
0 0.847222222222 0.227272727273 0.0257201646091 0.0545454545455
0 0.873456790123 0.256363636364 0.022633744856 0.0581818181818
0 0.89146090535 0.321818181818 0.033950617284 0.0872727272727
