0 0.162285136502 0.396276595745 0.061678463094 0.125886524823
0 0.385237613751 0.443262411348 0.0728008088979 0.141843971631
0 0.370070778564 0.218971631206 0.0262891809909 0.0478723404255
0 0.388776541962 0.172872340426 0.0232558139535 0.0443262411348
0 0.439838220425 0.203014184397 0.0222446916077 0.0372340425532
0 0.447421638018 0.257978723404 0.0212335692619 0.0478723404255
0 0.49646107179 0.223404255319 0.0222446916077 0.0460992907801
0 0.462588473205 0.103723404255 0.0171890798787 0.0265957446809
0 0.479271991911 0.11524822695 0.0161779575329 0.031914893617
0 0.599089989889 0.195921985816 0.0232558139535 0.0514184397163
0 0.644084934277 0.237588652482 0.0283114256825 0.0602836879433
0 0.598584428716 0.0966312056738 0.0182002022245 0.040780141844
0 0.619312436805 0.084219858156 0.0171890798787 0.0336879432624
0 0.647623862487 0.117021276596 0.0111223458038 0.031914893617
0 0.67239635996 0.114361702128 0.0182002022245 0.0336879432624
