0 0.181318681319 0.471405228758 0.043956043956 0.0996732026144
0 0.25 0.236111111111 0.0238095238095 0.0506535947712
0 0.266941391941 0.229575163399 0.0247252747253 0.0539215686275
0 0.298992673993 0.221405228758 0.0173992673993 0.0408496732026
0 0.318681318681 0.231209150327 0.018315018315 0.0408496732026
0 0.354395604396 0.174019607843 0.0238095238095 0.0375816993464
0 0.3836996337 0.196078431373 0.0164835164835 0.0392156862745
0 0.417124542125 0.212418300654 0.0228937728938 0.0424836601307
0 0.450091575092 0.141339869281 0.0247252747253 0.0408496732026
0 0.546703296703 0.138888888889 0.018315018315 0.0392156862745
0 0.514194139194 0.0661764705882 0.0100732600733 0.0212418300654
0 0.534798534799 0.0522875816993 0.0128205128205 0.0294117647059
0 0.638736263736 0.135620915033 0.0137362637363 0.0261437908497
0 0.617673992674 0.0571895424837 0.0137362637363 0.0294117647059
0 0.661172161172 0.116013071895 0.014652014652 0.0294117647059
0 0.665293040293 0.134803921569 0.0119047619048 0.0277777777778
0 0.697802197802 0.0669934640523 0.0164835164835 0.0294117647059
0 0.728021978022 0.0669934640523 0.014652014652 0.0326797385621
0 0.755952380952 0.130718954248 0.0155677655678 0.0359477124183
0 0.773351648352 0.137254901961 0.0137362637363 0.0359477124183
0 0.83195970696 0.256535947712 0.0210622710623 0.0555555555556
0 0.870879120879 0.18954248366 0.018315018315 0.0392156862745
0 0.894688644689 0.254901960784 0.018315018315 0.0457516339869
0 0.923992673993 0.249183006536 0.0201465201465 0.047385620915
0 0.94184981685 0.18545751634 0.0173992673993 0.0343137254902
