0 0.280264496439 0.404332129964 0.0640895218718 0.137184115523
0 0.397761953204 0.491877256318 0.0752797558494 0.149819494585
0 0.398270600203 0.238267148014 0.0193285859613 0.0397111913357
0 0.421159715158 0.283393501805 0.0264496439471 0.057761732852
0 0.421159715158 0.207581227437 0.0203458799593 0.043321299639
0 0.443031536114 0.203971119134 0.0193285859613 0.0397111913357
0 0.484740590031 0.229241877256 0.0233977619532 0.0397111913357
0 0.591556459817 0.252707581227 0.0254323499491 0.0541516245487
0 0.63021363174 0.249097472924 0.0254323499491 0.0649819494585
0 0.582909460834 0.121841155235 0.0162767039674 0.0379061371841
0 0.611393692777 0.108303249097 0.0122075279756 0.028880866426
0 0.642929806714 0.124548736462 0.0162767039674 0.0324909747292
0 0.665818921668 0.119133574007 0.0172939979654 0.028880866426
