0 0.200970873786 0.368739205527 0.0368932038835 0.0742659758204
0 0.309223300971 0.23920552677 0.0203883495146 0.0397236614853
0 0.321359223301 0.214162348877 0.0174757281553 0.027633851468
0 0.350485436893 0.182210708117 0.0155339805825 0.0328151986183
0 0.362621359223 0.19689119171 0.0145631067961 0.0345423143351
0 0.410194174757 0.226252158895 0.0184466019417 0.0345423143351
0 0.432038834951 0.188255613126 0.0155339805825 0.027633851468
0 0.412621359223 0.172711571675 0.0155339805825 0.0345423143351
0 0.453883495146 0.192573402418 0.0165048543689 0.0362694300518
0 0.466019417476 0.229706390328 0.021359223301 0.0379965457686
0 0.451941747573 0.157167530225 0.0145631067961 0.0310880829016
0 0.468932038835 0.141623488774 0.0135922330097 0.0310880829016
0 0.476213592233 0.165803108808 0.0165048543689 0.027633851468
0 0.503398058252 0.162348877375 0.0165048543689 0.0310880829016
0 0.497087378641 0.140759930915 0.0116504854369 0.0293609671848
0 0.509223300971 0.143350604491 0.0126213592233 0.0310880829016
0 0.547572815534 0.185664939551 0.0194174757282 0.0397236614853
0 0.558252427184 0.19689119171 0.0174757281553 0.0345423143351
0 0.531067961165 0.134715025907 0.0116504854369 0.027633851468
0 0.538834951456 0.139896373057 0.0116504854369 0.020725388601
0 0.549514563107 0.146804835924 0.0116504854369 0.0241796200345
0 0.568446601942 0.154576856649 0.0165048543689 0.0328151986183
0 0.586893203883 0.184801381693 0.0184466019417 0.0379965457686
0 0.591747572816 0.153713298791 0.0165048543689 0.0379965457686
0 0.591747572816 0.124352331606 0.0126213592233 0.0310880829016
0 0.600485436893 0.133851468048 0.0126213592233 0.0293609671848
0 0.613106796117 0.110535405872 0.0145631067961 0.0310880829016
0 0.631067961165 0.145077720207 0.0155339805825 0.0345423143351
0 0.63786407767 0.130397236615 0.0155339805825 0.0293609671848
0 0.666990291262 0.132124352332 0.00970873786408 0.0293609671848
0 0.673786407767 0.121761658031 0.0116504854369 0.0259067357513
0 0.687378640777 0.131260794473 0.00970873786408 0.0241796200345
0 0.700970873786 0.130397236615 0.0135922330097 0.0224525043178
0 0.491262135922 0.327288428325 0.031067961165 0.0569948186528
0 0.564563106796 0.323834196891 0.0281553398058 0.0639032815199
0 0.592718446602 0.316925734024 0.0320388349515 0.0639032815199
0 0.582038834951 0.267702936097 0.0242718446602 0.0518134715026
0 0.626213592233 0.236614853195 0.021359223301 0.0483592400691
0 0.633495145631 0.185664939551 0.0165048543689 0.0293609671848
0 0.647572815534 0.266839378238 0.0233009708738 0.0431778929188
0 0.650970873786 0.164075993092 0.0165048543689 0.0310880829016
0 0.668932038835 0.195164075993 0.021359223301 0.0414507772021
0 0.679611650485 0.222797927461 0.0194174757282 0.0414507772021
0 0.667475728155 0.316925734024 0.0203883495146 0.0431778929188
0 0.69854368932 0.322970639033 0.0300970873786 0.0690846286701
0 0.727669902913 0.238341968912 0.0223300970874 0.0414507772021
0 0.71067961165 0.183074265976 0.0174757281553 0.0345423143351
0 0.737378640777 0.189982728843 0.0184466019417 0.0414507772021
0 0.755825242718 0.164075993092 0.0145631067961 0.0345423143351
0 0.768446601942 0.193436960276 0.0184466019417 0.0414507772021
0 0.753883495146 0.0915371329879 0.0145631067961 0.0345423143351
0 0.795145631068 0.190846286701 0.0174757281553 0.0362694300518
0 0.77572815534 0.169257340242 0.0135922330097 0.0345423143351
0 0.744174757282 0.163212435233 0.0145631067961 0.0293609671848
0 0.803883495146 0.218480138169 0.0155339805825 0.0397236614853
0 0.818446601942 0.252158894646 0.021359223301 0.0449050086356
0 0.782038834951 0.305699481865 0.026213592233 0.0552677029361
0 0.80145631068 0.37219343696 0.0320388349515 0.0777202072539
0 0.852912621359 0.375647668394 0.0281553398058 0.0535405872193
0 0.903883495146 0.428324697755 0.0330097087379 0.0690846286701
0 0.828155339806 0.226252158895 0.0194174757282 0.0379965457686
0 0.818446601942 0.202936096718 0.0135922330097 0.0362694300518
0 0.828640776699 0.186528497409 0.0126213592233 0.027633851468
0 0.84854368932 0.199481865285 0.0194174757282 0.0397236614853
0 0.869417475728 0.221070811744 0.0203883495146 0.0414507772021
0 0.867961165049 0.184801381693 0.0155339805825 0.027633851468
0 0.877669902913 0.174438687392 0.0116504854369 0.0241796200345
0 0.87427184466 0.155440414508 0.0106796116505 0.020725388601
0 0.881553398058 0.206390328152 0.0155339805825 0.0328151986183
0 0.88932038835 0.240069084629 0.0174757281553 0.0483592400691
0 0.867475728155 0.285837651123 0.026213592233 0.0569948186528
0 0.917961165049 0.337651122625 0.0223300970874 0.0397236614853
0 0.925242718447 0.254749568221 0.0194174757282 0.0397236614853
0 0.93932038835 0.221070811744 0.0126213592233 0.0310880829016
0 0.941262135922 0.193436960276 0.0126213592233 0.027633851468
0 0.920388349515 0.180483592401 0.0135922330097 0.0328151986183
