0 0.204031465093 0.357504215852 0.0442477876106 0.0775716694772
0 0.295476892822 0.215008431703 0.0186823992134 0.035413153457
0 0.327433628319 0.251264755481 0.0196656833825 0.0404721753794
0 0.340216322517 0.215851602024 0.0196656833825 0.0337268128162
0 0.353982300885 0.196458684654 0.0137659783677 0.0286677908938
0 0.348574237955 0.185497470489 0.0167158308751 0.0337268128162
0 0.378564405113 0.196458684654 0.015732546706 0.0387858347386
0 0.39331366765 0.197301854975 0.0196656833825 0.0404721753794
0 0.38249754179 0.252107925801 0.0196656833825 0.0387858347386
0 0.373156342183 0.232715008432 0.0167158308751 0.0337268128162
0 0.417895771878 0.259696458685 0.023598820059 0.0472175379427
0 0.424287118977 0.206576728499 0.0186823992134 0.0320404721754
0 0.4267453294 0.174536256324 0.015732546706 0.0320404721754
0 0.4267453294 0.147554806071 0.0137659783677 0.0320404721754
0 0.445919370698 0.171163575042 0.0167158308751 0.0320404721754
0 0.447885939036 0.211635750422 0.0206489675516 0.0421585160202
0 0.48279252704 0.225126475548 0.0216322517207 0.0387858347386
0 0.475417895772 0.154300168634 0.0167158308751 0.0286677908938
0 0.475417895772 0.138279932546 0.0108161258604 0.0202360876897
0 0.492625368732 0.172006745363 0.0196656833825 0.0472175379427
0 0.494100294985 0.135750421585 0.0147492625369 0.0252951096121
0 0.513274336283 0.12563237774 0.0137659783677 0.0286677908938
0 0.520157325467 0.141652613828 0.0137659783677 0.026981450253
0 0.531465093412 0.126475548061 0.0167158308751 0.026981450253
0 0.51081612586 0.172849915683 0.0167158308751 0.0286677908938
0 0.525565388397 0.180438448567 0.0167158308751 0.0370994940978
0 0.547689282203 0.192242833052 0.0216322517207 0.0404721753794
0 0.536873156342 0.161045531197 0.0137659783677 0.0252951096121
0 0.559488692232 0.162731871838 0.015732546706 0.0286677908938
0 0.570304818092 0.154300168634 0.0117994100295 0.0252951096121
0 0.555063913471 0.141652613828 0.00884955752212 0.0236087689713
0 0.553588987217 0.126475548061 0.0117994100295 0.0202360876897
0 0.589970501475 0.168634064081 0.0137659783677 0.0303541315346
0 0.594886922321 0.14671163575 0.0117994100295 0.026981450253
0 0.58947885939 0.129005059022 0.0108161258604 0.0252951096121
0 0.58947885939 0.113827993255 0.0127826941986 0.0219224283305
0 0.605703048181 0.134064080944 0.0137659783677 0.0252951096121
0 0.622910521141 0.150084317032 0.0147492625369 0.0303541315346
0 0.616519174041 0.136593591906 0.0117994100295 0.0202360876897
0 0.615044247788 0.112141652614 0.0127826941986 0.0219224283305
0 0.631268436578 0.12563237774 0.0137659783677 0.0320404721754
0 0.654867256637 0.133220910624 0.015732546706 0.0337268128162
0 0.672074729597 0.137436762226 0.0147492625369 0.0286677908938
0 0.668633235005 0.109612141653 0.0117994100295 0.026981450253
0 0.692723697148 0.122259696459 0.0108161258604 0.0286677908938
0 0.693215339233 0.0994940978078 0.0117994100295 0.0236087689713
0 0.727630285152 0.111298482293 0.0176991150442 0.026981450253
0 0.501966568338 0.285834738617 0.0245821042281 0.0590219224283
0 0.563913470993 0.289207419899 0.0304818092429 0.0657672849916
0 0.579154375615 0.240303541315 0.0216322517207 0.0489038785835
0 0.618977384464 0.237774030354 0.0245821042281 0.0505902192243
0 0.632743362832 0.220910623946 0.0186823992134 0.0370994940978
0 0.690265486726 0.241989881956 0.023598820059 0.0489038785835
0 0.610619469027 0.330522765599 0.0294985250737 0.0573355817875
0 0.711897738446 0.311129848229 0.0334316617502 0.0590219224283
0 0.737463126844 0.29089376054 0.0275319567355 0.0623946037099
0 0.732055063913 0.227655986509 0.0245821042281 0.043844856661
0 0.712389380531 0.190556492411 0.0186823992134 0.0370994940978
0 0.691740412979 0.179595278246 0.0186823992134 0.035413153457
0 0.710422812193 0.161045531197 0.0186823992134 0.0387858347386
0 0.755653883972 0.135750421585 0.0147492625369 0.035413153457
0 0.762045231072 0.158516020236 0.0176991150442 0.0337268128162
0 0.765978367748 0.184654300169 0.0196656833825 0.0421585160202
0 0.775319567355 0.251264755481 0.0226155358899 0.0573355817875
0 0.751720747296 0.37521079258 0.0383480825959 0.0758853288364
0 0.826450344149 0.397133220911 0.0344149459194 0.079258010118
0 0.807767944936 0.285834738617 0.0226155358899 0.0522765598651
0 0.801868239921 0.24957841484 0.0186823992134 0.0370994940978
0 0.806293018682 0.215008431703 0.0196656833825 0.0421585160202
0 0.805801376598 0.162731871838 0.0186823992134 0.035413153457
0 0.791543756146 0.144182124789 0.0137659783677 0.0320404721754
0 0.884464110128 0.22849915683 0.0226155358899 0.0421585160202
0 0.878072763029 0.27065767285 0.0216322517207 0.0489038785835
0 0.846116027532 0.302698145025 0.0245821042281 0.0657672849916
0 0.905113077679 0.41568296796 0.0403146509341 0.079258010118
0 0.920353982301 0.314502529511 0.023598820059 0.0657672849916
0 0.930678466077 0.284991568297 0.0206489675516 0.0472175379427
0 0.934119960669 0.225969645868 0.0196656833825 0.0404721753794
