0 0.286540483701 0.41214953271 0.049421661409 0.117757009346
0 0.359621451104 0.51214953271 0.0588853838065 0.127102803738
0 0.315457413249 0.215887850467 0.0231335436383 0.0504672897196
0 0.412723449001 0.273831775701 0.0199789695058 0.0429906542056
0 0.444794952681 0.215887850467 0.0147213459516 0.0467289719626
0 0.478443743428 0.230841121495 0.018927444795 0.0429906542056
0 0.577287066246 0.130841121495 0.01261829653 0.0261682242991
0 0.605152471083 0.121495327103 0.0115667718191 0.018691588785
0 0.636172450053 0.132710280374 0.00841219768665 0.0224299065421
0 0.579915878023 0.258878504673 0.0220820189274 0.0392523364486
0 0.629863301788 0.26261682243 0.0231335436383 0.0542056074766
