0 0.0497512437811 0.414953271028 0.0232172470978 0.0635514018692
0 0.0617744610282 0.489719626168 0.0240464344942 0.0710280373832
0 0.120232172471 0.617757009346 0.0348258706468 0.0766355140187
0 0.208955223881 0.444859813084 0.0265339966833 0.0672897196262
0 0.202736318408 0.356074766355 0.0240464344942 0.0616822429907
0 0.237562189055 0.299065420561 0.0207296849088 0.0523364485981
0 0.168325041459 0.270093457944 0.016583747927 0.0504672897196
0 0.118573797678 0.197196261682 0.0149253731343 0.0429906542056
0 0.0439469320066 0.229906542056 0.0149253731343 0.0299065420561
0 0.152985074627 0.14953271028 0.014096185738 0.0373831775701
0 0.162106135987 0.175700934579 0.014096185738 0.0411214953271
0 0.181592039801 0.200934579439 0.0149253731343 0.0467289719626
0 0.215588723051 0.138317757009 0.0149253731343 0.0485981308411
0 0.255389718076 0.127102803738 0.0215588723051 0.0411214953271
0 0.283582089552 0.18785046729 0.0149253731343 0.0392523364486
0 0.288142620232 0.160747663551 0.014096185738 0.0411214953271
0 0.325870646766 0.214018691589 0.0182421227197 0.0429906542056
0 0.350746268657 0.217757009346 0.016583747927 0.0429906542056
0 0.382255389718 0.168224299065 0.0149253731343 0.0448598130841
0 0.359452736318 0.0803738317757 0.0124378109453 0.0373831775701
0 0.392620232172 0.0831775700935 0.0107794361526 0.0317757009346
0 0.427860696517 0.17476635514 0.0149253731343 0.0355140186916
0 0.467247097844 0.27476635514 0.0174129353234 0.0523364485981
0 0.560945273632 0.482242990654 0.0290215588723 0.0710280373832
0 0.434908789386 0.0794392523364 0.0107794361526 0.0355140186916
0 0.466832504146 0.126168224299 0.0149253731343 0.0355140186916
0 0.470978441128 0.161682242991 0.0149253731343 0.0392523364486
0 0.483001658375 0.111214953271 0.0174129353234 0.0392523364486
0 0.482587064677 0.0607476635514 0.0116086235489 0.0280373831776
0 0.513266998342 0.0981308411215 0.0132669983416 0.0280373831776
0 0.504975124378 0.177570093458 0.0149253731343 0.0373831775701
0 0.483001658375 0.221495327103 0.0157545605307 0.0467289719626
0 0.545190713101 0.302803738318 0.0207296849088 0.0523364485981
0 0.558043117745 0.163551401869 0.0132669983416 0.0355140186916
0 0.580431177446 0.200934579439 0.016583747927 0.0467289719626
0 0.621890547264 0.239252336449 0.0182421227197 0.0448598130841
0 0.544361525705 0.0710280373832 0.0124378109453 0.0299065420561
0 0.598673300166 0.129906542056 0.0149253731343 0.0355140186916
0 0.584991708126 0.088785046729 0.00912106135987 0.0242990654206
0 0.628524046434 0.107476635514 0.0132669983416 0.0317757009346
0 0.663764510779 0.142990654206 0.0107794361526 0.0355140186916
0 0.713515754561 0.207476635514 0.0190713101161 0.0448598130841
0 0.720149253731 0.275700934579 0.0207296849088 0.0467289719626
0 0.692371475954 0.341121495327 0.0199004975124 0.0542056074766
0 0.798507462687 0.382242990654 0.0182421227197 0.0579439252336
0 0.78192371476 0.205607476636 0.016583747927 0.0373831775701
0 0.823797678275 0.226168224299 0.0157545605307 0.0336448598131
0 0.866500829187 0.276635514019 0.0149253731343 0.0373831775701
0 0.8864013267 0.301869158879 0.016583747927 0.0467289719626
0 0.94320066335 0.376635514019 0.0190713101161 0.0467289719626
