0 0.207211538462 0.456342668863 0.0509615384615 0.105436573311
0 0.253846153846 0.429159802306 0.0480769230769 0.107084019769
0 0.314903846154 0.28665568369 0.0201923076923 0.0428336079077
0 0.371153846154 0.262767710049 0.0211538461538 0.0411861614498
0 0.446153846154 0.267710049423 0.0211538461538 0.0444810543657
0 0.427884615385 0.227347611203 0.0173076923077 0.0395387149918
0 0.457692307692 0.226523887974 0.0230769230769 0.0444810543657
0 0.458173076923 0.186985172982 0.0182692307692 0.0411861614498
0 0.482692307692 0.19686985173 0.0192307692308 0.0444810543657
0 0.464423076923 0.157331136738 0.0134615384615 0.0280065897858
0 0.480288461538 0.154859967051 0.0163461538462 0.0296540362438
0 0.542788461538 0.142504118616 0.0144230769231 0.0345963756178
0 0.56875 0.149093904448 0.0144230769231 0.0378912685338
0 0.588942307692 0.154036243822 0.0163461538462 0.0411861614498
0 0.545192307692 0.200164744646 0.0211538461538 0.0378912685338
0 0.485576923077 0.323723228995 0.0269230769231 0.0510708401977
0 0.670192307692 0.257001647446 0.0288461538462 0.0560131795717
0 0.744230769231 0.2784184514 0.025 0.0527182866557
0 0.800961538462 0.290774299835 0.0269230769231 0.0543657331137
0 0.703365384615 0.150741350906 0.0182692307692 0.0345963756178
0 0.733173076923 0.148270181219 0.0163461538462 0.0395387149918
0 0.745673076923 0.166392092257 0.0201923076923 0.0329489291598
0 0.763461538462 0.149093904448 0.0153846153846 0.0313014827018
0 0.785096153846 0.163097199341 0.0201923076923 0.0395387149918
0 0.817788461538 0.183690280066 0.0163461538462 0.0444810543657
0 0.831730769231 0.126029654036 0.0134615384615 0.0345963756178
0 0.904326923077 0.214991762768 0.0221153846154 0.0510708401977
