0 0.197442046363 0.398199445983 0.0415667466027 0.0761772853186
0 0.341326938449 0.218144044321 0.0207833733014 0.0373961218837
0 0.377697841727 0.236842105263 0.0183852917666 0.0360110803324
0 0.412070343725 0.195983379501 0.0215827338129 0.0373961218837
0 0.416466826539 0.232686980609 0.0239808153477 0.0443213296399
0 0.398081534772 0.243074792244 0.0223820943245 0.0346260387812
0 0.484412470024 0.193213296399 0.0207833733014 0.0290858725762
0 0.559552358114 0.18836565097 0.0239808153477 0.0498614958449
0 0.656274980016 0.222299168975 0.0207833733014 0.0429362880886
0 0.71103117506 0.233379501385 0.0247801758593 0.0457063711911
0 0.861710631495 0.158587257618 0.0159872102318 0.0373961218837
0 0.894084732214 0.189058171745 0.0151878497202 0.0346260387812
0 0.826938449241 0.215373961219 0.0183852917666 0.0429362880886
0 0.873701039169 0.217451523546 0.0191846522782 0.0387811634349
0 0.771782573941 0.267313019391 0.0215827338129 0.0609418282548
0 0.883693045564 0.302631578947 0.031175059952 0.0761772853186
0 0.812949640288 0.366343490305 0.0287769784173 0.0650969529086
0 0.902478017586 0.370498614958 0.0335731414868 0.0595567867036
0 0.919264588329 0.306786703601 0.0319744204636 0.0678670360111
