0 0.162093495935 0.35288966725 0.0436991869919 0.092819614711
0 0.163109756098 0.226795096322 0.0213414634146 0.0332749562172
0 0.314532520325 0.19527145359 0.0213414634146 0.0437828371278
0 0.346544715447 0.23292469352 0.0223577235772 0.0420315236427
0 0.417682926829 0.238178633975 0.0243902439024 0.045534150613
0 0.430894308943 0.161996497373 0.0182926829268 0.0332749562172
0 0.454776422764 0.159369527145 0.0193089430894 0.0350262697023
0 0.481199186992 0.16112084063 0.0172764227642 0.031523642732
0 0.497967479675 0.180385288967 0.0182926829268 0.0385288966725
0 0.509146341463 0.15761821366 0.0182926829268 0.031523642732
0 0.529471544715 0.189141856392 0.0182926829268 0.0420315236427
0 0.57418699187 0.190017513135 0.020325203252 0.0437828371278
0 0.911077235772 0.223292469352 0.0172764227642 0.0507880910683
0 0.924796747967 0.183887915937 0.0162601626016 0.0420315236427
0 0.955792682927 0.239054290718 0.0193089430894 0.0472854640981
0 0.963922764228 0.202276707531 0.0172764227642 0.0367775831874
