0 0.052780395853 0.394693200663 0.0263901979265 0.0497512437811
0 0.276625824694 0.243781094527 0.014137606032 0.0298507462687
0 0.303958529689 0.255389718076 0.0160226201697 0.0232172470978
0 0.31903864279 0.248756218905 0.014137606032 0.0331674958541
0 0.335061262959 0.258706467662 0.0160226201697 0.0331674958541
0 0.350612629595 0.26368159204 0.0169651272385 0.0364842454395
0 0.37040527804 0.2728026534 0.0188501413761 0.0381426202322
0 0.39396795476 0.289386401327 0.0245051837889 0.044776119403
0 0.474552309142 0.237976782753 0.0160226201697 0.0348258706468
0 0.457115928369 0.225538971808 0.0131950989632 0.0331674958541
0 0.399622997172 0.218905472637 0.0150801131008 0.0298507462687
0 0.35862393968 0.229684908789 0.0179076343073 0.028192371476
0 0.331762488219 0.2271973466 0.0169651272385 0.0232172470978
0 0.327992459943 0.21144278607 0.0131950989632 0.0215588723051
0 0.379830348728 0.199834162521 0.0131950989632 0.028192371476
0 0.385956644675 0.192371475954 0.0122525918944 0.0232172470978
0 0.414703110273 0.201492537313 0.0150801131008 0.0315091210614
0 0.442978322337 0.19320066335 0.0131950989632 0.028192371476
0 0.451932139491 0.176616915423 0.0160226201697 0.028192371476
0 0.490103675778 0.206467661692 0.0169651272385 0.0348258706468
0 0.537229029218 0.205638474295 0.0169651272385 0.0364842454395
0 0.467483506126 0.146766169154 0.0113100848256 0.0248756218905
0 0.48067860509 0.145936981758 0.0113100848256 0.0199004975124
0 0.497643732328 0.160033167496 0.0131950989632 0.0215588723051
0 0.542884071631 0.166666666667 0.0150801131008 0.028192371476
0 0.529688972667 0.174129353234 0.0113100848256 0.0232172470978
0 0.566918001885 0.182421227197 0.0160226201697 0.0331674958541
0 0.553251649387 0.16583747927 0.0113100848256 0.0232172470978
0 0.56314797361 0.128524046434 0.0160226201697 0.028192371476
0 0.588595664467 0.15008291874 0.0122525918944 0.0248756218905
0 0.611687087653 0.158374792703 0.0150801131008 0.0315091210614
0 0.619227144204 0.133499170813 0.0131950989632 0.0248756218905
0 0.605560791706 0.123548922056 0.0103675777568 0.0248756218905
0 0.637606032045 0.150912106136 0.014137606032 0.0298507462687
0 0.650801131008 0.125207296849 0.0122525918944 0.028192371476
0 0.675777568332 0.131011608624 0.0131950989632 0.0298507462687
0 0.584354382658 0.228855721393 0.0245051837889 0.0497512437811
0 0.499057492931 0.313432835821 0.0254476908577 0.0530679933665
0 0.587181903864 0.298507462687 0.0226201696513 0.0497512437811
0 0.635721017908 0.328358208955 0.0235626767201 0.0530679933665
0 0.621583411876 0.253731343284 0.0235626767201 0.0530679933665
0 0.633364750236 0.21144278607 0.0188501413761 0.0381426202322
0 0.64985862394 0.182421227197 0.0122525918944 0.0331674958541
0 0.663524976437 0.206467661692 0.0188501413761 0.0348258706468
0 0.664938737041 0.260364842454 0.0197926484449 0.0431177446103
0 0.718661639962 0.296849087894 0.0197926484449 0.0464344941957
0 0.843543826579 0.326699834163 0.0207351555137 0.0563847429519
0 0.76013195099 0.287728026534 0.0216776625825 0.044776119403
0 0.715834118756 0.221393034826 0.0216776625825 0.0414593698176
0 0.703581526861 0.186567164179 0.0179076343073 0.0348258706468
0 0.686145146089 0.155887230514 0.0131950989632 0.0265339966833
0 0.725730442978 0.177446102819 0.0150801131008 0.0298507462687
0 0.714420358153 0.160033167496 0.0113100848256 0.0248756218905
0 0.73656927427 0.119402985075 0.0122525918944 0.0232172470978
0 0.74835061263 0.153399668325 0.0131950989632 0.0315091210614
0 0.738454288407 0.207296849088 0.0160226201697 0.0364842454395
0 0.769557021678 0.207296849088 0.0197926484449 0.0431177446103
0 0.771442035815 0.163349917081 0.014137606032 0.0315091210614
0 0.774269557022 0.135986733002 0.0103675777568 0.0232172470978
0 0.785108388313 0.141791044776 0.0131950989632 0.028192371476
0 0.796889726673 0.171641791045 0.0160226201697 0.0315091210614
0 0.781809613572 0.233001658375 0.0216776625825 0.044776119403
0 0.827992459943 0.207296849088 0.0160226201697 0.0398009950249
0 0.844015080113 0.184908789386 0.0122525918944 0.0315091210614
0 0.834590009425 0.157545605307 0.014137606032 0.0265339966833
0 0.813854853911 0.13184079602 0.0160226201697 0.028192371476
0 0.871819038643 0.16583747927 0.0131950989632 0.0298507462687
0 0.909990574929 0.235489220564 0.0179076343073 0.0398009950249
0 0.933553251649 0.266169154229 0.0235626767201 0.0480928689884
0 0.865692742696 0.293532338308 0.0216776625825 0.0464344941957
0 0.88972667295 0.212271973466 0.0150801131008 0.0331674958541
0 0.893025447691 0.182421227197 0.0122525918944 0.0232172470978
0 0.902450518379 0.165008291874 0.0103675777568 0.0248756218905
