0 0.0323033707865 0.373977086743 0.0308988764045 0.063829787234
0 0.0529026217228 0.373977086743 0.0234082397004 0.0572831423895
0 0.384831460674 0.198036006547 0.0205992509363 0.0392798690671
0 0.387172284644 0.274140752864 0.0308988764045 0.0605564648118
0 0.454119850187 0.220949263502 0.0280898876404 0.0490998363339
0 0.570692883895 0.131751227496 0.0234082397004 0.0343698854337
0 0.693352059925 0.0703764320786 0.0177902621723 0.0360065466448
0 0.697097378277 0.177577741408 0.0196629213483 0.0474631751227
0 0.593164794007 0.249590834697 0.0308988764045 0.0540098199673
0 0.561797752809 0.318330605565 0.0411985018727 0.0834697217676
