0 0.870472440945 0.531301482702 0.0275590551181 0.0708401976936
0 0.903149606299 0.405271828666 0.0204724409449 0.0626029654036
0 0.965748031496 0.443986820428 0.0244094488189 0.0642504118616
0 0.958661417323 0.373146622735 0.0165354330709 0.0510708401977
0 0.976377952756 0.34431630972 0.0125984251969 0.0428336079077
0 0.982283464567 0.373146622735 0.0149606299213 0.0510708401977
0 0.979527559055 0.308072487644 0.0125984251969 0.0395387149918
0 0.99094488189 0.27018121911 0.0102362204724 0.0329489291598
0 0.926771653543 0.331960461285 0.0157480314961 0.0510708401977
0 0.937401574803 0.280065897858 0.011811023622 0.0428336079077
0 0.954330708661 0.248764415157 0.0110236220472 0.0362438220758
0 0.91062992126 0.234761120264 0.0133858267717 0.0378912685338
0 0.877952755906 0.242998352554 0.0110236220472 0.0378912685338
0 0.903937007874 0.294069192751 0.0173228346457 0.0510708401977
0 0.78937007874 0.182866556837 0.011811023622 0.0362438220758
0 0.815748031496 0.20510708402 0.0125984251969 0.0411861614498
0 0.828346456693 0.232289950577 0.0141732283465 0.0494233937397
0 0.815354330709 0.244645799012 0.0149606299213 0.0477759472817
0 0.797244094488 0.276771004942 0.0165354330709 0.0428336079077
0 0.822440944882 0.304777594728 0.0181102362205 0.0560131795717
0 0.870472440945 0.355848434926 0.0165354330709 0.0560131795717
0 0.777559055118 0.440691927512 0.0244094488189 0.0807248764415
0 0.771653543307 0.29489291598 0.0157480314961 0.0494233937397
0 0.75 0.208401976936 0.0133858267717 0.0411861614498
0 0.785433070866 0.214991762768 0.0165354330709 0.0444810543657
0 0.753937007874 0.242174629325 0.0165354330709 0.0461285008237
0 0.721653543307 0.300658978583 0.0212598425197 0.0477759472817
0 0.725196850394 0.224052718287 0.0141732283465 0.0428336079077
0 0.70157480315 0.148270181219 0.0110236220472 0.0362438220758
0 0.720078740157 0.168863261944 0.011811023622 0.0378912685338
0 0.692125984252 0.169686985173 0.0141732283465 0.0428336079077
0 0.675590551181 0.191103789127 0.0125984251969 0.0362438220758
0 0.668503937008 0.263591433278 0.0188976377953 0.0461285008237
0 0.641338582677 0.138385502471 0.011811023622 0.0362438220758
0 0.656299212598 0.149917627677 0.011811023622 0.0362438220758
0 0.626377952756 0.166392092257 0.0165354330709 0.0329489291598
0 0.629527559055 0.202635914333 0.0133858267717 0.0461285008237
0 0.620866141732 0.189456342669 0.0133858267717 0.0362438220758
0 0.588976377953 0.204283360791 0.0141732283465 0.0395387149918
0 0.627952755906 0.302306425041 0.0196850393701 0.0609555189456
0 0.666929133858 0.411037891269 0.0251968503937 0.0609555189456
0 0.614566929134 0.37726523888 0.0228346456693 0.0658978583196
0 0.56811023622 0.350082372323 0.0259842519685 0.0576606260297
0 0.591732283465 0.144975288303 0.011811023622 0.0329489291598
0 0.603543307087 0.150741350906 0.0133858267717 0.0280065897858
0 0.566141732283 0.150741350906 0.0125984251969 0.0313014827018
0 0.56811023622 0.174629324547 0.011811023622 0.0395387149918
0 0.559842519685 0.224052718287 0.0141732283465 0.0461285008237
0 0.543700787402 0.169686985173 0.0149606299213 0.0395387149918
0 0.508661417323 0.162273476112 0.0125984251969 0.0378912685338
0 0.51062992126 0.215815485997 0.0133858267717 0.0428336079077
0 0.492125984252 0.24629324547 0.0204724409449 0.0510708401977
0 0.489763779528 0.181219110379 0.0141732283465 0.0428336079077
0 0.445669291339 0.201812191104 0.0125984251969 0.0411861614498
0 0.427165354331 0.183690280066 0.0102362204724 0.0280065897858
0 0.413779527559 0.190280065898 0.0149606299213 0.0345963756178
0 0.414173228346 0.244645799012 0.0141732283465 0.0378912685338
0 0.383070866142 0.205930807249 0.0149606299213 0.0362438220758
0 0.384251968504 0.281713344316 0.0173228346457 0.0527182866557
0 0.447244094488 0.322075782537 0.0204724409449 0.0609555189456
0 0.366929133858 0.217462932455 0.0157480314961 0.0395387149918
0 0.354330708661 0.242998352554 0.0141732283465 0.0543657331137
0 0.32874015748 0.225700164745 0.0165354330709 0.0395387149918
0 0.323622047244 0.245469522241 0.0141732283465 0.0395387149918
0 0.272834645669 0.259472817133 0.0149606299213 0.0444810543657
0 0.0464566929134 0.67215815486 0.0488188976378 0.121911037891
0 0.729133858268 0.409390444811 0.0220472440945 0.0708401976936
