0 0.142050040355 0.526353276353 0.045197740113 0.0840455840456
0 0.230024213075 0.342592592593 0.0161420500404 0.0384615384615
0 0.264326069411 0.344017094017 0.0201775625504 0.0441595441595
0 0.282082324455 0.376780626781 0.0234059725585 0.0441595441595
0 0.284907183212 0.311965811966 0.0193704600484 0.037037037037
0 0.336965294592 0.359686609687 0.0234059725585 0.0527065527066
0 0.35593220339 0.325498575499 0.0145278450363 0.0327635327635
0 0.353510895884 0.295584045584 0.0145278450363 0.0327635327635
0 0.382163034705 0.349715099715 0.0217917675545 0.0413105413105
0 0.410411622276 0.334045584046 0.0201775625504 0.0384615384615
0 0.407183212268 0.295584045584 0.0185633575464 0.0299145299145
0 0.39184826473 0.260683760684 0.0153349475383 0.02849002849
0 0.4398708636 0.33547008547 0.0258272800646 0.0470085470085
0 0.426150121065 0.258547008547 0.0145278450363 0.0242165242165
0 0.443502824859 0.263532763533 0.0153349475383 0.031339031339
0 0.471751412429 0.307692307692 0.0201775625504 0.042735042735
0 0.499596448749 0.328347578348 0.0193704600484 0.0384615384615
0 0.467715899919 0.26566951567 0.0121065375303 0.0356125356125
0 0.460451977401 0.241452991453 0.0121065375303 0.0299145299145
0 0.504842615012 0.267094017094 0.0153349475383 0.0356125356125
0 0.524213075061 0.27207977208 0.0169491525424 0.037037037037
0 0.515738498789 0.25 0.0161420500404 0.0299145299145
0 0.541162227603 0.250712250712 0.0169491525424 0.037037037037
0 0.546811945117 0.290598290598 0.0153349475383 0.034188034188
0 0.575060532688 0.261396011396 0.0153349475383 0.0327635327635
0 0.568603712672 0.249287749288 0.0104923325262 0.025641025641
0 0.552865213882 0.22792022792 0.0129136400323 0.031339031339
0 0.567796610169 0.220797720798 0.0121065375303 0.02849002849
0 0.596448748991 0.22150997151 0.0161420500404 0.0327635327635
0 0.602502017756 0.207977207977 0.0121065375303 0.02849002849
0 0.59604519774 0.252849002849 0.0153349475383 0.0327635327635
0 0.630750605327 0.252136752137 0.0169491525424 0.034188034188
0 0.621468926554 0.217948717949 0.0112994350282 0.02849002849
0 0.634382566586 0.223646723647 0.0145278450363 0.022792022792
0 0.66787732042 0.228632478632 0.0137207425343 0.0213675213675
0 0.667473769169 0.206552706553 0.0129136400323 0.034188034188
0 0.679176755448 0.224358974359 0.0169491525424 0.0299145299145
0 0.53591606134 0.358262108262 0.0242130750605 0.0555555555556
0 0.478611783697 0.403846153846 0.0322841000807 0.0584045584046
0 0.548829701372 0.40811965812 0.0274414850686 0.0498575498575
0 0.59200968523 0.454415954416 0.0314769975787 0.0740740740741
0 0.629943502825 0.466524216524 0.0395480225989 0.0754985754986
0 0.69209039548 0.543447293447 0.0427764326069 0.0726495726496
0 0.807102502018 0.516381766382 0.0355125100888 0.0698005698006
0 0.609765940274 0.361111111111 0.0250201775626 0.0527065527066
0 0.596852300242 0.32905982906 0.0169491525424 0.039886039886
0 0.629136400323 0.301282051282 0.0169491525424 0.0384615384615
0 0.645278450363 0.367521367521 0.0266343825666 0.0569800569801
0 0.687247780468 0.358262108262 0.0217917675545 0.0555555555556
0 0.713478611784 0.403133903134 0.0306698950767 0.0683760683761
0 0.778450363196 0.429487179487 0.0298627925747 0.0612535612536
0 0.832526230831 0.45584045584 0.0298627925747 0.0683760683761
0 0.913236481033 0.468660968661 0.0347054075868 0.0598290598291
0 0.898708635997 0.442307692308 0.0201775625504 0.0441595441595
0 0.849475383374 0.390313390313 0.0234059725585 0.048433048433
0 0.806698950767 0.361111111111 0.0217917675545 0.0527065527066
0 0.786117836965 0.298433048433 0.0193704600484 0.0384615384615
0 0.772397094431 0.287749287749 0.0145278450363 0.039886039886
0 0.76392251816 0.26566951567 0.0153349475383 0.0270655270655
0 0.772397094431 0.238603988604 0.0129136400323 0.0299145299145
0 0.725988700565 0.252849002849 0.0169491525424 0.0413105413105
0 0.740920096852 0.239316239316 0.0112994350282 0.022792022792
0 0.728813559322 0.235042735043 0.0129136400323 0.025641025641
0 0.701372074253 0.251424501425 0.0177562550444 0.0384615384615
0 0.667070217918 0.282051282051 0.0169491525424 0.039886039886
0 0.696933010492 0.299857549858 0.0201775625504 0.0327635327635
0 0.67594834544 0.317663817664 0.0217917675545 0.042735042735
0 0.802259887006 0.24358974359 0.0161420500404 0.02849002849
0 0.812348668281 0.266381766382 0.0169491525424 0.031339031339
0 0.834947538337 0.253561253561 0.0137207425343 0.02849002849
0 0.843422114609 0.27207977208 0.0193704600484 0.037037037037
0 0.837368845843 0.311253561254 0.0185633575464 0.0384615384615
0 0.860774818402 0.336182336182 0.0185633575464 0.031339031339
0 0.875706214689 0.323361823362 0.0177562550444 0.039886039886
0 0.870863599677 0.260683760684 0.0145278450363 0.034188034188
0 0.893462469734 0.286324786325 0.0177562550444 0.042735042735
0 0.912429378531 0.353276353276 0.0217917675545 0.042735042735
0 0.906779661017 0.318376068376 0.0169491525424 0.0327635327635
0 0.919289749798 0.302706552707 0.0129136400323 0.0299145299145
0 0.928571428571 0.274928774929 0.0153349475383 0.02849002849
