0 0.0431279620853 0.371262458472 0.0199052132701 0.0415282392027
0 0.209952606635 0.351328903654 0.0464454976303 0.0913621262458
0 0.264454976303 0.28903654485 0.0208530805687 0.0332225913621
0 0.305213270142 0.257475083056 0.0227488151659 0.0398671096346
0 0.331753554502 0.218438538206 0.0189573459716 0.0382059800664
0 0.352606635071 0.212624584718 0.0151658767773 0.0332225913621
0 0.372511848341 0.244186046512 0.0208530805687 0.0365448504983
0 0.348815165877 0.286544850498 0.0227488151659 0.0382059800664
0 0.336966824645 0.253322259136 0.018009478673 0.0382059800664
0 0.396208530806 0.199335548173 0.0227488151659 0.0365448504983
0 0.414691943128 0.176079734219 0.0161137440758 0.0365448504983
0 0.430805687204 0.222591362126 0.0199052132701 0.0365448504983
0 0.429383886256 0.267441860465 0.024644549763 0.0398671096346
0 0.450710900474 0.198504983389 0.0199052132701 0.0348837209302
0 0.468720379147 0.210132890365 0.0218009478673 0.0415282392027
0 0.461137440758 0.176910299003 0.0199052132701 0.0348837209302
0 0.480568720379 0.248338870432 0.0227488151659 0.0415282392027
0 0.492890995261 0.205980066445 0.0189573459716 0.0365448504983
0 0.484360189573 0.171096345515 0.0151658767773 0.0398671096346
0 0.482938388626 0.0905315614618 0.0104265402844 0.0215946843854
0 0.526066350711 0.15365448505 0.0132701421801 0.031561461794
0 0.544075829384 0.172757475083 0.0189573459716 0.0299003322259
0 0.547393364929 0.203488372093 0.018009478673 0.0382059800664
0 0.542654028436 0.137043189369 0.0142180094787 0.031561461794
0 0.565402843602 0.150332225914 0.0161137440758 0.031561461794
0 0.578199052133 0.187707641196 0.0208530805687 0.0299003322259
0 0.608530805687 0.158637873754 0.0151658767773 0.0282392026578
0 0.626066350711 0.107142857143 0.0104265402844 0.0282392026578
0 0.651658767773 0.112126245847 0.0142180094787 0.031561461794
0 0.68009478673 0.122093023256 0.0123222748815 0.0282392026578
0 0.690521327014 0.0996677740864 0.0142180094787 0.0299003322259
0 0.498578199052 0.313122923588 0.0341232227488 0.0514950166113
0 0.575829383886 0.246677740864 0.0255924170616 0.0448504983389
0 0.613744075829 0.268272425249 0.0236966824645 0.0548172757475
0 0.617535545024 0.333056478405 0.0331753554502 0.0647840531561
0 0.687677725118 0.345514950166 0.0274881516588 0.0598006644518
0 0.667772511848 0.299003322259 0.0255924170616 0.0498338870432
0 0.621327014218 0.21511627907 0.0199052132701 0.0415282392027
0 0.671090047393 0.215946843854 0.024644549763 0.0498338870432
0 0.655450236967 0.167774086379 0.0199052132701 0.0365448504983
0 0.686255924171 0.187707641196 0.0208530805687 0.0398671096346
0 0.709478672986 0.159468438538 0.018009478673 0.0332225913621
0 0.71990521327 0.142026578073 0.0199052132701 0.0415282392027
0 0.712322274882 0.208471760797 0.0255924170616 0.0481727574751
0 0.719431279621 0.18853820598 0.0189573459716 0.0415282392027
0 0.754502369668 0.194352159468 0.0170616113744 0.0431893687708
0 0.7663507109 0.165282392027 0.018009478673 0.031561461794
0 0.75308056872 0.127906976744 0.0161137440758 0.0299003322259
0 0.755924170616 0.105481727575 0.0142180094787 0.0249169435216
0 0.769194312796 0.134551495017 0.0199052132701 0.0398671096346
0 0.785781990521 0.138704318937 0.0132701421801 0.0282392026578
0 0.793838862559 0.113787375415 0.0142180094787 0.0282392026578
0 0.812322274882 0.135382059801 0.0151658767773 0.0348837209302
0 0.804739336493 0.187707641196 0.0189573459716 0.046511627907
0 0.761137440758 0.250830564784 0.0284360189573 0.0398671096346
0 0.755450236967 0.28488372093 0.024644549763 0.0514950166113
0 0.790995260664 0.305647840532 0.0312796208531 0.0598006644518
0 0.832227488152 0.167774086379 0.0170616113744 0.0365448504983
0 0.836966824645 0.130398671096 0.0189573459716 0.0382059800664
0 0.857819905213 0.196843853821 0.0189573459716 0.0448504983389
0 0.878199052133 0.150332225914 0.0161137440758 0.0382059800664
0 0.901895734597 0.177740863787 0.018009478673 0.0431893687708
0 0.908056872038 0.164451827243 0.0151658767773 0.0265780730897
0 0.907582938389 0.127906976744 0.0123222748815 0.0299003322259
0 0.93981042654 0.158637873754 0.0123222748815 0.0348837209302
0 0.941232227488 0.203488372093 0.0170616113744 0.0348837209302
0 0.918483412322 0.203488372093 0.0132701421801 0.0382059800664
0 0.882464454976 0.239202657807 0.0170616113744 0.0398671096346
0 0.937914691943 0.272425249169 0.0218009478673 0.0498338870432
