0 0.217326732673 0.367805755396 0.0445544554455 0.0881294964029
0 0.317326732673 0.237410071942 0.0247524752475 0.0467625899281
0 0.331683168317 0.198741007194 0.0237623762376 0.044964028777
0 0.355940594059 0.209532374101 0.0148514851485 0.044964028777
0 0.410396039604 0.205935251799 0.0148514851485 0.0413669064748
0 0.424752475248 0.148381294964 0.0158415841584 0.0341726618705
0 0.421287128713 0.178057553957 0.0227722772277 0.0431654676259
0 0.446534653465 0.208633093525 0.0217821782178 0.0467625899281
0 0.44801980198 0.162769784173 0.0148514851485 0.0341726618705
0 0.460396039604 0.142086330935 0.0138613861386 0.0251798561151
0 0.467326732673 0.160971223022 0.019801980198 0.0377697841727
0 0.479702970297 0.18345323741 0.0207920792079 0.0359712230216
0 0.470792079208 0.218525179856 0.0287128712871 0.0557553956835
0 0.497524752475 0.150179856115 0.0188118811881 0.0377697841727
0 0.506435643564 0.282374100719 0.0287128712871 0.0539568345324
0 0.533663366337 0.184352517986 0.019801980198 0.0413669064748
0 0.532673267327 0.144784172662 0.0178217821782 0.0377697841727
0 0.515841584158 0.125 0.0138613861386 0.0305755395683
0 0.555940594059 0.185251798561 0.0168316831683 0.0359712230216
0 0.557920792079 0.14928057554 0.0128712871287 0.0323741007194
0 0.570792079208 0.139388489209 0.0168316831683 0.0305755395683
0 0.584158415842 0.110611510791 0.0158415841584 0.023381294964
0 0.581683168317 0.177158273381 0.0267326732673 0.0377697841727
0 0.591089108911 0.155575539568 0.0158415841584 0.0413669064748
0 0.60396039604 0.132194244604 0.0158415841584 0.044964028777
0 0.615346534653 0.107014388489 0.0128712871287 0.0341726618705
0 0.628712871287 0.112410071942 0.00990099009901 0.0341726618705
0 0.632673267327 0.153776978417 0.0237623762376 0.0341726618705
0 0.641584158416 0.119604316547 0.0138613861386 0.0341726618705
0 0.654455445545 0.132194244604 0.0138613861386 0.0377697841727
0 0.662871287129 0.115107913669 0.00891089108911 0.0287769784173
0 0.683168316832 0.146582733813 0.0158415841584 0.0341726618705
0 0.697524752475 0.139388489209 0.0128712871287 0.0377697841727
0 0.626732673267 0.192446043165 0.019801980198 0.0359712230216
0 0.568811881188 0.238309352518 0.0267326732673 0.044964028777
0 0.582178217822 0.293165467626 0.0277227722772 0.0575539568345
0 0.625742574257 0.304856115108 0.0277227722772 0.0701438848921
0 0.669801980198 0.214928057554 0.0207920792079 0.0377697841727
0 0.665841584158 0.263489208633 0.0247524752475 0.044964028777
0 0.684653465347 0.325539568345 0.0306930693069 0.0719424460432
0 0.718811881188 0.236510791367 0.029702970297 0.0557553956835
0 0.738118811881 0.176258992806 0.0188118811881 0.0395683453237
0 0.744554455446 0.134892086331 0.019801980198 0.0431654676259
0 0.722277227723 0.356115107914 0.0346534653465 0.0719424460432
0 0.761386138614 0.126798561151 0.0138613861386 0.0269784172662
0 0.767326732673 0.156474820144 0.0178217821782 0.0431654676259
0 0.784653465347 0.135791366906 0.0168316831683 0.0413669064748
0 0.781683168317 0.178956834532 0.0188118811881 0.0413669064748
0 0.811386138614 0.365107913669 0.0346534653465 0.068345323741
0 0.807425742574 0.289568345324 0.0326732673267 0.0719424460432
0 0.8 0.210431654676 0.019801980198 0.0467625899281
0 0.814356435644 0.19154676259 0.0148514851485 0.044964028777
0 0.843069306931 0.161870503597 0.0168316831683 0.0359712230216
0 0.831683168317 0.184352517986 0.0158415841584 0.0413669064748
0 0.830198019802 0.213129496403 0.0188118811881 0.044964028777
0 0.851485148515 0.312949640288 0.0237623762376 0.0647482014388
0 0.891584158416 0.437050359712 0.0287128712871 0.0863309352518
0 0.916336633663 0.344424460432 0.0287128712871 0.0701438848921
0 0.867821782178 0.184352517986 0.0168316831683 0.0377697841727
0 0.84900990099 0.196043165468 0.0247524752475 0.0359712230216
0 0.878712871287 0.165467625899 0.0168316831683 0.0395683453237
0 0.881683168317 0.249100719424 0.0247524752475 0.0593525179856
0 0.919306930693 0.255395683453 0.0227722772277 0.0467625899281
0 0.933168316832 0.24190647482 0.0168316831683 0.0341726618705
0 0.937128712871 0.204136690647 0.0227722772277 0.0341726618705
0 0.912871287129 0.195143884892 0.019801980198 0.0485611510791
0 0.932178217822 0.172661870504 0.0128712871287 0.0287769784173
0 0.917326732673 0.166366906475 0.0128712871287 0.023381294964
0 0.930693069307 0.294064748201 0.0336633663366 0.0557553956835
0 0.895544554455 0.20773381295 0.0247524752475 0.0521582733813
0 0.714356435644 0.174460431655 0.0287128712871 0.0395683453237
0 0.54504950495 0.14118705036 0.0168316831683 0.0341726618705
0 0.70495049505 0.211330935252 0.0178217821782 0.044964028777
