0 0.414937759336 0.220338983051 0.0165975103734 0.0338983050847
0 0.451590594744 0.245762711864 0.0207468879668 0.0363196125908
0 0.465421853389 0.179176755448 0.015214384509 0.0338983050847
0 0.488243430152 0.186440677966 0.0138312586445 0.0290556900726
0 0.558782849239 0.18401937046 0.0165975103734 0.0290556900726
0 0.567773167358 0.193704600484 0.0179806362379 0.0338983050847
0 0.643845089903 0.139225181598 0.015214384509 0.0363196125908
0 0.626556016598 0.147699757869 0.0165975103734 0.0290556900726
0 0.477178423237 0.108958837772 0.0165975103734 0.0242130750605
0 0.68326417704 0.185230024213 0.0193637621024 0.0363196125908
0 0.686721991701 0.231234866828 0.0235131396957 0.046004842615
0 0.730982019364 0.23607748184 0.0235131396957 0.046004842615
0 0.63969571231 0.233656174334 0.0207468879668 0.0363196125908
0 0.690871369295 0.290556900726 0.0207468879668 0.043583535109
0 0.627939142462 0.28813559322 0.0193637621024 0.0387409200969
0 0.643845089903 0.335351089588 0.0318118948824 0.0556900726392
0 0.948132780083 0.25181598063 0.0235131396957 0.043583535109
