0 0.107401448109 0.517730496454 0.0490748189863 0.0936170212766
0 0.232502011263 0.347517730496 0.0209171359614 0.0312056737589
0 0.294046661303 0.345390070922 0.0152855993564 0.0439716312057
0 0.298471440064 0.369503546099 0.0176991150442 0.041134751773
0 0.335880933226 0.35390070922 0.0233306516492 0.0439716312057
0 0.290024135157 0.304964539007 0.016894609815 0.0312056737589
0 0.359211584875 0.330496453901 0.016894609815 0.0340425531915
0 0.361625100563 0.294326241135 0.0185036202735 0.0354609929078
0 0.382542236525 0.335460992908 0.0185036202735 0.0382978723404
0 0.417135961384 0.336879432624 0.0201126307321 0.0354609929078
0 0.397425583266 0.254609929078 0.0160901045857 0.0326241134752
0 0.421962992759 0.260992907801 0.0136765888978 0.0312056737589
0 0.40989541432 0.306382978723 0.0185036202735 0.0312056737589
0 0.439662107804 0.306382978723 0.0217216411907 0.0368794326241
0 0.450120675784 0.339716312057 0.0249396621078 0.0382978723404
0 0.469026548673 0.306382978723 0.0193081255028 0.0340425531915
0 0.446902654867 0.269503546099 0.016894609815 0.0340425531915
0 0.455752212389 0.25390070922 0.0136765888978 0.0283687943262
0 0.469831053902 0.269503546099 0.0144810941271 0.0312056737589
0 0.467015285599 0.236879432624 0.0120675784393 0.0198581560284
0 0.495575221239 0.263829787234 0.0160901045857 0.0283687943262
0 0.538616251006 0.253191489362 0.0152855993564 0.0354609929078
0 0.515285599356 0.251063829787 0.0120675784393 0.0255319148936
0 0.518503620274 0.258865248227 0.0152855993564 0.0297872340426
0 0.510860820595 0.315602836879 0.0193081255028 0.0439716312057
0 0.51729686243 0.294326241135 0.0144810941271 0.0326241134752
0 0.552695092518 0.286524822695 0.0193081255028 0.0368794326241
0 0.549074818986 0.228368794326 0.016894609815 0.0283687943262
0 0.565969428801 0.267375886525 0.0185036202735 0.041134751773
0 0.573612228479 0.243971631206 0.0128720836685 0.0283687943262
0 0.571600965406 0.221985815603 0.0136765888978 0.0269503546099
0 0.596138374899 0.250354609929 0.0128720836685 0.0269503546099
0 0.60056315366 0.22695035461 0.0120675784393 0.022695035461
0 0.609814963797 0.20780141844 0.0128720836685 0.0297872340426
0 0.624296057924 0.212765957447 0.0144810941271 0.0255319148936
0 0.631938857603 0.227659574468 0.0136765888978 0.0326241134752
0 0.639581657281 0.245390070922 0.0176991150442 0.0283687943262
0 0.659694288013 0.21914893617 0.0128720836685 0.0241134751773
0 0.669348350764 0.230496453901 0.01126307321 0.0326241134752
0 0.67940466613 0.231205673759 0.0120675784393 0.0255319148936
0 0.672968624296 0.266666666667 0.0152855993564 0.0340425531915
0 0.630732099759 0.291489361702 0.0176991150442 0.0382978723404
0 0.647626709574 0.331205673759 0.0209171359614 0.0382978723404
0 0.594127111826 0.321985815603 0.0217216411907 0.0397163120567
0 0.604987932422 0.37304964539 0.0257441673371 0.0425531914894
0 0.646017699115 0.387943262411 0.0305711987128 0.0581560283688
0 0.702333065165 0.259574468085 0.0144810941271 0.0340425531915
0 0.728077232502 0.262411347518 0.0128720836685 0.0368794326241
0 0.736926790024 0.248936170213 0.0128720836685 0.0297872340426
0 0.745374094932 0.229787234043 0.0136765888978 0.0312056737589
0 0.773934030571 0.244680851064 0.0128720836685 0.0297872340426
0 0.765888978278 0.266666666667 0.0144810941271 0.0340425531915
0 0.761866452132 0.287234042553 0.0160901045857 0.0326241134752
0 0.719629927595 0.28865248227 0.016894609815 0.0354609929078
0 0.802091713596 0.248226950355 0.0128720836685 0.0312056737589
0 0.829847144006 0.26524822695 0.0120675784393 0.0312056737589
0 0.850764279968 0.267375886525 0.0136765888978 0.0354609929078
0 0.864440868866 0.260992907801 0.0136765888978 0.0340425531915
0 0.854786806114 0.283687943262 0.0136765888978 0.0340425531915
0 0.889782783588 0.297163120567 0.0144810941271 0.0382978723404
0 0.92115848753 0.279432624113 0.0128720836685 0.0255319148936
0 0.923572003218 0.304964539007 0.01126307321 0.0312056737589
0 0.928801287208 0.331205673759 0.016894609815 0.041134751773
0 0.921962992759 0.348226950355 0.01126307321 0.0382978723404
0 0.876508447305 0.320567375887 0.0152855993564 0.0312056737589
0 0.839501206758 0.309219858156 0.0136765888978 0.0312056737589
0 0.808930008045 0.299290780142 0.0152855993564 0.0312056737589
0 0.810136765889 0.275177304965 0.0160901045857 0.0340425531915
0 0.810539018504 0.332624113475 0.0201126307321 0.0439716312057
0 0.863234111022 0.370921985816 0.0193081255028 0.041134751773
0 0.895816572808 0.39219858156 0.0217216411907 0.0581560283688
0 0.905068382944 0.33829787234 0.0128720836685 0.0326241134752
0 0.900241351569 0.463829787234 0.0273531777957 0.0709219858156
0 0.852373290426 0.417730496454 0.0249396621078 0.0496453900709
0 0.833065164924 0.435460992908 0.0217216411907 0.0595744680851
0 0.795655671762 0.375886524823 0.0209171359614 0.0539007092199
0 0.694288012872 0.349645390071 0.0209171359614 0.0468085106383
0 0.678600160901 0.324113475177 0.0217216411907 0.0468085106383
0 0.731295253419 0.406382978723 0.0241351568785 0.0553191489362
0 0.772727272727 0.442553191489 0.0265486725664 0.0567375886525
0 0.669348350764 0.437588652482 0.0337892196299 0.0553191489362
0 0.711987127916 0.472340425532 0.0305711987128 0.0765957446809
0 0.810136765889 0.499290780142 0.0289621882542 0.0652482269504
0 0.500804505229 0.377304964539 0.0265486725664 0.0595744680851
0 0.53378921963 0.373758865248 0.0265486725664 0.0524822695035
0 0.543041029767 0.408510638298 0.0305711987128 0.0595744680851
0 0.61182622687 0.426241134752 0.0329847144006 0.063829787234
