0 0.206333973129 0.439344262295 0.0518234165067 0.0950819672131
0 0.26103646833 0.394262295082 0.0441458733205 0.0934426229508
0 0.287907869482 0.204918032787 0.0172744721689 0.0360655737705
0 0.353646833013 0.258196721311 0.0163147792706 0.044262295082
0 0.375719769674 0.27131147541 0.0239923224568 0.044262295082
0 0.440019193858 0.286885245902 0.0259117082534 0.0491803278689
0 0.49472168906 0.311475409836 0.0259117082534 0.0491803278689
0 0.453454894434 0.236885245902 0.0182341650672 0.0377049180328
0 0.431861804223 0.222950819672 0.0172744721689 0.0327868852459
0 0.409788867562 0.190163934426 0.0172744721689 0.0327868852459
0 0.462092130518 0.190163934426 0.0143953934741 0.0327868852459
0 0.484165067179 0.203278688525 0.0143953934741 0.0295081967213
0 0.547984644914 0.204098360656 0.0153550863724 0.0344262295082
0 0.468330134357 0.149180327869 0.0115163147793 0.0229508196721
0 0.478886756238 0.153278688525 0.0134357005758 0.0180327868852
0 0.488483685221 0.172131147541 0.0153550863724 0.0229508196721
0 0.496161228407 0.131147540984 0.0115163147793 0.0196721311475
0 0.543666026871 0.137704918033 0.0124760076775 0.0229508196721
0 0.523032629559 0.17131147541 0.0153550863724 0.0311475409836
0 0.570057581574 0.154918032787 0.0153550863724 0.027868852459
0 0.590690978887 0.158196721311 0.0143953934741 0.0311475409836
0 0.587811900192 0.109016393443 0.0124760076775 0.0213114754098
0 0.713051823417 0.100819672131 0.0134357005758 0.027868852459
0 0.615642994242 0.253278688525 0.0220729366603 0.0377049180328
0 0.688099808061 0.253278688525 0.0249520153551 0.0377049180328
0 0.736084452975 0.282786885246 0.0191938579655 0.0475409836066
0 0.778790786948 0.298360655738 0.0278310940499 0.0491803278689
0 0.702495201536 0.159836065574 0.0153550863724 0.0344262295082
0 0.728886756238 0.136885245902 0.0143953934741 0.027868852459
0 0.754318618042 0.160655737705 0.0134357005758 0.0295081967213
0 0.762476007678 0.144262295082 0.0143953934741 0.0295081967213
0 0.773992322457 0.175409836066 0.0182341650672 0.0360655737705
0 0.820057581574 0.187704918033 0.0163147792706 0.0377049180328
0 0.773992322457 0.102459016393 0.0143953934741 0.0311475409836
0 0.836852207294 0.127049180328 0.0153550863724 0.027868852459
0 0.866122840691 0.176229508197 0.0143953934741 0.027868852459
0 0.895873320537 0.231147540984 0.0143953934741 0.0459016393443
