0 0.135467980296 0.538626609442 0.0410509031199 0.0729613733906
0 0.227422003284 0.349070100143 0.0197044334975 0.0314735336195
0 0.260673234811 0.371959942775 0.0172413793103 0.0400572246066
0 0.296798029557 0.371244635193 0.0188834154351 0.0443490701001
0 0.289819376026 0.323319027182 0.0213464696223 0.0371959942775
0 0.357142857143 0.308297567954 0.0180623973727 0.0300429184549
0 0.342775041051 0.370529327611 0.0303776683087 0.0371959942775
0 0.382594417077 0.343347639485 0.0147783251232 0.0343347639485
0 0.40763546798 0.35121602289 0.0205254515599 0.035765379113
0 0.409688013136 0.309728183119 0.0180623973727 0.0214592274678
0 0.388752052545 0.288268955651 0.0172413793103 0.0271816881259
0 0.408456486043 0.288984263233 0.0139573070608 0.0171673819742
0 0.428981937603 0.264663805436 0.0155993431856 0.0228898426323
0 0.447044334975 0.270386266094 0.0139573070608 0.0228898426323
0 0.453201970443 0.347639484979 0.0197044334975 0.0343347639485
0 0.470853858785 0.416309012876 0.0303776683087 0.0486409155937
0 0.52380952381 0.457081545064 0.0344827586207 0.0443490701001
0 0.591543513957 0.460658082976 0.0287356321839 0.0629470672389
0 0.641215106732 0.489270386266 0.0361247947455 0.0600858369099
0 0.706075533662 0.556509298999 0.0328407224959 0.068669527897
0 0.830049261084 0.525035765379 0.0311986863711 0.068669527897
0 0.850164203612 0.474248927039 0.0353037766831 0.0586552217454
0 0.915435139573 0.494992846924 0.0246305418719 0.065808297568
0 0.861247947455 0.37982832618 0.0229885057471 0.0443490701001
0 0.812807881773 0.369814020029 0.0197044334975 0.0414878397711
0 0.775862068966 0.444206008584 0.0311986863711 0.0557939914163
0 0.720443349754 0.414878397711 0.0287356321839 0.0543633762518
0 0.66091954023 0.376967095851 0.0213464696223 0.0500715307582
0 0.597701149425 0.404148783977 0.0328407224959 0.0414878397711
0 0.537356321839 0.356938483548 0.0238095238095 0.0386266094421
0 0.511904761905 0.324749642346 0.0172413793103 0.0314735336195
0 0.470853858785 0.321173104435 0.0238095238095 0.0271816881259
0 0.576765188834 0.290414878398 0.0155993431856 0.0314735336195
0 0.601395730706 0.339771101574 0.0221674876847 0.0386266094421
0 0.642446633826 0.3669527897 0.0155993431856 0.035765379113
0 0.525041050903 0.283977110157 0.0155993431856 0.0271816881259
0 0.509441707718 0.273962804006 0.0139573070608 0.0271816881259
0 0.531609195402 0.253934191702 0.0106732348112 0.0271816881259
0 0.550903119869 0.25321888412 0.0131362889984 0.0286123032904
0 0.563628899836 0.233190271817 0.012315270936 0.0143061516452
0 0.580049261084 0.220314735336 0.0139573070608 0.0314735336195
0 0.470032840722 0.241773962804 0.012315270936 0.0171673819742
0 0.586206896552 0.26251788269 0.0131362889984 0.0243204577969
0 0.603858784893 0.255364806867 0.0139573070608 0.0300429184549
0 0.61288998358 0.20886981402 0.012315270936 0.0228898426323
0 0.627668308703 0.218884120172 0.012315270936 0.0257510729614
0 0.641625615764 0.227467811159 0.012315270936 0.0228898426323
0 0.700738916256 0.228183118741 0.0139573070608 0.0243204577969
0 0.642857142857 0.256080114449 0.0164203612479 0.0257510729614
0 0.671592775041 0.28469241774 0.0131362889984 0.0257510729614
0 0.680213464696 0.23104434907 0.0106732348112 0.0214592274678
0 0.663382594417 0.221745350501 0.00985221674877 0.0200286123033
0 0.641625615764 0.310443490701 0.0188834154351 0.0371959942775
0 0.685139573071 0.320457796853 0.0188834154351 0.0371959942775
0 0.715106732348 0.307582260372 0.0131362889984 0.0371959942775
0 0.705665024631 0.263948497854 0.012315270936 0.0300429184549
0 0.734811165846 0.253934191702 0.00985221674877 0.0214592274678
0 0.744663382594 0.263948497854 0.00821018062397 0.032904148784
0 0.763957307061 0.233190271817 0.0172413793103 0.0257510729614
0 0.761904761905 0.264663805436 0.0114942528736 0.0286123032904
0 0.777093596059 0.287553648069 0.0106732348112 0.0371959942775
0 0.786124794745 0.247496423462 0.0139573070608 0.0286123032904
0 0.805008210181 0.249642346209 0.0188834154351 0.0271816881259
0 0.824302134647 0.280400572246 0.00985221674877 0.0314735336195
0 0.845648604269 0.259656652361 0.0147783251232 0.0300429184549
0 0.856732348112 0.28469241774 0.0106732348112 0.0371959942775
0 0.868637110016 0.279685264664 0.00656814449918 0.0386266094421
0 0.878899835796 0.264663805436 0.0106732348112 0.0314735336195
0 0.896962233169 0.283261802575 0.0139573070608 0.0314735336195
0 0.93842364532 0.276824034335 0.00985221674877 0.032904148784
0 0.931855500821 0.316165951359 0.0131362889984 0.0257510729614
0 0.807881773399 0.299713876967 0.0147783251232 0.0300429184549
0 0.841133004926 0.316881258941 0.0172413793103 0.035765379113
0 0.869047619048 0.340486409156 0.0172413793103 0.0314735336195
0 0.90763546798 0.33547925608 0.0155993431856 0.0300429184549
0 0.936371100164 0.363376251788 0.0172413793103 0.0400572246066
0 0.690065681445 0.375536480687 0.0205254515599 0.0443490701001
0 0.823891625616 0.334763948498 0.0172413793103 0.0228898426323
