0 0.0416666666667 0.391376451078 0.0333333333333 0.0597014925373
0 0.256018518519 0.284411276949 0.0175925925926 0.0315091210614
0 0.296759259259 0.256218905473 0.0157407407407 0.0348258706468
0 0.316203703704 0.274461028192 0.0175925925926 0.0348258706468
0 0.340740740741 0.266998341625 0.0166666666667 0.0331674958541
0 0.423148148148 0.275290215589 0.0203703703704 0.0431177446103
0 0.310185185185 0.231343283582 0.012962962963 0.0248756218905
0 0.351388888889 0.228026533997 0.0175925925926 0.028192371476
0 0.341203703704 0.218905472637 0.0138888888889 0.0298507462687
0 0.375925925926 0.219734660033 0.0148148148148 0.0315091210614
0 0.390740740741 0.192371475954 0.0148148148148 0.0265339966833
0 0.406481481481 0.171641791045 0.00925925925926 0.0215588723051
0 0.418055555556 0.190713101161 0.0101851851852 0.0298507462687
0 0.417592592593 0.215588723051 0.012962962963 0.0331674958541
0 0.44212962963 0.21807628524 0.0194444444444 0.0414593698176
0 0.471759259259 0.222222222222 0.0175925925926 0.0364842454395
0 0.461111111111 0.185737976783 0.012962962963 0.0232172470978
0 0.484722222222 0.205638474295 0.0157407407407 0.0331674958541
0 0.513888888889 0.208955223881 0.0185185185185 0.0331674958541
0 0.472685185185 0.169154228856 0.0138888888889 0.0265339966833
0 0.448611111111 0.143449419569 0.0138888888889 0.0215588723051
0 0.484259259259 0.126865671642 0.012962962963 0.0182421227197
0 0.53287037037 0.165008291874 0.0175925925926 0.0381426202322
0 0.529166666667 0.132669983416 0.0138888888889 0.0298507462687
0 0.556481481481 0.136815920398 0.012962962963 0.028192371476
0 0.569907407407 0.176616915423 0.0157407407407 0.0315091210614
0 0.568981481481 0.153399668325 0.012037037037 0.0248756218905
0 0.553703703704 0.112769485904 0.012962962963 0.016583747927
0 0.58287037037 0.116915422886 0.012037037037 0.0248756218905
0 0.590740740741 0.135157545605 0.0111111111111 0.0248756218905
0 0.618518518519 0.145936981758 0.012962962963 0.0265339966833
0 0.585648148148 0.0961857379768 0.0101851851852 0.0232172470978
0 0.614814814815 0.118573797678 0.0111111111111 0.0149253731343
0 0.621296296296 0.0995024875622 0.0111111111111 0.0199004975124
0 0.634722222222 0.121061359867 0.012037037037 0.0232172470978
0 0.646296296296 0.0986733001658 0.00925925925926 0.0248756218905
0 0.666203703704 0.117744610282 0.012037037037 0.0232172470978
0 0.675925925926 0.101160862355 0.0148148148148 0.0265339966833
0 0.496759259259 0.284411276949 0.0231481481481 0.0547263681592
0 0.544444444444 0.291873963516 0.0240740740741 0.0530679933665
0 0.574074074074 0.362354892206 0.0296296296296 0.0547263681592
0 0.674074074074 0.333333333333 0.0296296296296 0.0597014925373
0 0.566203703704 0.240464344942 0.0194444444444 0.0464344941957
0 0.602314814815 0.266169154229 0.0268518518519 0.0480928689884
0 0.591203703704 0.228026533997 0.0157407407407 0.0348258706468
0 0.651851851852 0.204809286899 0.0185185185185 0.0381426202322
0 0.639351851852 0.175787728027 0.0138888888889 0.0298507462687
0 0.691666666667 0.184908789386 0.0185185185185 0.0414593698176
0 0.685185185185 0.145936981758 0.012962962963 0.0298507462687
0 0.714814814815 0.135157545605 0.0148148148148 0.0315091210614
0 0.725 0.1135986733 0.012962962963 0.0315091210614
0 0.745833333333 0.129353233831 0.0138888888889 0.0331674958541
0 0.742592592593 0.108623548922 0.0111111111111 0.0248756218905
0 0.762037037037 0.131011608624 0.0111111111111 0.0298507462687
0 0.772685185185 0.12271973466 0.0101851851852 0.0331674958541
0 0.787962962963 0.132669983416 0.0111111111111 0.0298507462687
0 0.801851851852 0.134328358209 0.00925925925926 0.0199004975124
0 0.655092592593 0.255389718076 0.0194444444444 0.0431177446103
0 0.704166666667 0.281094527363 0.025 0.0480928689884
0 0.733333333333 0.201492537313 0.0166666666667 0.028192371476
0 0.737037037037 0.168325041459 0.0148148148148 0.0348258706468
0 0.743055555556 0.243781094527 0.0212962962963 0.0530679933665
0 0.771296296296 0.292703150912 0.0222222222222 0.0514096185738
0 0.811574074074 0.248756218905 0.0231481481481 0.0497512437811
0 0.796296296296 0.18407960199 0.0166666666667 0.0331674958541
0 0.756018518519 0.172470978441 0.0157407407407 0.0265339966833
0 0.808796296296 0.165008291874 0.012037037037 0.028192371476
0 0.835185185185 0.188225538972 0.0148148148148 0.0414593698176
0 0.826851851852 0.147595356551 0.012962962963 0.0298507462687
0 0.852777777778 0.124378109453 0.012962962963 0.0265339966833
0 0.856481481481 0.166666666667 0.012962962963 0.028192371476
0 0.859722222222 0.233001658375 0.0138888888889 0.0315091210614
0 0.9125 0.284411276949 0.0231481481481 0.0580431177446
0 0.885648148148 0.195688225539 0.0157407407407 0.0398009950249
0 0.888888888889 0.130182421227 0.012962962963 0.0348258706468
0 0.919444444444 0.187396351575 0.0111111111111 0.0331674958541
0 0.918055555556 0.155058043118 0.012037037037 0.0248756218905
0 0.885648148148 0.167495854063 0.012037037037 0.0199004975124
