0 0.480712166172 0.188612099644 0.0257171117705 0.0533807829181
0 0.508902077151 0.261565836299 0.0346191889219 0.0640569395018
0 0.536597428289 0.199288256228 0.0227497527201 0.0355871886121
0 0.621167161227 0.195729537367 0.0197823936696 0.0391459074733
0 0.670623145401 0.211743772242 0.0178041543027 0.0355871886121
0 0.65628090999 0.193060498221 0.0128585558853 0.0302491103203
0 0.659248269041 0.249110320285 0.0207715133531 0.0498220640569
0 0.696340257171 0.197508896797 0.0178041543027 0.0355871886121
0 0.743323442136 0.200177935943 0.0187932739862 0.0338078291815
0 0.715628090999 0.26334519573 0.024727992087 0.0498220640569
0 0.766073194857 0.233985765125 0.0187932739862 0.0444839857651
0 0.815529179031 0.251779359431 0.0187932739862 0.0444839857651
0 0.733926805143 0.35409252669 0.0237388724036 0.0711743772242
0 0.812067260138 0.390569395018 0.0296735905045 0.076512455516
0 0.887734915925 0.413701067616 0.028684470821 0.0836298932384
