0 0.137262658228 0.464681440443 0.0403481012658 0.0817174515235
0 0.214398734177 0.343490304709 0.0158227848101 0.0277008310249
0 0.253955696203 0.35595567867 0.0253164556962 0.0332409972299
0 0.280458860759 0.30055401662 0.0166139240506 0.0304709141274
0 0.311313291139 0.331717451524 0.0213607594937 0.0401662049861
0 0.326740506329 0.350415512465 0.0237341772152 0.0554016620499
0 0.346123417722 0.32271468144 0.0150316455696 0.0304709141274
0 0.348892405063 0.288088642659 0.0158227848101 0.0304709141274
0 0.377373417722 0.325484764543 0.0174050632911 0.0360110803324
0 0.404667721519 0.325484764543 0.0181962025316 0.0360110803324
0 0.397547468354 0.299168975069 0.0166139240506 0.0304709141274
0 0.380142405063 0.265927977839 0.0150316455696 0.0304709141274
0 0.419303797468 0.258310249307 0.0142405063291 0.0207756232687
0 0.428401898734 0.299168975069 0.0134493670886 0.0304709141274
0 0.442246835443 0.247229916898 0.0110759493671 0.0207756232687
0 0.461629746835 0.260387811634 0.0166139240506 0.0332409972299
0 0.487341772152 0.254155124654 0.0126582278481 0.0290858725762
0 0.493670886076 0.245844875346 0.0110759493671 0.0180055401662
0 0.510680379747 0.240304709141 0.0150316455696 0.0235457063712
0 0.510284810127 0.270083102493 0.0142405063291 0.0277008310249
0 0.491693037975 0.319944598338 0.0181962025316 0.0360110803324
0 0.455300632911 0.307479224377 0.0150316455696 0.0249307479224
0 0.441060126582 0.342105263158 0.0213607594937 0.0277008310249
0 0.451344936709 0.410664819945 0.0245253164557 0.0484764542936
0 0.526503164557 0.400969529086 0.0229430379747 0.0429362880886
0 0.545094936709 0.345567867036 0.0205696202532 0.0429362880886
0 0.5625 0.277008310249 0.0158227848101 0.0277008310249
0 0.534414556962 0.243767313019 0.0134493670886 0.0277008310249
0 0.543117088608 0.221606648199 0.0118670886076 0.0193905817175
0 0.558148734177 0.21675900277 0.0102848101266 0.0180055401662
0 0.557357594937 0.239612188366 0.0118670886076 0.0277008310249
0 0.57832278481 0.244459833795 0.0142405063291 0.0263157894737
0 0.585047468354 0.222991689751 0.0118670886076 0.0249307479224
0 0.596123417722 0.202216066482 0.0102848101266 0.0193905817175
0 0.604034810127 0.215373961219 0.0118670886076 0.0207756232687
0 0.60878164557 0.209141274238 0.0102848101266 0.016620498615
0 0.618275316456 0.243767313019 0.0118670886076 0.0221606648199
0 0.634493670886 0.215373961219 0.0110759493671 0.0180055401662
0 0.635284810127 0.234764542936 0.0110759493671 0.0235457063712
0 0.64082278481 0.224376731302 0.00949367088608 0.0193905817175
0 0.653481012658 0.227146814404 0.0110759493671 0.0277008310249
0 0.662974683544 0.225761772853 0.0110759493671 0.0277008310249
0 0.657436708861 0.26108033241 0.0126582278481 0.0318559556787
0 0.614715189873 0.289473684211 0.0158227848101 0.0304709141274
0 0.581091772152 0.315789473684 0.0197784810127 0.0415512465374
0 0.635680379747 0.326177285319 0.0150316455696 0.0318559556787
0 0.642800632911 0.355263157895 0.0229430379747 0.0540166204986
0 0.667325949367 0.342797783934 0.0197784810127 0.0401662049861
0 0.5625 0.424515235457 0.0284810126582 0.0595567867036
0 0.623813291139 0.459141274238 0.0292721518987 0.0595567867036
0 0.572784810127 0.409279778393 0.0189873417722 0.0318559556787
0 0.679193037975 0.509695290859 0.0276898734177 0.0637119113573
0 0.714794303797 0.39404432133 0.0213607594937 0.0429362880886
0 0.749208860759 0.42243767313 0.0221518987342 0.0526315789474
0 0.788370253165 0.515235457064 0.0245253164557 0.0692520775623
0 0.816851265823 0.43351800554 0.0229430379747 0.0498614958449
0 0.783227848101 0.369113573407 0.0189873417722 0.0484764542936
0 0.881329113924 0.450831024931 0.0237341772152 0.0512465373961
0 0.869066455696 0.404432132964 0.0213607594937 0.0415512465374
0 0.833860759494 0.369113573407 0.0205696202532 0.0540166204986
0 0.851265822785 0.349030470914 0.0189873417722 0.0415512465374
0 0.898338607595 0.346952908587 0.0166139240506 0.0401662049861
0 0.871044303797 0.324099722992 0.0158227848101 0.0332409972299
0 0.893987341772 0.313019390582 0.0126582278481 0.0249307479224
0 0.904667721519 0.308171745152 0.0134493670886 0.0290858725762
0 0.901898734177 0.268698060942 0.0142405063291 0.0304709141274
0 0.867484177215 0.285318559557 0.0150316455696 0.0387811634349
0 0.818037974684 0.317867036011 0.0189873417722 0.0373961218837
0 0.801819620253 0.342797783934 0.0197784810127 0.0346260387812
0 0.779272151899 0.299861495845 0.0158227848101 0.0290858725762
0 0.793117088608 0.270083102493 0.0150316455696 0.0277008310249
0 0.813291139241 0.258310249307 0.0126582278481 0.0207756232687
0 0.825949367089 0.280470914127 0.0126582278481 0.0235457063712
0 0.833069620253 0.260387811634 0.0110759493671 0.0221606648199
0 0.84375 0.252077562327 0.0118670886076 0.0277008310249
0 0.741297468354 0.28324099723 0.0126582278481 0.0373961218837
0 0.751977848101 0.259695290859 0.0134493670886 0.0318559556787
0 0.757515822785 0.229224376731 0.0150316455696 0.0290858725762
0 0.731012658228 0.225069252078 0.0126582278481 0.0290858725762
0 0.71835443038 0.240997229917 0.0126582278481 0.0304709141274
0 0.723496835443 0.257617728532 0.0134493670886 0.0277008310249
0 0.701344936709 0.279778393352 0.0166139240506 0.0360110803324
0 0.685522151899 0.256925207756 0.0150316455696 0.0346260387812
