0 0.0860953920776 0.569787985866 0.0428455941795 0.118374558304
0 0.255052546483 0.251766784452 0.0169765561843 0.047703180212
0 0.297898140663 0.25 0.0169765561843 0.0406360424028
0 0.308811641067 0.219964664311 0.0194017784964 0.047703180212
0 0.332659660469 0.248233215548 0.018593371059 0.0583038869258
0 0.352869846403 0.217314487633 0.0169765561843 0.0459363957597
0 0.364187550525 0.281802120141 0.0218270008084 0.0547703180212
0 0.385610347615 0.198763250883 0.0129345189976 0.0335689045936
0 0.393694421989 0.246466431095 0.0145513338723 0.0406360424028
0 0.428455941795 0.32332155477 0.0210185933711 0.0600706713781
0 0.426434923201 0.196996466431 0.0153597413096 0.0441696113074
0 0.435327405012 0.168727915194 0.0153597413096 0.0406360424028
0 0.469684721099 0.181978798587 0.016168148747 0.0459363957597
0 0.473726758286 0.259717314488 0.0194017784964 0.0494699646643
0 0.492724333064 0.216431095406 0.0137429264349 0.047703180212
0 0.491107518189 0.154593639576 0.0121261115602 0.0406360424028
0 0.525869037995 0.167844522968 0.0153597413096 0.0388692579505
0 0.543249797898 0.216431095406 0.0194017784964 0.047703180212
0 0.542441390461 0.174028268551 0.0129345189976 0.0371024734982
0 0.550525464834 0.144876325088 0.0145513338723 0.0388692579505
0 0.573969280517 0.143109540636 0.0145513338723 0.0388692579505
0 0.592562651576 0.136042402827 0.0145513338723 0.0388692579505
0 0.550929668553 0.359540636042 0.0218270008084 0.0547703180212
0 0.575586095392 0.211130742049 0.0145513338723 0.047703180212
0 0.602667744543 0.189045936396 0.0121261115602 0.0424028268551
0 0.611156022635 0.163427561837 0.0145513338723 0.0335689045936
0 0.650363783347 0.0759717314488 0.0153597413096 0.0388692579505
0 0.62813257882 0.128091872792 0.0129345189976 0.030035335689
0 0.643492320129 0.145759717314 0.0129345189976 0.0371024734982
0 0.611964430073 0.211130742049 0.016168148747 0.047703180212
0 0.647938561035 0.191696113074 0.0121261115602 0.0335689045936
0 0.681891673403 0.161660777385 0.0137429264349 0.0406360424028
0 0.68916734034 0.14222614841 0.0121261115602 0.0335689045936
0 0.709781729992 0.163427561837 0.0145513338723 0.0371024734982
0 0.613985448666 0.308303886926 0.018593371059 0.0547703180212
0 0.604284559418 0.39222614841 0.0202101859337 0.0530035335689
0 0.653597413096 0.429328621908 0.0250606305578 0.0671378091873
0 0.658043654002 0.267667844523 0.0194017784964 0.047703180212
0 0.711398544867 0.222614840989 0.0145513338723 0.0494699646643
0 0.708973322555 0.289752650177 0.0177849636217 0.0530035335689
0 0.717057396928 0.437279151943 0.0226354082458 0.0724381625442
0 0.73484236055 0.212014134276 0.0145513338723 0.0459363957597
0 0.747776879547 0.197879858657 0.0113177041229 0.0353356890459
0 0.743734842361 0.243816254417 0.016168148747 0.0459363957597
0 0.778496362167 0.179328621908 0.016168148747 0.0406360424028
0 0.777687954729 0.21554770318 0.0145513338723 0.0424028268551
0 0.763945028294 0.298586572438 0.0177849636217 0.0530035335689
0 0.78658043654 0.271201413428 0.0194017784964 0.047703180212
0 0.805982215036 0.19964664311 0.0129345189976 0.0388692579505
0 0.82012934519 0.225265017668 0.0153597413096 0.0441696113074
0 0.807599029911 0.249116607774 0.0129345189976 0.0459363957597
0 0.811236863379 0.310954063604 0.018593371059 0.0636042402827
0 0.782538399353 0.462897526502 0.0258690379951 0.0848056537102
0 0.861358124495 0.359540636042 0.018593371059 0.0547703180212
0 0.869442198868 0.244699646643 0.0169765561843 0.0406360424028
0 0.904203718674 0.228798586572 0.0169765561843 0.0371024734982
0 0.895311236863 0.273851590106 0.0153597413096 0.0494699646643
0 0.950687146322 0.250883392226 0.00970088924818 0.0353356890459
0 0.939773645918 0.291519434629 0.0169765561843 0.0459363957597
0 0.919563459984 0.333922261484 0.0137429264349 0.0494699646643
0 0.934923201293 0.366607773852 0.0169765561843 0.0512367491166
0 0.891269199677 0.429328621908 0.0234438156831 0.0636042402827
0 0.868229587712 0.541519434629 0.0226354082458 0.0865724381625
0 0.952708164915 0.450530035336 0.0234438156831 0.0600706713781
0 0.976556184317 0.391342756184 0.016168148747 0.0512367491166
0 0.972109943411 0.356007067138 0.0121261115602 0.0406360424028
0 0.974939369442 0.315371024735 0.0129345189976 0.0335689045936
0 0.978172999192 0.271201413428 0.0129345189976 0.0441696113074
