0 0.282851817335 0.190129449838 0.0158434296365 0.0307443365696
0 0.310344827586 0.19498381877 0.0186393289842 0.0404530744337
0 0.357875116496 0.314724919094 0.0372786579683 0.0728155339806
0 0.505125815471 0.322006472492 0.044734389562 0.0873786407767
0 0.546132339236 0.163430420712 0.0242311276794 0.0485436893204
0 0.595060577819 0.128640776699 0.0214352283318 0.046925566343
0 0.654240447344 0.123786407767 0.0186393289842 0.0436893203883
0 0.672879776328 0.151294498382 0.0242311276794 0.046925566343
0 0.64165890028 0.245954692557 0.0195712954334 0.0517799352751
0 0.656570363467 0.240291262136 0.0251630941286 0.046925566343
0 0.741845293569 0.230582524272 0.0205032618826 0.0501618122977
0 0.762814538677 0.238673139159 0.0177073625349 0.046925566343
0 0.749767008388 0.284789644013 0.0288909599254 0.0614886731392
