0 0.0541044776119 0.400833333333 0.0223880597015 0.0483333333333
0 0.256063432836 0.264166666667 0.0158582089552 0.0283333333333
0 0.272388059701 0.266666666667 0.0149253731343 0.03
0 0.3125 0.245 0.0149253731343 0.03
0 0.337686567164 0.25 0.0149253731343 0.0266666666667
0 0.331623134328 0.2125 0.0102611940299 0.025
0 0.347014925373 0.2175 0.0111940298507 0.025
0 0.355876865672 0.225833333333 0.0158582089552 0.025
0 0.357742537313 0.285 0.0139925373134 0.0366666666667
0 0.399720149254 0.2825 0.0214552238806 0.045
0 0.380130597015 0.226666666667 0.0158582089552 0.0366666666667
0 0.383395522388 0.185 0.0130597014925 0.0266666666667
0 0.401119402985 0.1825 0.0130597014925 0.025
0 0.400652985075 0.209166666667 0.0139925373134 0.0283333333333
0 0.446361940299 0.226666666667 0.0158582089552 0.0366666666667
0 0.472014925373 0.2275 0.0167910447761 0.035
0 0.446361940299 0.188333333333 0.0139925373134 0.0266666666667
0 0.478544776119 0.193333333333 0.0130597014925 0.0266666666667
0 0.504197761194 0.195 0.0139925373134 0.0266666666667
0 0.472947761194 0.17 0.0149253731343 0.0233333333333
0 0.457089552239 0.151666666667 0.00932835820896 0.0233333333333
0 0.475746268657 0.138333333333 0.00932835820896 0.02
0 0.528917910448 0.163333333333 0.0130597014925 0.0333333333333
0 0.549440298507 0.158333333333 0.00932835820896 0.0233333333333
0 0.577425373134 0.169166666667 0.0130597014925 0.0283333333333
0 0.564365671642 0.1475 0.0111940298507 0.025
0 0.564832089552 0.12 0.0102611940299 0.0233333333333
0 0.597481343284 0.1425 0.0102611940299 0.025
0 0.592350746269 0.125 0.00932835820896 0.0233333333333
0 0.609141791045 0.133333333333 0.00932835820896 0.0233333333333
0 0.61473880597 0.145833333333 0.00932835820896 0.025
0 0.613805970149 0.118333333333 0.00932835820896 0.0233333333333
0 0.636660447761 0.143333333333 0.0102611940299 0.0266666666667
0 0.647854477612 0.120833333333 0.0121268656716 0.025
0 0.680970149254 0.12 0.0111940298507 0.0233333333333
0 0.658582089552 0.170833333333 0.0149253731343 0.025
0 0.618470149254 0.205 0.0149253731343 0.0333333333333
0 0.550373134328 0.244166666667 0.0186567164179 0.0416666666667
0 0.527518656716 0.209166666667 0.017723880597 0.0383333333333
0 0.500932835821 0.291666666667 0.0205223880597 0.0533333333333
0 0.57322761194 0.295833333333 0.0233208955224 0.0483333333333
0 0.617070895522 0.2575 0.0195895522388 0.0483333333333
0 0.612406716418 0.320833333333 0.0214552238806 0.0483333333333
0 0.652052238806 0.281666666667 0.0223880597015 0.0566666666667
0 0.650186567164 0.213333333333 0.0149253731343 0.0333333333333
0 0.694029850746 0.178333333333 0.0167910447761 0.0366666666667
0 0.692164179104 0.145 0.0111940298507 0.0266666666667
0 0.705690298507 0.1525 0.0121268656716 0.025
0 0.71875 0.1725 0.0139925373134 0.0283333333333
0 0.72901119403 0.200833333333 0.0158582089552 0.0316666666667
0 0.714552238806 0.228333333333 0.0186567164179 0.04
0 0.69776119403 0.293333333333 0.0186567164179 0.0433333333333
0 0.769123134328 0.29 0.0214552238806 0.0466666666667
0 0.841417910448 0.324166666667 0.0223880597015 0.0483333333333
0 0.75046641791 0.246666666667 0.017723880597 0.0433333333333
0 0.76026119403 0.210833333333 0.0205223880597 0.0383333333333
0 0.761660447761 0.1675 0.0139925373134 0.0316666666667
0 0.777985074627 0.160833333333 0.0149253731343 0.0316666666667
0 0.764925373134 0.1275 0.0149253731343 0.0316666666667
0 0.745802238806 0.1375 0.0139925373134 0.0283333333333
0 0.73973880597 0.114166666667 0.0130597014925 0.0283333333333
0 0.820895522388 0.209166666667 0.0167910447761 0.0416666666667
0 0.83348880597 0.196666666667 0.0139925373134 0.0366666666667
0 0.832089552239 0.158333333333 0.0130597014925 0.03
0 0.850279850746 0.158333333333 0.0121268656716 0.0333333333333
0 0.85447761194 0.24 0.0186567164179 0.0533333333333
0 0.912313432836 0.255 0.0186567164179 0.0466666666667
0 0.902518656716 0.2325 0.0158582089552 0.035
0 0.886660447761 0.206666666667 0.0139925373134 0.04
0 0.879197761194 0.164166666667 0.0139925373134 0.035
0 0.886660447761 0.159166666667 0.0121268656716 0.025
