0 0.130738522954 0.471580817052 0.0578842315369 0.104795737123
0 0.313872255489 0.226465364121 0.0169660678643 0.0479573712256
0 0.313872255489 0.200710479574 0.0129740518962 0.0284191829485
0 0.349301397206 0.195381882771 0.0139720558882 0.0319715808171
0 0.411676646707 0.193605683837 0.0169660678643 0.0390763765542
0 0.447105788423 0.203374777975 0.0159680638723 0.0373001776199
0 0.447105788423 0.169626998224 0.0139720558882 0.0266429840142
0 0.476546906188 0.216696269982 0.0189620758483 0.0461811722913
0 0.480538922156 0.187388987567 0.0169660678643 0.0337477797513
0 0.531936127745 0.199822380107 0.0179640718563 0.0373001776199
0 0.562375249501 0.153641207815 0.0149700598802 0.0337477797513
0 0.583333333333 0.158969804618 0.0169660678643 0.0337477797513
0 0.615269461078 0.0932504440497 0.0109780439122 0.0266429840142
0 0.687624750499 0.117229129663 0.0119760479042 0.0319715808171
0 0.700598802395 0.112788632327 0.0119760479042 0.0266429840142
0 0.513972055888 0.294849023091 0.0199600798403 0.0532859680284
0 0.583832335329 0.230905861456 0.0199600798403 0.0426287744227
0 0.590818363273 0.285079928952 0.0179640718563 0.0515097690941
0 0.607285429142 0.284191829485 0.0269461077844 0.0674955595027
0 0.626746506986 0.270870337478 0.0259481037924 0.0586145648313
0 0.679141716567 0.237122557726 0.0209580838323 0.0408525754885
0 0.689620758483 0.324156305506 0.0339321357285 0.0728241563055
0 0.675648702595 0.206039076377 0.0199600798403 0.0426287744227
0 0.677145708583 0.16785079929 0.0149700598802 0.0337477797513
0 0.707085828343 0.186500888099 0.0169660678643 0.0461811722913
0 0.72255489022 0.221136767318 0.0199600798403 0.044404973357
0 0.726047904192 0.353463587922 0.0249500998004 0.0639431616341
0 0.743512974052 0.169626998224 0.0119760479042 0.0373001776199
0 0.762974051896 0.14298401421 0.0129740518962 0.0337477797513
0 0.784930139721 0.128774422735 0.0109780439122 0.0230905861456
0 0.787924151697 0.169626998224 0.0149700598802 0.044404973357
0 0.802395209581 0.190941385435 0.0139720558882 0.0373001776199
0 0.829840319361 0.173179396092 0.0129740518962 0.0301953818828
0 0.842814371257 0.146536412078 0.0129740518962 0.0337477797513
0 0.842814371257 0.182948490231 0.0149700598802 0.0426287744227
0 0.86876247505 0.179396092362 0.0129740518962 0.0319715808171
0 0.905688622754 0.157193605684 0.0129740518962 0.0373001776199
0 0.941616766467 0.16785079929 0.0149700598802 0.0301953818828
0 0.839321357285 0.231793960924 0.0179640718563 0.0408525754885
0 0.808882235529 0.259325044405 0.0189620758483 0.0461811722913
0 0.814870259481 0.280639431616 0.0189620758483 0.0461811722913
0 0.816866267465 0.348134991119 0.0269461077844 0.0603907637655
0 0.847305389222 0.319715808171 0.0239520958084 0.0603907637655
0 0.904191616766 0.415630550622 0.0259481037924 0.0746003552398
0 0.921157684631 0.32593250444 0.0199600798403 0.0515097690941
0 0.910179640719 0.301953818828 0.0239520958084 0.0461811722913
0 0.868263473054 0.288632326821 0.0219560878244 0.0337477797513
0 0.889720558882 0.224689165187 0.0169660678643 0.0515097690941
0 0.930139720559 0.240674955595 0.0179640718563 0.0479573712256
0 0.947105788423 0.201598579041 0.0139720558882 0.0301953818828
0 0.924650698603 0.159857904085 0.0109780439122 0.0319715808171
0 0.88123752495 0.14298401421 0.0119760479042 0.0301953818828
0 0.878243512974 0.160746003552 0.0119760479042 0.0337477797513
0 0.817365269461 0.183836589698 0.0159680638723 0.0479573712256
0 0.630738522954 0.218472468917 0.0199600798403 0.0426287744227
0 0.419161676647 0.148312611012 0.0119760479042 0.0195381882771
0 0.419161676647 0.16785079929 0.0139720558882 0.0301953818828
0 0.474550898204 0.147424511545 0.0109780439122 0.0284191829485
0 0.496007984032 0.144760213144 0.0119760479042 0.0301953818828
0 0.518962075848 0.151865008881 0.0139720558882 0.0337477797513
0 0.536427145709 0.129662522202 0.0109780439122 0.0284191829485
0 0.594810379242 0.102131438721 0.00998003992016 0.0230905861456
0 0.588822355289 0.14298401421 0.0159680638723 0.0301953818828
0 0.632235528942 0.0959147424512 0.00898203592814 0.0213143872114
0 0.636726546906 0.120781527531 0.00998003992016 0.0284191829485
0 0.632734530938 0.137655417407 0.0119760479042 0.0301953818828
0 0.655688622754 0.129662522202 0.0119760479042 0.0284191829485
0 0.550399201597 0.154529307282 0.0109780439122 0.0284191829485
