0 0.783796740173 0.414211438475 0.0431447746884 0.117850953206
0 0.782837967402 0.29116117851 0.0239693192713 0.0554592720971
0 0.910354745925 0.400346620451 0.0373921380633 0.0970537261698
0 0.98322147651 0.277296360485 0.0316395014382 0.0693240901213
0 0.904122722915 0.323223570191 0.0230105465005 0.0606585788562
0 0.882070949185 0.241767764298 0.0153403643337 0.0433275563258
0 0.890220517737 0.197573656846 0.0124640460211 0.0346620450607
0 0.925695110259 0.197573656846 0.0143815915628 0.0346620450607
0 0.911792905081 0.245233968804 0.0153403643337 0.0398613518198
0 0.912272291467 0.278162911612 0.0182166826462 0.0571923743501
0 0.729146692234 0.147313691508 0.0143815915628 0.0346620450607
0 0.719558964525 0.220970537262 0.0182166826462 0.0467937608319
0 0.664429530201 0.220970537262 0.0172579098754 0.0433275563258
0 0.62895493768 0.230502599653 0.0230105465005 0.051993067591
0 0.653403643337 0.107452339688 0.0105465004794 0.0242634315425
0 0.618887823586 0.109185441941 0.00862895493768 0.0242634315425
0 0.579098753595 0.112651646447 0.00958772770853 0.0207972270364
0 0.596356663471 0.124783362218 0.0172579098754 0.0381282495667
0 0.533077660594 0.153379549393 0.0134228187919 0.0363951473137
0 0.557526366251 0.177642980936 0.0182166826462 0.0433275563258
0 0.415627996165 0.156845753899 0.0105465004794 0.0259965337955
0 0.448226270374 0.149046793761 0.0124640460211 0.0311958405546
0 0.475551294343 0.146447140381 0.0134228187919 0.0329289428076
0 0.489453499521 0.161178509532 0.0143815915628 0.0346620450607
0 0.469798657718 0.185441941075 0.0134228187919 0.0346620450607
0 0.448705656759 0.207972270364 0.0172579098754 0.0415944540728
0 0.414669223394 0.21143847487 0.0182166826462 0.0415944540728
0 0.392617449664 0.199306759099 0.0162991371045 0.0381282495667
0 0.340843720038 0.213171577123 0.0162991371045 0.0450606585789
0 0.366251198466 0.2287694974 0.0172579098754 0.0415944540728
0 0.388302972196 0.246967071057 0.0172579098754 0.0433275563258
0 0.256951102589 0.218370883882 0.0191754554171 0.051993067591
0 0.205177372963 0.234835355286 0.0191754554171 0.050259965338
0 0.124640460211 0.445407279029 0.0517737296261 0.110918544194
