0 0.138289036545 0.531930333817 0.0406976744186 0.0798258345428
0 0.230897009967 0.341799709724 0.0166112956811 0.0362844702467
0 0.253737541528 0.388969521045 0.0240863787375 0.0406386066763
0 0.289867109635 0.366473149492 0.0199335548173 0.044992743106
0 0.285714285714 0.314949201742 0.0182724252492 0.0348330914369
0 0.34011627907 0.359216255443 0.0224252491694 0.0507982583454
0 0.357142857143 0.33381712627 0.0166112956811 0.0377358490566
0 0.382059800664 0.349056603774 0.0199335548173 0.044992743106
0 0.355066445183 0.301161103048 0.0174418604651 0.0304789550073
0 0.392857142857 0.263425253991 0.014950166113 0.033381712627
0 0.411129568106 0.274310595065 0.0132890365449 0.0290275761974
0 0.413205980066 0.335994194485 0.0207641196013 0.044992743106
0 0.40988372093 0.303338171263 0.015780730897 0.0261248185776
0 0.436877076412 0.315674891147 0.0182724252492 0.033381712627
0 0.445182724252 0.33671988389 0.0215946843854 0.0406386066763
0 0.438953488372 0.284470246734 0.0141196013289 0.0319303338171
0 0.428571428571 0.259796806967 0.0132890365449 0.0290275761974
0 0.462209302326 0.272133526851 0.015780730897 0.0362844702467
0 0.468023255814 0.312046444122 0.0174418604651 0.0290275761974
0 0.46926910299 0.241654571843 0.0166112956811 0.0275761973875
0 0.499584717608 0.265602322206 0.0141196013289 0.0290275761974
0 0.530315614618 0.278664731495 0.0191029900332 0.0319303338171
0 0.526162790698 0.250362844702 0.0174418604651 0.0304789550073
0 0.550249169435 0.246008708273 0.015780730897 0.0304789550073
0 0.561046511628 0.283018867925 0.015780730897 0.0348330914369
0 0.578073089701 0.267053701016 0.0182724252492 0.0319303338171
0 0.571843853821 0.2206095791 0.0124584717608 0.0261248185776
0 0.610465116279 0.251088534107 0.014950166113 0.0290275761974
0 0.60049833887 0.232946298984 0.0116279069767 0.0246734397678
0 0.615448504983 0.211175616836 0.0132890365449 0.0275761973875
0 0.632890365449 0.213352685051 0.0116279069767 0.0232220609579
0 0.643272425249 0.251088534107 0.0141196013289 0.0290275761974
0 0.677325581395 0.210449927431 0.0124584717608 0.0290275761974
0 0.681893687708 0.235849056604 0.014950166113 0.0275761973875
0 0.691860465116 0.224238026125 0.0166112956811 0.0304789550073
0 0.504983388704 0.33236574746 0.0182724252492 0.0406386066763
0 0.486295681063 0.407837445573 0.03073089701 0.0638606676343
0 0.541112956811 0.440493468795 0.0340531561462 0.0624092888244
0 0.609219269103 0.455007256894 0.0323920265781 0.0682148040639
0 0.544850498339 0.360667634253 0.0249169435216 0.0507982583454
0 0.609219269103 0.33381712627 0.0257475083056 0.0464441219158
0 0.626661129568 0.372278664731 0.03073089701 0.0507982583454
0 0.644933554817 0.470972423803 0.0323920265781 0.0682148040639
0 0.716777408638 0.517416545718 0.0448504983389 0.0798258345428
0 0.664451827243 0.379535558781 0.0249169435216 0.0595065312046
0 0.65157807309 0.345428156749 0.0224252491694 0.0435413642961
0 0.640780730897 0.306966618287 0.0174418604651 0.0420899854862
0 0.677740863787 0.277213352685 0.0166112956811 0.0377358490566
0 0.700581395349 0.293904208999 0.0191029900332 0.0391872278665
0 0.712624584718 0.249637155298 0.0182724252492 0.0377358490566
0 0.696428571429 0.364296081277 0.0240863787375 0.0522496371553
0 0.729651162791 0.405660377358 0.03073089701 0.0507982583454
0 0.786129568106 0.439042089985 0.0290697674419 0.0653120464441
0 0.845514950166 0.510159651669 0.0348837209302 0.0711175616836
0 0.85049833887 0.469521044993 0.031561461794 0.0595065312046
0 0.821013289037 0.365747460087 0.0240863787375 0.055152394775
0 0.744186046512 0.240928882438 0.014950166113 0.0290275761974
0 0.749584717608 0.235123367199 0.0107973421927 0.0290275761974
0 0.753737541528 0.269230769231 0.0191029900332 0.0420899854862
0 0.786544850498 0.283744557329 0.0166112956811 0.0391872278665
0 0.794435215947 0.264150943396 0.0141196013289 0.0319303338171
0 0.777408637874 0.267779390421 0.014950166113 0.033381712627
0 0.793604651163 0.241654571843 0.0174418604651 0.0304789550073
0 0.818521594684 0.245283018868 0.015780730897 0.0377358490566
0 0.829734219269 0.2793904209 0.0182724252492 0.033381712627
0 0.819352159468 0.312772133527 0.0174418604651 0.033381712627
0 0.83596345515 0.342525399129 0.0191029900332 0.0464441219158
0 0.854235880399 0.334542815675 0.0191029900332 0.0362844702467
0 0.864202657807 0.278664731495 0.0174418604651 0.0377358490566
0 0.852574750831 0.259796806967 0.0141196013289 0.0290275761974
0 0.889119601329 0.257619738752 0.0141196013289 0.0304789550073
0 0.902823920266 0.281567489115 0.014950166113 0.0319303338171
0 0.878322259136 0.338896952104 0.015780730897 0.044992743106
0 0.90157807309 0.327285921626 0.0174418604651 0.0391872278665
0 0.866279069767 0.410740203193 0.0282392026578 0.0609579100145
0 0.921096345515 0.459361393324 0.0332225913621 0.0711175616836
0 0.932724252492 0.376632801161 0.0215946843854 0.0507982583454
0 0.921926910299 0.323657474601 0.0182724252492 0.0377358490566
0 0.942275747508 0.309869375907 0.015780730897 0.0391872278665
0 0.948504983389 0.289550072569 0.014950166113 0.0246734397678
