0 0.119299674267 0.593103448276 0.0317589576547 0.0793103448276
0 0.0810260586319 0.549137931034 0.0285016286645 0.0706896551724
0 0.0814332247557 0.452586206897 0.0228013029316 0.0603448275862
0 0.0195439739414 0.303448275862 0.0162866449511 0.0379310344828
0 0.0362377850163 0.279310344828 0.0154723127036 0.0413793103448
0 0.0439739413681 0.227586206897 0.0130293159609 0.0310344827586
0 0.122964169381 0.258620689655 0.0162866449511 0.0413793103448
0 0.13151465798 0.239655172414 0.0122149837134 0.0344827586207
0 0.155944625407 0.225862068966 0.0154723127036 0.0413793103448
0 0.180374592834 0.225862068966 0.0138436482085 0.0413793103448
0 0.181188925081 0.291379310345 0.0203583061889 0.0448275862069
0 0.199511400651 0.46724137931 0.0228013029316 0.0655172413793
0 0.235749185668 0.391379310345 0.0203583061889 0.051724137931
0 0.246335504886 0.338793103448 0.0171009771987 0.05
0 0.202768729642 0.162068965517 0.0114006514658 0.0310344827586
0 0.226384364821 0.168965517241 0.014657980456 0.0379310344828
0 0.251628664495 0.161206896552 0.0114006514658 0.0293103448276
0 0.293159609121 0.237068965517 0.0162866449511 0.0396551724138
0 0.302524429967 0.198275862069 0.0138436482085 0.0344827586207
0 0.304560260586 0.170689655172 0.0130293159609 0.0275862068966
0 0.324104234528 0.26724137931 0.0162866449511 0.0413793103448
0 0.357084690554 0.238793103448 0.0171009771987 0.0431034482759
0 0.392100977199 0.219827586207 0.0154723127036 0.0362068965517
0 0.364006514658 0.125 0.0130293159609 0.0327586206897
0 0.411237785016 0.126724137931 0.0130293159609 0.0327586206897
0 0.425895765472 0.111206896552 0.0114006514658 0.0293103448276
0 0.421824104235 0.20775862069 0.0162866449511 0.0396551724138
0 0.472719869707 0.168103448276 0.0138436482085 0.0327586206897
0 0.494706840391 0.150862068966 0.0122149837134 0.0327586206897
0 0.488599348534 0.115517241379 0.0130293159609 0.0310344827586
0 0.476384364821 0.197413793103 0.0130293159609 0.0327586206897
0 0.506107491857 0.213793103448 0.0122149837134 0.0379310344828
0 0.517915309446 0.138793103448 0.0114006514658 0.0258620689655
0 0.529723127036 0.112931034483 0.0105863192182 0.0258620689655
0 0.552524429967 0.195689655172 0.0138436482085 0.0293103448276
0 0.497149837134 0.25775862069 0.0154723127036 0.0396551724138
0 0.48167752443 0.318103448276 0.0203583061889 0.0568965517241
0 0.561074918567 0.343965517241 0.0228013029316 0.0568965517241
0 0.581433224756 0.237068965517 0.014657980456 0.0431034482759
0 0.584690553746 0.176724137931 0.014657980456 0.0362068965517
0 0.596498371336 0.135344827586 0.0122149837134 0.0327586206897
0 0.627850162866 0.151724137931 0.0130293159609 0.0344827586207
0 0.60667752443 0.166379310345 0.0114006514658 0.0293103448276
0 0.63680781759 0.281034482759 0.0162866449511 0.0344827586207
0 0.656758957655 0.184482758621 0.0122149837134 0.0310344827586
0 0.576140065147 0.5 0.0252442996743 0.0689655172414
0 0.693811074919 0.368965517241 0.0179153094463 0.048275862069
0 0.719055374593 0.304310344828 0.0211726384365 0.0396551724138
0 0.710504885993 0.256896551724 0.0138436482085 0.0379310344828
0 0.721905537459 0.244827586207 0.0105863192182 0.0275862068966
0 0.734120521173 0.239655172414 0.0105863192182 0.0275862068966
0 0.727198697068 0.219827586207 0.0114006514658 0.0224137931034
0 0.780537459283 0.237068965517 0.0138436482085 0.0362068965517
0 0.82328990228 0.266379310345 0.0130293159609 0.0327586206897
0 0.865228013029 0.310344827586 0.0138436482085 0.0344827586207
0 0.936482084691 0.399137931034 0.0179153094463 0.0465517241379
0 0.785830618893 0.39224137931 0.0244299674267 0.0534482758621
