0 0.139350752177 0.469718309859 0.0411718131433 0.0830985915493
0 0.216547901821 0.346478873239 0.0150435471101 0.030985915493
0 0.285431512272 0.304225352113 0.0150435471101 0.0338028169014
0 0.25613618369 0.359154929577 0.0229612034838 0.0338028169014
0 0.286619160728 0.364084507042 0.0190023752969 0.0408450704225
0 0.348772763262 0.297183098592 0.0150435471101 0.0338028169014
0 0.384402216944 0.261971830986 0.0182106096595 0.0281690140845
0 0.421219319082 0.260563380282 0.0190023752969 0.030985915493
0 0.438638163104 0.255633802817 0.0205859065717 0.0295774647887
0 0.33135391924 0.36338028169 0.0197941409343 0.0450704225352
0 0.350356294537 0.334507042254 0.0166270783848 0.0380281690141
0 0.382026920032 0.332394366197 0.0182106096595 0.0422535211268
0 0.406967537609 0.327464788732 0.0190023752969 0.0380281690141
0 0.42478226445 0.28661971831 0.0166270783848 0.0352112676056
0 0.430324623911 0.310563380282 0.021377672209 0.0380281690141
0 0.464370546318 0.267605633803 0.0150435471101 0.0366197183099
0 0.458432304038 0.319014084507 0.0190023752969 0.0352112676056
0 0.437450514648 0.339436619718 0.0182106096595 0.030985915493
0 0.492478226445 0.264084507042 0.0158353127474 0.0380281690141
0 0.512272367379 0.247887323944 0.0142517814727 0.0338028169014
0 0.496437054632 0.317605633803 0.0174188440222 0.0352112676056
0 0.517022961203 0.27676056338 0.0142517814727 0.0295774647887
0 0.523752969121 0.247183098592 0.0150435471101 0.0352112676056
0 0.545526524149 0.228169014085 0.0110847189232 0.0197183098592
0 0.561361836896 0.210563380282 0.0142517814727 0.0239436619718
0 0.565320665083 0.256338028169 0.0126682501979 0.030985915493
0 0.588281868567 0.228169014085 0.0110847189232 0.0281690140845
0 0.600950118765 0.204929577465 0.0142517814727 0.0295774647887
0 0.566508313539 0.279577464789 0.0166270783848 0.0239436619718
0 0.457244655582 0.414084507042 0.0292953285827 0.0619718309859
0 0.547505938242 0.35985915493 0.0229612034838 0.0605633802817
0 0.620744259699 0.25 0.0174188440222 0.0352112676056
0 0.636975455265 0.216901408451 0.0134600158353 0.0253521126761
0 0.641330166271 0.237323943662 0.0142517814727 0.0352112676056
0 0.529295328583 0.405633802817 0.0245447347585 0.0450704225352
0 0.564528899446 0.438732394366 0.0253365003959 0.0464788732394
0 0.583927157561 0.321126760563 0.0197941409343 0.0394366197183
0 0.619952494062 0.304225352113 0.0190023752969 0.0366197183099
0 0.657165479018 0.237323943662 0.0110847189232 0.0323943661972
0 0.664291369755 0.235211267606 0.0126682501979 0.030985915493
0 0.660728424386 0.264084507042 0.0134600158353 0.0267605633803
0 0.641330166271 0.329577464789 0.0158353127474 0.0366197183099
0 0.650039588282 0.371126760563 0.0253365003959 0.0633802816901
0 0.672604908947 0.346478873239 0.0182106096595 0.0450704225352
0 0.576801266825 0.394366197183 0.0245447347585 0.0450704225352
0 0.622327790974 0.452816901408 0.0332541567696 0.0633802816901
0 0.690023752969 0.260563380282 0.0134600158353 0.030985915493
0 0.733174980206 0.234507042254 0.0110847189232 0.0323943661972
0 0.723673792557 0.243661971831 0.0126682501979 0.0225352112676
0 0.714964370546 0.264084507042 0.0142517814727 0.0408450704225
0 0.704275534442 0.285211267606 0.0150435471101 0.0295774647887
0 0.76207442597 0.23661971831 0.0166270783848 0.0338028169014
0 0.750197941409 0.266901408451 0.021377672209 0.0408450704225
0 0.742676167854 0.292253521127 0.0174188440222 0.0352112676056
0 0.72288202692 0.397183098592 0.0253365003959 0.0450704225352
0 0.686460807601 0.499295774648 0.0332541567696 0.0802816901408
0 0.751781472684 0.428873239437 0.027711797308 0.0521126760563
0 0.781868566904 0.305633802817 0.0182106096595 0.0338028169014
0 0.791369754553 0.273943661972 0.0118764845606 0.0323943661972
0 0.816706254949 0.268309859155 0.0182106096595 0.0323943661972
0 0.836500395883 0.265492957746 0.0166270783848 0.0352112676056
0 0.849168646081 0.255633802817 0.0102929532858 0.0267605633803
0 0.828978622328 0.314084507042 0.0142517814727 0.0338028169014
0 0.805621536025 0.338732394366 0.0166270783848 0.0408450704225
0 0.783452098179 0.37323943662 0.0229612034838 0.0478873239437
0 0.797703879652 0.504929577465 0.0372129849565 0.0633802816901
0 0.820269200317 0.437323943662 0.0269200316706 0.043661971831
0 0.834125098971 0.378169014085 0.0166270783848 0.0492957746479
0 0.855898653998 0.354225352113 0.0158353127474 0.0492957746479
0 0.873713380839 0.322535211268 0.0182106096595 0.0366197183099
0 0.902612826603 0.269014084507 0.0110847189232 0.030985915493
0 0.907363420428 0.311971830986 0.0142517814727 0.0267605633803
0 0.898258115598 0.350704225352 0.0166270783848 0.0394366197183
0 0.886381631037 0.403521126761 0.0245447347585 0.0408450704225
0 0.8855898654 0.456338028169 0.0292953285827 0.056338028169
0 0.612034837688 0.214788732394 0.0158353127474 0.0239436619718
0 0.404592240697 0.285211267606 0.0174188440222 0.0295774647887
