0 0.276645041705 0.218697829716 0.0157553290083 0.0300500834725
0 0.329935125116 0.204507512521 0.0129749768304 0.0317195325543
0 0.327618164968 0.244574290484 0.0194624652456 0.0317195325543
0 0.370250231696 0.199499165275 0.017608897127 0.025041736227
0 0.394810009268 0.201168614357 0.0129749768304 0.0217028380634
0 0.41936978684 0.237896494157 0.0250231696015 0.0417362270451
0 0.446709916589 0.25959933222 0.0203892493049 0.0350584307179
0 0.488878591288 0.228714524207 0.0194624652456 0.0367278797997
0 0.463855421687 0.207846410684 0.0157553290083 0.0350584307179
0 0.474976830399 0.191986644407 0.0139017608897 0.0300500834725
0 0.440222428174 0.175292153589 0.0129749768304 0.0267111853088
0 0.430491195551 0.14858096828 0.0101946246525 0.0200333889816
0 0.381835032437 0.181135225376 0.0129749768304 0.0183639398998
0 0.398053753475 0.180300500835 0.0157553290083 0.0267111853088
0 0.401297497683 0.242904841402 0.0203892493049 0.0450751252087
0 0.520389249305 0.17612687813 0.0157553290083 0.0350584307179
0 0.535681186284 0.162771285476 0.0111214087118 0.0283806343907
0 0.552363299351 0.188647746244 0.0166821130677 0.0367278797997
0 0.505560704356 0.151919866444 0.0120481927711 0.0233722871452
0 0.474050046339 0.161936560935 0.0139017608897 0.0267111853088
0 0.466635773865 0.140233722871 0.0120481927711 0.0233722871452
0 0.49953660797 0.137729549249 0.0111214087118 0.0217028380634
0 0.502780352178 0.121869782972 0.0120481927711 0.0200333889816
0 0.523632993513 0.126043405676 0.00926784059314 0.0183639398998
0 0.534754402224 0.136894824708 0.0111214087118 0.0200333889816
0 0.565338276182 0.13856427379 0.0129749768304 0.0267111853088
0 0.584800741427 0.122704507513 0.00926784059314 0.0217028380634
0 0.603336422614 0.113522537563 0.00926784059314 0.0200333889816
0 0.6218721038 0.140233722871 0.0111214087118 0.0233722871452
0 0.609823911029 0.134390651085 0.0129749768304 0.0283806343907
0 0.626969416126 0.116861435726 0.00834105653383 0.0233722871452
0 0.657089898054 0.135225375626 0.0111214087118 0.0233722871452
0 0.683039851715 0.125208681135 0.00926784059314 0.0267111853088
0 0.653382761816 0.11101836394 0.00741427247451 0.0217028380634
0 0.666821130677 0.119365609349 0.00834105653383 0.0183639398998
0 0.620945319741 0.165275459098 0.014828544949 0.0267111853088
0 0.599629286376 0.166110183639 0.0185356811863 0.0350584307179
0 0.575069508804 0.228714524207 0.0194624652456 0.0333889816361
0 0.578776645042 0.274624373957 0.0231696014829 0.0484140233723
0 0.625115848007 0.255425709516 0.0231696014829 0.0500834724541
0 0.63484708063 0.201168614357 0.0166821130677 0.0350584307179
0 0.655699721965 0.18530884808 0.017608897127 0.0333889816361
0 0.695551436515 0.174457429048 0.0139017608897 0.0317195325543
0 0.70250231696 0.192821368948 0.0129749768304 0.0283806343907
0 0.665894346617 0.225375626043 0.0213160333642 0.0434056761269
0 0.680259499537 0.278797996661 0.0240963855422 0.0400667779633
0 0.726135310473 0.290484140234 0.0231696014829 0.0500834724541
0 0.723354958295 0.244574290484 0.0194624652456 0.0450751252087
0 0.730769230769 0.141903171953 0.0139017608897 0.0267111853088
0 0.745134383689 0.133555926544 0.0111214087118 0.0267111853088
0 0.75718257646 0.161101836394 0.0129749768304 0.0350584307179
0 0.775254865616 0.144407345576 0.0120481927711 0.0317195325543
0 0.747914735867 0.207011686144 0.0166821130677 0.0333889816361
0 0.734476367006 0.189482470785 0.0139017608897 0.0317195325543
0 0.779425393883 0.230383973289 0.0166821130677 0.0367278797997
0 0.765060240964 0.254590984975 0.017608897127 0.0383973288815
0 0.794253938832 0.291318864775 0.0222428174235 0.0484140233723
0 0.840593141798 0.313856427379 0.0240963855422 0.0500834724541
0 0.83827618165 0.238731218698 0.0157553290083 0.0400667779633
0 0.842910101946 0.197829716194 0.0139017608897 0.0350584307179
0 0.839202965709 0.171118530885 0.0139017608897 0.0217028380634
0 0.849860982391 0.153589315526 0.0111214087118 0.0233722871452
0 0.840129749768 0.146911519199 0.0101946246525 0.0233722871452
0 0.828081556997 0.140233722871 0.0120481927711 0.0267111853088
0 0.806765523633 0.150250417362 0.0120481927711 0.0267111853088
0 0.795180722892 0.161936560935 0.0111214087118 0.0233722871452
0 0.792400370714 0.136894824708 0.0111214087118 0.0200333889816
0 0.871640407785 0.183639398998 0.0139017608897 0.0300500834725
0 0.879054680259 0.165275459098 0.0120481927711 0.0267111853088
0 0.911028730306 0.15776293823 0.0129749768304 0.0283806343907
0 0.901760889713 0.177796327212 0.0111214087118 0.025041736227
0 0.898053753475 0.204507512521 0.0129749768304 0.0283806343907
0 0.8781278962 0.25959933222 0.017608897127 0.0484140233723
0 0.883688600556 0.229549248748 0.0139017608897 0.0317195325543
0 0.917516218721 0.233722871452 0.0166821130677 0.0400667779633
0 0.927710843373 0.27796327212 0.0166821130677 0.0484140233723
0 0.912418906395 0.373956594324 0.0231696014829 0.0634390651085
0 0.941612604263 0.213689482471 0.00926784059314 0.0300500834725
0 0.93188137164 0.192821368948 0.0120481927711 0.0283806343907
0 0.938832252085 0.170283806344 0.0111214087118 0.0300500834725
0 0.927710843373 0.225375626043 0.014828544949 0.0333889816361
