0 0.208092485549 0.473684210526 0.0366088631985 0.0756578947368
0 0.255780346821 0.268914473684 0.0163776493256 0.0279605263158
0 0.276493256262 0.275493421053 0.0134874759152 0.0246710526316
0 0.300578034682 0.270559210526 0.0173410404624 0.0279605263158
0 0.303468208092 0.309210526316 0.0231213872832 0.0361842105263
0 0.316955684008 0.234375 0.0154142581888 0.0246710526316
0 0.359826589595 0.217105263158 0.0163776493256 0.0296052631579
0 0.364643545279 0.230263157895 0.0163776493256 0.0296052631579
0 0.378612716763 0.286184210526 0.0231213872832 0.0361842105263
0 0.411368015414 0.265625 0.0231213872832 0.0444078947368
0 0.379094412331 0.194078947368 0.014450867052 0.0263157894737
0 0.395472061657 0.189144736842 0.014450867052 0.0263157894737
0 0.39450867052 0.221217105263 0.0163776493256 0.0279605263158
0 0.423892100193 0.199835526316 0.0154142581888 0.03125
0 0.445086705202 0.238486842105 0.0173410404624 0.0361842105263
0 0.464836223507 0.194901315789 0.014450867052 0.03125
0 0.454238921002 0.175164473684 0.014450867052 0.0279605263158
0 0.486030828516 0.232730263158 0.0202312138728 0.0411184210526
0 0.473988439306 0.149671052632 0.0115606936416 0.0230263157895
0 0.493737957611 0.140625 0.0125240847784 0.0180921052632
0 0.490366088632 0.161184210526 0.0115606936416 0.0230263157895
0 0.501445086705 0.196546052632 0.0163776493256 0.03125
0 0.532755298651 0.201480263158 0.0173410404624 0.0279605263158
0 0.55105973025 0.171052631579 0.0173410404624 0.0328947368421
0 0.501926782274 0.152138157895 0.0134874759152 0.0213815789474
0 0.586223506744 0.177631578947 0.0163776493256 0.0361842105263
0 0.577071290944 0.150493421053 0.0134874759152 0.0246710526316
0 0.580924855491 0.121710526316 0.0115606936416 0.0230263157895
0 0.610789980732 0.124177631579 0.0115606936416 0.0213815789474
0 0.613198458574 0.148848684211 0.014450867052 0.0279605263158
0 0.633911368015 0.123355263158 0.0134874759152 0.0263157894737
0 0.636319845857 0.142269736842 0.014450867052 0.0279605263158
0 0.651734104046 0.138980263158 0.0183044315992 0.0279605263158
0 0.695086705202 0.120888157895 0.0125240847784 0.0246710526316
0 0.574662813102 0.240953947368 0.0221579961464 0.0509868421053
0 0.59344894027 0.287006578947 0.0269749518304 0.0509868421053
0 0.525529865125 0.305921052632 0.0260115606936 0.0526315789474
0 0.646917148362 0.301809210526 0.0279383429672 0.0542763157895
0 0.623314065511 0.25 0.0269749518304 0.0526315789474
0 0.657996146435 0.203125 0.0154142581888 0.0345394736842
0 0.689306358382 0.207236842105 0.0183044315992 0.0328947368421
0 0.708574181118 0.155427631579 0.0163776493256 0.0345394736842
0 0.730250481696 0.153782894737 0.0134874759152 0.03125
0 0.73795761079 0.179276315789 0.0154142581888 0.0328947368421
0 0.751926782274 0.200657894737 0.0183044315992 0.0394736842105
0 0.726396917148 0.231907894737 0.019267822736 0.0361842105263
0 0.695568400771 0.264802631579 0.0231213872832 0.0493421052632
0 0.739402697495 0.273848684211 0.02408477842 0.0476973684211
0 0.780346820809 0.234375 0.0231213872832 0.0411184210526
0 0.797206165703 0.204769736842 0.0183044315992 0.0411184210526
0 0.796242774566 0.165296052632 0.0163776493256 0.03125
0 0.77697495183 0.146381578947 0.014450867052 0.0328947368421
0 0.790462427746 0.134868421053 0.014450867052 0.0263157894737
0 0.758188824663 0.122532894737 0.0134874759152 0.0246710526316
0 0.81021194605 0.153782894737 0.0115606936416 0.0213815789474
0 0.823217726397 0.173519736842 0.014450867052 0.0279605263158
0 0.857899807322 0.155427631579 0.0125240847784 0.0246710526316
0 0.872350674374 0.166940789474 0.014450867052 0.0279605263158
0 0.869942196532 0.193256578947 0.0154142581888 0.03125
0 0.862235067437 0.221217105263 0.019267822736 0.0411184210526
0 0.920038535645 0.164473684211 0.0134874759152 0.0296052631579
0 0.915221579961 0.195723684211 0.0154142581888 0.0296052631579
0 0.947495183044 0.241776315789 0.0183044315992 0.0328947368421
0 0.94894026975 0.268914473684 0.0211946050096 0.0411184210526
0 0.865125240848 0.280427631579 0.0269749518304 0.0476973684211
0 0.865606936416 0.333881578947 0.0279383429672 0.0559210526316
0 0.795761078998 0.295230263158 0.0308285163776 0.0509868421053
