0 0.248466257669 0.40899122807 0.0552147239264 0.094298245614
0 0.419018404908 0.199561403509 0.0282208588957 0.0526315789474
0 0.560122699387 0.125 0.0208588957055 0.0438596491228
0 0.693251533742 0.157894736842 0.0220858895706 0.0394736842105
0 0.756441717791 0.162280701754 0.0184049079755 0.030701754386
0 0.788957055215 0.167763157895 0.0122699386503 0.0328947368421
0 0.79754601227 0.18201754386 0.0171779141104 0.030701754386
0 0.827607361963 0.177631578947 0.0159509202454 0.030701754386
0 0.931901840491 0.240131578947 0.0184049079755 0.0460526315789
0 0.869938650307 0.292763157895 0.0196319018405 0.0460526315789
