0 0.0852589641434 0.554187192118 0.0525896414343 0.11658456486
0 0.225896414343 0.265188834154 0.0183266932271 0.0443349753695
0 0.238247011952 0.262725779967 0.0175298804781 0.0525451559934
0 0.278884462151 0.23645320197 0.0207171314741 0.0459770114943
0 0.306772908367 0.23645320197 0.0191235059761 0.0394088669951
0 0.311952191235 0.207717569787 0.0199203187251 0.0377668308703
0 0.338247011952 0.224958949097 0.0199203187251 0.0492610837438
0 0.372509960159 0.262725779967 0.0215139442231 0.0591133004926
0 0.353386454183 0.206896551724 0.0167330677291 0.0361247947455
0 0.364541832669 0.188834154351 0.0167330677291 0.0328407224959
0 0.414741035857 0.175697865353 0.0151394422311 0.0361247947455
0 0.395219123506 0.242200328407 0.0159362549801 0.0377668308703
0 0.429482071713 0.307881773399 0.0223107569721 0.0574712643678
0 0.433864541833 0.186371100164 0.0167330677291 0.0410509031199
0 0.425498007968 0.16091954023 0.0127490039841 0.0295566502463
0 0.456573705179 0.164203612479 0.0127490039841 0.0328407224959
0 0.475298804781 0.171592775041 0.0167330677291 0.0443349753695
0 0.468924302789 0.241379310345 0.0199203187251 0.0492610837438
0 0.498007968127 0.206075533662 0.0191235059761 0.0410509031199
0 0.496414342629 0.146962233169 0.0143426294821 0.0344827586207
0 0.515537848606 0.168308702791 0.0191235059761 0.0443349753695
0 0.525896414343 0.158456486043 0.0159362549801 0.0410509031199
0 0.551394422311 0.215927750411 0.0159362549801 0.047619047619
0 0.574900398406 0.193760262726 0.0167330677291 0.0492610837438
0 0.556573705179 0.16091954023 0.0167330677291 0.0361247947455
0 0.555378486056 0.133825944171 0.0143426294821 0.0344827586207
0 0.578486055777 0.135467980296 0.0143426294821 0.0344827586207
0 0.597211155378 0.132183908046 0.0167330677291 0.0410509031199
0 0.605976095618 0.14367816092 0.0135458167331 0.0279146141215
0 0.610756972112 0.164203612479 0.0135458167331 0.0328407224959
0 0.612749003984 0.190476190476 0.0159362549801 0.0426929392447
0 0.657768924303 0.178981937603 0.0135458167331 0.0361247947455
0 0.653386454183 0.147783251232 0.0127490039841 0.0328407224959
0 0.632270916335 0.124794745484 0.0151394422311 0.0361247947455
0 0.650996015936 0.119047619048 0.0127490039841 0.0311986863711
0 0.686055776892 0.151067323481 0.0127490039841 0.0361247947455
0 0.691235059761 0.136288998358 0.0119521912351 0.0328407224959
0 0.709960159363 0.151888341544 0.0159362549801 0.0410509031199
0 0.575298804781 0.328407224959 0.0223107569721 0.0591133004926
0 0.594820717131 0.366174055829 0.0262948207171 0.0689655172414
0 0.608764940239 0.285714285714 0.0270916334661 0.0623973727422
0 0.658964143426 0.245484400657 0.0254980079681 0.0541871921182
0 0.657370517928 0.407224958949 0.0286852589641 0.0689655172414
0 0.7203187251 0.401477832512 0.0270916334661 0.0706075533662
0 0.696015936255 0.211001642036 0.0199203187251 0.0541871921182
0 0.711952191235 0.270935960591 0.0231075697211 0.0656814449918
0 0.740637450199 0.226600985222 0.0183266932271 0.0492610837438
0 0.753784860558 0.275041050903 0.0175298804781 0.047619047619
0 0.796812749004 0.451559934319 0.0286852589641 0.0788177339901
0 0.851792828685 0.490968801314 0.0286852589641 0.0919540229885
0 0.87609561753 0.396551724138 0.0231075697211 0.0738916256158
0 0.861752988048 0.338259441708 0.0231075697211 0.055829228243
0 0.799601593625 0.308702791461 0.0247011952191 0.0591133004926
0 0.793625498008 0.238095238095 0.0175298804781 0.0525451559934
0 0.776892430279 0.211822660099 0.0143426294821 0.0394088669951
0 0.754980079681 0.1986863711 0.0151394422311 0.0394088669951
0 0.771314741036 0.180623973727 0.0111553784861 0.0262725779967
0 0.76812749004 0.200328407225 0.0127490039841 0.0328407224959
0 0.807569721116 0.188834154351 0.0135458167331 0.0394088669951
0 0.815139442231 0.229064039409 0.0175298804781 0.0443349753695
0 0.869322709163 0.233169129721 0.0175298804781 0.0426929392447
0 0.902390438247 0.224137931034 0.0167330677291 0.0443349753695
0 0.898007968127 0.252873563218 0.0143426294821 0.0394088669951
0 0.88764940239 0.275862068966 0.0191235059761 0.0525451559934
0 0.925498007968 0.340722495895 0.0199203187251 0.047619047619
0 0.946215139442 0.370279146141 0.0215139442231 0.0574712643678
0 0.949003984064 0.437602627258 0.0254980079681 0.0837438423645
0 0.973306772908 0.361247947455 0.0215139442231 0.055829228243
0 0.969322709163 0.311986863711 0.0151394422311 0.0426929392447
0 0.980478087649 0.254515599343 0.0151394422311 0.0361247947455
0 0.926294820717 0.261904761905 0.0151394422311 0.0443349753695
0 0.947410358566 0.241379310345 0.0143426294821 0.0394088669951
