0 0.251409774436 0.2225 0.0234962406015 0.045
0 0.335056390977 0.190833333333 0.0197368421053 0.0383333333333
0 0.387687969925 0.190833333333 0.0178571428571 0.0383333333333
0 0.399436090226 0.1975 0.0244360902256 0.0483333333333
0 0.398496240602 0.17 0.0169172932331 0.0333333333333
0 0.424812030075 0.180833333333 0.0169172932331 0.0316666666667
0 0.43045112782 0.211666666667 0.0187969924812 0.0333333333333
0 0.449248120301 0.2225 0.0187969924812 0.035
0 0.449718045113 0.153333333333 0.0140977443609 0.0333333333333
0 0.473214285714 0.18 0.015977443609 0.04
0 0.474154135338 0.1425 0.0122180451128 0.025
0 0.490131578947 0.164166666667 0.015977443609 0.0316666666667
0 0.494360902256 0.140833333333 0.015037593985 0.0283333333333
0 0.498120300752 0.126666666667 0.0131578947368 0.0266666666667
0 0.509398496241 0.193333333333 0.0187969924812 0.04
0 0.509868421053 0.229166666667 0.0197368421053 0.045
0 0.554511278195 0.190833333333 0.0187969924812 0.0416666666667
0 0.547462406015 0.17 0.0140977443609 0.0266666666667
0 0.52537593985 0.1675 0.0131578947368 0.0283333333333
0 0.534304511278 0.149166666667 0.0140977443609 0.0283333333333
0 0.545112781955 0.1375 0.0131578947368 0.025
0 0.576127819549 0.150833333333 0.0169172932331 0.0316666666667
0 0.589285714286 0.17 0.0169172932331 0.03
0 0.59962406015 0.155833333333 0.0131578947368 0.0316666666667
0 0.585996240602 0.139166666667 0.0122180451128 0.0283333333333
0 0.579887218045 0.1075 0.0131578947368 0.025
0 0.629229323308 0.1425 0.0122180451128 0.0283333333333
0 0.625939849624 0.1275 0.0131578947368 0.0183333333333
0 0.619830827068 0.105833333333 0.0103383458647 0.025
0 0.653195488722 0.109166666667 0.015037593985 0.0283333333333
0 0.65977443609 0.1475 0.0169172932331 0.0316666666667
0 0.68280075188 0.123333333333 0.0140977443609 0.0266666666667
0 0.706296992481 0.123333333333 0.0122180451128 0.03
0 0.571898496241 0.255 0.0291353383459 0.06
0 0.615601503759 0.2475 0.0225563909774 0.0583333333333
0 0.625469924812 0.291666666667 0.0366541353383 0.0666666666667
0 0.646146616541 0.219166666667 0.0234962406015 0.045
0 0.671522556391 0.2 0.0197368421053 0.0433333333333
0 0.707236842105 0.19 0.0197368421053 0.0433333333333
0 0.715695488722 0.158333333333 0.0140977443609 0.0333333333333
0 0.725093984962 0.145833333333 0.0140977443609 0.035
0 0.750469924812 0.139166666667 0.0140977443609 0.0283333333333
0 0.743890977444 0.171666666667 0.0178571428571 0.03
0 0.74765037594 0.206666666667 0.015977443609 0.0333333333333
0 0.762687969925 0.1625 0.015977443609 0.035
0 0.777255639098 0.153333333333 0.015037593985 0.0333333333333
0 0.799812030075 0.165 0.015037593985 0.0366666666667
0 0.789003759398 0.180833333333 0.0178571428571 0.0316666666667
0 0.783834586466 0.226666666667 0.0206766917293 0.04
0 0.755639097744 0.251666666667 0.0206766917293 0.0466666666667
0 0.723684210526 0.286666666667 0.0281954887218 0.06
0 0.679041353383 0.329166666667 0.031015037594 0.0683333333333
0 0.843984962406 0.266666666667 0.0225563909774 0.0533333333333
0 0.862781954887 0.314166666667 0.0244360902256 0.0583333333333
0 0.87265037594 0.285833333333 0.0216165413534 0.0516666666667
0 0.836936090226 0.226666666667 0.0216165413534 0.0433333333333
0 0.831766917293 0.180833333333 0.0169172932331 0.0383333333333
0 0.842105263158 0.155833333333 0.0169172932331 0.0383333333333
0 0.87265037594 0.173333333333 0.015977443609 0.0366666666667
0 0.890507518797 0.204166666667 0.015977443609 0.0383333333333
0 0.885808270677 0.241666666667 0.0197368421053 0.0433333333333
0 0.916353383459 0.294166666667 0.0206766917293 0.0583333333333
0 0.93045112782 0.240833333333 0.0169172932331 0.0316666666667
0 0.899906015038 0.191666666667 0.0122180451128 0.03
0 0.948308270677 0.218333333333 0.0187969924812 0.04
0 0.939379699248 0.191666666667 0.015977443609 0.0333333333333
0 0.936090225564 0.166666666667 0.0112781954887 0.03
