0 0.0953947368421 0.498357963875 0.0535714285714 0.106732348112
0 0.257988721805 0.282430213465 0.0197368421053 0.0295566502463
0 0.270206766917 0.270114942529 0.015977443609 0.0311986863711
0 0.289943609023 0.283251231527 0.015977443609 0.0344827586207
0 0.31015037594 0.286535303777 0.015037593985 0.0410509031199
0 0.34257518797 0.278325123153 0.0216165413534 0.0377668308703
0 0.401315789474 0.291461412151 0.0244360902256 0.047619047619
0 0.303101503759 0.250410509031 0.0178571428571 0.0344827586207
0 0.321898496241 0.215927750411 0.015977443609 0.0279146141215
0 0.335526315789 0.231527093596 0.0187969924812 0.0361247947455
0 0.358552631579 0.220853858785 0.015977443609 0.0344827586207
0 0.370770676692 0.214285714286 0.015977443609 0.0279146141215
0 0.391447368421 0.200328407225 0.0178571428571 0.0361247947455
0 0.420112781955 0.216748768473 0.0169172932331 0.0328407224959
0 0.414943609023 0.168308702791 0.015977443609 0.0311986863711
0 0.43280075188 0.195402298851 0.0140977443609 0.0295566502463
0 0.438909774436 0.21921182266 0.0169172932331 0.0443349753695
0 0.451127819549 0.190476190476 0.0169172932331 0.0328407224959
0 0.463815789474 0.195402298851 0.015977443609 0.0361247947455
0 0.466165413534 0.229885057471 0.0206766917293 0.0426929392447
0 0.446428571429 0.154351395731 0.015037593985 0.0229885057471
0 0.477913533835 0.161740558292 0.0140977443609 0.0246305418719
0 0.477913533835 0.145320197044 0.0140977443609 0.0246305418719
0 0.485902255639 0.132183908046 0.0131578947368 0.0213464696223
0 0.512218045113 0.183087027915 0.0169172932331 0.0246305418719
0 0.516917293233 0.164203612479 0.0131578947368 0.0361247947455
0 0.532894736842 0.142036124795 0.015037593985 0.0279146141215
0 0.526785714286 0.130541871921 0.0103383458647 0.0246305418719
0 0.5625 0.118226600985 0.0122180451128 0.0262725779967
0 0.551221804511 0.142036124795 0.0140977443609 0.0279146141215
0 0.554981203008 0.152709359606 0.015977443609 0.0328407224959
0 0.567669172932 0.171592775041 0.0187969924812 0.0344827586207
0 0.541823308271 0.192118226601 0.0197368421053 0.0361247947455
0 0.585996240602 0.128078817734 0.015977443609 0.0262725779967
0 0.597744360902 0.0968801313629 0.015037593985 0.0295566502463
0 0.58787593985 0.146962233169 0.0178571428571 0.0279146141215
0 0.620770676692 0.138752052545 0.015977443609 0.0344827586207
0 0.609962406015 0.121510673235 0.0131578947368 0.0262725779967
0 0.62734962406 0.100985221675 0.0140977443609 0.0246305418719
0 0.653665413534 0.0993431855501 0.0122180451128 0.0246305418719
0 0.648966165414 0.114942528736 0.0122180451128 0.0262725779967
0 0.675751879699 0.114121510673 0.015037593985 0.0279146141215
0 0.69219924812 0.109195402299 0.0122180451128 0.0246305418719
0 0.706296992481 0.133825944171 0.0178571428571 0.0377668308703
0 0.68515037594 0.152709359606 0.0169172932331 0.0394088669951
0 0.651785714286 0.165845648604 0.015977443609 0.0361247947455
0 0.663063909774 0.193760262726 0.0178571428571 0.0426929392447
0 0.612781954887 0.201149425287 0.0225563909774 0.0443349753695
0 0.621710526316 0.252052545156 0.0253759398496 0.0443349753695
0 0.562030075188 0.286535303777 0.0300751879699 0.0509031198686
0 0.565789473684 0.247947454844 0.0206766917293 0.0426929392447
0 0.59022556391 0.365353037767 0.0357142857143 0.0607553366174
0 0.491071428571 0.309523809524 0.0272556390977 0.0541871921182
0 0.676221804511 0.332512315271 0.0291353383459 0.0607553366174
0 0.666823308271 0.25697865353 0.0234962406015 0.0509031198686
0 0.701597744361 0.211001642036 0.0234962406015 0.0410509031199
0 0.698308270677 0.188013136289 0.0187969924812 0.0377668308703
0 0.730733082707 0.197044334975 0.0197368421053 0.0492610837438
0 0.74530075188 0.16091954023 0.0131578947368 0.0328407224959
0 0.734962406015 0.117405582923 0.0131578947368 0.0344827586207
0 0.748120300752 0.132183908046 0.0131578947368 0.0344827586207
0 0.753759398496 0.11658456486 0.0112781954887 0.0295566502463
0 0.769736842105 0.129720853859 0.015037593985 0.0262725779967
0 0.777255639098 0.120689655172 0.0112781954887 0.0311986863711
0 0.781484962406 0.159277504105 0.0140977443609 0.0328407224959
0 0.728853383459 0.28078817734 0.031015037594 0.055829228243
0 0.75704887218 0.249589490969 0.0234962406015 0.0525451559934
0 0.788533834586 0.279146141215 0.0244360902256 0.055829228243
0 0.820018796992 0.255336617406 0.0234962406015 0.0443349753695
0 0.804981203008 0.12315270936 0.0122180451128 0.0262725779967
0 0.800281954887 0.137931034483 0.0103383458647 0.0295566502463
0 0.800751879699 0.174055829228 0.0187969924812 0.0492610837438
0 0.81954887218 0.167487684729 0.0169172932331 0.0361247947455
0 0.833176691729 0.136288998358 0.015977443609 0.0361247947455
0 0.864191729323 0.153530377668 0.0140977443609 0.0344827586207
0 0.86795112782 0.138752052545 0.015977443609 0.0246305418719
0 0.901785714286 0.141215106732 0.0122180451128 0.0229885057471
0 0.928571428571 0.155172413793 0.0112781954887 0.0213464696223
0 0.927631578947 0.165024630542 0.0131578947368 0.0311986863711
0 0.928571428571 0.195402298851 0.015037593985 0.0361247947455
0 0.895206766917 0.165024630542 0.0178571428571 0.0377668308703
0 0.894266917293 0.200328407225 0.015977443609 0.0361247947455
0 0.84962406015 0.184729064039 0.0187969924812 0.0410509031199
0 0.862781954887 0.214285714286 0.0187969924812 0.0443349753695
0 0.930921052632 0.287356321839 0.0197368421053 0.0525451559934
