0 0.0407685098407 0.365894039735 0.0196813495783 0.0364238410596
0 0.257731958763 0.248344370861 0.0149953139644 0.0298013245033
0 0.271790065604 0.256622516556 0.0149953139644 0.0298013245033
0 0.322399250234 0.209437086093 0.0112464854733 0.0248344370861
0 0.338331771321 0.207781456954 0.0131208997188 0.0281456953642
0 0.359887535145 0.192052980132 0.0131208997188 0.023178807947
0 0.378163074039 0.189569536424 0.0121836925961 0.0281456953642
0 0.395970009372 0.21440397351 0.0140581068416 0.0314569536424
0 0.415182755389 0.183774834437 0.0112464854733 0.0298013245033
0 0.444704779756 0.189569536424 0.0121836925961 0.0215231788079
0 0.447516401125 0.227649006623 0.0140581068416 0.0281456953642
0 0.463448922212 0.229304635762 0.0140581068416 0.0380794701987
0 0.478912839738 0.192052980132 0.0149953139644 0.023178807947
0 0.319119025305 0.243377483444 0.0103092783505 0.023178807947
0 0.331771321462 0.248344370861 0.0112464854733 0.0331125827815
0 0.346298031865 0.257450331126 0.0159325210872 0.0380794701987
0 0.387066541706 0.252483443709 0.0112464854733 0.0347682119205
0 0.403467666354 0.264072847682 0.0178069353327 0.0380794701987
0 0.492502343018 0.28642384106 0.0215557638238 0.0397350993377
0 0.576850984067 0.287251655629 0.0178069353327 0.0413907284768
0 0.551546391753 0.246688741722 0.0215557638238 0.0430463576159
0 0.507966260544 0.187086092715 0.0149953139644 0.0298013245033
0 0.53373945642 0.188741721854 0.0159325210872 0.0298013245033
0 0.470009372071 0.16142384106 0.0121836925961 0.0215231788079
0 0.478912839738 0.132450331126 0.00937207122774 0.0165562913907
0 0.508434864105 0.159768211921 0.0159325210872 0.0215231788079
0 0.546391752577 0.16142384106 0.0131208997188 0.0314569536424
0 0.572633552015 0.168874172185 0.0131208997188 0.0264900662252
0 0.559981255858 0.149834437086 0.0103092783505 0.0215231788079
0 0.563730084349 0.119205298013 0.0121836925961 0.0264900662252
0 0.585285848172 0.145695364238 0.0121836925961 0.0198675496689
0 0.600749765698 0.130794701987 0.00937207122774 0.023178807947
0 0.615745079663 0.141556291391 0.0112464854733 0.0281456953642
0 0.633552014995 0.131622516556 0.0112464854733 0.0182119205298
0 0.612933458294 0.208609271523 0.0187441424555 0.023178807947
0 0.60121836926 0.259933774834 0.0178069353327 0.0331125827815
0 0.624648547329 0.301324503311 0.0271790065604 0.0430463576159
0 0.669634489222 0.25082781457 0.0196813495783 0.0413907284768
0 0.64526710403 0.205298013245 0.0196813495783 0.0397350993377
0 0.676663542643 0.144867549669 0.0149953139644 0.0248344370861
0 0.671508903468 0.110099337748 0.0121836925961 0.0215231788079
0 0.700093720712 0.144867549669 0.0112464854733 0.0182119205298
0 0.694939081537 0.17880794702 0.0121836925961 0.0331125827815
0 0.711808809747 0.165562913907 0.0121836925961 0.0264900662252
0 0.728678537957 0.198675496689 0.0140581068416 0.0298013245033
0 0.701030927835 0.226821192053 0.0168697282099 0.0331125827815
0 0.707591377694 0.293046357616 0.020618556701 0.0331125827815
0 0.765229615745 0.264900662252 0.0178069353327 0.0397350993377
0 0.749765698219 0.233443708609 0.0131208997188 0.0364238410596
0 0.7633552015 0.201986754967 0.0196813495783 0.0397350993377
0 0.758200562324 0.156456953642 0.0131208997188 0.0248344370861
0 0.772727272727 0.136589403974 0.0121836925961 0.0248344370861
0 0.755857544517 0.125 0.0121836925961 0.0248344370861
0 0.72961574508 0.115894039735 0.0140581068416 0.023178807947
0 0.79053420806 0.162251655629 0.0159325210872 0.0331125827815
0 0.828022492971 0.150662251656 0.0121836925961 0.0264900662252
0 0.840206185567 0.151490066225 0.0121836925961 0.0281456953642
0 0.879568884724 0.169701986755 0.0140581068416 0.0281456953642
0 0.886597938144 0.207781456954 0.0131208997188 0.0347682119205
0 0.901593252109 0.217715231788 0.0131208997188 0.0314569536424
0 0.910496719775 0.254139072848 0.0140581068416 0.0380794701987
0 0.831302717901 0.209437086093 0.0168697282099 0.0380794701987
0 0.843955014058 0.312086092715 0.0215557638238 0.0413907284768
0 0.839268978444 0.270695364238 0.0215557638238 0.0347682119205
0 0.589971883786 0.119205298013 0.00843486410497 0.0132450331126
0 0.638238050609 0.112582781457 0.0112464854733 0.0165562913907
