0 0.0284552845528 0.348300970874 0.0135501355014 0.0315533980583
0 0.177506775068 0.479368932039 0.0352303523035 0.0703883495146
0 0.268970189702 0.251213592233 0.0149051490515 0.0315533980583
0 0.289972899729 0.245145631068 0.0162601626016 0.0339805825243
0 0.309620596206 0.253640776699 0.0176151761518 0.0412621359223
0 0.382791327913 0.264563106796 0.0176151761518 0.0339805825243
0 0.388888888889 0.223300970874 0.0189701897019 0.0339805825243
0 0.383468834688 0.178398058252 0.0135501355014 0.0315533980583
0 0.392276422764 0.192961165049 0.0149051490515 0.0266990291262
0 0.413956639566 0.131067961165 0.0149051490515 0.0339805825243
0 0.423441734417 0.175970873786 0.0176151761518 0.0315533980583
0 0.444444444444 0.224514563107 0.0162601626016 0.0364077669903
0 0.465447154472 0.218446601942 0.0176151761518 0.0339805825243
0 0.44783197832 0.14927184466 0.0121951219512 0.0266990291262
0 0.494579945799 0.18567961165 0.0189701897019 0.0315533980583
0 0.514905149051 0.207524271845 0.0189701897019 0.0364077669903
0 0.518292682927 0.169902912621 0.0176151761518 0.0339805825243
0 0.541327913279 0.162621359223 0.0176151761518 0.0291262135922
0 0.515582655827 0.139563106796 0.0149051490515 0.0266990291262
0 0.490514905149 0.0910194174757 0.0162601626016 0.0266990291262
0 0.524390243902 0.0813106796117 0.0135501355014 0.0315533980583
0 0.559620596206 0.0728155339806 0.0162601626016 0.0242718446602
0 0.571138211382 0.129854368932 0.0149051490515 0.0266990291262
0 0.592140921409 0.134708737864 0.0162601626016 0.0266990291262
0 0.611788617886 0.145631067961 0.0121951219512 0.0242718446602
0 0.631436314363 0.0582524271845 0.0135501355014 0.0242718446602
0 0.551490514905 0.253640776699 0.0216802168022 0.0412621359223
0 0.494579945799 0.311893203883 0.0243902439024 0.0509708737864
0 0.537940379404 0.320388349515 0.0216802168022 0.0485436893204
0 0.618563685637 0.296116504854 0.0230352303523 0.0485436893204
0 0.686991869919 0.296116504854 0.0271002710027 0.0582524271845
0 0.732384823848 0.31432038835 0.0311653116531 0.0655339805825
0 0.815718157182 0.412621359223 0.0325203252033 0.0679611650485
0 0.774390243902 0.276699029126 0.0257452574526 0.0582524271845
0 0.814363143631 0.28640776699 0.0243902439024 0.0533980582524
0 0.726287262873 0.248786407767 0.0216802168022 0.0509708737864
0 0.753387533875 0.220873786408 0.0189701897019 0.0436893203883
0 0.771002710027 0.217233009709 0.0162601626016 0.0315533980583
0 0.699864498645 0.219660194175 0.020325203252 0.0315533980583
0 0.661924119241 0.218446601942 0.0149051490515 0.0291262135922
0 0.619918699187 0.208737864078 0.0176151761518 0.0339805825243
0 0.642953929539 0.165048543689 0.0176151761518 0.0339805825243
0 0.65108401084 0.133495145631 0.0149051490515 0.0291262135922
0 0.664634146341 0.0995145631068 0.0149051490515 0.0242718446602
0 0.693766937669 0.0995145631068 0.0162601626016 0.0291262135922
0 0.733062330623 0.184466019417 0.0216802168022 0.0436893203883
0 0.773712737127 0.177184466019 0.0189701897019 0.0388349514563
0 0.736449864499 0.143203883495 0.0176151761518 0.0339805825243
0 0.746612466125 0.117718446602 0.0135501355014 0.0266990291262
0 0.761517615176 0.118932038835 0.0108401084011 0.0242718446602
0 0.771680216802 0.13713592233 0.020325203252 0.0412621359223
0 0.79539295393 0.0958737864078 0.0189701897019 0.0364077669903
0 0.818428184282 0.0995145631068 0.0162601626016 0.0388349514563
0 0.834010840108 0.116504854369 0.0121951219512 0.0194174757282
0 0.84891598916 0.155339805825 0.0176151761518 0.0388349514563
0 0.827913279133 0.18932038835 0.0189701897019 0.0436893203883
0 0.859078590786 0.0740291262136 0.0162601626016 0.0315533980583
0 0.890243902439 0.108009708738 0.0135501355014 0.0315533980583
0 0.901761517615 0.199029126214 0.0230352303523 0.0533980582524
0 0.878726287263 0.208737864078 0.0176151761518 0.0436893203883
0 0.865853658537 0.258495145631 0.0189701897019 0.0461165048544
0 0.886856368564 0.375 0.0338753387534 0.0752427184466
0 0.913279132791 0.218446601942 0.0162601626016 0.0388349514563
0 0.940379403794 0.104368932039 0.0135501355014 0.0291262135922
0 0.695799457995 0.148058252427 0.0176151761518 0.0339805825243
