0 0.103023070804 0.385257301808 0.035799522673 0.0723226703755
0 0.0938743038982 0.352573018081 0.0318217979316 0.0542420027816
0 0.167462211615 0.36926286509 0.0373906125696 0.0681502086231
0 0.152744630072 0.336578581363 0.0270485282418 0.0528511821975
0 0.195306284805 0.401251738526 0.0373906125696 0.0904033379694
0 0.199681782021 0.320584144645 0.0334128878282 0.0542420027816
0 0.240652346858 0.286509040334 0.0262529832936 0.0584144645341
0 0.286396181384 0.274687065369 0.030230708035 0.0542420027816
0 0.29753381066 0.334492350487 0.0318217979316 0.0792767732962
0 0.32338902148 0.363004172462 0.0389817024662 0.0723226703755
0 0.368337311058 0.371349095967 0.0461416070008 0.0890125173853
0 0.373906125696 0.454798331015 0.0477326968974 0.086230876217
0 0.350039777247 0.232962447844 0.0318217979316 0.0681502086231
