0 0.142988929889 0.241071428571 0.0184501845018 0.0308441558442
0 0.184040590406 0.267045454545 0.0249077490775 0.0405844155844
0 0.255535055351 0.219155844156 0.020295202952 0.038961038961
0 0.290129151292 0.288961038961 0.0249077490775 0.0551948051948
0 0.32979704797 0.203733766234 0.0175276752768 0.0275974025974
0 0.363468634686 0.261363636364 0.029520295203 0.0519480519481
0 0.365313653137 0.216720779221 0.020295202952 0.0308441558442
0 0.397140221402 0.176136363636 0.0267527675277 0.0438311688312
0 0.533210332103 0.201298701299 0.0239852398524 0.0551948051948
0 0.608394833948 0.246753246753 0.0230627306273 0.0519480519481
0 0.634225092251 0.245941558442 0.0156826568266 0.0438311688312
0 0.351014760148 0.214285714286 0.0175276752768 0.038961038961
0 0.355627306273 0.185876623377 0.0230627306273 0.0308441558442
