0 0.380839271576 0.307203389831 0.0269200316706 0.0437853107345
0 0.350752177356 0.218926553672 0.0174188440222 0.0282485875706
0 0.326207442597 0.216101694915 0.0158353127474 0.0338983050847
0 0.486935866983 0.209745762712 0.0174188440222 0.0381355932203
0 0.565716547902 0.17302259887 0.0182106096595 0.0324858757062
0 0.494853523357 0.152542372881 0.0142517814727 0.0254237288136
0 0.558194774347 0.112288135593 0.0126682501979 0.024011299435
0 0.801662707838 0.404661016949 0.034045922407 0.0776836158192
0 0.874901029295 0.142655367232 0.0110847189232 0.0282485875706
0 0.901029295329 0.137005649718 0.0126682501979 0.0310734463277
