0 0.094708994709 0.343100189036 0.0433862433862 0.0737240075614
0 0.280952380952 0.222117202268 0.0201058201058 0.0396975425331
0 0.313227513228 0.224007561437 0.0190476190476 0.0396975425331
0 0.333333333333 0.2202268431 0.0169312169312 0.0396975425331
0 0.348677248677 0.224007561437 0.0201058201058 0.0434782608696
0 0.377777777778 0.237240075614 0.0232804232804 0.0434782608696
0 0.404232804233 0.235349716446 0.0190476190476 0.0396975425331
0 0.42962962963 0.24763705104 0.021164021164 0.0415879017013
0 0.419576719577 0.202268431002 0.0201058201058 0.0415879017013
0 0.371957671958 0.20415879017 0.015873015873 0.0226843100189
0 0.391005291005 0.191871455577 0.0179894179894 0.0321361058601
0 0.371428571429 0.186200378072 0.0169312169312 0.0283553875236
0 0.348148148148 0.174858223062 0.0148148148148 0.0321361058601
0 0.377248677249 0.170132325142 0.0179894179894 0.0264650283554
0 0.412698412698 0.160680529301 0.0148148148148 0.0302457466919
0 0.428571428571 0.156899810964 0.0148148148148 0.0302457466919
0 0.44126984127 0.162570888469 0.0126984126984 0.0264650283554
0 0.455026455026 0.208884688091 0.0190476190476 0.0396975425331
0 0.453968253968 0.189035916824 0.0169312169312 0.0264650283554
0 0.495238095238 0.166351606805 0.0169312169312 0.0378071833648
0 0.515873015873 0.183364839319 0.0179894179894 0.0340264650284
0 0.555026455026 0.183364839319 0.015873015873 0.0378071833648
0 0.483068783069 0.148393194707 0.015873015873 0.0283553875236
0 0.498941798942 0.120037807183 0.0116402116402 0.0245746691871
0 0.502645502646 0.13988657845 0.0148148148148 0.0264650283554
0 0.532804232804 0.158790170132 0.0137566137566 0.0302457466919
0 0.52962962963 0.121928166352 0.0137566137566 0.0283553875236
0 0.550264550265 0.126654064272 0.0126984126984 0.0264650283554
0 0.546560846561 0.157844990548 0.0137566137566 0.0283553875236
0 0.565608465608 0.143667296786 0.0137566137566 0.0340264650284
0 0.579365079365 0.176748582231 0.0201058201058 0.0396975425331
0 0.595767195767 0.163516068053 0.0148148148148 0.0283553875236
0 0.598941798942 0.119092627599 0.0126984126984 0.0264650283554
0 0.610052910053 0.119092627599 0.0116402116402 0.0264650283554
0 0.607936507937 0.138941398866 0.0116402116402 0.0283553875236
0 0.625396825397 0.135160680529 0.0126984126984 0.0321361058601
0 0.644444444444 0.155009451796 0.0148148148148 0.0340264650284
0 0.648677248677 0.116257088847 0.0126984126984 0.0283553875236
0 0.689947089947 0.124763705104 0.0148148148148 0.0264650283554
0 0.712169312169 0.114366729679 0.0148148148148 0.0396975425331
0 0.689947089947 0.108695652174 0.010582010582 0.0207939508507
0 0.578306878307 0.23629489603 0.026455026455 0.0491493383743
0 0.619047619048 0.253308128544 0.0296296296296 0.0529300567108
0 0.615873015873 0.211720226843 0.0232804232804 0.0453686200378
0 0.661904761905 0.19943289225 0.0179894179894 0.0434782608696
0 0.678835978836 0.230623818526 0.0201058201058 0.0529300567108
0 0.698941798942 0.259924385633 0.0222222222222 0.0510396975425
0 0.710052910053 0.324196597353 0.031746031746 0.0850661625709
0 0.769841269841 0.362948960302 0.0285714285714 0.0718336483932
0 0.732804232804 0.234404536862 0.0243386243386 0.0529300567108
0 0.718518518519 0.185255198488 0.021164021164 0.0453686200378
0 0.733333333333 0.182419659735 0.0148148148148 0.0396975425331
0 0.734391534392 0.144612476371 0.0169312169312 0.0359168241966
0 0.753439153439 0.135160680529 0.0126984126984 0.0321361058601
0 0.772486772487 0.136105860113 0.0148148148148 0.0378071833648
0 0.762433862434 0.244801512287 0.0222222222222 0.0510396975425
0 0.760317460317 0.198487712665 0.015873015873 0.0340264650284
0 0.794708994709 0.166351606805 0.0148148148148 0.0340264650284
0 0.785714285714 0.281663516068 0.0328042328042 0.0567107750473
0 0.816402116402 0.266540642722 0.0243386243386 0.0567107750473
0 0.79417989418 0.207939508507 0.0222222222222 0.0415879017013
0 0.814814814815 0.219281663516 0.0169312169312 0.0378071833648
0 0.825396825397 0.179584120983 0.0169312169312 0.0340264650284
0 0.832804232804 0.138941398866 0.0126984126984 0.0245746691871
0 0.789947089947 0.137051039698 0.0116402116402 0.0283553875236
0 0.84708994709 0.15595463138 0.015873015873 0.0321361058601
0 0.857142857143 0.148393194707 0.0126984126984 0.0245746691871
0 0.866666666667 0.182419659735 0.0148148148148 0.0396975425331
0 0.840211640212 0.221172022684 0.021164021164 0.0378071833648
0 0.916402116402 0.314744801512 0.0275132275132 0.062381852552
0 0.889417989418 0.233459357278 0.0179894179894 0.0434782608696
0 0.902116402116 0.219281663516 0.015873015873 0.0415879017013
0 0.899470899471 0.191871455577 0.0148148148148 0.0321361058601
0 0.908465608466 0.178638941399 0.0116402116402 0.0245746691871
0 0.910582010582 0.153119092628 0.0116402116402 0.0264650283554
0 0.920634920635 0.224952741021 0.0190476190476 0.0491493383743
0 0.934391534392 0.249527410208 0.0190476190476 0.0453686200378
0 0.932804232804 0.206049149338 0.015873015873 0.0340264650284
0 0.946031746032 0.185255198488 0.0148148148148 0.0415879017013
