0 0.427441860465 0.19173553719 0.0195348837209 0.0396694214876
0 0.508837209302 0.142975206612 0.0204651162791 0.0446280991736
0 0.627906976744 0.138016528926 0.0148837209302 0.0280991735537
0 0.652093023256 0.138842975207 0.0148837209302 0.0264462809917
0 0.652558139535 0.122314049587 0.0139534883721 0.0264462809917
0 0.684186046512 0.0595041322314 0.0120930232558 0.0264462809917
0 0.753488372093 0.151239669421 0.0148837209302 0.0347107438017
0 0.771162790698 0.151239669421 0.013023255814 0.0347107438017
0 0.87488372093 0.188429752066 0.0139534883721 0.0330578512397
0 0.893953488372 0.219008264463 0.0148837209302 0.0413223140496
0 0.893953488372 0.255371900826 0.0148837209302 0.0446280991736
0 0.919069767442 0.247107438017 0.0167441860465 0.0446280991736
0 0.826976744186 0.260330578512 0.0204651162791 0.0512396694215
