0 0.244649805447 0.411764705882 0.0573929961089 0.121008403361
0 0.262159533074 0.181512605042 0.0184824902724 0.0302521008403
0 0.398346303502 0.468067226891 0.0671206225681 0.112605042017
0 0.420233463035 0.211764705882 0.0233463035019 0.0403361344538
0 0.447470817121 0.213445378151 0.0194552529183 0.036974789916
0 0.45719844358 0.261344537815 0.0252918287938 0.0453781512605
0 0.501459143969 0.221008403361 0.0243190661479 0.0420168067227
0 0.605058365759 0.254621848739 0.0233463035019 0.0453781512605
0 0.661964980545 0.243697478992 0.0282101167315 0.0470588235294
0 0.607003891051 0.120168067227 0.0155642023346 0.0285714285714
0 0.628404669261 0.110084033613 0.0155642023346 0.0252100840336
0 0.6546692607 0.131932773109 0.011673151751 0.0285714285714
0 0.681420233463 0.13025210084 0.0126459143969 0.0252100840336
