0 0.0573770491803 0.439571150097 0.0404371584699 0.0877192982456
0 0.124043715847 0.497076023392 0.0513661202186 0.0896686159844
0 0.166120218579 0.404483430799 0.0393442622951 0.0877192982456
0 0.22131147541 0.366471734893 0.0382513661202 0.0818713450292
0 0.166120218579 0.30701754386 0.0327868852459 0.0604288499025
0 0.13606557377 0.30701754386 0.0185792349727 0.0331384015595
0 0.181420765027 0.262183235867 0.024043715847 0.0487329434698
0 0.238797814208 0.292397660819 0.031693989071 0.0623781676413
0 0.388524590164 0.217348927875 0.0295081967213 0.056530214425
0 0.484153005464 0.162768031189 0.0262295081967 0.0604288499025
0 0.520218579235 0.138401559454 0.0284153005464 0.0662768031189
0 0.884699453552 0.156920077973 0.016393442623 0.0292397660819
