0 0.0695134061569 0.29593639576 0.025819265144 0.0547703180212
0 0.310327706058 0.219081272085 0.0188679245283 0.0353356890459
0 0.328699106256 0.234098939929 0.0198609731877 0.0441696113074
0 0.344587884806 0.253533568905 0.0218470705065 0.0406360424028
0 0.375868917577 0.252650176678 0.0248262164846 0.0424028268551
0 0.348560079444 0.212897526502 0.0178748758689 0.0335689045936
0 0.353525322741 0.189045936396 0.0178748758689 0.0318021201413
0 0.383316782522 0.196113074205 0.0218470705065 0.0388692579505
0 0.417576961271 0.196996466431 0.0228401191658 0.0441696113074
0 0.425521350546 0.233215547703 0.0208540218471 0.0424028268551
0 0.465739821251 0.211130742049 0.0198609731877 0.0406360424028
0 0.501489572989 0.217314487633 0.0198609731877 0.0459363957597
0 0.475173783515 0.163427561837 0.0148957298908 0.030035335689
0 0.471201588878 0.184628975265 0.0168818272095 0.0265017667845
0 0.45233366435 0.175795053004 0.0228401191658 0.0335689045936
0 0.420556107249 0.143992932862 0.0168818272095 0.0335689045936
0 0.461271102284 0.148409893993 0.012909632572 0.0247349823322
0 0.472194637537 0.135159010601 0.012909632572 0.0229681978799
0 0.495531281033 0.141342756184 0.0119165839126 0.0318021201413
0 0.507447864945 0.154593639576 0.0139026812314 0.030035335689
0 0.511916583913 0.136042402827 0.0148957298908 0.0282685512367
0 0.51539225422 0.121908127208 0.0119165839126 0.0212014134276
0 0.523336643496 0.129858657244 0.0119165839126 0.0265017667845
0 0.523336643496 0.171378091873 0.0158887785501 0.0388692579505
0 0.533763654419 0.185512367491 0.0188679245283 0.0353356890459
0 0.547169811321 0.166077738516 0.0158887785501 0.0353356890459
0 0.562065541212 0.186395759717 0.0178748758689 0.0441696113074
0 0.57994041708 0.177561837456 0.0158887785501 0.0371024734982
0 0.588877855015 0.157243816254 0.0139026812314 0.0318021201413
0 0.559582919563 0.131625441696 0.0148957298908 0.030035335689
0 0.569016881827 0.124558303887 0.0139026812314 0.0406360424028
0 0.587388282026 0.120141342756 0.0148957298908 0.0353356890459
0 0.595829195631 0.131625441696 0.0139026812314 0.030035335689
0 0.614697120159 0.158127208481 0.0158887785501 0.030035335689
0 0.619662363456 0.134275618375 0.0158887785501 0.0353356890459
0 0.614697120159 0.118374558304 0.0119165839126 0.0282685512367
0 0.635054617676 0.113074204947 0.0148957298908 0.0318021201413
0 0.64448857994 0.105123674912 0.0119165839126 0.0265017667845
0 0.653922542205 0.125441696113 0.0148957298908 0.0318021201413
0 0.667825223436 0.134275618375 0.012909632572 0.0388692579505
0 0.67676266137 0.128975265018 0.012909632572 0.0282685512367
0 0.681231380338 0.109540636042 0.0158887785501 0.0282685512367
0 0.706057596822 0.108657243816 0.0158887785501 0.0265017667845
0 0.485600794439 0.292402826855 0.0278053624628 0.0689045936396
0 0.535749751738 0.294169611307 0.0327706057597 0.065371024735
0 0.585402184707 0.237632508834 0.0228401191658 0.047703180212
0 0.610228401192 0.31183745583 0.0347567030785 0.0759717314488
0 0.62859980139 0.246466431095 0.0238331678252 0.0547703180212
0 0.627110228401 0.214664310954 0.0248262164846 0.0406360424028
0 0.656901688183 0.190812720848 0.0228401191658 0.0424028268551
0 0.683217477656 0.260600706714 0.0297914597815 0.0618374558304
0 0.707547169811 0.243816254417 0.0248262164846 0.0530035335689
0 0.714995034757 0.325088339223 0.0377358490566 0.0706713780919
0 0.745779543198 0.376325088339 0.0397219463754 0.0777385159011
0 0.720953326713 0.286219081272 0.0297914597815 0.0424028268551
0 0.766633565045 0.251766784452 0.0278053624628 0.0512367491166
0 0.816285998014 0.391342756184 0.0297914597815 0.0759717314488
0 0.90268123138 0.44964664311 0.0417080436941 0.083038869258
0 0.78997020854 0.295053003534 0.0268123138034 0.0636042402827
0 0.828699106256 0.31183745583 0.0268123138034 0.0618374558304
0 0.793942403178 0.237632508834 0.0228401191658 0.0441696113074
0 0.755710029791 0.191696113074 0.0178748758689 0.0371024734982
0 0.788977159881 0.159010600707 0.0168818272095 0.0353356890459
0 0.779543197617 0.141342756184 0.0158887785501 0.0353356890459
0 0.742800397219 0.141342756184 0.0119165839126 0.0282685512367
0 0.744786494538 0.175795053004 0.0139026812314 0.0335689045936
0 0.724925521351 0.150176678445 0.0119165839126 0.0353356890459
0 0.714001986097 0.180212014134 0.0178748758689 0.0424028268551
0 0.692651439921 0.160777385159 0.0168818272095 0.0353356890459
0 0.819265143992 0.255300353357 0.0198609731877 0.0547703180212
0 0.859980139027 0.259717314488 0.0238331678252 0.0459363957597
0 0.87140019861 0.223498233216 0.0208540218471 0.0512367491166
0 0.911122144985 0.33480565371 0.0228401191658 0.0618374558304
0 0.918073485601 0.286219081272 0.0208540218471 0.0494699646643
0 0.926514399206 0.220848056537 0.0178748758689 0.0424028268551
