0 0.0201680672269 0.437138728324 0.0285714285714 0.0592485549133
0 0.625630252101 0.208815028902 0.0126050420168 0.021676300578
0 0.481512605042 0.244219653179 0.0134453781513 0.028901734104
0 0.289915966387 0.310693641618 0.0168067226891 0.0346820809249
0 0.241596638655 0.343930635838 0.0176470588235 0.0375722543353
0 0.367647058824 0.298410404624 0.0126050420168 0.0332369942197
0 0.271848739496 0.356213872832 0.0226890756303 0.0419075144509
0 0.293277310924 0.368497109827 0.0201680672269 0.0433526011561
0 0.396638655462 0.26950867052 0.0134453781513 0.0361271676301
0 0.347899159664 0.368497109827 0.0218487394958 0.0491329479769
0 0.390756302521 0.354768786127 0.0168067226891 0.0390173410405
0 0.436134453782 0.264450867052 0.0100840336134 0.0202312138728
0 0.418067226891 0.353323699422 0.0210084033613 0.0419075144509
0 0.42268907563 0.307803468208 0.0151260504202 0.0346820809249
0 0.455462184874 0.313583815029 0.018487394958 0.0404624277457
0 0.463865546218 0.346098265896 0.0218487394958 0.0361271676301
0 0.484453781513 0.311416184971 0.0176470588235 0.0361271676301
0 0.517226890756 0.271676300578 0.0193277310924 0.0346820809249
0 0.534033613445 0.255780346821 0.0126050420168 0.028901734104
0 0.552100840336 0.258670520231 0.0134453781513 0.0317919075145
0 0.565966386555 0.234826589595 0.0142857142857 0.0274566473988
0 0.588235294118 0.236271676301 0.0168067226891 0.0332369942197
0 0.576470588235 0.290462427746 0.0151260504202 0.0317919075145
0 0.534453781513 0.320086705202 0.0134453781513 0.0303468208092
0 0.621848739496 0.259393063584 0.0117647058824 0.0332369942197
0 0.646218487395 0.226878612717 0.0151260504202 0.0346820809249
0 0.659663865546 0.250722543353 0.018487394958 0.0447976878613
0 0.675630252101 0.223265895954 0.0100840336134 0.0187861271676
0 0.686974789916 0.23049132948 0.0142857142857 0.0245664739884
0 0.701680672269 0.244219653179 0.0151260504202 0.0317919075145
0 0.720168067227 0.260115606936 0.0168067226891 0.0346820809249
0 0.689915966387 0.272398843931 0.0252100840336 0.0332369942197
0 0.651680672269 0.304190751445 0.0210084033613 0.0361271676301
0 0.606722689076 0.338150289017 0.0235294117647 0.0404624277457
0 0.760504201681 0.229046242775 0.0134453781513 0.0303468208092
0 0.801680672269 0.237716763006 0.0134453781513 0.0361271676301
0 0.828991596639 0.248554913295 0.0142857142857 0.0260115606936
0 0.51218487395 0.404624277457 0.0226890756303 0.0491329479769
0 0.552941176471 0.37210982659 0.0235294117647 0.0563583815029
0 0.555042016807 0.411849710983 0.0243697478992 0.0491329479769
0 0.621848739496 0.433526011561 0.0285714285714 0.0520231213873
0 0.626050420168 0.385115606936 0.0302521008403 0.0505780346821
0 0.665966386555 0.33598265896 0.0176470588235 0.0419075144509
0 0.682773109244 0.375722543353 0.027731092437 0.0491329479769
0 0.680672268908 0.452312138728 0.0302521008403 0.0578034682081
0 0.698319327731 0.317919075145 0.0252100840336 0.0404624277457
0 0.70756302521 0.360549132948 0.0218487394958 0.0332369942197
0 0.740336134454 0.299132947977 0.0168067226891 0.0375722543353
0 0.76512605042 0.274566473988 0.0159663865546 0.0317919075145
0 0.784033613445 0.288294797688 0.0134453781513 0.0274566473988
0 0.760084033613 0.403901734104 0.0294117647059 0.0505780346821
0 0.733193277311 0.512283236994 0.0394957983193 0.099710982659
0 0.852100840336 0.526734104046 0.0302521008403 0.0621387283237
0 0.810924369748 0.414739884393 0.0252100840336 0.0433526011561
0 0.867647058824 0.259393063584 0.0176470588235 0.0303468208092
0 0.879831932773 0.274566473988 0.0168067226891 0.0404624277457
0 0.895378151261 0.257947976879 0.0126050420168 0.0245664739884
0 0.833193277311 0.307803468208 0.0142857142857 0.0346820809249
0 0.868907563025 0.315751445087 0.0151260504202 0.0332369942197
0 0.895798319328 0.369219653179 0.0268907563025 0.0505780346821
0 0.901260504202 0.323699421965 0.0159663865546 0.0404624277457
0 0.914705882353 0.296965317919 0.0142857142857 0.0390173410405
0 0.939915966387 0.406791907514 0.0260504201681 0.0447976878613
0 0.864285714286 0.445809248555 0.0344537815126 0.0447976878613
0 0.828991596639 0.382947976879 0.0159663865546 0.0375722543353
0 0.931092436975 0.468930635838 0.0319327731092 0.0534682080925
0 0.948319327731 0.35838150289 0.0176470588235 0.0375722543353
0 0.958823529412 0.290462427746 0.0151260504202 0.0346820809249
0 0.473529411765 0.252167630058 0.0159663865546 0.0332369942197
0 0.63781512605 0.270953757225 0.0151260504202 0.0390173410405
0 0.618907563025 0.229768786127 0.0126050420168 0.0346820809249
0 0.638235294118 0.229768786127 0.00924369747899 0.0317919075145
0 0.958823529412 0.304190751445 0.0134453781513 0.0332369942197
0 0.882773109244 0.423410404624 0.0176470588235 0.0491329479769
