0 0.189947089947 0.326086956522 0.0391534391534 0.0737240075614
0 0.273544973545 0.217391304348 0.0179894179894 0.0378071833648
0 0.34126984127 0.243856332703 0.0201058201058 0.0415879017013
0 0.34126984127 0.20415879017 0.015873015873 0.0340264650284
0 0.41164021164 0.275047258979 0.0275132275132 0.047258979206
0 0.406878306878 0.235349716446 0.0222222222222 0.0396975425331
0 0.394708994709 0.195652173913 0.0169312169312 0.0321361058601
0 0.38835978836 0.163516068053 0.0148148148148 0.0283553875236
0 0.410052910053 0.160680529301 0.0179894179894 0.0378071833648
0 0.438624338624 0.210775047259 0.0179894179894 0.0359168241966
0 0.435978835979 0.174858223062 0.0148148148148 0.0321361058601
0 0.440211640212 0.137996219282 0.010582010582 0.0264650283554
0 0.467724867725 0.206994328922 0.0190476190476 0.0434782608696
0 0.492592592593 0.213610586011 0.0222222222222 0.0453686200378
0 0.475132275132 0.189035916824 0.0169312169312 0.0340264650284
0 0.477248677249 0.152173913043 0.0126984126984 0.0359168241966
0 0.463492063492 0.140831758034 0.0126984126984 0.0245746691871
0 0.486772486772 0.134215500945 0.0148148148148 0.0340264650284
0 0.5 0.120037807183 0.0137566137566 0.0283553875236
0 0.516402116402 0.130434782609 0.0126984126984 0.0264650283554
0 0.521164021164 0.119092627599 0.0116402116402 0.0226843100189
0 0.516931216931 0.177693761815 0.0201058201058 0.0378071833648
0 0.52380952381 0.162570888469 0.0126984126984 0.0302457466919
0 0.545502645503 0.184310018904 0.0201058201058 0.0396975425331
0 0.542328042328 0.127599243856 0.0137566137566 0.0245746691871
0 0.549206349206 0.118147448015 0.010582010582 0.0245746691871
0 0.564021164021 0.0793950850662 0.010582010582 0.0264650283554
0 0.578306878307 0.120037807183 0.0137566137566 0.0245746691871
0 0.587830687831 0.159735349716 0.0179894179894 0.0396975425331
0 0.615873015873 0.153119092628 0.0190476190476 0.0378071833648
0 0.604761904762 0.126654064272 0.0137566137566 0.0302457466919
0 0.618518518519 0.125708884688 0.015873015873 0.0283553875236
0 0.611111111111 0.104914933837 0.0116402116402 0.0207939508507
0 0.630687830688 0.103024574669 0.010582010582 0.0207939508507
0 0.631746031746 0.120037807183 0.010582010582 0.0207939508507
0 0.648677248677 0.0964083175803 0.0148148148148 0.0226843100189
0 0.665608465608 0.11247637051 0.0148148148148 0.0321361058601
0 0.683068783069 0.12381852552 0.015873015873 0.0245746691871
0 0.68253968254 0.103024574669 0.0148148148148 0.0245746691871
0 0.573015873016 0.239130434783 0.0243386243386 0.047258979206
0 0.625396825397 0.245746691871 0.0253968253968 0.0529300567108
0 0.633862433862 0.193761814745 0.0169312169312 0.0359168241966
0 0.661375661376 0.187145557656 0.0169312169312 0.0415879017013
0 0.663492063492 0.270321361059 0.0253968253968 0.0567107750473
0 0.716402116402 0.228733459357 0.0232804232804 0.0415879017013
0 0.700529100529 0.172967863894 0.0169312169312 0.0359168241966
0 0.724867724868 0.186200378072 0.0169312169312 0.0359168241966
0 0.732804232804 0.169187145558 0.015873015873 0.0321361058601
0 0.732804232804 0.136105860113 0.015873015873 0.0340264650284
0 0.750793650794 0.137051039698 0.0137566137566 0.0321361058601
0 0.764021164021 0.130434782609 0.0126984126984 0.0302457466919
0 0.780952380952 0.141776937618 0.0148148148148 0.0302457466919
0 0.790476190476 0.119092627599 0.0126984126984 0.0264650283554
0 0.731746031746 0.261814744802 0.0285714285714 0.069943289225
0 0.762962962963 0.267485822306 0.021164021164 0.047258979206
0 0.755555555556 0.19943289225 0.021164021164 0.0434782608696
0 0.787830687831 0.209829867675 0.0179894179894 0.0340264650284
0 0.796296296296 0.156899810964 0.0137566137566 0.0302457466919
0 0.824338624339 0.127599243856 0.0148148148148 0.0321361058601
0 0.825396825397 0.167296786389 0.0126984126984 0.0359168241966
0 0.838095238095 0.163516068053 0.0126984126984 0.0321361058601
0 0.846031746032 0.144612476371 0.0116402116402 0.0283553875236
0 0.86455026455 0.186200378072 0.0148148148148 0.0396975425331
0 0.846031746032 0.202268431002 0.015873015873 0.0415879017013
0 0.840211640212 0.238185255198 0.0190476190476 0.0491493383743
0 0.837037037037 0.315689981096 0.0275132275132 0.0604914933837
0 0.866137566138 0.280718336484 0.0201058201058 0.0510396975425
0 0.909523809524 0.347826086957 0.0243386243386 0.0718336483932
0 0.888888888889 0.229678638941 0.0169312169312 0.0359168241966
0 0.92328042328 0.271266540643 0.0243386243386 0.054820415879
0 0.926455026455 0.237240075614 0.0179894179894 0.0434782608696
0 0.933333333333 0.18809073724 0.0148148148148 0.0321361058601
0 0.942328042328 0.205103969754 0.0137566137566 0.0359168241966
0 0.903174603175 0.172967863894 0.015873015873 0.0283553875236
0 0.889947089947 0.147448015123 0.0126984126984 0.0302457466919
