0 0.333170731707 0.219430485762 0.0165853658537 0.0335008375209
0 0.359024390244 0.221943048576 0.019512195122 0.035175879397
0 0.392682926829 0.307370184255 0.0341463414634 0.0552763819095
0 0.509268292683 0.211055276382 0.019512195122 0.0435510887772
0 0.498536585366 0.167504187605 0.0214634146341 0.0301507537688
0 0.573170731707 0.185092127303 0.0224390243902 0.0385259631491
0 0.571707317073 0.124790619765 0.0156097560976 0.0318257956449
0 0.820487804878 0.400335008375 0.0370731707317 0.0871021775544
0 0.890731707317 0.109715242881 0.0156097560976 0.0284757118928
0 0.922926829268 0.144891122278 0.0156097560976 0.035175879397
