0 0.484802431611 0.210909090909 0.0293819655522 0.0618181818182
0 0.529888551165 0.206363636364 0.0243161094225 0.0454545454545
0 0.616514690983 0.208181818182 0.0233029381966 0.0490909090909
0 0.651975683891 0.209090909091 0.0192502532928 0.0436363636364
0 0.668186423506 0.222727272727 0.0212765957447 0.0454545454545
0 0.673252279635 0.263636363636 0.0253292806484 0.0581818181818
0 0.703647416413 0.22 0.0192502532928 0.0436363636364
0 0.743161094225 0.227272727273 0.0172239108409 0.0436363636364
0 0.766464032421 0.233636363636 0.0233029381966 0.0527272727273
0 0.726443768997 0.280909090909 0.0283687943262 0.0636363636364
0 0.749746707194 0.32 0.0303951367781 0.0763636363636
0 0.816109422492 0.262727272727 0.0212765957447 0.0527272727273
0 0.793313069909 0.397272727273 0.0364741641337 0.0781818181818
0 0.903748733536 0.344545454545 0.0283687943262 0.0672727272727
0 0.959979736575 0.342727272727 0.0354609929078 0.1
