0 0.043661971831 0.39850249584 0.0291079812207 0.0648918469218
0 0.244131455399 0.263727121464 0.0150234741784 0.0349417637271
0 0.268544600939 0.261231281198 0.0169014084507 0.0399334442596
0 0.28779342723 0.257071547421 0.0215962441315 0.0415973377704
0 0.313615023474 0.265391014975 0.0206572769953 0.0382695507488
0 0.313145539906 0.223793677205 0.0178403755869 0.0282861896839
0 0.348356807512 0.207986688852 0.0131455399061 0.026622296173
0 0.357746478873 0.183860232945 0.0150234741784 0.0349417637271
0 0.376056338028 0.180532445923 0.0140845070423 0.0316139767055
0 0.399061032864 0.219633943428 0.0150234741784 0.026622296173
0 0.403286384977 0.189683860233 0.0140845070423 0.0299500831947
0 0.38544600939 0.278702163062 0.0234741784038 0.0482529118136
0 0.354929577465 0.254575707155 0.0225352112676 0.0299500831947
0 0.443192488263 0.217138103161 0.0169014084507 0.0316139767055
0 0.465727699531 0.23544093178 0.0169014084507 0.0316139767055
0 0.478873239437 0.313643926789 0.0225352112676 0.0549084858569
0 0.533333333333 0.304492512479 0.0244131455399 0.0532445923461
0 0.599061032864 0.329450915141 0.0338028169014 0.0565723793677
0 0.613145539906 0.252079866889 0.0225352112676 0.044925124792
0 0.556338028169 0.247920133111 0.0253521126761 0.0366056572379
0 0.526291079812 0.188019966722 0.0159624413146 0.0366056572379
0 0.484037558685 0.195507487521 0.0178403755869 0.0349417637271
0 0.440845070423 0.163893510815 0.01220657277 0.0216306156406
0 0.477464788732 0.133111480865 0.0159624413146 0.026622296173
0 0.560563380282 0.178868552413 0.018779342723 0.0349417637271
0 0.579342723005 0.135607321131 0.0150234741784 0.0349417637271
0 0.552582159624 0.128951747088 0.0159624413146 0.0282861896839
0 0.60985915493 0.113976705491 0.0103286384977 0.0316139767055
0 0.634741784038 0.11231281198 0.0093896713615 0.0282861896839
0 0.676995305164 0.116472545757 0.0169014084507 0.0332778702163
0 0.732394366197 0.113144758735 0.0131455399061 0.0232945091514
0 0.759154929577 0.126455906822 0.0159624413146 0.026622296173
0 0.809389671362 0.12146422629 0.0150234741784 0.0199667221298
0 0.834272300469 0.138935108153 0.0159624413146 0.0316139767055
0 0.895305164319 0.153078202995 0.0197183098592 0.0232945091514
0 0.888732394366 0.168885191348 0.0197183098592 0.0316139767055
0 0.853521126761 0.156405990017 0.018779342723 0.026622296173
0 0.841784037559 0.18302828619 0.0215962441315 0.026622296173
0 0.906572769953 0.223793677205 0.0215962441315 0.0415973377704
0 0.852582159624 0.227121464226 0.0206572769953 0.0349417637271
0 0.820657276995 0.218801996672 0.0206572769953 0.0349417637271
0 0.793427230047 0.175540765391 0.0169014084507 0.0316139767055
0 0.784976525822 0.14309484193 0.0150234741784 0.026622296173
0 0.752112676056 0.166389351082 0.0206572769953 0.0299500831947
0 0.716901408451 0.154742096506 0.0140845070423 0.0232945091514
0 0.690610328638 0.202163061564 0.0159624413146 0.0349417637271
0 0.653990610329 0.208818635607 0.0178403755869 0.0282861896839
0 0.632394366197 0.202163061564 0.0178403755869 0.0382695507488
0 0.662910798122 0.250415973378 0.0244131455399 0.0415973377704
0 0.719248826291 0.282029950083 0.0206572769953 0.0382695507488
0 0.748356807512 0.232113144759 0.018779342723 0.0316139767055
0 0.786854460094 0.263727121464 0.0206572769953 0.0415973377704
0 0.833802816901 0.30615640599 0.0262910798122 0.0465890183028
0 0.916431924883 0.278702163062 0.018779342723 0.0415973377704
0 0.652582159624 0.175540765391 0.0131455399061 0.0249584026622
0 0.678403755869 0.163893510815 0.0140845070423 0.0316139767055
0 0.704694835681 0.145590682196 0.01220657277 0.0282861896839
0 0.766197183099 0.217970049917 0.018779342723 0.0465890183028
0 0.733333333333 0.197171381032 0.018779342723 0.0482529118136
0 0.607042253521 0.143926788686 0.0178403755869 0.0349417637271
0 0.634272300469 0.144758735441 0.0159624413146 0.0332778702163
0 0.507511737089 0.172212978369 0.0159624413146 0.0282861896839
0 0.542723004695 0.155574043261 0.0206572769953 0.0382695507488
0 0.459624413146 0.144758735441 0.0140845070423 0.026622296173
0 0.458685446009 0.194675540765 0.0159624413146 0.0332778702163
0 0.43661971831 0.187188019967 0.0131455399061 0.0349417637271
0 0.489201877934 0.166389351082 0.0169014084507 0.0366056572379
0 0.375117370892 0.214642262895 0.0178403755869 0.0432612312812
0 0.904225352113 0.185524126456 0.0150234741784 0.0415973377704
