0 0.201219512195 0.458471760797 0.0403377110694 0.0863787375415
0 0.430112570356 0.0888704318937 0.0103189493433 0.0215946843854
0 0.484990619137 0.181063122924 0.0168855534709 0.0398671096346
0 0.515947467167 0.18853820598 0.0187617260788 0.031561461794
0 0.558161350844 0.137873754153 0.015009380863 0.0332225913621
0 0.707317073171 0.178571428571 0.0168855534709 0.0382059800664
0 0.761726078799 0.179401993355 0.015009380863 0.0332225913621
0 0.793621013133 0.191029900332 0.015009380863 0.0332225913621
0 0.803001876173 0.179401993355 0.015009380863 0.0332225913621
0 0.837711069418 0.189368770764 0.015009380863 0.0365448504983
0 0.87851782364 0.291528239203 0.0196998123827 0.0481727574751
0 0.944652908068 0.247508305648 0.015009380863 0.0365448504983
0 0.976547842402 0.135382059801 0.0131332082552 0.031561461794
