0 0.0921588594705 0.248653500898 0.0193482688391 0.0412926391382
0 0.29633401222 0.219928186715 0.0183299389002 0.0377019748654
0 0.367107942974 0.194793536804 0.0213849287169 0.0448833034111
0 0.384928716904 0.167863554758 0.0183299389002 0.0341113105925
0 0.405804480652 0.175942549372 0.0132382892057 0.0359066427289
0 0.423116089613 0.228007181329 0.0274949083503 0.0610412926391
0 0.42617107943 0.172351885099 0.0173116089613 0.0287253141831
0 0.432281059063 0.149012567325 0.0152749490835 0.0287253141831
0 0.460285132383 0.207360861759 0.0183299389002 0.0412926391382
0 0.492871690428 0.219030520646 0.0244399185336 0.0430879712747
0 0.496945010183 0.17684021544 0.020366598778 0.0377019748654
0 0.491344195519 0.149910233393 0.0132382892057 0.0341113105925
0 0.469450101833 0.138240574506 0.0142566191446 0.0251346499102
0 0.504582484725 0.152603231598 0.0132382892057 0.0251346499102
0 0.524949083503 0.166068222621 0.0193482688391 0.0341113105925
0 0.519348268839 0.131956912029 0.0142566191446 0.0269299820467
0 0.548370672098 0.140035906643 0.0132382892057 0.032315978456
0 0.56466395112 0.189407540395 0.0213849287169 0.048473967684
0 0.585539714868 0.178635547576 0.0162932790224 0.0377019748654
0 0.582484725051 0.126570915619 0.010183299389 0.0269299820467
0 0.591649694501 0.131059245961 0.0122199592668 0.0287253141831
0 0.62067209776 0.172351885099 0.0193482688391 0.0359066427289
0 0.627800407332 0.138240574506 0.0173116089613 0.0287253141831
0 0.612016293279 0.114003590664 0.0183299389002 0.0269299820467
0 0.63900203666 0.114901256732 0.0132382892057 0.032315978456
0 0.659368635438 0.143626570916 0.0193482688391 0.0287253141831
0 0.66700610998 0.112208258528 0.0142566191446 0.0305206463196
0 0.692973523422 0.122980251346 0.0132382892057 0.0269299820467
0 0.689918533605 0.104129263914 0.0152749490835 0.0287253141831
0 0.719959266802 0.115798922801 0.0122199592668 0.0269299820467
0 0.741344195519 0.138240574506 0.0162932790224 0.0359066427289
0 0.57433808554 0.275583482944 0.030549898167 0.0592459605027
0 0.570264765784 0.246858168761 0.0244399185336 0.0341113105925
0 0.626782077393 0.205565529623 0.0193482688391 0.0377019748654
0 0.631364562118 0.254937163375 0.0224032586558 0.0538599640934
0 0.676680244399 0.212746858169 0.0213849287169 0.0448833034111
0 0.665987780041 0.201077199282 0.0183299389002 0.0359066427289
0 0.691446028513 0.190305206463 0.020366598778 0.0466786355476
0 0.702647657841 0.177737881508 0.0183299389002 0.0359066427289
0 0.68482688391 0.263913824057 0.0274949083503 0.0466786355476
0 0.725050916497 0.228904847397 0.0264765784114 0.0520646319569
0 0.756109979633 0.210951526032 0.0213849287169 0.0377019748654
0 0.752545824847 0.26750448833 0.0244399185336 0.0538599640934
0 0.774439918534 0.259425493716 0.0234215885947 0.048473967684
0 0.803462321792 0.320466786355 0.0264765784114 0.0628366247756
0 0.86150712831 0.329443447038 0.0285132382892 0.0556552962298
0 0.925152749491 0.367145421903 0.0274949083503 0.0664272890485
0 0.887983706721 0.258527827648 0.0244399185336 0.0538599640934
0 0.937881873727 0.302513464991 0.0224032586558 0.0556552962298
0 0.803462321792 0.218132854578 0.0224032586558 0.0520646319569
0 0.750509164969 0.179533213645 0.0122199592668 0.0287253141831
0 0.769857433809 0.1921005386 0.0142566191446 0.0359066427289
0 0.776476578411 0.143626570916 0.0152749490835 0.032315978456
0 0.790224032587 0.157091561939 0.0162932790224 0.0305206463196
0 0.807535641548 0.163375224417 0.0142566191446 0.0394973070018
0 0.806517311609 0.131956912029 0.0142566191446 0.0377019748654
0 0.822810590631 0.150807899461 0.0183299389002 0.0394973070018
0 0.830957230143 0.138240574506 0.0183299389002 0.0359066427289
0 0.849796334012 0.244165170557 0.0193482688391 0.0466786355476
0 0.853360488798 0.197486535009 0.020366598778 0.0359066427289
0 0.848778004073 0.156193895871 0.0152749490835 0.0251346499102
0 0.863543788187 0.149910233393 0.0162932790224 0.0341113105925
0 0.876782077393 0.184919210054 0.0142566191446 0.0359066427289
0 0.882892057026 0.171454219031 0.0142566191446 0.0341113105925
0 0.901731160896 0.157989228007 0.0152749490835 0.0394973070018
0 0.922606924644 0.164272890485 0.0162932790224 0.0412926391382
0 0.909368635438 0.197486535009 0.0183299389002 0.0394973070018
0 0.941955193483 0.234290843806 0.0183299389002 0.0448833034111
0 0.957739307536 0.213644524237 0.0152749490835 0.0394973070018
0 0.966395112016 0.191202872531 0.0122199592668 0.0377019748654
0 0.901731160896 0.234290843806 0.0213849287169 0.0341113105925
