0 0.136743215031 0.493457943925 0.0501043841336 0.0934579439252
0 0.707202505219 0.323364485981 0.0469728601253 0.0971962616822
0 0.625260960334 0.253271028037 0.0229645093946 0.0467289719626
0 0.597599164927 0.227102803738 0.0219206680585 0.0504672897196
0 0.80375782881 0.21214953271 0.0208768267223 0.0392523364486
0 0.843945720251 0.252336448598 0.0240083507307 0.0411214953271
0 0.887787056367 0.176635514019 0.0156576200418 0.0429906542056
0 0.925365344468 0.240186915888 0.0198329853862 0.0392523364486
0 0.408141962422 0.156074766355 0.0146137787056 0.0280373831776
0 0.380480167015 0.18691588785 0.0156576200418 0.0336448598131
0 0.419624217119 0.21214953271 0.0187891440501 0.0317757009346
0 0.449373695198 0.230841121495 0.0198329853862 0.0317757009346
0 0.468684759916 0.14953271028 0.0125260960334 0.0336448598131
0 0.51356993737 0.197196261682 0.0229645093946 0.0317757009346
0 0.550626304802 0.184112149533 0.017745302714 0.0392523364486
0 0.577244258873 0.122429906542 0.0146137787056 0.0280373831776
0 0.393006263048 0.210280373832 0.0198329853862 0.0392523364486
