0 0.294551645857 0.397773279352 0.05561861521 0.111336032389
0 0.27582292849 0.220647773279 0.0136208853575 0.0364372469636
0 0.295686719637 0.22975708502 0.0124858115778 0.0303643724696
0 0.311577752554 0.227732793522 0.0147559591373 0.0384615384615
0 0.326901248581 0.206477732794 0.0158910329171 0.0323886639676
0 0.342792281498 0.225708502024 0.0158910329171 0.0384615384615
0 0.362088535755 0.187246963563 0.0136208853575 0.0344129554656
0 0.366628830874 0.238866396761 0.0158910329171 0.0404858299595
0 0.382519863791 0.213562753036 0.011350737798 0.0303643724696
0 0.392167990919 0.20951417004 0.0147559591373 0.0263157894737
0 0.402383654938 0.237854251012 0.0170261066969 0.0425101214575
0 0.439841089671 0.235829959514 0.0215664018161 0.0384615384615
0 0.437003405221 0.160931174089 0.0158910329171 0.0303643724696
0 0.460839954597 0.201417004049 0.0158910329171 0.0465587044534
0 0.479568671964 0.155870445344 0.0124858115778 0.0242914979757
0 0.491486946652 0.155870445344 0.0136208853575 0.0323886639676
0 0.493757094211 0.118421052632 0.00908059023837 0.0182186234818
0 0.524404086266 0.124493927126 0.00908059023837 0.0263157894737
0 0.521566401816 0.173076923077 0.0124858115778 0.0384615384615
0 0.535754824064 0.162955465587 0.0158910329171 0.0222672064777
0 0.55278093076 0.183198380567 0.0136208853575 0.0425101214575
0 0.563564131669 0.157894736842 0.0147559591373 0.0323886639676
0 0.594778660613 0.112348178138 0.011350737798 0.0222672064777
0 0.603291713961 0.155870445344 0.0147559591373 0.0445344129555
0 0.586833144154 0.216599190283 0.0227014755959 0.0485829959514
0 0.607264472191 0.228744939271 0.0181611804767 0.0404858299595
0 0.632236095346 0.234817813765 0.0181611804767 0.0445344129555
0 0.614074914869 0.106275303644 0.011350737798 0.0222672064777
0 0.621452894438 0.136639676113 0.0170261066969 0.0344129554656
0 0.638479001135 0.155870445344 0.0147559591373 0.0323886639676
0 0.661180476731 0.111336032389 0.0124858115778 0.0323886639676
0 0.684449489217 0.12044534413 0.0158910329171 0.0384615384615
0 0.701475595914 0.115384615385 0.011350737798 0.0283400809717
0 0.658910329171 0.179149797571 0.0170261066969 0.0344129554656
0 0.6685584563 0.231781376518 0.011350737798 0.0465587044534
0 0.685017026107 0.26012145749 0.0192962542565 0.0465587044534
0 0.712258796822 0.32995951417 0.0283768444949 0.0728744939271
0 0.758229284904 0.355263157895 0.0249716231555 0.0708502024291
0 0.717934165721 0.22975708502 0.0192962542565 0.0465587044534
0 0.725879682179 0.143724696356 0.0124858115778 0.0283400809717
0 0.733825198638 0.188259109312 0.0147559591373 0.0404858299595
0 0.753688989784 0.132591093117 0.011350737798 0.0384615384615
0 0.784335981839 0.138663967611 0.00908059023837 0.0303643724696
0 0.787173666288 0.165991902834 0.0147559591373 0.0283400809717
0 0.793984108967 0.203441295547 0.0170261066969 0.0384615384615
0 0.757661748014 0.240890688259 0.0192962542565 0.0445344129555
0 0.797956867196 0.289473684211 0.0227014755959 0.0526315789474
0 0.811577752554 0.256072874494 0.0204313280363 0.0546558704453
0 0.838251986379 0.14979757085 0.0102156640182 0.0202429149798
0 0.856413166856 0.147773279352 0.0124858115778 0.0323886639676
0 0.841089670829 0.221659919028 0.0158910329171 0.0425101214575
0 0.866061293984 0.181174089069 0.0158910329171 0.0384615384615
0 0.877412031782 0.230769230769 0.0204313280363 0.0485829959514
0 0.930760499432 0.212550607287 0.011350737798 0.0364372469636
0 0.928490351873 0.262145748988 0.0158910329171 0.0425101214575
0 0.912599318956 0.318825910931 0.0227014755959 0.0546558704453
0 0.906923950057 0.18016194332 0.011350737798 0.0283400809717
0 0.824631101022 0.173076923077 0.0147559591373 0.0344129554656
0 0.765607264472 0.124493927126 0.0102156640182 0.0222672064777
0 0.801929625426 0.138663967611 0.00794551645857 0.0222672064777
0 0.548240635641 0.136639676113 0.011350737798 0.0263157894737
0 0.436435868331 0.202429149798 0.0192962542565 0.0404858299595
