0 0.248095756257 0.166990291262 0.0152339499456 0.0349514563107
0 0.309031556039 0.232038834951 0.0195865070729 0.0368932038835
0 0.409684439608 0.21067961165 0.0206746463547 0.0368932038835
0 0.423286180631 0.253398058252 0.0217627856366 0.0446601941748
0 0.445593035909 0.183495145631 0.0184983677911 0.0407766990291
0 0.458650707291 0.146601941748 0.0184983677911 0.0330097087379
0 0.482589771491 0.178640776699 0.0184983677911 0.0388349514563
0 0.444504896627 0.235922330097 0.0184983677911 0.0368932038835
0 0.546789989119 0.171844660194 0.0163220892274 0.0368932038835
0 0.561479869423 0.185436893204 0.0195865070729 0.0407766990291
0 0.632208922742 0.123300970874 0.0174102285092 0.0330097087379
0 0.628944504897 0.220388349515 0.0239390642002 0.052427184466
0 0.670837867247 0.221359223301 0.0206746463547 0.0504854368932
0 0.673558215452 0.169902912621 0.0217627856366 0.0446601941748
0 0.736670293798 0.220388349515 0.0217627856366 0.052427184466
0 0.62513601741 0.318446601942 0.031556039173 0.073786407767
0 0.637649619151 0.269902912621 0.0239390642002 0.0582524271845
0 0.665397170838 0.298058252427 0.0293797606094 0.0563106796117
0 0.689880304679 0.321359223301 0.0326441784548 0.0796116504854
0 0.829162132753 0.253398058252 0.0261153427639 0.052427184466
0 0.871599564744 0.265048543689 0.0261153427639 0.0563106796117
0 0.933623503808 0.247572815534 0.0217627856366 0.0485436893204
