0 0.154231625835 0.393968871595 0.0523385300668 0.103112840467
0 0.340200445434 0.181906614786 0.0189309576837 0.0369649805447
0 0.383630289532 0.193579766537 0.0189309576837 0.0330739299611
0 0.39420935412 0.212062256809 0.0178173719376 0.0428015564202
0 0.420935412027 0.215953307393 0.0200445434298 0.0350194552529
0 0.452672605791 0.22859922179 0.0211581291759 0.0330739299611
0 0.389755011136 0.162451361868 0.0133630289532 0.0291828793774
0 0.478285077951 0.165369649805 0.0167037861915 0.0350194552529
0 0.448775055679 0.176070038911 0.0133630289532 0.0214007782101
0 0.52004454343 0.192607003891 0.022271714922 0.0389105058366
0 0.550668151448 0.195525291829 0.0189309576837 0.0369649805447
0 0.579064587973 0.127431906615 0.0155902004454 0.0291828793774
0 0.624721603563 0.257782101167 0.0311804008909 0.0525291828794
0 0.792316258352 0.213035019455 0.0211581291759 0.0408560311284
0 0.866926503341 0.121595330739 0.0167037861915 0.0408560311284
0 0.820155902004 0.263618677043 0.0211581291759 0.0525291828794
0 0.930400890869 0.268482490272 0.0189309576837 0.0350194552529
