0 0.119932432432 0.54441260745 0.0405405405405 0.0773638968481
0 0.228040540541 0.338108882521 0.0185810810811 0.0343839541547
0 0.258445945946 0.339541547278 0.0219594594595 0.0401146131805
0 0.291385135135 0.361031518625 0.0219594594595 0.0458452722063
0 0.287584459459 0.304441260745 0.0177364864865 0.0329512893983
0 0.337415540541 0.360315186246 0.0228040540541 0.0501432664756
0 0.354307432432 0.324498567335 0.0177364864865 0.0300859598854
0 0.358108108108 0.293696275072 0.0202702702703 0.0343839541547
0 0.390625 0.332378223496 0.0194256756757 0.0372492836676
0 0.414273648649 0.330229226361 0.0228040540541 0.041547277937
0 0.412584459459 0.298710601719 0.0177364864865 0.0386819484241
0 0.400760135135 0.257163323782 0.0194256756757 0.0329512893983
0 0.429476351351 0.256446991404 0.0160472972973 0.0286532951289
0 0.449746621622 0.260028653295 0.0143581081081 0.0329512893983
0 0.440033783784 0.305157593123 0.0219594594595 0.0343839541547
0 0.447635135135 0.333810888252 0.0219594594595 0.0458452722063
0 0.478462837838 0.303008595989 0.0211148648649 0.0386819484241
0 0.480152027027 0.26217765043 0.0160472972973 0.0315186246418
0 0.466216216216 0.244269340974 0.0152027027027 0.0329512893983
0 0.475506756757 0.232808022923 0.0135135135135 0.0272206303725
0 0.512668918919 0.32664756447 0.0219594594595 0.0458452722063
0 0.504222972973 0.258595988539 0.0152027027027 0.0358166189112
0 0.513935810811 0.255730659026 0.0143581081081 0.0272206303725
0 0.520692567568 0.23782234957 0.0160472972973 0.0286532951289
0 0.535050675676 0.25787965616 0.0177364864865 0.0372492836676
0 0.550675675676 0.244269340974 0.0152027027027 0.0300859598854
0 0.565456081081 0.28223495702 0.0177364864865 0.0343839541547
0 0.585726351351 0.252148997135 0.0177364864865 0.0372492836676
0 0.576013513514 0.214183381089 0.0135135135135 0.0243553008596
0 0.579391891892 0.234240687679 0.0118243243243 0.0214899713467
0 0.606418918919 0.247851002865 0.0152027027027 0.0343839541547
0 0.614864864865 0.216332378223 0.0118243243243 0.025787965616
0 0.618665540541 0.202722063037 0.0126689189189 0.0272206303725
0 0.645692567568 0.243553008596 0.0160472972973 0.0315186246418
0 0.636402027027 0.215616045845 0.0160472972973 0.0300859598854
0 0.65160472973 0.219197707736 0.0143581081081 0.0315186246418
0 0.685388513514 0.227793696275 0.0126689189189 0.025787965616
0 0.697635135135 0.221346704871 0.0152027027027 0.0300859598854
0 0.679898648649 0.207736389685 0.0135135135135 0.0286532951289
0 0.496199324324 0.393982808023 0.0295608108108 0.0601719197708
0 0.55785472973 0.396848137536 0.03125 0.0515759312321
0 0.558699324324 0.356017191977 0.0261824324324 0.0444126074499
0 0.601773648649 0.373925501433 0.0244932432432 0.054441260745
0 0.607263513514 0.323065902579 0.0253378378378 0.0358166189112
0 0.621199324324 0.421919770774 0.0329391891892 0.0644699140401
0 0.645692567568 0.463467048711 0.0413851351351 0.0702005730659
0 0.71410472973 0.537965616046 0.0380067567568 0.0759312320917
0 0.643158783784 0.298710601719 0.0194256756757 0.041547277937
0 0.657516891892 0.33452722063 0.0228040540541 0.0472779369628
0 0.677364864865 0.376074498567 0.0287162162162 0.0587392550143
0 0.703969594595 0.357449856734 0.0261824324324 0.0501432664756
0 0.680743243243 0.275071633238 0.0168918918919 0.0343839541547
0 0.702702702703 0.283667621777 0.0168918918919 0.0343839541547
0 0.71875 0.249283667622 0.0152027027027 0.0372492836676
0 0.724239864865 0.300859598854 0.0160472972973 0.0372492836676
0 0.744510135135 0.235673352436 0.0109797297297 0.0243553008596
0 0.752111486486 0.253581661891 0.0143581081081 0.0286532951289
0 0.762668918919 0.227793696275 0.0135135135135 0.0315186246418
0 0.778293918919 0.260028653295 0.0143581081081 0.0358166189112
0 0.789273648649 0.280085959885 0.0160472972973 0.0358166189112
0 0.798986486486 0.26217765043 0.0135135135135 0.0343839541547
0 0.794763513514 0.234240687679 0.0135135135135 0.0272206303725
0 0.826435810811 0.239971346705 0.0143581081081 0.0329512893983
0 0.834037162162 0.27435530086 0.0177364864865 0.0300859598854
0 0.828547297297 0.297277936963 0.0185810810811 0.0329512893983
0 0.862753378378 0.308022922636 0.0194256756757 0.0372492836676
0 0.863175675676 0.271489971347 0.0135135135135 0.0329512893983
0 0.872888513514 0.270773638968 0.0126689189189 0.0343839541547
0 0.887668918919 0.258595988539 0.0135135135135 0.0329512893983
0 0.856841216216 0.255014326648 0.0126689189189 0.025787965616
0 0.909628378378 0.272922636103 0.0168918918919 0.0358166189112
0 0.827702702703 0.352435530086 0.0202702702703 0.0515759312321
0 0.796452702703 0.422636103152 0.0304054054054 0.0515759312321
0 0.739864864865 0.398280802292 0.0253378378378 0.0515759312321
0 0.848817567568 0.515042979943 0.0388513513514 0.067335243553
0 0.862331081081 0.434813753582 0.0304054054054 0.0587392550143
0 0.877533783784 0.370343839542 0.0236486486486 0.0558739255014
0 0.884290540541 0.332378223496 0.0202702702703 0.0429799426934
0 0.921030405405 0.325214899713 0.0194256756757 0.0429799426934
0 0.930320945946 0.310171919771 0.0143581081081 0.0358166189112
0 0.948902027027 0.351719197708 0.0194256756757 0.041547277937
0 0.932432432432 0.392550143266 0.0219594594595 0.0458452722063
0 0.940456081081 0.460601719198 0.0295608108108 0.0587392550143
0 0.951435810811 0.305873925501 0.0143581081081 0.0358166189112
0 0.956503378378 0.276504297994 0.0160472972973 0.0315186246418
