0 0.212511938873 0.469439728353 0.0410697230181 0.0967741935484
0 0.253104106972 0.445670628183 0.0496657115568 0.0899830220713
0 0.481375358166 0.321731748727 0.0305635148042 0.0560271646859
0 0.351480420248 0.253820033956 0.0248328557784 0.0390492359932
0 0.372015281757 0.247028862479 0.025787965616 0.0492359932088
0 0.434097421203 0.276740237691 0.0276981852913 0.0407470288625
0 0.425501432665 0.224108658744 0.0219675262655 0.0305602716469
0 0.449379178606 0.230899830221 0.0200573065903 0.0373514431239
0 0.452722063037 0.190152801358 0.0210124164279 0.0373514431239
0 0.476122254059 0.196943972835 0.018147086915 0.0339558573854
0 0.464183381089 0.1519524618 0.0171919770774 0.0424448217317
0 0.474689589303 0.158743633277 0.0171919770774 0.0424448217317
0 0.498089780325 0.153650254669 0.018147086915 0.0322580645161
0 0.492359121299 0.132427843803 0.0124164278892 0.0305602716469
0 0.534383954155 0.135823429542 0.0162368672397 0.0305602716469
0 0.563514804202 0.146859083192 0.0191021967526 0.0424448217317
0 0.588347659981 0.146859083192 0.0152817574021 0.0356536502547
0 0.540114613181 0.200339558574 0.018147086915 0.0373514431239
0 0.656638013372 0.264006791171 0.0296084049666 0.0594227504244
0 0.684336198663 0.159592529711 0.025787965616 0.0475382003396
0 0.712989493792 0.146010186757 0.0162368672397 0.0373514431239
0 0.8147086915 0.12818336163 0.0133715377268 0.0356536502547
0 0.752626552053 0.136672325976 0.0133715377268 0.0390492359932
0 0.739732569245 0.165534804754 0.0296084049666 0.0526315789474
0 0.765042979943 0.180814940577 0.0210124164279 0.0526315789474
0 0.803247373448 0.188455008489 0.0191021967526 0.0407470288625
0 0.722063037249 0.282682512733 0.0267430754537 0.0594227504244
0 0.773161413563 0.314091680815 0.0238777459408 0.0577249575552
0 0.87917860554 0.230050933786 0.0238777459408 0.0458404074703
