0 0.237513873474 0.383399209486 0.0532741398446 0.106719367589
0 0.553274139845 0.185770750988 0.0188679245283 0.0434782608696
0 0.552164261931 0.28557312253 0.0299667036626 0.0652173913043
0 0.634850166482 0.190711462451 0.0221975582686 0.0454545454545
0 0.673140954495 0.184782608696 0.023307436182 0.0454545454545
0 0.680355160932 0.205533596838 0.0266370699223 0.0474308300395
0 0.673695893452 0.24604743083 0.031076581576 0.0573122529644
0 0.670366259711 0.311264822134 0.0332963374029 0.0691699604743
0 0.714206437292 0.199604743083 0.023307436182 0.0513833992095
0 0.748612652608 0.20652173913 0.0255271920089 0.0573122529644
0 0.756936736959 0.236166007905 0.0199778024417 0.0494071146245
0 0.729189789123 0.264822134387 0.0266370699223 0.0553359683794
0 0.832408435072 0.361660079051 0.031076581576 0.0632411067194
0 0.91731409545 0.382411067194 0.0344062153163 0.0810276679842
