0 0.573339940535 0.336267605634 0.0426164519326 0.0915492957746
0 0.568384539148 0.239436619718 0.0227948463826 0.0457746478873
0 0.536174430129 0.214788732394 0.017839444995 0.0352112676056
0 0.502477700694 0.19014084507 0.017839444995 0.0316901408451
0 0.467294350842 0.210387323944 0.0227948463826 0.0264084507042
0 0.326065411298 0.216549295775 0.00991080277502 0.0387323943662
0 0.37710604559 0.198943661972 0.0208126858276 0.0246478873239
0 0.377601585728 0.177816901408 0.01982160555 0.0316901408451
0 0.411793855302 0.174295774648 0.0148662041625 0.0316901408451
0 0.438057482656 0.173415492958 0.01982160555 0.0264084507042
0 0.427651139742 0.146126760563 0.0109018830525 0.0246478873239
0 0.47621407334 0.133802816901 0.0168483647175 0.0246478873239
0 0.475222993062 0.159330985915 0.0188305252725 0.0228873239437
0 0.682854311199 0.797535211268 0.0 0.0
0 0.633795837463 0.210387323944 0.0227948463826 0.0475352112676
0 0.67839444995 0.222711267606 0.0188305252725 0.0369718309859
0 0.706640237859 0.227112676056 0.01585728444 0.0422535211268
0 0.790386521308 0.230633802817 0.0168483647175 0.0316901408451
0 0.868186323092 0.272007042254 0.0218037661051 0.0510563380282
0 0.852824578791 0.202464788732 0.0148662041625 0.0352112676056
0 0.919226957384 0.253521126761 0.0188305252725 0.0457746478873
0 0.797819623389 0.129401408451 0.013875123885 0.0264084507042
0 0.823092170466 0.134683098592 0.0168483647175 0.0264084507042
0 0.849851337958 0.144366197183 0.0128840436075 0.0281690140845
0 0.875619425173 0.159330985915 0.0148662041625 0.0264084507042
0 0.91278493558 0.176056338028 0.017839444995 0.0246478873239
0 0.930128840436 0.158450704225 0.0168483647175 0.0316901408451
0 0.934588701685 0.192781690141 0.013875123885 0.0264084507042
0 0.922200198216 0.215669014085 0.0208126858276 0.0369718309859
0 0.898909811695 0.205105633803 0.0218037661051 0.0299295774648
0 0.824578790882 0.18485915493 0.017839444995 0.0352112676056
0 0.702675916749 0.118838028169 0.013875123885 0.0299295774648
0 0.676412289395 0.112676056338 0.0188305252725 0.0316901408451
0 0.65064420218 0.120598591549 0.0148662041625 0.0264084507042
0 0.617938553023 0.106514084507 0.0109018830525 0.0264084507042
0 0.708126858276 0.19014084507 0.0168483647175 0.0316901408451
0 0.731912784936 0.179577464789 0.0128840436075 0.0316901408451
0 0.768087215064 0.179577464789 0.013875123885 0.0246478873239
0 0.791873141724 0.173415492958 0.01189296333 0.0228873239437
0 0.776511397423 0.150528169014 0.0128840436075 0.0228873239437
0 0.759167492567 0.139084507042 0.013875123885 0.0281690140845
0 0.738354806739 0.151408450704 0.01189296333 0.0316901408451
0 0.718533201189 0.151408450704 0.013875123885 0.0281690140845
0 0.693260654113 0.175176056338 0.0148662041625 0.0334507042254
0 0.595639246779 0.138204225352 0.013875123885 0.0264084507042
0 0.5792864222 0.121478873239 0.0128840436075 0.0211267605634
0 0.542616451933 0.139084507042 0.0128840436075 0.0211267605634
0 0.522299306244 0.169894366197 0.013875123885 0.0264084507042
0 0.494053518335 0.136443661972 0.0128840436075 0.0193661971831
0 0.6189296333 0.167253521127 0.0148662041625 0.0246478873239
0 0.544103072349 0.174295774648 0.013875123885 0.0246478873239
0 0.655599603568 0.197183098592 0.0148662041625 0.0352112676056
0 0.569871159564 0.177816901408 0.017839444995 0.0281690140845
0 0.630327056492 0.12411971831 0.013875123885 0.0299295774648
0 0.569375619425 0.148767605634 0.0128840436075 0.0264084507042
0 0.441526263627 0.154929577465 0.0148662041625 0.0281690140845
0 0.460852329039 0.173415492958 0.013875123885 0.0299295774648
0 0.804757185332 0.158450704225 0.01585728444 0.0316901408451
0 0.808225966303 0.204225352113 0.0168483647175 0.0352112676056
0 0.879088206145 0.242957746479 0.01585728444 0.0422535211268
0 0.680376610505 0.147887323944 0.0128840436075 0.0246478873239
0 0.661050545094 0.138204225352 0.013875123885 0.0299295774648
0 0.56739345887 0.132042253521 0.0148662041625 0.0246478873239
0 0.52775024777 0.12764084507 0.0168483647175 0.0264084507042
