0 0.1532 0.442737430168 0.0408 0.0754189944134
0 0.3316 0.242318435754 0.0152 0.0265363128492
0 0.382 0.233938547486 0.0152 0.0349162011173
0 0.4048 0.237430167598 0.0176 0.036312849162
0 0.4212 0.22905027933 0.02 0.0335195530726
0 0.4136 0.192737430168 0.0176 0.0307262569832
0 0.4884 0.198324022346 0.0168 0.036312849162
0 0.5776 0.225558659218 0.0176 0.0516759776536
0 0.6604 0.224162011173 0.02 0.0460893854749
0 0.5964 0.108938547486 0.012 0.0223463687151
0 0.6496 0.0572625698324 0.0112 0.0223463687151
0 0.712 0.233938547486 0.0208 0.0432960893855
0 0.7868 0.295391061453 0.0232 0.0432960893855
0 0.82 0.358938547486 0.0256 0.0642458100559
0 0.8848 0.348463687151 0.0208 0.0740223463687
0 0.9124 0.340782122905 0.0216 0.0530726256983
0 0.8872 0.293994413408 0.0224 0.0488826815642
0 0.9192 0.293994413408 0.0224 0.0488826815642
0 0.876 0.218575418994 0.0192 0.0405027932961
0 0.8316 0.215782122905 0.0168 0.0377094972067
0 0.8624 0.161312849162 0.0144 0.0321229050279
0 0.8984 0.180167597765 0.016 0.036312849162
