0 0.078021978022 0.267822736031 0.0197802197802 0.0385356454721
0 0.268681318681 0.226396917148 0.0164835164835 0.0366088631985
0 0.34010989011 0.245664739884 0.0186813186813 0.0366088631985
0 0.40989010989 0.234104046243 0.0197802197802 0.0481695568401
0 0.443406593407 0.249518304432 0.0208791208791 0.0404624277457
0 0.432417582418 0.212909441233 0.0186813186813 0.0366088631985
0 0.395604395604 0.194605009634 0.0175824175824 0.0346820809249
0 0.369230769231 0.195568400771 0.0197802197802 0.0327552986513
0 0.39010989011 0.167630057803 0.0153846153846 0.0308285163776
0 0.410989010989 0.161849710983 0.0153846153846 0.0308285163776
0 0.438461538462 0.16859344894 0.0175824175824 0.0366088631985
0 0.442307692308 0.139691714836 0.0142857142857 0.028901734104
0 0.465384615385 0.143545279383 0.0186813186813 0.0327552986513
0 0.479120879121 0.155105973025 0.0153846153846 0.028901734104
0 0.476373626374 0.177263969171 0.0164835164835 0.0308285163776
0 0.46978021978 0.209055876686 0.0208791208791 0.0404624277457
0 0.496703296703 0.209055876686 0.0241758241758 0.0481695568401
0 0.523626373626 0.184007707129 0.0186813186813 0.0404624277457
0 0.485714285714 0.136801541426 0.0153846153846 0.0269749518304
0 0.497252747253 0.131021194605 0.0120879120879 0.0269749518304
0 0.514285714286 0.134874759152 0.0131868131868 0.0269749518304
0 0.524175824176 0.123314065511 0.010989010989 0.0231213872832
0 0.54010989011 0.139691714836 0.0120879120879 0.028901734104
0 0.552747252747 0.179190751445 0.021978021978 0.0423892100193
0 0.536263736264 0.162813102119 0.0131868131868 0.0327552986513
0 0.569230769231 0.138728323699 0.0153846153846 0.0308285163776
0 0.58021978022 0.121387283237 0.010989010989 0.0231213872832
0 0.580769230769 0.0732177263969 0.0120879120879 0.019267822736
0 0.589010989011 0.160886319846 0.0175824175824 0.0366088631985
0 0.606043956044 0.113680154143 0.0142857142857 0.0231213872832
0 0.605494505495 0.132947976879 0.0131868131868 0.0231213872832
0 0.617582417582 0.133911368015 0.0131868131868 0.0327552986513
0 0.630769230769 0.119460500963 0.0131868131868 0.0269749518304
0 0.632417582418 0.143545279383 0.0142857142857 0.0250481695568
0 0.653846153846 0.103082851638 0.010989010989 0.028901734104
0 0.667032967033 0.115606936416 0.0131868131868 0.0308285163776
0 0.682417582418 0.110789980732 0.0131868131868 0.028901734104
0 0.692307692308 0.118497109827 0.0131868131868 0.028901734104
0 0.721978021978 0.0741811175337 0.0153846153846 0.0327552986513
0 0.64010989011 0.199421965318 0.0230769230769 0.0443159922929
0 0.617032967033 0.242774566474 0.0296703296703 0.0578034682081
0 0.58021978022 0.241811175337 0.0197802197802 0.0520231213873
0 0.663186813187 0.201348747592 0.0230769230769 0.0481695568401
0 0.684065934066 0.2591522158 0.0230769230769 0.0481695568401
0 0.717032967033 0.233140655106 0.0186813186813 0.0423892100193
0 0.734065934066 0.265895953757 0.0241758241758 0.0616570327553
0 0.763186813187 0.268786127168 0.0252747252747 0.0520231213873
0 0.78956043956 0.285163776493 0.0274725274725 0.0578034682081
0 0.748351648352 0.202312138728 0.0197802197802 0.0423892100193
0 0.718131868132 0.195568400771 0.0186813186813 0.0366088631985
0 0.699450549451 0.160886319846 0.0142857142857 0.0366088631985
0 0.72967032967 0.142581888247 0.0131868131868 0.0346820809249
0 0.739010989011 0.182080924855 0.0142857142857 0.0404624277457
0 0.748901098901 0.135838150289 0.0142857142857 0.0327552986513
0 0.76043956044 0.0905587668593 0.0175824175824 0.0385356454721
0 0.783516483516 0.145472061657 0.0153846153846 0.028901734104
0 0.794505494505 0.160886319846 0.0153846153846 0.0327552986513
0 0.796153846154 0.127167630058 0.0142857142857 0.0269749518304
0 0.826373626374 0.135838150289 0.0153846153846 0.0327552986513
0 0.847802197802 0.145472061657 0.0142857142857 0.028901734104
0 0.839010989011 0.169556840077 0.0142857142857 0.0308285163776
0 0.857142857143 0.178227360308 0.0153846153846 0.0366088631985
0 0.838461538462 0.227360308285 0.0197802197802 0.0462427745665
0 0.787912087912 0.21387283237 0.0197802197802 0.0423892100193
0 0.839010989011 0.302504816956 0.0252747252747 0.0578034682081
0 0.864835164835 0.284200385356 0.0241758241758 0.0635838150289
0 0.911538461538 0.345857418112 0.0274725274725 0.0751445086705
0 0.937362637363 0.274566473988 0.0241758241758 0.0635838150289
0 0.924175824176 0.250481695568 0.0197802197802 0.0500963391137
0 0.92967032967 0.191714836224 0.0175824175824 0.0327552986513
0 0.941758241758 0.204238921002 0.0153846153846 0.0346820809249
0 0.938461538462 0.169556840077 0.0131868131868 0.0308285163776
0 0.910989010989 0.153179190751 0.0153846153846 0.0327552986513
0 0.902747252747 0.178227360308 0.0142857142857 0.0366088631985
0 0.888461538462 0.227360308285 0.0186813186813 0.0385356454721
0 0.885164835165 0.148362235067 0.0164835164835 0.0346820809249
