0 0.164748953975 0.37358490566 0.0449790794979 0.0905660377358
0 0.311715481172 0.232075471698 0.0251046025105 0.0415094339623
0 0.32269874477 0.188679245283 0.0177824267782 0.0339622641509
0 0.348326359833 0.193396226415 0.0188284518828 0.0396226415094
0 0.413179916318 0.203773584906 0.0188284518828 0.0377358490566
0 0.443514644351 0.209433962264 0.0188284518828 0.0452830188679
0 0.415271966527 0.172641509434 0.0167364016736 0.0283018867925
0 0.412133891213 0.158490566038 0.0146443514644 0.0264150943396
0 0.458682008368 0.166037735849 0.0135983263598 0.0301886792453
0 0.473849372385 0.188679245283 0.0167364016736 0.0377358490566
0 0.503661087866 0.21320754717 0.0198744769874 0.0415094339623
0 0.467573221757 0.133018867925 0.0125523012552 0.0283018867925
0 0.476464435146 0.147169811321 0.0135983263598 0.0264150943396
0 0.486924686192 0.142452830189 0.0115062761506 0.0283018867925
0 0.502615062762 0.145283018868 0.0135983263598 0.0339622641509
0 0.512552301255 0.112264150943 0.0125523012552 0.0320754716981
0 0.522489539749 0.130188679245 0.0115062761506 0.0301886792453
0 0.530334728033 0.122641509434 0.0125523012552 0.0264150943396
0 0.544979079498 0.121698113208 0.0125523012552 0.0245283018868
0 0.546025104603 0.137735849057 0.0125523012552 0.022641509434
0 0.548117154812 0.166981132075 0.0125523012552 0.0358490566038
0 0.530857740586 0.153773584906 0.0135983263598 0.0283018867925
0 0.559623430962 0.179245283019 0.0167364016736 0.0339622641509
0 0.574790794979 0.139622641509 0.0135983263598 0.0339622641509
0 0.589958158996 0.180188679245 0.0146443514644 0.0283018867925
0 0.592573221757 0.146226415094 0.015690376569 0.0396226415094
0 0.588389121339 0.109433962264 0.0135983263598 0.0301886792453
0 0.601987447699 0.114150943396 0.0115062761506 0.0320754716981
0 0.619246861925 0.107547169811 0.0125523012552 0.0264150943396
0 0.627615062762 0.1 0.0146443514644 0.0301886792453
0 0.651673640167 0.104716981132 0.0146443514644 0.0283018867925
0 0.635460251046 0.141509433962 0.015690376569 0.0301886792453
0 0.669456066946 0.130188679245 0.0125523012552 0.0339622641509
0 0.651673640167 0.130188679245 0.0125523012552 0.022641509434
0 0.681485355649 0.121698113208 0.00941422594142 0.0283018867925
0 0.696129707113 0.118867924528 0.00941422594142 0.0264150943396
0 0.585774058577 0.233018867925 0.0188284518828 0.0509433962264
0 0.512029288703 0.299056603774 0.0303347280335 0.0584905660377
0 0.582635983264 0.277358490566 0.0230125523013 0.0528301886792
0 0.59780334728 0.310377358491 0.0345188284519 0.0811320754717
0 0.616108786611 0.256603773585 0.0271966527197 0.0566037735849
0 0.637029288703 0.201886792453 0.0230125523013 0.0490566037736
0 0.67050209205 0.21320754717 0.0209205020921 0.0490566037736
0 0.67050209205 0.172641509434 0.0167364016736 0.0396226415094
0 0.702928870293 0.199056603774 0.0188284518828 0.0433962264151
0 0.693514644351 0.172641509434 0.0167364016736 0.0358490566038
0 0.712866108787 0.170754716981 0.0177824267782 0.0396226415094
0 0.740585774059 0.166037735849 0.0125523012552 0.0377358490566
0 0.752615062762 0.151886792453 0.0115062761506 0.0358490566038
0 0.751046025105 0.12358490566 0.0146443514644 0.0320754716981
0 0.780334728033 0.132075471698 0.0167364016736 0.0415094339623
0 0.779811715481 0.174528301887 0.0135983263598 0.0320754716981
0 0.793933054393 0.154716981132 0.0146443514644 0.0339622641509
0 0.793410041841 0.197169811321 0.0198744769874 0.0433962264151
0 0.717050209205 0.23679245283 0.0240585774059 0.0433962264151
0 0.685146443515 0.266037735849 0.0209205020921 0.0452830188679
0 0.694037656904 0.330188679245 0.0282426778243 0.0716981132075
0 0.737970711297 0.362264150943 0.0282426778243 0.0641509433962
0 0.766736401674 0.270754716981 0.0271966527197 0.0660377358491
0 0.805962343096 0.271698113208 0.0240585774059 0.0490566037736
0 0.825313807531 0.361320754717 0.0334728033473 0.0622641509434
0 0.843619246862 0.309433962264 0.0219665271967 0.0566037735849
0 0.872907949791 0.268867924528 0.0198744769874 0.0471698113208
0 0.9089958159 0.332075471698 0.0251046025105 0.0641509433962
0 0.893305439331 0.422641509434 0.0355648535565 0.0792452830189
0 0.937238493724 0.287735849057 0.0271966527197 0.0509433962264
0 0.916841004184 0.246226415094 0.0219665271967 0.0433962264151
0 0.932531380753 0.229245283019 0.0177824267782 0.0396226415094
0 0.943514644351 0.211320754717 0.0167364016736 0.0339622641509
0 0.940376569038 0.167924528302 0.0167364016736 0.0377358490566
0 0.906380753138 0.182075471698 0.015690376569 0.0358490566038
0 0.917364016736 0.169811320755 0.0146443514644 0.0301886792453
0 0.886506276151 0.199056603774 0.0219665271967 0.0396226415094
0 0.873430962343 0.22358490566 0.0209205020921 0.0471698113208
0 0.836820083682 0.207547169811 0.0188284518828 0.0415094339623
0 0.817991631799 0.190566037736 0.0188284518828 0.0415094339623
0 0.827405857741 0.170754716981 0.0125523012552 0.0320754716981
0 0.838912133891 0.155660377358 0.0125523012552 0.0358490566038
0 0.851987447699 0.188679245283 0.015690376569 0.0415094339623
0 0.865585774059 0.17358490566 0.0135983263598 0.0377358490566
0 0.865062761506 0.155660377358 0.010460251046 0.0245283018868
0 0.877092050209 0.153773584906 0.0135983263598 0.0358490566038
