0 0.102365787079 0.409677419355 0.0391264786169 0.0774193548387
0 0.294813466788 0.239516129032 0.0127388535032 0.0306451612903
0 0.30118289354 0.214516129032 0.0163785259327 0.0290322580645
0 0.339399454049 0.21935483871 0.0145586897179 0.0290322580645
0 0.352593266606 0.195967741935 0.0136487716106 0.0306451612903
0 0.354868061874 0.175806451613 0.0109190172884 0.0193548387097
0 0.356687898089 0.225 0.0163785259327 0.0338709677419
0 0.372611464968 0.213709677419 0.0154686078253 0.0338709677419
0 0.380345768881 0.233870967742 0.0145586897179 0.0354838709677
0 0.379890809827 0.177419354839 0.0154686078253 0.0258064516129
0 0.403093721565 0.213709677419 0.0163785259327 0.0338709677419
0 0.413102820746 0.240322580645 0.0200181983621 0.0387096774194
0 0.447224749773 0.245967741935 0.0191082802548 0.0435483870968
0 0.448589626934 0.204032258065 0.0145586897179 0.0338709677419
0 0.466787989081 0.207258064516 0.0163785259327 0.0370967741935
0 0.423111919927 0.191935483871 0.0109190172884 0.0225806451613
0 0.419472247498 0.170161290323 0.0127388535032 0.0241935483871
0 0.430391264786 0.160483870968 0.0090991810737 0.0177419354839
0 0.445404913558 0.160483870968 0.0136487716106 0.0274193548387
0 0.485441310282 0.138709677419 0.0100090991811 0.0193548387097
0 0.486351228389 0.15 0.0136487716106 0.0258064516129
0 0.499090081893 0.183064516129 0.0136487716106 0.0338709677419
0 0.502729754322 0.131451612903 0.0100090991811 0.0177419354839
0 0.516378525933 0.15564516129 0.0136487716106 0.0306451612903
0 0.526842584167 0.18064516129 0.0163785259327 0.0322580645161
0 0.521383075523 0.138709677419 0.0090991810737 0.0161290322581
0 0.540946314832 0.162903225806 0.0136487716106 0.0258064516129
0 0.553230209281 0.136290322581 0.0127388535032 0.0306451612903
0 0.570518653321 0.164516129032 0.0127388535032 0.0290322580645
0 0.56414922657 0.187096774194 0.0163785259327 0.0354838709677
0 0.58143767061 0.141129032258 0.0127388535032 0.0241935483871
0 0.59508644222 0.128225806452 0.0090991810737 0.0145161290323
0 0.600545950864 0.122580645161 0.0090991810737 0.0129032258065
0 0.640582347589 0.104838709677 0.0109190172884 0.0161290322581
0 0.640127388535 0.120967741935 0.0118289353958 0.0225806451613
0 0.652411282985 0.120161290323 0.0127388535032 0.0241935483871
0 0.626478616924 0.139516129032 0.0118289353958 0.0274193548387
0 0.609190172884 0.166935483871 0.0154686078253 0.0306451612903
0 0.600090991811 0.158064516129 0.0118289353958 0.0290322580645
0 0.645586897179 0.162903225806 0.0136487716106 0.0290322580645
0 0.65559599636 0.152419354839 0.0136487716106 0.0274193548387
0 0.681073703367 0.13064516129 0.0136487716106 0.0258064516129
0 0.688808007279 0.117741935484 0.0109190172884 0.0225806451613
0 0.710646041856 0.11935483871 0.0109190172884 0.0258064516129
0 0.599636032757 0.231451612903 0.0218380345769 0.0403225806452
0 0.642402183803 0.252419354839 0.0236578707916 0.0435483870968
0 0.653776160146 0.237903225806 0.0191082802548 0.0435483870968
0 0.662420382166 0.184677419355 0.0145586897179 0.0306451612903
0 0.692902638763 0.259677419355 0.0191082802548 0.041935483871
0 0.700636942675 0.316129032258 0.0309372156506 0.058064516129
0 0.714285714286 0.190322580645 0.0163785259327 0.0322580645161
0 0.731574158326 0.172580645161 0.0163785259327 0.0290322580645
0 0.735668789809 0.149193548387 0.0136487716106 0.0241935483871
0 0.76296633303 0.137903225806 0.0118289353958 0.0306451612903
0 0.782529572338 0.134677419355 0.0109190172884 0.0241935483871
0 0.787534121929 0.150806451613 0.0118289353958 0.0274193548387
0 0.795723384895 0.173387096774 0.0118289353958 0.0274193548387
0 0.808462238399 0.14435483871 0.0100090991811 0.0274193548387
0 0.821201091902 0.147580645161 0.0100090991811 0.0241935483871
0 0.762511373976 0.203225806452 0.0163785259327 0.0387096774194
0 0.741583257507 0.245161290323 0.0181983621474 0.0451612903226
0 0.772975432211 0.248387096774 0.0191082802548 0.0387096774194
0 0.805277525023 0.208064516129 0.0163785259327 0.0354838709677
0 0.796633303003 0.285483870968 0.0227479526843 0.0451612903226
0 0.764786169245 0.347580645161 0.0263876251137 0.0564516129032
0 0.831210191083 0.252419354839 0.0191082802548 0.0467741935484
0 0.841674249318 0.222580645161 0.0181983621474 0.041935483871
0 0.833484986351 0.179032258065 0.0127388535032 0.0290322580645
0 0.840309372157 0.165322580645 0.0136487716106 0.0274193548387
0 0.856232939035 0.15564516129 0.0109190172884 0.0274193548387
0 0.869426751592 0.187096774194 0.0136487716106 0.0354838709677
0 0.874886260237 0.166935483871 0.0118289353958 0.0241935483871
0 0.909008189263 0.154838709677 0.0109190172884 0.0225806451613
0 0.90991810737 0.170967741935 0.0090991810737 0.0225806451613
0 0.905368516833 0.190322580645 0.0109190172884 0.0322580645161
0 0.893539581438 0.215322580645 0.0109190172884 0.0209677419355
0 0.896724294813 0.234677419355 0.0154686078253 0.0370967741935
0 0.940855323021 0.193548387097 0.0109190172884 0.0225806451613
0 0.93949044586 0.204838709677 0.0136487716106 0.0193548387097
0 0.938125568699 0.221774193548 0.0145586897179 0.0274193548387
0 0.939945404914 0.257258064516 0.0163785259327 0.0403225806452
0 0.912647861692 0.363709677419 0.0200181983621 0.0532258064516
