0 0.126430801249 0.363888888889 0.0405827263267 0.087037037037
0 0.277835587929 0.219444444444 0.0208116545265 0.0314814814815
0 0.309573361082 0.227777777778 0.0176899063476 0.037037037037
0 0.337669094693 0.181481481481 0.0156087408949 0.0333333333333
0 0.334027055151 0.236111111111 0.0187304890739 0.0351851851852
0 0.367845993757 0.187962962963 0.0135275754422 0.0351851851852
0 0.376170655567 0.160185185185 0.0135275754422 0.0277777777778
0 0.373048907388 0.230555555556 0.0197710718002 0.0388888888889
0 0.402185223725 0.198148148148 0.0176899063476 0.0333333333333
0 0.41935483871 0.200925925926 0.0208116545265 0.0351851851852
0 0.401664932362 0.235185185185 0.0166493236212 0.0333333333333
0 0.421436004162 0.248148148148 0.0208116545265 0.037037037037
0 0.445889698231 0.202777777778 0.0239334027055 0.0388888888889
0 0.415192507804 0.164814814815 0.0166493236212 0.0296296296296
0 0.442767950052 0.163888888889 0.0156087408949 0.0314814814815
0 0.482310093652 0.186111111111 0.0218522372529 0.0351851851852
0 0.486992715921 0.146296296296 0.0124869927159 0.0296296296296
0 0.502601456816 0.119444444444 0.0104058272633 0.0240740740741
0 0.522372528616 0.133333333333 0.0145681581686 0.0185185185185
0 0.552029136316 0.126851851852 0.0135275754422 0.0203703703704
0 0.513527575442 0.152777777778 0.0156087408949 0.0277777777778
0 0.52133194589 0.180555555556 0.0187304890739 0.0351851851852
0 0.543704474506 0.158333333333 0.0156087408949 0.0351851851852
0 0.564516129032 0.156481481481 0.0176899063476 0.0388888888889
0 0.557232049948 0.184259259259 0.0156087408949 0.0314814814815
0 0.591050988554 0.160185185185 0.0166493236212 0.0351851851852
0 0.606139438085 0.146296296296 0.0176899063476 0.0296296296296
0 0.600936524454 0.117592592593 0.0156087408949 0.0277777777778
0 0.632674297607 0.112962962963 0.0145681581686 0.0222222222222
0 0.648283038502 0.105555555556 0.0124869927159 0.0259259259259
0 0.634755463059 0.150925925926 0.0145681581686 0.0277777777778
0 0.658688865765 0.15 0.0145681581686 0.0259259259259
0 0.687825182102 0.106481481481 0.0124869927159 0.0240740740741
0 0.695109261186 0.124074074074 0.0166493236212 0.0259259259259
0 0.71383975026 0.109259259259 0.0124869927159 0.0259259259259
0 0.620187304891 0.209259259259 0.0208116545265 0.0407407407407
0 0.57075962539 0.243518518519 0.0239334027055 0.05
0 0.643600416233 0.241666666667 0.0218522372529 0.0537037037037
0 0.67273673257 0.217592592593 0.0260145681582 0.05
0 0.668574401665 0.17962962963 0.0176899063476 0.0407407407407
0 0.713319458897 0.181481481481 0.0176899063476 0.037037037037
0 0.730489073881 0.146296296296 0.0145681581686 0.037037037037
0 0.752341311134 0.131481481481 0.0145681581686 0.0296296296296
0 0.777835587929 0.133333333333 0.0135275754422 0.0222222222222
0 0.800728407908 0.143518518519 0.0135275754422 0.0277777777778
0 0.822580645161 0.132407407407 0.0135275754422 0.0277777777778
0 0.879292403746 0.112962962963 0.0166493236212 0.0333333333333
0 0.930801248699 0.111111111111 0.0176899063476 0.0333333333333
0 0.907388137357 0.173148148148 0.0145681581686 0.0314814814815
0 0.940166493236 0.167592592593 0.0114464099896 0.0240740740741
0 0.950052029136 0.184259259259 0.0166493236212 0.0240740740741
0 0.896982310094 0.187962962963 0.0166493236212 0.0314814814815
0 0.875650364204 0.189814814815 0.0176899063476 0.0351851851852
0 0.861602497399 0.139814814815 0.0124869927159 0.0203703703704
0 0.846514047867 0.15 0.0218522372529 0.0259259259259
0 0.829864724246 0.177777777778 0.0176899063476 0.0333333333333
0 0.79448491155 0.169444444444 0.0176899063476 0.0240740740741
0 0.812174817898 0.191666666667 0.0218522372529 0.0351851851852
0 0.79448491155 0.210185185185 0.0218522372529 0.0425925925926
0 0.757023933403 0.196296296296 0.0156087408949 0.037037037037
0 0.739854318418 0.181481481481 0.0166493236212 0.0333333333333
0 0.739854318418 0.241666666667 0.0187304890739 0.0388888888889
0 0.767950052029 0.246296296296 0.0208116545265 0.037037037037
0 0.697190426639 0.258333333333 0.0270551508845 0.05
0 0.701873048907 0.319444444444 0.0364203954214 0.0685185185185
0 0.754422476587 0.366666666667 0.0332986472425 0.0518518518519
0 0.79448491155 0.302777777778 0.0260145681582 0.0462962962963
0 0.835067637877 0.24537037037 0.0197710718002 0.0462962962963
0 0.844953173777 0.221296296296 0.0145681581686 0.0351851851852
0 0.932362122789 0.349074074074 0.0249739854318 0.0574074074074
0 0.939646201873 0.261111111111 0.0145681581686 0.037037037037
0 0.930280957336 0.217592592593 0.0187304890739 0.0388888888889
0 0.899063475546 0.244444444444 0.0187304890739 0.0481481481481
0 0.905306971904 0.213888888889 0.0166493236212 0.0351851851852
