0 0.0185810810811 0.430434782609 0.0236486486486 0.0434782608696
0 0.249577702703 0.354347826087 0.0177364864865 0.036231884058
0 0.280827702703 0.36231884058 0.0211148648649 0.0463768115942
0 0.302787162162 0.381884057971 0.0211148648649 0.0478260869565
0 0.300675675676 0.325362318841 0.0185810810811 0.036231884058
0 0.360219594595 0.38115942029 0.0244932432432 0.0463768115942
0 0.394425675676 0.365217391304 0.0185810810811 0.0376811594203
0 0.390625 0.340579710145 0.0177364864865 0.031884057971
0 0.376266891892 0.310144927536 0.0194256756757 0.0347826086957
0 0.422297297297 0.360144927536 0.0236486486486 0.036231884058
0 0.40625 0.278985507246 0.0152027027027 0.0333333333333
0 0.422719594595 0.294927536232 0.0143581081081 0.036231884058
0 0.430743243243 0.315942028986 0.0168918918919 0.031884057971
0 0.446790540541 0.277536231884 0.0135135135135 0.0304347826087
0 0.453969594595 0.295652173913 0.0177364864865 0.031884057971
0 0.466216216216 0.327536231884 0.0236486486486 0.0376811594203
0 0.474239864865 0.360144927536 0.0261824324324 0.0420289855072
0 0.494932432432 0.320289855072 0.0219594594595 0.0376811594203
0 0.480996621622 0.26231884058 0.0143581081081 0.0260869565217
0 0.491554054054 0.252898550725 0.0135135135135 0.0275362318841
0 0.508868243243 0.28768115942 0.0160472972973 0.0304347826087
0 0.537584459459 0.296376811594 0.0160472972973 0.0304347826087
0 0.546452702703 0.331884057971 0.0202702702703 0.0376811594203
0 0.543918918919 0.265942028986 0.0152027027027 0.0333333333333
0 0.561655405405 0.271739130435 0.0168918918919 0.0391304347826
0 0.586570945946 0.304347826087 0.0194256756757 0.0376811594203
0 0.589527027027 0.275362318841 0.0168918918919 0.031884057971
0 0.575591216216 0.242028985507 0.0160472972973 0.0260869565217
0 0.594594594595 0.239855072464 0.0135135135135 0.0217391304348
0 0.599239864865 0.260144927536 0.0160472972973 0.0304347826087
0 0.624577702703 0.263043478261 0.0143581081081 0.0304347826087
0 0.631334459459 0.242753623188 0.0126689189189 0.0246376811594
0 0.638935810811 0.222463768116 0.0160472972973 0.0275362318841
0 0.65160472973 0.234782608696 0.0143581081081 0.031884057971
0 0.665118243243 0.244202898551 0.0143581081081 0.0333333333333
0 0.672297297297 0.263768115942 0.0185810810811 0.0260869565217
0 0.687922297297 0.234782608696 0.0143581081081 0.0231884057971
0 0.698057432432 0.244927536232 0.0126689189189 0.031884057971
0 0.71410472973 0.247101449275 0.0143581081081 0.0275362318841
0 0.711993243243 0.286231884058 0.0185810810811 0.0333333333333
0 0.659206081081 0.310869565217 0.0211148648649 0.0420289855072
0 0.618665540541 0.346376811594 0.0244932432432 0.0434782608696
0 0.633445945946 0.394202898551 0.0304054054054 0.0521739130435
0 0.639358108108 0.448550724638 0.0304054054054 0.068115942029
0 0.696790540541 0.469565217391 0.0337837837838 0.0608695652174
0 0.691722972973 0.398550724638 0.0287162162162 0.0579710144928
0 0.675675675676 0.353623188406 0.0219594594595 0.0405797101449
0 0.722972972973 0.373188405797 0.0236486486486 0.0507246376812
0 0.709459459459 0.332608695652 0.0202702702703 0.0391304347826
0 0.751689189189 0.31231884058 0.0185810810811 0.0420289855072
0 0.733952702703 0.265942028986 0.0168918918919 0.0304347826087
0 0.771959459459 0.239130434783 0.0135135135135 0.0289855072464
0 0.769003378378 0.265942028986 0.0160472972973 0.036231884058
0 0.778293918919 0.282608695652 0.0160472972973 0.0376811594203
0 0.793496621622 0.296376811594 0.0160472972973 0.0391304347826
0 0.524070945946 0.413043478261 0.03125 0.0579710144928
0 0.564189189189 0.386231884058 0.0219594594595 0.0449275362319
0 0.566300675676 0.421739130435 0.0278716216216 0.0463768115942
0 0.812922297297 0.244927536232 0.0160472972973 0.0289855072464
0 0.840793918919 0.263043478261 0.0143581081081 0.0304347826087
0 0.873310810811 0.270289855072 0.0152027027027 0.0304347826087
0 0.891891891892 0.277536231884 0.0135135135135 0.0275362318841
0 0.907094594595 0.275362318841 0.0118243243243 0.031884057971
0 0.888513513514 0.301449275362 0.0135135135135 0.031884057971
0 0.87964527027 0.323188405797 0.0177364864865 0.0376811594203
0 0.849662162162 0.319565217391 0.0185810810811 0.036231884058
0 0.844172297297 0.376811594203 0.0244932432432 0.0463768115942
0 0.907094594595 0.334057971014 0.0168918918919 0.0333333333333
0 0.928631756757 0.307971014493 0.0160472972973 0.036231884058
0 0.969172297297 0.296376811594 0.0160472972973 0.0217391304348
0 0.970439189189 0.315942028986 0.0152027027027 0.0260869565217
0 0.958192567568 0.335507246377 0.0177364864865 0.0333333333333
0 0.961570945946 0.373188405797 0.0177364864865 0.0420289855072
0 0.950591216216 0.413043478261 0.0228040540541 0.0492753623188
0 0.905827702703 0.382608695652 0.0228040540541 0.0434782608696
0 0.893158783784 0.434057971014 0.0244932432432 0.0449275362319
0 0.942567567568 0.486231884058 0.0287162162162 0.0623188405797
0 0.875844594595 0.455797101449 0.0337837837838 0.0536231884058
0 0.826858108108 0.422463768116 0.0287162162162 0.0536231884058
0 0.772381756757 0.421014492754 0.0329391891892 0.0565217391304
0 0.866976351351 0.542028985507 0.0346283783784 0.0666666666667
0 0.744087837838 0.526086956522 0.0371621621622 0.0840579710145
