0 0.917087967644 0.316163410302 0.0202224469161 0.0603907637655
0 0.928210313448 0.289520426288 0.0182002022245 0.0497335701599
0 0.943377148635 0.253996447602 0.0161779575329 0.0461811722913
0 0.931243680485 0.202486678508 0.0141557128413 0.0390763765542
0 0.940343781598 0.196269982238 0.0141557128413 0.0373001776199
0 0.946916076845 0.175843694494 0.0111223458038 0.0355239786856
0 0.923154701719 0.150976909414 0.0121334681496 0.0319715808171
0 0.910515672396 0.182948490231 0.0131445904954 0.0355239786856
0 0.907482305359 0.172291296625 0.0131445904954 0.0319715808171
0 0.896865520728 0.222024866785 0.0161779575329 0.0390763765542
0 0.886248736097 0.190053285968 0.0151668351871 0.0390763765542
0 0.876643073812 0.141207815275 0.010111223458 0.0337477797513
0 0.869565217391 0.163410301954 0.0141557128413 0.0390763765542
0 0.860465116279 0.204262877442 0.0161779575329 0.0426287744227
0 0.842770475228 0.205150976909 0.0171890798787 0.044404973357
0 0.804347826087 0.199822380107 0.0171890798787 0.044404973357
0 0.80131445905 0.158969804618 0.0151668351871 0.0337477797513
0 0.832659251769 0.172291296625 0.0171890798787 0.0390763765542
0 0.856420626896 0.14298401421 0.0121334681496 0.0301953818828
0 0.847320525784 0.142095914742 0.0121334681496 0.0390763765542
0 0.827098078868 0.135879218472 0.0121334681496 0.0337477797513
0 0.811425682508 0.126110124334 0.0111223458038 0.0319715808171
0 0.76996966633 0.117229129663 0.0111223458038 0.0319715808171
0 0.781092012133 0.13055062167 0.0131445904954 0.0337477797513
0 0.760869565217 0.122557726465 0.0111223458038 0.0319715808171
0 0.758341759353 0.182060390764 0.0161779575329 0.0408525754885
0 0.735591506572 0.139431616341 0.0151668351871 0.0373001776199
0 0.732558139535 0.171403197158 0.0151668351871 0.044404973357
0 0.743174924166 0.174955595027 0.0141557128413 0.0373001776199
0 0.702730030334 0.164298401421 0.0182002022245 0.0408525754885
0 0.744186046512 0.214031971581 0.0182002022245 0.044404973357
0 0.778564206269 0.302841918295 0.0222446916077 0.0657193605684
0 0.668857431749 0.222024866785 0.0212335692619 0.0497335701599
0 0.660768452983 0.111012433393 0.0111223458038 0.0301953818828
0 0.62891809909 0.115452930728 0.0121334681496 0.0355239786856
0 0.637512639029 0.150976909414 0.0131445904954 0.0319715808171
0 0.615267947422 0.236234458259 0.0232558139535 0.0532859680284
0 0.619312436805 0.106571936057 0.0111223458038 0.0248667850799
0 0.563700707786 0.176731793961 0.0171890798787 0.044404973357
0 0.570778564206 0.224689165187 0.0212335692619 0.0550621669627
0 0.578867542973 0.132326820604 0.0131445904954 0.0301953818828
0 0.595045500506 0.154529307282 0.0111223458038 0.0248667850799
0 0.528311425683 0.120781527531 0.0111223458038 0.0248667850799
0 0.536400404449 0.151865008881 0.0131445904954 0.0337477797513
0 0.486349848332 0.13676731794 0.0121334681496 0.0284191829485
0 0.518200202224 0.178507992895 0.0131445904954 0.0301953818828
0 0.491911021234 0.16163410302 0.0131445904954 0.0284191829485
0 0.423154701719 0.151865008881 0.0111223458038 0.0301953818828
0 0.462082912032 0.15541740675 0.0141557128413 0.0301953818828
0 0.463094034378 0.206039076377 0.0182002022245 0.0390763765542
0 0.3675429727 0.181172291297 0.0131445904954 0.0355239786856
0 0.393326592518 0.198046181172 0.0161779575329 0.0408525754885
0 0.402932254803 0.229129662522 0.0151668351871 0.0390763765542
0 0.418604651163 0.235346358792 0.0182002022245 0.0515097690941
0 0.407987866532 0.208703374778 0.0192113245703 0.0301953818828
0 0.278058645096 0.222024866785 0.0161779575329 0.0390763765542
0 0.312942366026 0.223801065719 0.0151668351871 0.0355239786856
0 0.330131445905 0.209591474245 0.0171890798787 0.0426287744227
0 0.342264914055 0.222024866785 0.0151668351871 0.0461811722913
0 0.359453993933 0.257548845471 0.0192113245703 0.0461811722913
0 0.199696663296 0.439609236234 0.0394337714863 0.0941385435169
0 0.58543983822 0.114564831261 0.010111223458 0.0195381882771
0 0.553589484328 0.13055062167 0.0111223458038 0.0337477797513
