0 0.842438638163 0.263046544429 0.0110847189232 0.0296191819464
0 0.907759303246 0.272919605078 0.0102929532858 0.0267983074753
0 0.866191607284 0.279971791255 0.0110847189232 0.0324400564175
0 0.820269200317 0.267983074753 0.0110847189232 0.0310296191819
0 0.828978622328 0.280677009873 0.0110847189232 0.0310296191819
0 0.827790973872 0.308885754584 0.0150435471101 0.0366713681241
0 0.859065716548 0.327221438646 0.0142517814727 0.0394922425952
0 0.906175771971 0.308885754584 0.0118764845606 0.0310296191819
0 0.902612826603 0.340620592384 0.0142517814727 0.0380818053597
0 0.901029295329 0.354019746121 0.0158353127474 0.0394922425952
0 0.845209817894 0.370944992948 0.0150435471101 0.0366713681241
0 0.859065716548 0.407616361072 0.0205859065717 0.0507757404795
0 0.834125098971 0.392101551481 0.0182106096595 0.0451339915374
0 0.884006334125 0.465444287729 0.0245447347585 0.0620592383639
0 0.81314330958 0.440056417489 0.0221694378464 0.0507757404795
0 0.8072050673 0.496473906911 0.0261282660333 0.0620592383639
0 0.752573238321 0.440056417489 0.0229612034838 0.0535966149506
0 0.784639746635 0.368829337094 0.0158353127474 0.0465444287729
0 0.791765637371 0.30394922426 0.0158353127474 0.0352609308886
0 0.787410926366 0.249647390691 0.0118764845606 0.0282087447109
0 0.795724465558 0.273624823695 0.0126682501979 0.0282087447109
0 0.750593824228 0.291960507757 0.0126682501979 0.0366713681241
0 0.724465558195 0.236953455571 0.0110847189232 0.0253878702398
0 0.718923198733 0.247531734838 0.0110847189232 0.0296191819464
0 0.759699129058 0.250352609309 0.0118764845606 0.0324400564175
0 0.714568487728 0.271509167842 0.0118764845606 0.0324400564175
0 0.705067300079 0.290550070522 0.0134600158353 0.0366713681241
0 0.806017418844 0.355430183357 0.0142517814727 0.0394922425952
0 0.68685669042 0.261636107193 0.0118764845606 0.0324400564175
0 0.668250197941 0.230606488011 0.0110847189232 0.0267983074753
0 0.645288994458 0.225669957687 0.00950118764846 0.0282087447109
0 0.658353127474 0.2341325811 0.00870942201108 0.0282087447109
0 0.661520190024 0.268688293371 0.0134600158353 0.0324400564175
0 0.615597783056 0.256699576869 0.0118764845606 0.0282087447109
0 0.664291369755 0.32581100141 0.0158353127474 0.0394922425952
0 0.67458432304 0.354724964739 0.0174188440222 0.049365303244
0 0.616785431512 0.298307475317 0.0174188440222 0.0409026798307
0 0.632224861441 0.334273624824 0.021377672209 0.0394922425952
0 0.593824228029 0.210155148096 0.00950118764846 0.0253878702398
0 0.618764845606 0.231311706629 0.0102929532858 0.0253878702398
0 0.585114806017 0.253878702398 0.0110847189232 0.0253878702398
0 0.536421219319 0.233427362482 0.0102929532858 0.0239774330042
0 0.555819477435 0.229196050776 0.0110847189232 0.0267983074753
0 0.56334125099 0.245416078984 0.0102929532858 0.0253878702398
0 0.561361836896 0.266572637518 0.0110847189232 0.033850493653
0 0.58432304038 0.324400564175 0.0158353127474 0.0394922425952
0 0.595011876485 0.370944992948 0.0197941409343 0.0479548660085
0 0.541567695962 0.28490832158 0.0126682501979 0.0366713681241
0 0.492478226445 0.2658674189 0.0126682501979 0.0324400564175
0 0.514251781473 0.264456981664 0.0134600158353 0.0324400564175
0 0.498020585907 0.315937940762 0.0126682501979 0.0366713681241
0 0.46080760095 0.279266572638 0.00950118764846 0.0253878702398
0 0.448535233571 0.255289139633 0.0118764845606 0.0282087447109
0 0.432699920823 0.25952045134 0.0102929532858 0.0225669957687
0 0.423594615994 0.282792665726 0.0142517814727 0.0324400564175
0 0.399841646873 0.303244005642 0.0126682501979 0.0282087447109
0 0.401425178147 0.280677009873 0.0126682501979 0.0282087447109
0 0.425574030087 0.311001410437 0.0150435471101 0.0352609308886
0 0.461995249406 0.308180535966 0.0150435471101 0.0352609308886
0 0.432699920823 0.350493653032 0.0182106096595 0.0465444287729
0 0.488519398258 0.387165021157 0.0237529691211 0.0606488011283
0 0.351939825812 0.294781382228 0.0102929532858 0.0310296191819
0 0.351148060174 0.328631875882 0.0118764845606 0.0310296191819
0 0.385193982581 0.267277856135 0.0134600158353 0.0296191819464
0 0.382818685669 0.335684062059 0.0134600158353 0.0366713681241
0 0.401425178147 0.34485190409 0.0158353127474 0.0380818053597
0 0.281472684086 0.311001410437 0.0134600158353 0.0324400564175
0 0.28622327791 0.366713681241 0.0166270783848 0.0423131170663
0 0.307996832937 0.39562764457 0.0221694378464 0.0437235543018
0 0.226840855107 0.344146685472 0.0134600158353 0.033850493653
0 0.23792557403 0.397743300423 0.0197941409343 0.0310296191819
0 0.695961995249 0.500705218618 0.0285035629454 0.0733427362482
0 0.711797307997 0.396332863188 0.0237529691211 0.0564174894217
0 0.64766429137 0.387165021157 0.0221694378464 0.0634696755994
0 0.652810768013 0.432299012694 0.027711797308 0.0634696755994
0 0.602929532858 0.426657263752 0.0245447347585 0.0634696755994
0 0.531670625495 0.405500705219 0.0229612034838 0.0634696755994
0 0.175376088678 0.485190409027 0.0419635787807 0.098730606488
0 0.737529691211 0.261636107193 0.0102929532858 0.0239774330042
0 0.752177355503 0.263751763047 0.0126682501979 0.0310296191819
