0 0.231621349446 0.299270072993 0.0302114803625 0.0583941605839
0 0.246223564955 0.245437956204 0.0231621349446 0.0529197080292
0 0.262839879154 0.21897810219 0.0281973816717 0.0547445255474
0 0.306143001007 0.200729927007 0.0221550855992 0.043795620438
0 0.328801611279 0.179744525547 0.0130916414904 0.0346715328467
0 0.306143001007 0.225364963504 0.0322255790534 0.0456204379562
0 0.315206445116 0.264598540146 0.0322255790534 0.0620437956204
0 0.342396777442 0.268248175182 0.0322255790534 0.0766423357664
0 0.44058408862 0.262773722628 0.0332326283988 0.0547445255474
0 0.442094662638 0.206204379562 0.0302114803625 0.0693430656934
0 0.471802618328 0.149635036496 0.0271903323263 0.0620437956204
0 0.478851963746 0.205291970803 0.0271903323263 0.0565693430657
0 0.504028197382 0.229927007299 0.0271903323263 0.0656934306569
0 0.651560926485 0.149635036496 0.02416918429 0.0474452554745
