0 0.0568544102019 0.279886148008 0.0265674814028 0.0474383301708
0 0.273645058448 0.211574952562 0.0159404888417 0.0322580645161
0 0.314027630181 0.218216318786 0.0159404888417 0.0379506641366
0 0.348034006376 0.164136622391 0.0138150903294 0.0360531309298
0 0.352816153029 0.212523719165 0.0148777895855 0.034155597723
0 0.36078639745 0.183111954459 0.0138150903294 0.0360531309298
0 0.375132837407 0.223908918406 0.0170031880978 0.034155597723
0 0.403825717322 0.223908918406 0.0170031880978 0.0455407969639
0 0.425611052072 0.240986717268 0.0201912858661 0.0455407969639
0 0.418172157279 0.19165085389 0.0159404888417 0.0379506641366
0 0.397449521785 0.148956356736 0.0106269925611 0.0246679316888
0 0.382040382572 0.195445920304 0.0159404888417 0.034155597723
0 0.412327311371 0.15275142315 0.0106269925611 0.0360531309298
0 0.4261424017 0.162239089184 0.0127523910733 0.0246679316888
0 0.434643995749 0.18880455408 0.0170031880978 0.0284629981025
0 0.46439957492 0.19165085389 0.01912858661 0.0379506641366
0 0.436238044633 0.150853889943 0.0116896918172 0.0208728652751
0 0.481934112646 0.187855787476 0.0138150903294 0.034155597723
0 0.47821466525 0.124288425047 0.0106269925611 0.0208728652751
0 0.490967056323 0.150853889943 0.0170031880978 0.0284629981025
0 0.512221041445 0.146110056926 0.0170031880978 0.0303605313093
0 0.5 0.112903225806 0.0116896918172 0.0208728652751
0 0.520191285866 0.121442125237 0.0116896918172 0.022770398482
0 0.558448459086 0.115749525617 0.0159404888417 0.022770398482
0 0.530818278427 0.165085388994 0.0180658873539 0.0303605313093
0 0.552072263549 0.177419354839 0.0180658873539 0.0398481973435
0 0.562167906482 0.146110056926 0.0170031880978 0.0303605313093
0 0.583953241233 0.157495256167 0.0159404888417 0.0417457305503
0 0.578108395324 0.124288425047 0.0127523910733 0.0208728652751
0 0.596705632306 0.105313092979 0.0138150903294 0.0284629981025
0 0.611052072264 0.11954459203 0.0127523910733 0.034155597723
0 0.622741764081 0.105313092979 0.0127523910733 0.0284629981025
0 0.646121147715 0.107210626186 0.0148777895855 0.0284629981025
0 0.63921360255 0.148007590133 0.0159404888417 0.0303605313093
0 0.626992561105 0.19165085389 0.01912858661 0.034155597723
0 0.59564293305 0.218216318786 0.0201912858661 0.0379506641366
0 0.638150903294 0.228652751423 0.0244420828905 0.0322580645161
0 0.660998937301 0.171726755218 0.0148777895855 0.0322580645161
0 0.676408076514 0.122390891841 0.0138150903294 0.0246679316888
0 0.706695005313 0.102466793169 0.0127523910733 0.0265654648956
0 0.706695005313 0.156546489564 0.0148777895855 0.0322580645161
0 0.67747077577 0.213472485769 0.0159404888417 0.0246679316888
0 0.688097768332 0.247628083491 0.0201912858661 0.0436432637571
0 0.727417640808 0.220113851992 0.0201912858661 0.0455407969639
0 0.722635494155 0.169829222011 0.0148777895855 0.0360531309298
0 0.736450584485 0.159392789374 0.0 0.0
0 0.743358129649 0.181214421252 0.0138150903294 0.0398481973435
0 0.735387885228 0.129981024668 0.0148777895855 0.0246679316888
0 0.771519659936 0.118595825427 0.0148777895855 0.0246679316888
0 0.784803400638 0.15844402277 0.0138150903294 0.0284629981025
0 0.790116896918 0.192599620493 0.0201912858661 0.0322580645161
0 0.757704569607 0.242884250474 0.0212539851222 0.0455407969639
0 0.757704569607 0.339658444023 0.0233793836344 0.0569259962049
0 0.695536663124 0.3055028463 0.028692879915 0.0683111954459
0 0.821997874601 0.133776091082 0.0159404888417 0.0284629981025
0 0.842189160468 0.144212523719 0.0138150903294 0.0303605313093
0 0.856004250797 0.142314990512 0.0116896918172 0.034155597723
0 0.870882040383 0.167931688805 0.0159404888417 0.0436432637571
0 0.82784272051 0.165085388994 0.0148777895855 0.0265654648956
0 0.831562167906 0.238140417457 0.0180658873539 0.0398481973435
0 0.800743889479 0.277039848197 0.0244420828905 0.0493358633776
0 0.889479277365 0.225806451613 0.0170031880978 0.0379506641366
0 0.908607863974 0.140417457306 0.0148777895855 0.0303605313093
0 0.910201912859 0.179316888046 0.0138150903294 0.0398481973435
0 0.944739638682 0.177419354839 0.0148777895855 0.0360531309298
0 0.922422954304 0.166982922201 0.0106269925611 0.034155597723
0 0.927736450584 0.235294117647 0.0148777895855 0.0417457305503
0 0.914984059511 0.321631878558 0.0255047821467 0.0588235294118
0 0.851753453773 0.203036053131 0.0159404888417 0.034155597723
0 0.547821466525 0.150853889943 0.0138150903294 0.0284629981025
0 0.484059511158 0.140417457306 0.0138150903294 0.0265654648956
0 0.935175345377 0.207779886148 0.0148777895855 0.0360531309298
0 0.811902231668 0.182163187856 0.0170031880978 0.034155597723
0 0.855472901169 0.184060721063 0.0148777895855 0.0303605313093
0 0.795961742827 0.131878557875 0.0106269925611 0.0246679316888
0 0.899574920298 0.208728652751 0.0138150903294 0.0455407969639
0 0.73219978746 0.162239089184 0.0148777895855 0.0360531309298
