0 0.18534906588 0.319897084048 0.0304818092429 0.0531732418525
0 0.205506391347 0.377358490566 0.031465093412 0.065180102916
0 0.260078662734 0.283876500858 0.0285152409046 0.0566037735849
0 0.273844641101 0.224699828473 0.0245821042281 0.0480274442539
0 0.304326450344 0.242710120069 0.0206489675516 0.0394511149228
0 0.317600786627 0.255574614065 0.0216322517207 0.0480274442539
0 0.335791543756 0.300171526587 0.0344149459194 0.0754716981132
0 0.317600786627 0.331903945111 0.031465093412 0.0497427101201
0 0.350540806293 0.415094339623 0.0442477876106 0.082332761578
0 0.358407079646 0.368782161235 0.0422812192724 0.065180102916
0 0.358407079646 0.240994854202 0.0304818092429 0.0634648370497
0 0.455260570305 0.246998284734 0.0294985250737 0.065180102916
0 0.453294001967 0.210977701544 0.0353982300885 0.0480274442539
0 0.546705998033 0.289022298456 0.0432645034415 0.0806174957118
