0 0.263698630137 0.441840277778 0.0440313111546 0.0989583333333
0 0.281311154599 0.256944444444 0.0166340508806 0.03125
0 0.316046966732 0.267361111111 0.0215264187867 0.0347222222222
0 0.342465753425 0.217881944444 0.0176125244618 0.0399305555556
0 0.363502935421 0.249131944444 0.0166340508806 0.0399305555556
0 0.401663405088 0.243923611111 0.0166340508806 0.0364583333333
0 0.388454011742 0.214409722222 0.0156555772994 0.0364583333333
0 0.409001956947 0.217881944444 0.0176125244618 0.0295138888889
0 0.441780821918 0.217013888889 0.0166340508806 0.03125
0 0.418786692759 0.157986111111 0.00978473581213 0.0243055555556
0 0.457925636008 0.142361111111 0.0117416829746 0.0277777777778
0 0.466731898239 0.161458333333 0.0117416829746 0.0243055555556
0 0.468688845401 0.196180555556 0.0156555772994 0.03125
0 0.490704500978 0.169270833333 0.0127201565558 0.0295138888889
0 0.48385518591 0.146701388889 0.0146771037182 0.0295138888889
0 0.558219178082 0.189236111111 0.0185909980431 0.0381944444444
0 0.549412915851 0.0633680555556 0.0107632093933 0.0295138888889
0 0.580234833659 0.120659722222 0.0117416829746 0.0260416666667
0 0.620352250489 0.114583333333 0.0117416829746 0.0208333333333
0 0.646281800391 0.123263888889 0.0127201565558 0.0277777777778
0 0.609589041096 0.262152777778 0.0234833659491 0.0520833333333
0 0.662426614481 0.240451388889 0.0156555772994 0.0434027777778
0 0.72602739726 0.234375 0.0176125244618 0.0416666666667
0 0.710371819961 0.172743055556 0.013698630137 0.0329861111111
0 0.733365949119 0.177083333333 0.0166340508806 0.0347222222222
0 0.732876712329 0.151909722222 0.0176125244618 0.0329861111111
0 0.841976516634 0.186631944444 0.0166340508806 0.0434027777778
0 0.789628180039 0.324652777778 0.0234833659491 0.0590277777778
0 0.907045009785 0.353298611111 0.0215264187867 0.0642361111111
0 0.922700587084 0.296006944444 0.0176125244618 0.046875
0 0.918786692759 0.249131944444 0.0195694716243 0.046875
0 0.9271037182 0.219618055556 0.0166340508806 0.0399305555556
0 0.938356164384 0.217013888889 0.0117416829746 0.0347222222222
0 0.949608610568 0.199652777778 0.0146771037182 0.0277777777778
0 0.891878669276 0.210069444444 0.0146771037182 0.0347222222222
0 0.898238747554 0.186631944444 0.0117416829746 0.0295138888889
0 0.871819960861 0.173611111111 0.0117416829746 0.03125
0 0.616927592955 0.137152777778 0.0107632093933 0.0243055555556
0 0.888454011742 0.248263888889 0.0156555772994 0.0520833333333
