0 0.412983425414 0.22056384743 0.0174953959484 0.0331674958541
0 0.595303867403 0.228026533997 0.0211786372007 0.0514096185738
0 0.623388581952 0.136815920398 0.0147329650092 0.028192371476
0 0.643186003683 0.142620232172 0.0156537753223 0.0298507462687
0 0.653314917127 0.119402985075 0.01197053407 0.0232172470978
0 0.756906077348 0.138474295191 0.0110497237569 0.0348258706468
0 0.768416206262 0.150912106136 0.0156537753223 0.0265339966833
0 0.816298342541 0.247097844113 0.0193370165746 0.0431177446103
0 0.887661141805 0.25456053068 0.0147329650092 0.0381426202322
0 0.894567219153 0.223051409619 0.0138121546961 0.028192371476
0 0.919889502762 0.250414593698 0.0184162062615 0.0530679933665
