0 0.0152138157895 0.429478138223 0.0271381578947 0.0521861777151
0 0.234786184211 0.342031029619 0.0172697368421 0.0352609308886
0 0.259457236842 0.373060648801 0.0205592105263 0.0437235543018
0 0.291529605263 0.375881523272 0.0222039473684 0.0409026798307
0 0.291940789474 0.306770098731 0.0197368421053 0.0380818053597
0 0.3359375 0.361777150917 0.0222039473684 0.0409026798307
0 0.362253289474 0.336389280677 0.0189144736842 0.0380818053597
0 0.357730263158 0.301833568406 0.0131578947368 0.033850493653
0 0.389391447368 0.329337094499 0.0189144736842 0.0324400564175
0 0.410361842105 0.33850493653 0.0230263157895 0.0394922425952
0 0.414473684211 0.302538787024 0.0197368421053 0.0296191819464
0 0.412417763158 0.273624823695 0.015625 0.0310296191819
0 0.398848684211 0.268688293371 0.0148026315789 0.0296191819464
0 0.434210526316 0.25317348378 0.0164473684211 0.0324400564175
0 0.453125 0.266572637518 0.0164473684211 0.033850493653
0 0.439967105263 0.366008462623 0.0230263157895 0.0465444287729
0 0.4765625 0.303244005642 0.0222039473684 0.0366713681241
0 0.479440789474 0.267983074753 0.0148026315789 0.0282087447109
0 0.474917763158 0.237658674189 0.015625 0.0352609308886
0 0.511924342105 0.269393511989 0.015625 0.0282087447109
0 0.525082236842 0.279971791255 0.0205592105263 0.0352609308886
0 0.524259868421 0.25317348378 0.0139802631579 0.0296191819464
0 0.538240131579 0.251763046544 0.015625 0.0352609308886
0 0.505756578947 0.324400564175 0.0197368421053 0.0394922425952
0 0.562088815789 0.281382228491 0.0172697368421 0.0324400564175
0 0.5859375 0.270803949224 0.015625 0.0310296191819
0 0.578536184211 0.24682651622 0.015625 0.0282087447109
0 0.579358552632 0.227080394922 0.0172697368421 0.0282087447109
0 0.563322368421 0.231311706629 0.0148026315789 0.0282087447109
0 0.604440789474 0.251057827927 0.0164473684211 0.0282087447109
0 0.604851973684 0.225669957687 0.0139802631579 0.0253878702398
0 0.615953947368 0.209449929478 0.0164473684211 0.0296191819464
0 0.538240131579 0.356840620592 0.0254934210526 0.0535966149506
0 0.469572368421 0.412552891396 0.0296052631579 0.0606488011283
0 0.534128289474 0.430888575458 0.0353618421053 0.0550070521862
0 0.597861842105 0.452045133992 0.0378289473684 0.0662905500705
0 0.643092105263 0.448519040903 0.0345394736842 0.0677009873061
0 0.618009868421 0.366713681241 0.0222039473684 0.0507757404795
0 0.604440789474 0.337799717913 0.0213815789474 0.0352609308886
0 0.640213815789 0.301833568406 0.0205592105263 0.0451339915374
0 0.640213815789 0.251763046544 0.015625 0.0324400564175
0 0.631167763158 0.220028208745 0.0123355263158 0.0310296191819
0 0.646381578947 0.229196050776 0.0164473684211 0.0324400564175
0 0.663240131579 0.212270803949 0.0123355263158 0.0267983074753
0 0.679276315789 0.226375176305 0.0131578947368 0.0267983074753
0 0.703536184211 0.22778561354 0.0139802631579 0.0296191819464
0 0.709292763158 0.251057827927 0.015625 0.0310296191819
0 0.680921052632 0.272919605078 0.0164473684211 0.0409026798307
0 0.659539473684 0.371650211566 0.0246710526316 0.0578279266573
0 0.653371710526 0.342031029619 0.0189144736842 0.0352609308886
0 0.693667763158 0.35754583921 0.0238486842105 0.0437235543018
0 0.738898026316 0.406205923836 0.0287828947368 0.0535966149506
0 0.71875 0.484485190409 0.0411184210526 0.0719322990127
0 0.789884868421 0.430183356841 0.0271381578947 0.0564174894217
0 0.817845394737 0.366008462623 0.0222039473684 0.0550070521862
0 0.731496710526 0.290550070522 0.0172697368421 0.0366713681241
0 0.738075657895 0.262341325811 0.015625 0.033850493653
0 0.751233552632 0.238363892807 0.015625 0.0225669957687
0 0.752878289474 0.250352609309 0.0123355263158 0.0239774330042
0 0.765213815789 0.265162200282 0.0139802631579 0.0282087447109
0 0.779605263158 0.286318758815 0.0148026315789 0.033850493653
0 0.782894736842 0.250352609309 0.0131578947368 0.0239774330042
0 0.793585526316 0.249647390691 0.0131578947368 0.0282087447109
0 0.819901315789 0.269393511989 0.0164473684211 0.0310296191819
0 0.824835526316 0.313117066291 0.0197368421053 0.0366713681241
0 0.847039473684 0.344146685472 0.0197368421053 0.0451339915374
0 0.861019736842 0.285613540197 0.0164473684211 0.0296191819464
0 0.847450657895 0.260225669958 0.0172697368421 0.0352609308886
0 0.877467105263 0.254583921016 0.0115131578947 0.0324400564175
0 0.903371710526 0.288434414669 0.015625 0.0352609308886
0 0.891858552632 0.31946403385 0.0172697368421 0.0324400564175
0 0.866776315789 0.372355430183 0.0246710526316 0.0535966149506
0 0.874177631579 0.34485190409 0.0180921052632 0.0409026798307
0 0.850740131579 0.471791255289 0.0304276315789 0.0634696755994
0 0.829769736842 0.524682651622 0.0378289473684 0.0733427362482
0 0.918996710526 0.469675599436 0.0320723684211 0.0564174894217
0 0.919407894737 0.326516220028 0.0197368421053 0.0465444287729
0 0.938322368421 0.35119887165 0.0230263157895 0.0394922425952
0 0.939967105263 0.285613540197 0.0164473684211 0.0296191819464
