0 0.0606343283582 0.388793103448 0.0466417910448 0.0879310344828
0 0.0956156716418 0.400862068966 0.0438432835821 0.098275862069
0 0.278451492537 0.281034482759 0.0345149253731 0.0724137931034
0 0.325093283582 0.181896551724 0.017723880597 0.0465517241379
0 0.340951492537 0.193965517241 0.017723880597 0.0465517241379
0 0.360074626866 0.194827586207 0.0261194029851 0.048275862069
0 0.397854477612 0.162931034483 0.0214552238806 0.0396551724138
0 0.532182835821 0.124137931034 0.027052238806 0.0620689655172
0 0.515858208955 0.254310344828 0.0279850746269 0.05
0 0.538246268657 0.26724137931 0.0317164179104 0.0586206896552
0 0.596548507463 0.268103448276 0.0307835820896 0.0637931034483
0 0.60401119403 0.144827586207 0.0233208955224 0.051724137931
0 0.66697761194 0.114655172414 0.0242537313433 0.0534482758621
0 0.670242537313 0.220689655172 0.0233208955224 0.0551724137931
0 0.704757462687 0.15 0.0214552238806 0.051724137931
