0 0.174190382728 0.393617021277 0.053974484789 0.0886524822695
0 0.317958783121 0.234929078014 0.01766437684 0.040780141844
0 0.323846908734 0.210106382979 0.0196270853778 0.0336879432624
0 0.349362119725 0.20390070922 0.0196270853778 0.0390070921986
0 0.414622178606 0.195921985816 0.0186457311089 0.040780141844
0 0.441118743867 0.211879432624 0.0206084396467 0.0372340425532
0 0.419038272816 0.162234042553 0.0137389597645 0.0336879432624
0 0.430814524043 0.174645390071 0.0157016683023 0.0301418439716
0 0.454857703631 0.175531914894 0.0186457311089 0.0354609929078
0 0.465161923454 0.150709219858 0.0137389597645 0.0283687943262
0 0.476447497547 0.129432624113 0.0127576054956 0.0283687943262
0 0.493621197252 0.144503546099 0.0117762512267 0.0265957446809
0 0.497055937193 0.15780141844 0.0147203140334 0.031914893617
0 0.488714425908 0.214539007092 0.0196270853778 0.0425531914894
0 0.481844946026 0.189716312057 0.0196270853778 0.031914893617
0 0.529440628067 0.271276595745 0.0225711481845 0.0496453900709
0 0.507360157017 0.140070921986 0.0117762512267 0.0248226950355
0 0.517173699706 0.140957446809 0.0137389597645 0.0336879432624
0 0.516683022571 0.114361702128 0.0127576054956 0.0301418439716
0 0.538272816487 0.125 0.0107948969578 0.0230496453901
0 0.550539744848 0.126773049645 0.0137389597645 0.0301418439716
0 0.540235525025 0.151595744681 0.0127576054956 0.0336879432624
0 0.556918547596 0.166666666667 0.0147203140334 0.0354609929078
0 0.547595682041 0.190602836879 0.01766437684 0.0372340425532
0 0.578017664377 0.140070921986 0.0157016683023 0.031914893617
0 0.593228655545 0.109929078014 0.0127576054956 0.0248226950355
0 0.625122669284 0.0992907801418 0.0117762512267 0.0248226950355
0 0.621197252208 0.118794326241 0.0137389597645 0.0283687943262
0 0.605495583906 0.146276595745 0.0137389597645 0.0372340425532
0 0.593228655545 0.171985815603 0.0186457311089 0.031914893617
0 0.59715407262 0.238475177305 0.0186457311089 0.040780141844
0 0.578508341511 0.290780141844 0.0264965652601 0.0531914893617
0 0.606476938175 0.304078014184 0.0333660451423 0.0762411347518
0 0.645240431796 0.197695035461 0.0186457311089 0.0443262411348
0 0.643768400393 0.101063829787 0.0117762512267 0.0248226950355
0 0.645240431796 0.131205673759 0.0147203140334 0.0354609929078
0 0.643768400393 0.145390070922 0.0157016683023 0.0283687943262
0 0.664376840039 0.106382978723 0.0117762512267 0.031914893617
0 0.68105986261 0.141843971631 0.0137389597645 0.0283687943262
0 0.68989205103 0.124113475177 0.00981354268891 0.0283687943262
0 0.705593719333 0.121453900709 0.0137389597645 0.0336879432624
0 0.714916584887 0.170212765957 0.0147203140334 0.031914893617
0 0.680078508342 0.174645390071 0.0157016683023 0.0372340425532
0 0.674190382728 0.215425531915 0.0157016683023 0.0372340425532
0 0.685966633955 0.262411347518 0.0215897939156 0.0425531914894
0 0.7208047105 0.228723404255 0.0225711481845 0.0460992907801
0 0.714425907753 0.198581560284 0.01766437684 0.0354609929078
0 0.705593719333 0.31914893617 0.0294406280667 0.063829787234
0 0.760058881256 0.125 0.0147203140334 0.0301418439716
0 0.769872423945 0.129432624113 0.0127576054956 0.031914893617
0 0.764965652601 0.150709219858 0.0127576054956 0.0354609929078
0 0.751717369971 0.176418439716 0.0157016683023 0.040780141844
0 0.78361138371 0.183510638298 0.0166830225711 0.040780141844
0 0.742885181551 0.386524822695 0.0314033366045 0.0673758865248
0 0.793424926398 0.13475177305 0.0166830225711 0.0283687943262
0 0.803729146222 0.164893617021 0.0137389597645 0.0283687943262
0 0.797841020608 0.202127659574 0.0137389597645 0.0425531914894
0 0.816486751717 0.192375886525 0.0137389597645 0.0336879432624
0 0.829735034347 0.174645390071 0.0127576054956 0.0336879432624
0 0.846908734053 0.148936170213 0.0157016683023 0.031914893617
0 0.861138370952 0.187056737589 0.0147203140334 0.0372340425532
0 0.847399411187 0.209219858156 0.0166830225711 0.0460992907801
0 0.813542688911 0.269503546099 0.0196270853778 0.0531914893617
0 0.780176643768 0.29609929078 0.0235525024534 0.063829787234
0 0.834641805692 0.357269503546 0.0264965652601 0.0656028368794
0 0.856231599607 0.310283687943 0.0206084396467 0.0567375886525
0 0.883218842002 0.226063829787 0.0157016683023 0.0443262411348
0 0.873895976447 0.187943262411 0.0127576054956 0.0283687943262
0 0.887634936212 0.149822695035 0.0127576054956 0.0301418439716
0 0.886162904809 0.166666666667 0.0157016683023 0.031914893617
0 0.892541707556 0.203014184397 0.0166830225711 0.0443262411348
0 0.894504416094 0.187056737589 0.0147203140334 0.0336879432624
0 0.916584887144 0.171985815603 0.0117762512267 0.031914893617
0 0.923945044161 0.175531914894 0.0147203140334 0.0425531914894
0 0.949950932287 0.172872340426 0.0157016683023 0.0336879432624
0 0.940137389598 0.198581560284 0.0137389597645 0.0354609929078
0 0.943572129539 0.235815602837 0.0166830225711 0.0425531914894
0 0.924435721295 0.238475177305 0.01766437684 0.040780141844
0 0.933267909715 0.287234042553 0.0215897939156 0.0602836879433
0 0.880274779195 0.284574468085 0.0196270853778 0.0549645390071
0 0.92492639843 0.374113475177 0.0245338567223 0.0673758865248
0 0.901864573111 0.42109929078 0.0314033366045 0.0762411347518
