0 0.184007707129 0.473684210526 0.0616570327553 0.115131578947
0 0.265414258189 0.268914473684 0.0183044315992 0.0444078947368
0 0.280346820809 0.268914473684 0.0211946050096 0.0378289473684
0 0.328034682081 0.244243421053 0.0202312138728 0.0378289473684
0 0.336223506744 0.214638157895 0.019267822736 0.0378289473684
0 0.352601156069 0.209703947368 0.0173410404624 0.0411184210526
0 0.364161849711 0.220394736842 0.019267822736 0.0361842105263
0 0.359344894027 0.255756578947 0.0211946050096 0.0476973684211
0 0.376685934489 0.278782894737 0.0250481695568 0.0476973684211
0 0.405105973025 0.290296052632 0.0260115606936 0.0509868421053
0 0.405587668593 0.222039473684 0.0231213872832 0.0427631578947
0 0.392581888247 0.194901315789 0.0183044315992 0.03125
0 0.375240847784 0.190789473684 0.014450867052 0.0394736842105
0 0.423410404624 0.195723684211 0.0183044315992 0.0361842105263
0 0.458092485549 0.189967105263 0.0183044315992 0.0345394736842
0 0.482658959538 0.227796052632 0.0231213872832 0.0444078947368
0 0.465317919075 0.226151315789 0.0173410404624 0.0444078947368
0 0.474470134875 0.152138157895 0.0183044315992 0.03125
0 0.492292870906 0.169407894737 0.0173410404624 0.0263157894737
0 0.49710982659 0.135690789474 0.0154142581888 0.03125
0 0.506743737958 0.149671052632 0.0154142581888 0.0263157894737
0 0.526011560694 0.183388157895 0.0173410404624 0.03125
0 0.543352601156 0.203947368421 0.0231213872832 0.0427631578947
0 0.530828516378 0.166940789474 0.0173410404624 0.0345394736842
0 0.566955684008 0.166118421053 0.0183044315992 0.0361842105263
0 0.580443159923 0.149671052632 0.014450867052 0.0263157894737
0 0.58140655106 0.121710526316 0.014450867052 0.0296052631579
0 0.599710982659 0.165296052632 0.0202312138728 0.0378289473684
0 0.612716763006 0.141447368421 0.0134874759152 0.0263157894737
0 0.614161849711 0.120065789474 0.0105973025048 0.0230263157895
0 0.626204238921 0.148026315789 0.0173410404624 0.0296052631579
0 0.634874759152 0.134046052632 0.0154142581888 0.03125
0 0.655587668593 0.138157894737 0.0163776493256 0.0361842105263
0 0.666184971098 0.120888157895 0.0163776493256 0.0345394736842
0 0.630539499037 0.113486842105 0.0125240847784 0.0230263157895
0 0.567919075145 0.251644736842 0.0260115606936 0.0493421052632
0 0.52119460501 0.303453947368 0.0308285163776 0.0641447368421
0 0.560693641618 0.308388157895 0.0327552986513 0.0608552631579
0 0.622832369942 0.354440789474 0.0394990366089 0.0608552631579
0 0.639691714836 0.246710526316 0.0250481695568 0.0559210526316
0 0.642100192678 0.206414473684 0.0221579961464 0.0444078947368
0 0.674855491329 0.200657894737 0.0221579961464 0.0427631578947
0 0.695086705202 0.256578947368 0.0279383429672 0.0592105263158
0 0.733622350674 0.226151315789 0.0260115606936 0.0509868421053
0 0.738921001927 0.298519736842 0.0250481695568 0.0509868421053
0 0.718689788054 0.189144736842 0.0231213872832 0.0394736842105
0 0.708092485549 0.152960526316 0.0173410404624 0.0296052631579
0 0.697495183044 0.122532894737 0.0173410404624 0.03125
0 0.727842003854 0.152960526316 0.014450867052 0.0296052631579
0 0.7408477842 0.175986842105 0.0173410404624 0.0427631578947
0 0.753371868979 0.199013157895 0.019267822736 0.0427631578947
0 0.748073217726 0.120065789474 0.0163776493256 0.0394736842105
0 0.775048169557 0.142269736842 0.0183044315992 0.0378289473684
0 0.78612716763 0.122532894737 0.0154142581888 0.0345394736842
0 0.801541425819 0.135690789474 0.0173410404624 0.0345394736842
0 0.791907514451 0.166118421053 0.0173410404624 0.0361842105263
0 0.81936416185 0.165296052632 0.0183044315992 0.0378289473684
0 0.792870905588 0.208059210526 0.0269749518304 0.0444078947368
0 0.781791907514 0.240953947368 0.0260115606936 0.0509868421053
0 0.799132947977 0.28125 0.0279383429672 0.0625
0 0.872350674374 0.306743421053 0.0298651252408 0.0575657894737
0 0.86753371869 0.268092105263 0.02408477842 0.0427631578947
0 0.865125240848 0.212993421053 0.0231213872832 0.0509868421053
0 0.869942196532 0.189144736842 0.0231213872832 0.0328947368421
0 0.862235067437 0.152960526316 0.0211946050096 0.0361842105263
0 0.8795761079 0.152960526316 0.0173410404624 0.0427631578947
0 0.912331406551 0.175164473684 0.019267822736 0.0411184210526
0 0.921483622351 0.160361842105 0.0163776493256 0.03125
0 0.946050096339 0.259868421053 0.0250481695568 0.0526315789474
0 0.951348747592 0.224506578947 0.0202312138728 0.0411184210526
0 0.934007707129 0.223684210526 0.0183044315992 0.0361842105263
