0 0.441338221815 0.214057507987 0.0174152153987 0.0415335463259
0 0.459670027498 0.228434504792 0.0174152153987 0.0415335463259
0 0.672777268561 0.128594249201 0.0109990834097 0.0271565495208
0 0.637488542621 0.148562300319 0.0119156736939 0.0351437699681
0 0.65261228231 0.153354632588 0.0146654445463 0.0223642172524
0 0.754812098992 0.154153354633 0.0155820348304 0.0207667731629
0 0.773143904675 0.158945686901 0.0137488542621 0.0271565495208
0 0.874427131072 0.194089456869 0.012832263978 0.0271565495208
0 0.943171402383 0.207667731629 0.0146654445463 0.0351437699681
0 0.827681026581 0.26357827476 0.0183318056829 0.0447284345048
0 0.894592117324 0.227635782748 0.0164986251146 0.0335463258786
0 0.893217231897 0.26357827476 0.019248395967 0.0319488817891
0 0.92254812099 0.255591054313 0.0174152153987 0.038338658147
0 0.612282309808 0.11821086262 0.012832263978 0.0255591054313
