0 0.811337466785 0.328393135725 0.0389725420726 0.0889235569423
0 0.612931798051 0.109204368175 0.0159433126661 0.0280811232449
0 0.558901682905 0.120124804992 0.0159433126661 0.0249609984399
0 0.705048715678 0.127145085803 0.0106288751107 0.0202808112324
0 0.759078830824 0.132605304212 0.014171833481 0.0249609984399
0 0.795394154119 0.135725429017 0.0159433126661 0.0249609984399
0 0.854295837024 0.152106084243 0.0150575730735 0.0358814352574
0 0.879096545616 0.159126365055 0.0150575730735 0.0343213728549
0 0.748007085917 0.14352574103 0.0186005314438 0.0280811232449
0 0.777236492471 0.142745709828 0.0168290522586 0.0296411856474
0 0.806465899026 0.160686427457 0.0203720106289 0.0280811232449
0 0.823294951284 0.161466458658 0.0150575730735 0.0265210608424
0 0.910540301151 0.18096723869 0.0194862710363 0.0312012480499
0 0.495571302037 0.134945397816 0.0132860938884 0.0234009360374
0 0.520372010629 0.138845553822 0.0186005314438 0.0218408736349
0 0.546944198406 0.145085803432 0.0186005314438 0.01872074883
0 0.577945084145 0.134165366615 0.0186005314438 0.0312012480499
0 0.596102745793 0.14352574103 0.0230292294066 0.0280811232449
0 0.651018600531 0.141965678627 0.0177147918512 0.0343213728549
0 0.663418954827 0.127925117005 0.0159433126661 0.0249609984399
0 0.687333923826 0.181747269891 0.0248007085917 0.0421216848674
0 0.711248892826 0.154446177847 0.0194862710363 0.0280811232449
0 0.457927369353 0.152886115445 0.0124003542958 0.0249609984399
0 0.481399468556 0.161466458658 0.0186005314438 0.0296411856474
0 0.521257750221 0.175507020281 0.0186005314438 0.0390015600624
0 0.577059344553 0.190327613105 0.022143489814 0.0280811232449
0 0.432240921169 0.173166926677 0.0177147918512 0.0312012480499
0 0.375553587245 0.189547581903 0.0212577502214 0.0296411856474
0 0.414526129318 0.182527301092 0.0230292294066 0.0374414976599
0 0.467670504872 0.215288611544 0.0230292294066 0.0312012480499
0 0.498228520815 0.204368174727 0.022143489814 0.0343213728549
0 0.354295837024 0.203588143526 0.0212577502214 0.0358814352574
0 0.318866253322 0.207488299532 0.0230292294066 0.0374414976599
0 0.62621789194 0.214508580343 0.0248007085917 0.0452418096724
0 0.655447298494 0.198127925117 0.0230292294066 0.0405616224649
0 0.652790079717 0.237909516381 0.030115146147 0.0546021840874
0 0.714791851196 0.187987519501 0.0194862710363 0.0390015600624
0 0.731178033658 0.178627145086 0.0150575730735 0.0390015600624
0 0.765279007972 0.188767550702 0.0230292294066 0.0374414976599
0 0.722320637733 0.223868954758 0.022143489814 0.0421216848674
0 0.788751107174 0.204368174727 0.0150575730735 0.0374414976599
0 0.826837909655 0.184867394696 0.0150575730735 0.0327613104524
0 0.934898139947 0.176287051482 0.0168290522586 0.0280811232449
0 0.934012400354 0.228549141966 0.0168290522586 0.0421216848674
0 0.857838795394 0.210608424337 0.0168290522586 0.0343213728549
0 0.879539415412 0.233229329173 0.0159433126661 0.0514820592824
0 0.914968999114 0.251170046802 0.0212577502214 0.0436817472699
0 0.87023914969 0.277691107644 0.0186005314438 0.0343213728549
0 0.447741364039 0.248829953198 0.0239149689991 0.0327613104524
0 0.554030115146 0.282371294852 0.0256864481842 0.0405616224649
0 0.533215234721 0.225429017161 0.0230292294066 0.0390015600624
0 0.623560673162 0.176287051482 0.0248007085917 0.0249609984399
0 0.624446412755 0.15600624025 0.0248007085917 0.0218408736349
0 0.565987599646 0.15600624025 0.0265721877768 0.0249609984399
0 0.537643932684 0.189547581903 0.0194862710363 0.0296411856474
0 0.444641275465 0.210608424337 0.0212577502214 0.0374414976599
