0 0.204071969697 0.452814569536 0.0501893939394 0.114238410596
0 0.241477272727 0.372516556291 0.0416666666667 0.102649006623
0 0.262310606061 0.210264900662 0.0208333333333 0.0364238410596
0 0.331439393939 0.283940397351 0.0246212121212 0.0413907284768
0 0.34990530303 0.261589403974 0.0236742424242 0.0331125827815
0 0.426609848485 0.275662251656 0.0274621212121 0.044701986755
0 0.425189393939 0.216887417219 0.0189393939394 0.0364238410596
0 0.444128787879 0.221854304636 0.0170454545455 0.0397350993377
0 0.404356060606 0.192052980132 0.0246212121212 0.0331125827815
0 0.453125 0.186258278146 0.0198863636364 0.0314569536424
0 0.472064393939 0.188741721854 0.0142045454545 0.0397350993377
0 0.483901515152 0.191225165563 0.0189393939394 0.0314569536424
0 0.455965909091 0.156456953642 0.0160984848485 0.0248344370861
0 0.469223484848 0.155629139073 0.0160984848485 0.0264900662252
0 0.483428030303 0.135761589404 0.0142045454545 0.0264900662252
0 0.507102272727 0.173013245033 0.0179924242424 0.0314569536424
0 0.530776515152 0.145695364238 0.0179924242424 0.0364238410596
0 0.521306818182 0.211920529801 0.0217803030303 0.0364238410596
0 0.557291666667 0.155629139073 0.0142045454545 0.0264900662252
0 0.482954545455 0.319536423841 0.0265151515152 0.0529801324503
0 0.576704545455 0.162251655629 0.0132575757576 0.0298013245033
0 0.566287878788 0.119205298013 0.0151515151515 0.0264900662252
0 0.620738636364 0.104304635762 0.0179924242424 0.0298013245033
0 0.656723484848 0.105960264901 0.0179924242424 0.0298013245033
0 0.694602272727 0.0960264900662 0.0142045454545 0.0298013245033
0 0.623106060606 0.246688741722 0.0246212121212 0.0397350993377
0 0.661458333333 0.256622516556 0.0255681818182 0.046357615894
0 0.683712121212 0.158112582781 0.0170454545455 0.0380794701987
0 0.698390151515 0.179635761589 0.0198863636364 0.0413907284768
0 0.708333333333 0.149834437086 0.0151515151515 0.0347682119205
0 0.727272727273 0.167218543046 0.0151515151515 0.0331125827815
0 0.745265151515 0.148178807947 0.0132575757576 0.0347682119205
0 0.747159090909 0.109271523179 0.0132575757576 0.0264900662252
0 0.755681818182 0.169701986755 0.0151515151515 0.0314569536424
0 0.716856060606 0.278145695364 0.030303030303 0.0529801324503
0 0.769886363636 0.304635761589 0.0284090909091 0.0562913907285
0 0.796401515152 0.183774834437 0.0189393939394 0.0331125827815
0 0.808238636364 0.129139072848 0.0123106060606 0.0264900662252
0 0.845643939394 0.188741721854 0.0189393939394 0.0397350993377
0 0.870738636364 0.227649006623 0.0179924242424 0.0480132450331
