0 0.276989755713 0.247229916898 0.016548463357 0.0401662049861
0 0.287628053586 0.255540166205 0.0173364854216 0.0318559556787
0 0.310874704492 0.254847645429 0.0197005516154 0.0360110803324
0 0.317178881009 0.292243767313 0.0260047281324 0.0387811634349
0 0.330969267139 0.261772853186 0.0189125295508 0.0360110803324
0 0.330969267139 0.220914127424 0.0173364854216 0.0401662049861
0 0.376674546887 0.252770083102 0.0204885736801 0.0373961218837
0 0.381796690307 0.304709141274 0.0275807722616 0.0470914127424
0 0.376280535855 0.201523545706 0.016548463357 0.0346260387812
0 0.41134751773 0.227146814404 0.0236406619385 0.0360110803324
0 0.421591804571 0.193905817175 0.0189125295508 0.0387811634349
0 0.461780929866 0.160664819945 0.0173364854216 0.0360110803324
0 0.479905437352 0.220221606648 0.0220646178093 0.0470914127424
0 0.520094562648 0.202908587258 0.0236406619385 0.0373961218837
0 0.509850275808 0.151662049861 0.0157604412924 0.0346260387812
0 0.527580772262 0.178670360111 0.0181245074862 0.0332409972299
0 0.561071710008 0.175900277008 0.0189125295508 0.0360110803324
0 0.559889676911 0.147506925208 0.0181245074862 0.0318559556787
0 0.582348305753 0.149584487535 0.0157604412924 0.0332409972299
0 0.582348305753 0.103185595568 0.0157604412924 0.0263157894737
0 0.610717100079 0.123268698061 0.0157604412924 0.0277008310249
0 0.615445232467 0.14404432133 0.0157604412924 0.0360110803324
0 0.500788022065 0.299861495845 0.0228526398739 0.0623268698061
0 0.546493301812 0.301246537396 0.0275807722616 0.0595567867036
0 0.556737588652 0.259002770083 0.0291568163909 0.0498614958449
0 0.59219858156 0.26108033241 0.0244286840032 0.0512465373961
0 0.596926713948 0.220914127424 0.0197005516154 0.0429362880886
0 0.639085894405 0.182132963989 0.0204885736801 0.0401662049861
0 0.646966115051 0.22783933518 0.0252167060678 0.0429362880886
0 0.643026004728 0.258310249307 0.0204885736801 0.0457063711911
0 0.648148148148 0.306094182825 0.0291568163909 0.0664819944598
0 0.694247438928 0.226454293629 0.0236406619385 0.0512465373961
0 0.718282111899 0.245844875346 0.0260047281324 0.0567867036011
0 0.727344365642 0.18351800554 0.0204885736801 0.0429362880886
0 0.711189913318 0.156509695291 0.0181245074862 0.0415512465374
0 0.676122931442 0.168282548476 0.0204885736801 0.0373961218837
0 0.760047281324 0.134349030471 0.0149724192277 0.0277008310249
0 0.754137115839 0.180055401662 0.0204885736801 0.0332409972299
0 0.770685579196 0.19459833795 0.0204885736801 0.0401662049861
0 0.751379038613 0.220914127424 0.0212765957447 0.0457063711911
0 0.779747832939 0.281855955679 0.0291568163909 0.0595567867036
0 0.756895193065 0.360110803324 0.0307328605201 0.0664819944598
0 0.804570527975 0.236842105263 0.0204885736801 0.0470914127424
0 0.816784869976 0.213988919668 0.0181245074862 0.0457063711911
0 0.800236406619 0.182825484765 0.0181245074862 0.0443213296399
0 0.793144208038 0.142659279778 0.016548463357 0.0332409972299
0 0.813238770686 0.153739612188 0.0157604412924 0.0360110803324
0 0.833727344366 0.191828254848 0.0157604412924 0.0401662049861
0 0.850275807723 0.163434903047 0.0141843971631 0.0304709141274
0 0.870764381403 0.198060941828 0.0157604412924 0.0332409972299
0 0.860520094563 0.252770083102 0.0220646178093 0.0595567867036
0 0.837273443656 0.29432132964 0.0275807722616 0.0623268698061
0 0.900709219858 0.27216066482 0.0220646178093 0.0484764542936
