0 0.202979515829 0.440886699507 0.0409683426443 0.0968801313629
0 0.255121042831 0.433497536946 0.0428305400372 0.0985221674877
0 0.312383612663 0.276683087028 0.0195530726257 0.0377668308703
0 0.364990689013 0.258620689655 0.0186219739292 0.0443349753695
0 0.418063314711 0.22249589491 0.0186219739292 0.0311986863711
0 0.435754189944 0.262725779967 0.0186219739292 0.0525451559934
0 0.450186219739 0.215927750411 0.0158286778399 0.0377668308703
0 0.446461824953 0.180623973727 0.0158286778399 0.0328407224959
0 0.472532588454 0.191297208539 0.0139664804469 0.0279146141215
0 0.45530726257 0.149425287356 0.0111731843575 0.0262725779967
0 0.46834264432 0.147783251232 0.0130353817505 0.0295566502463
0 0.528398510242 0.137931034483 0.012104283054 0.0328407224959
0 0.559124767225 0.141215106732 0.0139664804469 0.0295566502463
0 0.57635009311 0.145320197044 0.0167597765363 0.0279146141215
0 0.532588454376 0.195402298851 0.0186219739292 0.0328407224959
0 0.476722532588 0.329228243021 0.0279329608939 0.0738916256158
0 0.651303538175 0.254515599343 0.0195530726257 0.0492610837438
0 0.720204841713 0.27750410509 0.0251396648045 0.0591133004926
0 0.779329608939 0.282430213465 0.024208566108 0.055829228243
0 0.880353817505 0.206075533662 0.0158286778399 0.0410509031199
0 0.810986964618 0.119047619048 0.0111731843575 0.0279146141215
0 0.683891992551 0.145320197044 0.0139664804469 0.0344827586207
0 0.712756052142 0.14039408867 0.0139664804469 0.0279146141215
0 0.725325884544 0.151888341544 0.0130353817505 0.0344827586207
0 0.744878957169 0.12315270936 0.0148975791434 0.0328407224959
0 0.764432029795 0.155993431856 0.0148975791434 0.0361247947455
0 0.795158286778 0.179802955665 0.0167597765363 0.0377668308703
