0 0.879682179342 0.158163265306 0.011350737798 0.030612244898
0 0.842224744608 0.15612244898 0.011350737798 0.030612244898
0 0.910329171396 0.174489795918 0.011350737798 0.030612244898
0 0.938706015891 0.172448979592 0.011350737798 0.030612244898
0 0.892167990919 0.197959183673 0.0158910329171 0.0367346938776
0 0.863791146425 0.191836734694 0.011350737798 0.0326530612245
0 0.851305334847 0.19387755102 0.0158910329171 0.0367346938776
0 0.885357548241 0.24693877551 0.0158910329171 0.0448979591837
0 0.875141884222 0.286734693878 0.0158910329171 0.0551020408163
0 0.906923950057 0.321428571429 0.0204313280363 0.0551020408163
0 0.920544835414 0.248979591837 0.0136208853575 0.0408163265306
0 0.930192962543 0.238775510204 0.0147559591373 0.0408163265306
0 0.937003405221 0.218367346939 0.0124858115778 0.0326530612245
0 0.933030646992 0.286734693878 0.0204313280363 0.0469387755102
0 0.905221339387 0.419387755102 0.0306469920545 0.0755102040816
0 0.819523269012 0.35612244898 0.0295119182747 0.0673469387755
0 0.849602724177 0.307142857143 0.0215664018161 0.0551020408163
0 0.789443813848 0.290816326531 0.0215664018161 0.0551020408163
0 0.792281498297 0.208163265306 0.0158910329171 0.0408163265306
0 0.809307604994 0.248979591837 0.0158910329171 0.0408163265306
0 0.83484676504 0.240816326531 0.0147559591373 0.0408163265306
0 0.812712826334 0.171428571429 0.011350737798 0.0326530612245
0 0.814982973893 0.19387755102 0.0158910329171 0.0408163265306
0 0.828603859251 0.176530612245 0.0136208853575 0.034693877551
0 0.711691259932 0.163265306122 0.0136208853575 0.0326530612245
0 0.738933030647 0.176530612245 0.0136208853575 0.034693877551
0 0.757094211124 0.128571428571 0.0136208853575 0.0285714285714
0 0.754256526674 0.15306122449 0.0124858115778 0.0367346938776
0 0.780930760499 0.144897959184 0.011350737798 0.0244897959184
0 0.774120317821 0.183673469388 0.0136208853575 0.0367346938776
0 0.708853575482 0.195918367347 0.0170261066969 0.0408163265306
0 0.709988649262 0.241836734694 0.0192962542565 0.0510204081633
0 0.732122587968 0.341836734694 0.0272417707151 0.0673469387755
0 0.688422247446 0.332653061224 0.0261066969353 0.065306122449
0 0.632236095346 0.224489795918 0.0181611804767 0.0448979591837
0 0.638479001135 0.248979591837 0.0192962542565 0.0448979591837
0 0.670261066969 0.278571428571 0.0192962542565 0.0469387755102
0 0.662883087401 0.192857142857 0.0158910329171 0.0387755102041
0 0.672531214529 0.222448979592 0.0170261066969 0.0408163265306
0 0.702610669694 0.126530612245 0.00908059023837 0.0244897959184
0 0.681611804767 0.115306122449 0.0102156640182 0.0224489795918
0 0.645856980704 0.10612244898 0.00908059023837 0.0204081632653
0 0.640749148695 0.121428571429 0.0102156640182 0.0224489795918
0 0.661180476731 0.113265306122 0.0102156640182 0.0183673469388
0 0.66628830874 0.125510204082 0.00908059023837 0.0224489795918
0 0.648127128263 0.144897959184 0.0136208853575 0.0326530612245
0 0.629398410897 0.14387755102 0.0102156640182 0.030612244898
0 0.631668558456 0.155102040816 0.0124858115778 0.0326530612245
0 0.61066969353 0.108163265306 0.011350737798 0.0244897959184
0 0.585698070375 0.116326530612 0.011350737798 0.0285714285714
0 0.603859250851 0.125510204082 0.011350737798 0.034693877551
0 0.578887627696 0.142857142857 0.011350737798 0.0285714285714
0 0.55505107832 0.120408163265 0.00908059023837 0.0204081632653
0 0.600454029512 0.145918367347 0.0136208853575 0.030612244898
0 0.580590238365 0.178571428571 0.0124858115778 0.034693877551
0 0.55278093076 0.166326530612 0.0136208853575 0.034693877551
0 0.561293984109 0.187755102041 0.0170261066969 0.0367346938776
0 0.543700340522 0.138775510204 0.0136208853575 0.0285714285714
0 0.530079455165 0.15612244898 0.0136208853575 0.030612244898
0 0.506810442679 0.136734693878 0.0124858115778 0.0244897959184
0 0.50113507378 0.160204081633 0.0124858115778 0.030612244898
0 0.427922814983 0.15306122449 0.011350737798 0.0285714285714
0 0.460272417707 0.15306122449 0.0124858115778 0.0285714285714
0 0.477866061294 0.182653061224 0.0136208853575 0.0387755102041
0 0.476163450624 0.162244897959 0.0124858115778 0.030612244898
0 0.419977298524 0.188775510204 0.0158910329171 0.0387755102041
0 0.421112372304 0.204081632653 0.011350737798 0.0367346938776
0 0.440408626561 0.195918367347 0.0158910329171 0.0326530612245
0 0.44438138479 0.227551020408 0.0192962542565 0.0387755102041
0 0.477866061294 0.233673469388 0.0204313280363 0.0428571428571
0 0.470488081725 0.137755102041 0.0102156640182 0.0224489795918
0 0.496594778661 0.129591836735 0.0102156640182 0.0224489795918
0 0.190692395006 0.397959183673 0.0431328036322 0.0897959183673
0 0.320090805902 0.233673469388 0.0158910329171 0.034693877551
0 0.328036322361 0.209183673469 0.0136208853575 0.030612244898
0 0.353007945516 0.197959183673 0.0136208853575 0.0285714285714
0 0.532917139614 0.285714285714 0.0192962542565 0.0489795918367
0 0.580590238365 0.235714285714 0.0192962542565 0.0428571428571
0 0.596481271283 0.274489795918 0.0238365493757 0.0591836734694
0 0.596481271283 0.315306122449 0.0283768444949 0.0673469387755
