0 0.1331738437 0.546463245492 0.0398724082935 0.0804438280166
0 0.226475279107 0.334951456311 0.0175438596491 0.0346740638003
0 0.25677830941 0.336338418863 0.0191387559809 0.0402219140083
0 0.277511961722 0.370319001387 0.0207336523126 0.0388349514563
0 0.32336523126 0.366158113731 0.0215311004785 0.0443828016644
0 0.285087719298 0.300970873786 0.0199362041467 0.0332871012483
0 0.34370015949 0.323162274619 0.0175438596491 0.0332871012483
0 0.346889952153 0.291262135922 0.0143540669856 0.0305131761442
0 0.38038277512 0.333564493759 0.0191387559809 0.0402219140083
0 0.400318979266 0.327323162275 0.0191387559809 0.0305131761442
0 0.399122807018 0.294036061026 0.0167464114833 0.0277392510402
0 0.38716108453 0.252427184466 0.0167464114833 0.0332871012483
0 0.416666666667 0.256588072122 0.0135566188198 0.0249653259362
0 0.429027113238 0.271844660194 0.0159489633174 0.0332871012483
0 0.429824561404 0.305131761442 0.0207336523126 0.0360610263523
0 0.437799043062 0.334951456311 0.0223285486443 0.0402219140083
0 0.492424242424 0.316227461859 0.0199362041467 0.0360610263523
0 0.462918660287 0.303051317614 0.0199362041467 0.0402219140083
0 0.454545454545 0.239944521498 0.0159489633174 0.0305131761442
0 0.465709728868 0.26213592233 0.0159489633174 0.0332871012483
0 0.494417862839 0.25520110957 0.0175438596491 0.0332871012483
0 0.508373205742 0.271151178918 0.0151515151515 0.0319001386963
0 0.508373205742 0.242024965326 0.0167464114833 0.0263522884882
0 0.52990430622 0.246879334258 0.0151515151515 0.0332871012483
0 0.543062200957 0.280166435506 0.0175438596491 0.0332871012483
0 0.563397129187 0.256588072122 0.0135566188198 0.0305131761442
0 0.560207336523 0.230235783634 0.011961722488 0.0249653259362
0 0.554625199362 0.217753120666 0.011961722488 0.0221914008322
0 0.571770334928 0.233703190014 0.0111642743222 0.0263522884882
0 0.584130781499 0.248959778086 0.0151515151515 0.0291262135922
0 0.58971291866 0.219140083218 0.011961722488 0.0249653259362
0 0.59370015949 0.205270457698 0.0135566188198 0.0249653259362
0 0.614433811802 0.212205270458 0.0135566188198 0.0277392510402
0 0.624401913876 0.22399445215 0.0111642743222 0.0291262135922
0 0.628389154705 0.24133148405 0.0143540669856 0.0277392510402
0 0.653907496013 0.22746185853 0.0159489633174 0.0277392510402
0 0.655901116427 0.205270457698 0.011961722488 0.0221914008322
0 0.668660287081 0.221914008322 0.011961722488 0.0277392510402
0 0.526714513557 0.343966712899 0.0231259968102 0.0471567267684
0 0.470494417863 0.398751733703 0.0287081339713 0.0596393897365
0 0.530701754386 0.404993065187 0.0295055821372 0.0554785020804
0 0.572966507177 0.440360610264 0.0311004784689 0.0651872399445
0 0.587320574163 0.375866851595 0.0279106858054 0.0499306518724
0 0.587320574163 0.323855755895 0.0231259968102 0.0374479889043
0 0.625199362041 0.295423023578 0.0207336523126 0.0416088765603
0 0.65350877193 0.277392510402 0.0167464114833 0.0332871012483
0 0.679425837321 0.298196948682 0.0175438596491 0.0388349514563
0 0.689792663477 0.294036061026 0.0159489633174 0.0360610263523
0 0.647129186603 0.364771151179 0.0263157894737 0.0554785020804
0 0.672248803828 0.352981969487 0.0223285486443 0.0540915395284
0 0.621610845295 0.457697642164 0.0311004784689 0.0665742024965
0 0.703349282297 0.393203883495 0.0271132376396 0.0540915395284
0 0.682615629984 0.530513176144 0.0350877192982 0.0651872399445
0 0.768740031898 0.420249653259 0.0255183413078 0.0610263522885
0 0.809011164274 0.492371705964 0.0358851674641 0.0721220527046
0 0.823763955343 0.452843273232 0.0271132376396 0.0540915395284
0 0.690590111643 0.247572815534 0.0127591706539 0.0291262135922
0 0.71331738437 0.251040221914 0.0167464114833 0.0332871012483
0 0.716905901116 0.236477115118 0.0143540669856 0.0291262135922
0 0.730462519936 0.229542302358 0.0111642743222 0.0291262135922
0 0.749601275917 0.273925104022 0.0143540669856 0.0319001386963
0 0.744816586922 0.26213592233 0.0127591706539 0.0221914008322
0 0.767942583732 0.26560332871 0.0159489633174 0.0291262135922
0 0.761961722488 0.23439667129 0.0151515151515 0.0277392510402
0 0.790669856459 0.24479889043 0.0151515151515 0.0263522884882
0 0.795055821372 0.298196948682 0.0175438596491 0.0416088765603
0 0.792264752791 0.352288488211 0.0231259968102 0.0443828016644
0 0.824960127592 0.308599167822 0.0167464114833 0.0374479889043
0 0.821371610845 0.255894590846 0.0143540669856 0.0319001386963
0 0.833333333333 0.269764216366 0.0143540669856 0.0346740638003
0 0.855661881978 0.249653259362 0.0143540669856 0.0277392510402
0 0.871212121212 0.271151178918 0.0135566188198 0.0319001386963
0 0.860446570973 0.309986130374 0.0143540669856 0.0319001386963
0 0.850079744817 0.346740638003 0.0207336523126 0.0443828016644
0 0.838118022329 0.371012482663 0.0207336523126 0.0457697642164
0 0.895933014354 0.452149791956 0.0295055821372 0.0582524271845
0 0.888755980861 0.382108183079 0.0247208931419 0.0540915395284
0 0.909090909091 0.348821081831 0.0175438596491 0.0402219140083
0 0.908692185008 0.324549237171 0.0215311004785 0.0471567267684
0 0.889154704944 0.300970873786 0.0159489633174 0.0305131761442
0 0.915470494418 0.271151178918 0.0127591706539 0.0263522884882
