0 0.887345679012 0.15335753176 0.011316872428 0.0308529945554
0 0.918724279835 0.168784029038 0.0123456790123 0.0290381125227
0 0.945987654321 0.196914700544 0.0133744855967 0.0344827586207
0 0.905349794239 0.176043557169 0.0144032921811 0.0362976406534
0 0.888888888889 0.222323049002 0.0164609053498 0.0417422867514
0 0.929526748971 0.26497277677 0.0174897119342 0.0471869328494
0 0.921296296296 0.322141560799 0.0195473251029 0.0562613430127
0 0.877572016461 0.300362976407 0.0185185185185 0.049001814882
0 0.849794238683 0.149727767695 0.0123456790123 0.0308529945554
0 0.856481481481 0.184210526316 0.0154320987654 0.038112522686
0 0.869341563786 0.172413793103 0.0144032921811 0.0362976406534
0 0.934156378601 0.239564428312 0.0164609053498 0.043557168784
0 0.833333333333 0.167876588022 0.0144032921811 0.0344827586207
0 0.84670781893 0.208711433757 0.0164609053498 0.0399274047187
0 0.838991769547 0.35390199637 0.0277777777778 0.0689655172414
0 0.856481481481 0.323049001815 0.0216049382716 0.0617059891107
0 0.761316872428 0.12613430127 0.0123456790123 0.02722323049
0 0.789094650206 0.135208711434 0.0123456790123 0.02722323049
0 0.753600823045 0.171506352087 0.0133744855967 0.0308529945554
0 0.770576131687 0.149727767695 0.0102880658436 0.0308529945554
0 0.789609053498 0.178765880218 0.0133744855967 0.038112522686
0 0.798868312757 0.196914700544 0.0154320987654 0.0453720508167
0 0.808127572016 0.156987295826 0.011316872428 0.0308529945554
0 0.817386831276 0.187840290381 0.0154320987654 0.0453720508167
0 0.797325102881 0.26497277677 0.0185185185185 0.05444646098
0 0.81378600823 0.253176043557 0.0185185185185 0.0526315789474
0 0.757201646091 0.331215970962 0.0267489711934 0.070780399274
0 0.727366255144 0.23502722323 0.0185185185185 0.049001814882
0 0.70524691358 0.208711433757 0.0174897119342 0.032667876588
0 0.710390946502 0.166061705989 0.0133744855967 0.038112522686
0 0.724279835391 0.140653357532 0.0123456790123 0.0344827586207
0 0.694444444444 0.120689655172 0.0123456790123 0.02722323049
0 0.675411522634 0.116152450091 0.00925925925926 0.0254083484574
0 0.649691358025 0.0998185117967 0.00925925925926 0.021778584392
0 0.619855967078 0.0961887477314 0.00925925925926 0.021778584392
0 0.635288065844 0.119782214156 0.011316872428 0.0254083484574
0 0.661008230453 0.131578947368 0.00925925925926 0.0235934664247
0 0.663065843621 0.184210526316 0.0133744855967 0.0344827586207
0 0.67695473251 0.211433756806 0.0164609053498 0.0417422867514
0 0.675925925926 0.259528130672 0.0205761316872 0.043557168784
0 0.683127572016 0.331215970962 0.0288065843621 0.070780399274
0 0.638374485597 0.291288566243 0.0277777777778 0.0635208711434
0 0.560699588477 0.120689655172 0.0082304526749 0.0235934664247
0 0.581275720165 0.13611615245 0.0102880658436 0.032667876588
0 0.600308641975 0.134301270417 0.0154320987654 0.0290381125227
0 0.612139917695 0.119782214156 0.0102880658436 0.0290381125227
0 0.625 0.151542649728 0.0133744855967 0.0308529945554
0 0.612139917695 0.164246823956 0.0123456790123 0.0344827586207
0 0.637860082305 0.196914700544 0.0164609053498 0.0417422867514
0 0.642489711934 0.244101633394 0.0195473251029 0.049001814882
0 0.598251028807 0.23502722323 0.0195473251029 0.0417422867514
0 0.587962962963 0.281306715064 0.0236625514403 0.05444646098
0 0.532407407407 0.26497277677 0.0216049382716 0.0508166969147
0 0.509259259259 0.208711433757 0.0185185185185 0.043557168784
0 0.524691358025 0.127041742287 0.0102880658436 0.0254083484574
0 0.542181069959 0.147005444646 0.0144032921811 0.0362976406534
0 0.552983539095 0.166969147005 0.0154320987654 0.0362976406534
0 0.538580246914 0.176950998185 0.0174897119342 0.038112522686
0 0.422839506173 0.149727767695 0.0102880658436 0.0235934664247
0 0.444958847737 0.168784029038 0.0133744855967 0.0290381125227
0 0.462962962963 0.177858439201 0.0144032921811 0.0290381125227
0 0.481481481481 0.185117967332 0.0144032921811 0.0399274047187
0 0.479423868313 0.127041742287 0.0082304526749 0.021778584392
0 0.504115226337 0.134301270417 0.0102880658436 0.0254083484574
0 0.502572016461 0.150635208711 0.0133744855967 0.0290381125227
0 0.451646090535 0.206896551724 0.0164609053498 0.043557168784
0 0.411008230453 0.215970961887 0.0154320987654 0.0399274047187
0 0.32304526749 0.189655172414 0.0123456790123 0.0308529945554
0 0.317901234568 0.229582577132 0.0144032921811 0.0308529945554
0 0.354423868313 0.196914700544 0.0133744855967 0.0308529945554
0 0.186728395062 0.374773139746 0.0401234567901 0.0889292196007
0 0.708333333333 0.117967332123 0.00925925925926 0.0181488203267
