0 0.0832012678288 0.453212290503 0.041204437401 0.090782122905
0 0.287242472266 0.266759776536 0.0245641838352 0.0391061452514
0 0.310221870048 0.218575418994 0.0198098256735 0.0377094972067
0 0.347464342314 0.210195530726 0.0182250396197 0.0349162011173
0 0.337163232964 0.254888268156 0.0198098256735 0.0349162011173
0 0.369255150555 0.269553072626 0.0221870047544 0.0502793296089
0 0.368066561014 0.211592178771 0.0182250396197 0.0377094972067
0 0.398969889065 0.220670391061 0.0213946117274 0.036312849162
0 0.390253565769 0.276536312849 0.0277337559429 0.0418994413408
0 0.421156893819 0.18156424581 0.0150554675119 0.036312849162
0 0.449683042789 0.211592178771 0.0182250396197 0.0460893854749
0 0.477416798732 0.223463687151 0.0166402535658 0.0335195530726
0 0.466323296355 0.13687150838 0.0150554675119 0.0335195530726
0 0.484944532488 0.131983240223 0.0158478605388 0.0293296089385
0 0.493264659271 0.150139664804 0.0150554675119 0.0321229050279
0 0.502773375594 0.134078212291 0.0150554675119 0.0251396648045
0 0.522187004754 0.130586592179 0.0142630744849 0.0209497206704
0 0.502377179081 0.18156424581 0.0285261489699 0.0391061452514
0 0.539619651347 0.164106145251 0.0158478605388 0.0349162011173
0 0.552297939778 0.124301675978 0.0158478605388 0.0279329608939
0 0.562995245642 0.134776536313 0.0229793977813 0.0293296089385
0 0.556656101426 0.182262569832 0.0182250396197 0.0377094972067
0 0.572900158479 0.115921787709 0.0142630744849 0.0251396648045
0 0.589936608558 0.101955307263 0.0213946117274 0.0279329608939
0 0.604199683043 0.122206703911 0.0213946117274 0.0377094972067
0 0.610935023772 0.141061452514 0.0126782884311 0.0251396648045
0 0.637876386688 0.0949720670391 0.0126782884311 0.0251396648045
0 0.660459587956 0.106145251397 0.013470681458 0.0307262569832
0 0.646988906498 0.129888268156 0.0150554675119 0.0279329608939
0 0.671553090333 0.115921787709 0.0103011093502 0.0223463687151
0 0.696117274168 0.10405027933 0.0103011093502 0.0209497206704
0 0.557844690967 0.227653631285 0.0221870047544 0.0446927374302
0 0.559033280507 0.273044692737 0.0229793977813 0.0460893854749
0 0.61529318542 0.236033519553 0.0245641838352 0.0502793296089
0 0.614500792393 0.206005586592 0.0213946117274 0.0432960893855
0 0.679080824089 0.19343575419 0.0221870047544 0.0405027932961
0 0.659270998415 0.262569832402 0.0253565768621 0.0474860335196
0 0.627575277338 0.340083798883 0.0301109350238 0.0488826815642
0 0.705625990491 0.219972067039 0.0229793977813 0.0349162011173
0 0.708003169572 0.161312849162 0.0182250396197 0.0377094972067
0 0.72028526149 0.184357541899 0.0206022187005 0.0335195530726
0 0.731378763867 0.137569832402 0.0190174326466 0.0321229050279
0 0.75118858954 0.134776536313 0.0206022187005 0.0377094972067
0 0.780110935024 0.111731843575 0.0166402535658 0.0251396648045
0 0.777337559429 0.145251396648 0.0221870047544 0.0418994413408
0 0.748019017433 0.239525139665 0.0285261489699 0.0516759776536
0 0.802297939778 0.280027932961 0.0261489698891 0.0488826815642
0 0.800713153724 0.115921787709 0.0182250396197 0.0335195530726
0 0.809033280507 0.156424581006 0.0206022187005 0.0307262569832
0 0.837163232964 0.23812849162 0.0229793977813 0.0488826815642
0 0.825277337559 0.133379888268 0.0150554675119 0.0349162011173
0 0.858557844691 0.136173184358 0.0198098256735 0.0293296089385
0 0.855388272583 0.166201117318 0.0150554675119 0.0307262569832
0 0.896592709984 0.140363128492 0.013470681458 0.0349162011173
0 0.887876386688 0.188547486034 0.0150554675119 0.0251396648045
0 0.828050713154 0.300279329609 0.0253565768621 0.0474860335196
0 0.840332805071 0.360335195531 0.0229793977813 0.0642458100559
0 0.884310618067 0.331005586592 0.0301109350238 0.0642458100559
0 0.888668779715 0.442039106145 0.0356576862124 0.0768156424581
0 0.87559429477 0.244413407821 0.0237717908082 0.0502793296089
0 0.912836767036 0.231145251397 0.0237717908082 0.0432960893855
0 0.929080824089 0.197625698324 0.0118858954041 0.0321229050279
0 0.93264659271 0.150139664804 0.00792393026941 0.0265363128492
0 0.905705229794 0.296089385475 0.026941362916 0.0614525139665
0 0.862123613312 0.20251396648 0.0190174326466 0.036312849162
0 0.773771790808 0.217877094972 0.0309033280507 0.0586592178771
0 0.752773375594 0.175279329609 0.0253565768621 0.0405027932961
0 0.804278922345 0.243016759777 0.0237717908082 0.0446927374302
0 0.827258320127 0.209497206704 0.0253565768621 0.0391061452514
0 0.580427892235 0.147346368715 0.0309033280507 0.0377094972067
0 0.469889064976 0.164804469274 0.0190174326466 0.0307262569832
0 0.43264659271 0.182262569832 0.0253565768621 0.0349162011173
0 0.453645007924 0.185055865922 0.0150554675119 0.0293296089385
0 0.61648177496 0.0956703910615 0.0206022187005 0.0237430167598
0 0.713549920761 0.134776536313 0.0213946117274 0.0293296089385
