0 0.176470588235 0.38698630137 0.0325077399381 0.0479452054795
0 0.170665634675 0.347260273973 0.0255417956656 0.0315068493151
0 0.208591331269 0.299315068493 0.0255417956656 0.0397260273973
0 0.223684210526 0.328767123288 0.0247678018576 0.0465753424658
0 0.280185758514 0.271232876712 0.0170278637771 0.0383561643836
0 0.301857585139 0.245205479452 0.0185758513932 0.0328767123288
0 0.328560371517 0.255479452055 0.0208978328173 0.0452054794521
0 0.355263157895 0.258904109589 0.0201238390093 0.041095890411
0 0.402476780186 0.235616438356 0.0232198142415 0.0520547945205
0 0.431501547988 0.247260273973 0.0286377708978 0.0506849315068
0 0.324303405573 0.357534246575 0.0263157894737 0.0547945205479
0 0.36726006192 0.447260273973 0.0410216718266 0.072602739726
0 0.346749226006 0.552054794521 0.0526315789474 0.0931506849315
