0 0.422574626866 0.22632423756 0.0186567164179 0.0353130016051
0 0.511194029851 0.178972712681 0.0242537313433 0.0465489566613
0 0.63526119403 0.142054574639 0.0130597014925 0.0272873194222
0 0.65578358209 0.147672552167 0.0149253731343 0.0256821829856
0 0.663712686567 0.125200642055 0.0139925373134 0.0224719101124
0 0.77098880597 0.142857142857 0.0121268656716 0.0256821829856
0 0.78078358209 0.15569823435 0.0111940298507 0.0256821829856
0 0.84421641791 0.254414125201 0.0186567164179 0.0401284109149
0 0.903451492537 0.252006420546 0.0158582089552 0.0353130016051
0 0.935634328358 0.257624398074 0.0167910447761 0.0369181380417
0 0.909981343284 0.22632423756 0.0121268656716 0.0256821829856
