0 0.0788246268657 0.386477462437 0.0326492537313 0.0617696160267
0 0.28078358209 0.245409015025 0.0149253731343 0.0333889816361
0 0.300373134328 0.243739565943 0.0149253731343 0.0400667779633
0 0.308768656716 0.258764607679 0.0167910447761 0.0367278797997
0 0.361940298507 0.256260434057 0.0205223880597 0.0383973288815
0 0.375932835821 0.242070116861 0.0167910447761 0.0333889816361
0 0.381996268657 0.282136894825 0.0214552238806 0.0434056761269
0 0.388059701493 0.178631051753 0.0167910447761 0.0300500834725
0 0.40671641791 0.186978297162 0.0186567164179 0.0333889816361
0 0.429104477612 0.171953255426 0.0205223880597 0.0400667779633
0 0.448694029851 0.217863105175 0.0186567164179 0.0383973288815
0 0.452425373134 0.177796327212 0.0149253731343 0.0383973288815
0 0.471082089552 0.181969949917 0.0167910447761 0.0367278797997
0 0.476679104478 0.228714524207 0.0223880597015 0.0400667779633
0 0.472947761194 0.136060100167 0.0130597014925 0.0283806343907
0 0.482742537313 0.146076794658 0.0158582089552 0.0283806343907
0 0.506529850746 0.179465776294 0.0186567164179 0.0417362270451
0 0.53171641791 0.186978297162 0.0205223880597 0.0400667779633
0 0.545708955224 0.169449081803 0.0167910447761 0.0383973288815
0 0.505597014925 0.122704507513 0.0149253731343 0.0283806343907
0 0.519589552239 0.139398998331 0.0111940298507 0.025041736227
0 0.528917910448 0.149415692821 0.0167910447761 0.0283806343907
0 0.567630597015 0.170283806344 0.017723880597 0.0367278797997
0 0.550373134328 0.123539232053 0.0130597014925 0.0267111853088
0 0.56203358209 0.12020033389 0.0139925373134 0.0233722871452
0 0.582555970149 0.133555926544 0.0158582089552 0.0333889816361
0 0.59328358209 0.113522537563 0.0111940298507 0.0300500834725
0 0.597947761194 0.0959933222037 0.0111940298507 0.0217028380634
0 0.615205223881 0.124373956594 0.0102611940299 0.025041736227
0 0.627798507463 0.146076794658 0.0149253731343 0.0317195325543
0 0.641324626866 0.110183639399 0.0121268656716 0.0333889816361
0 0.648320895522 0.0968280467446 0.0130597014925 0.0267111853088
0 0.665578358209 0.107679465776 0.0102611940299 0.0317195325543
0 0.658115671642 0.124373956594 0.0102611940299 0.025041736227
0 0.70802238806 0.100166944908 0.0111940298507 0.0300500834725
0 0.655317164179 0.166110183639 0.0214552238806 0.0450751252087
0 0.511660447761 0.283806343907 0.0251865671642 0.0567612687813
0 0.565764925373 0.292988313856 0.0233208955224 0.0517529215359
0 0.579291044776 0.237896494157 0.0242537313433 0.0383973288815
0 0.630597014925 0.238731218698 0.0205223880597 0.0333889816361
0 0.636660447761 0.293823038397 0.027052238806 0.0500834724541
0 0.631063432836 0.196994991653 0.0158582089552 0.0400667779633
0 0.657649253731 0.212020033389 0.0186567164179 0.0400667779633
0 0.679570895522 0.152754590985 0.017723880597 0.0383973288815
0 0.703824626866 0.165275459098 0.0158582089552 0.0400667779633
0 0.727145522388 0.160267111853 0.017723880597 0.0333889816361
0 0.730876865672 0.196994991653 0.0195895522388 0.0434056761269
0 0.706156716418 0.224540901503 0.0186567164179 0.0417362270451
0 0.735541044776 0.244574290484 0.0214552238806 0.0484140233723
0 0.695895522388 0.303005008347 0.0298507462687 0.0617696160267
0 0.746268656716 0.364774624374 0.0317164179104 0.0751252086811
0 0.782649253731 0.292988313856 0.0298507462687 0.0617696160267
0 0.819496268657 0.348080133556 0.0345149253731 0.0584307178631
0 0.764925373134 0.213689482471 0.0223880597015 0.0567612687813
0 0.786847014925 0.19449081803 0.0195895522388 0.0450751252087
0 0.815764925373 0.246243739566 0.0214552238806 0.0484140233723
0 0.830223880597 0.199499165275 0.0167910447761 0.0450751252087
0 0.81203358209 0.137729549249 0.0139925373134 0.0350584307179
0 0.786380597015 0.139398998331 0.0149253731343 0.0317195325543
0 0.767257462687 0.125208681135 0.0139925373134 0.0300500834725
0 0.73927238806 0.133555926544 0.0158582089552 0.0367278797997
0 0.744402985075 0.113522537563 0.0149253731343 0.0300500834725
0 0.855876865672 0.283806343907 0.0214552238806 0.0567612687813
0 0.919309701493 0.412353923205 0.0382462686567 0.0734557595993
0 0.911380597015 0.28714524207 0.0242537313433 0.0567612687813
0 0.873134328358 0.206176961603 0.0186567164179 0.0350584307179
0 0.855410447761 0.164440734558 0.0130597014925 0.0350584307179
0 0.858675373134 0.141068447412 0.0121268656716 0.0283806343907
0 0.867070895522 0.124373956594 0.0139925373134 0.0317195325543
0 0.83302238806 0.133555926544 0.0149253731343 0.0333889816361
0 0.889925373134 0.186143572621 0.0167910447761 0.0317195325543
0 0.894123134328 0.159432387312 0.0139925373134 0.0317195325543
0 0.905317164179 0.146911519199 0.0121268656716 0.0300500834725
0 0.931902985075 0.160267111853 0.0111940298507 0.0233722871452
0 0.923507462687 0.205342237062 0.0186567164179 0.0367278797997
0 0.920708955224 0.257095158598 0.0167910447761 0.0367278797997
