0 0.380751173709 0.216639209226 0.0159624413146 0.0345963756178
0 0.459154929577 0.219934102142 0.018779342723 0.0345963756178
0 0.545539906103 0.126853377265 0.0150234741784 0.0263591433278
0 0.556807511737 0.140032948929 0.0150234741784 0.0263591433278
0 0.484976525822 0.309719934102 0.0272300469484 0.0461285008237
0 0.546009389671 0.327018121911 0.0291079812207 0.0543657331137
0 0.607981220657 0.27018121911 0.0272300469484 0.0527182866557
0 0.594366197183 0.389621087315 0.037558685446 0.0609555189456
0 0.801877934272 0.27018121911 0.0262910798122 0.0560131795717
0 0.861971830986 0.302306425041 0.0262910798122 0.0543657331137
0 0.91220657277 0.14744645799 0.0178403755869 0.0313014827018
0 0.939436619718 0.157331136738 0.01220657277 0.0378912685338
