0 0.803985171455 0.246677740864 0.0305838739574 0.0813953488372
0 0.858665430955 0.272425249169 0.0361445783133 0.0863787375415
0 0.681186283596 0.0481727574751 0.0111214087118 0.0265780730897
0 0.663577386469 0.110465116279 0.014828544949 0.0348837209302
0 0.71686746988 0.122093023256 0.0139017608897 0.0382059800664
0 0.367006487488 0.171926910299 0.0129749768304 0.031561461794
0 0.426784059314 0.167774086379 0.0157553290083 0.0365448504983
0 0.139481000927 0.364617940199 0.0268767377201 0.0747508305648
0 0.103336422614 0.383720930233 0.0231696014829 0.0531561461794
0 0.0857275254866 0.447674418605 0.0231696014829 0.0514950166113
0 0.170064874884 0.490863787375 0.0342910101946 0.078073089701
0 0.201112140871 0.343853820598 0.0203892493049 0.0531561461794
0 0.223818350324 0.336378737542 0.0231696014829 0.0647840531561
