0 0.0391595033429 0.368552412646 0.0305635148042 0.0648918469218
0 0.0553963705826 0.369384359401 0.0267430754537 0.0565723793677
0 0.43935052531 0.252079866889 0.0248328557784 0.0515806988353
0 0.468003820439 0.217970049917 0.0210124164279 0.0465890183028
0 0.397325692455 0.198003327787 0.0210124164279 0.0399334442596
0 0.592168099331 0.320299500832 0.03629417383 0.0915141430948
0 0.609837631328 0.246256239601 0.0296084049666 0.0565723793677
0 0.588347659981 0.127287853577 0.0133715377268 0.0249584026622
0 0.630372492837 0.0948419301165 0.0171919770774 0.0332778702163
0 0.71776504298 0.169717138103 0.0200573065903 0.0465890183028
