0 0.0370196813496 0.379396984925 0.0234301780694 0.0519262981575
0 0.0637300843486 0.378559463987 0.0262417994377 0.0502512562814
0 0.38847235239 0.293969849246 0.0215557638238 0.0452261306533
0 0.386597938144 0.211055276382 0.0121836925961 0.0301507537688
0 0.458762886598 0.226130653266 0.0196813495783 0.036850921273
0 0.577319587629 0.13567839196 0.0112464854733 0.0201005025126
0 0.698219306467 0.179229480737 0.0187441424555 0.036850921273
0 0.598875351453 0.257118927973 0.0224929709466 0.0385259631491
0 0.583880037488 0.294807370184 0.0318650421743 0.0603015075377
0 0.495782567948 0.0820770519263 0.00937207122774 0.0167504187605
