0 0.20230105465 0.487664473684 0.046021093001 0.0871710526316
0 0.30393096836 0.244243421053 0.0191754554171 0.0345394736842
0 0.341323106424 0.277138157895 0.0210930009588 0.0411184210526
0 0.434324065197 0.282072368421 0.0230105465005 0.0411184210526
0 0.391179290508 0.207236842105 0.0153403643337 0.0328947368421
0 0.43288590604 0.217927631579 0.0143815915628 0.0345394736842
0 0.453499520614 0.223684210526 0.0172579098754 0.0361842105263
0 0.455417066155 0.189967105263 0.0172579098754 0.03125
0 0.437200383509 0.173519736842 0.0153403643337 0.03125
0 0.484180249281 0.193256578947 0.0153403643337 0.0279605263158
0 0.462607861937 0.158717105263 0.0124640460211 0.0279605263158
0 0.480824544583 0.157894736842 0.0143815915628 0.0296052631579
0 0.510067114094 0.167763157895 0.0134228187919 0.0328947368421
0 0.494247363375 0.135690789474 0.0124640460211 0.0246710526316
0 0.568072866731 0.150493421053 0.0124640460211 0.0246710526316
0 0.591083413231 0.159539473684 0.0162991371045 0.0296052631579
0 0.544103547459 0.147203947368 0.0124640460211 0.0279605263158
0 0.551294343241 0.126644736842 0.0134228187919 0.0263157894737
0 0.572866730585 0.126644736842 0.0162991371045 0.0197368421053
0 0.60690316395 0.0616776315789 0.0115052732502 0.0213815789474
0 0.649568552253 0.0600328947368 0.0124640460211 0.0279605263158
0 0.632790028763 0.118421052632 0.0153403643337 0.0263157894737
0 0.622243528284 0.143914473684 0.0115052732502 0.0246710526316
0 0.60067114094 0.125 0.0124640460211 0.0230263157895
0 0.489932885906 0.326480263158 0.0249280920422 0.0444078947368
0 0.568072866731 0.303453947368 0.0278044103547 0.0509868421053
0 0.57334611697 0.249177631579 0.0210930009588 0.0378289473684
0 0.616970278044 0.250822368421 0.0182166826462 0.0378289473684
0 0.631351869607 0.303453947368 0.025886864813 0.0542763157895
0 0.674976030681 0.263980263158 0.0210930009588 0.0509868421053
0 0.634228187919 0.199013157895 0.0220517737296 0.0361842105263
0 0.679769894535 0.210526315789 0.0210930009588 0.0328947368421
0 0.718120805369 0.203125 0.0172579098754 0.0411184210526
0 0.701342281879 0.161184210526 0.0162991371045 0.0328947368421
0 0.708053691275 0.106907894737 0.0143815915628 0.0296052631579
0 0.73058485139 0.146381578947 0.0134228187919 0.0263157894737
0 0.74209012464 0.180098684211 0.0134228187919 0.03125
0 0.762703739214 0.191611842105 0.0182166826462 0.0279605263158
0 0.771812080537 0.152960526316 0.0134228187919 0.0263157894737
0 0.754074784276 0.120065789474 0.0143815915628 0.0296052631579
0 0.770373921381 0.114309210526 0.0124640460211 0.03125
0 0.776126558006 0.182565789474 0.0124640460211 0.0263157894737
0 0.818312559923 0.190789473684 0.0201342281879 0.0394736842105
0 0.832694151486 0.134046052632 0.0124640460211 0.0213815789474
0 0.850431447747 0.153782894737 0.0134228187919 0.0279605263158
0 0.871524448706 0.1875 0.0153403643337 0.0296052631579
0 0.895493767977 0.234375 0.0172579098754 0.03125
0 0.908916586769 0.194901315789 0.0153403643337 0.0411184210526
0 0.945349952061 0.199835526316 0.0172579098754 0.0345394736842
0 0.793384467881 0.316611842105 0.0220517737296 0.0476973684211
0 0.734419942474 0.284539473684 0.0210930009588 0.0526315789474
0 0.479865771812 0.216282894737 0.0201342281879 0.0378289473684
