0 0.199317738791 0.435264054514 0.0536062378168 0.103918228279
0 0.257797270955 0.268313458262 0.0185185185185 0.0357751277683
0 0.285087719298 0.253833049404 0.0204678362573 0.0340715502555
0 0.313352826511 0.258943781942 0.0204678362573 0.0340715502555
0 0.325048732943 0.270868824532 0.0204678362573 0.0374787052811
0 0.346978557505 0.276831345826 0.0272904483431 0.0425894378194
0 0.372807017544 0.273424190801 0.0224171539961 0.0391822827939
0 0.405945419103 0.283645655877 0.0243664717349 0.045996592845
0 0.308479532164 0.229982964225 0.0185185185185 0.03066439523
0 0.333333333333 0.229982964225 0.0194931773879 0.0340715502555
0 0.37962962963 0.201022146508 0.0224171539961 0.0408858603066
0 0.42738791423 0.252129471891 0.0204678362573 0.0408858603066
0 0.466374269006 0.229131175468 0.0224171539961 0.0494037478705
0 0.421539961014 0.217206132879 0.0185185185185 0.0357751277683
0 0.425925925926 0.192504258944 0.0175438596491 0.0340715502555
0 0.407894736842 0.175468483816 0.0146198830409 0.0272572402044
0 0.453703703704 0.158432708688 0.0165692007797 0.0374787052811
0 0.474171539961 0.156729131175 0.0165692007797 0.0340715502555
0 0.509746588694 0.183134582624 0.0175438596491 0.0323679727428
0 0.481481481481 0.206132879046 0.0175438596491 0.0477001703578
0 0.546783625731 0.189948892675 0.0194931773879 0.0391822827939
0 0.505847953216 0.128620102215 0.0155945419103 0.0289608177172
0 0.515107212476 0.134582623509 0.0126705653021 0.0238500851789
0 0.554093567251 0.149063032368 0.0185185185185 0.0357751277683
0 0.530701754386 0.15332197615 0.0146198830409 0.03066439523
0 0.59649122807 0.16269165247 0.0175438596491 0.0323679727428
0 0.583333333333 0.130323679727 0.0146198830409 0.0221465076661
0 0.601851851852 0.103066439523 0.0165692007797 0.0289608177172
0 0.615009746589 0.124361158433 0.0116959064327 0.0238500851789
0 0.609161793372 0.151618398637 0.0136452241715 0.03066439523
0 0.628167641326 0.14139693356 0.0146198830409 0.0238500851789
0 0.647660818713 0.112436115843 0.0126705653021 0.0272572402044
0 0.665692007797 0.124361158433 0.0155945419103 0.0272572402044
0 0.528752436647 0.284497444634 0.0263157894737 0.0511073253833
0 0.559454191033 0.3066439523 0.0311890838207 0.0579216354344
0 0.576510721248 0.246166950596 0.0263157894737 0.045996592845
0 0.628167641326 0.212947189097 0.0224171539961 0.0442930153322
0 0.650097465887 0.177172061329 0.0214424951267 0.0408858603066
0 0.66179337232 0.229982964225 0.0214424951267 0.0477001703578
0 0.633528265107 0.257240204429 0.0253411306043 0.0442930153322
0 0.655945419103 0.271720613288 0.0253411306043 0.0425894378194
0 0.671539961014 0.333901192504 0.0350877192982 0.0817717206133
0 0.711500974659 0.287904599659 0.0331384015595 0.06132879046
0 0.711988304094 0.23339011925 0.0282651072125 0.0579216354344
0 0.685185185185 0.167802385009 0.0194931773879 0.0391822827939
0 0.717348927875 0.190800681431 0.0194931773879 0.0442930153322
0 0.733918128655 0.160136286201 0.0175438596491 0.0408858603066
0 0.749025341131 0.152470187394 0.0165692007797 0.0357751277683
0 0.766081871345 0.179727427598 0.0194931773879 0.0391822827939
0 0.744152046784 0.198466780239 0.0185185185185 0.0357751277683
0 0.750487329435 0.246166950596 0.0233918128655 0.0494037478705
0 0.783625730994 0.293867120954 0.0272904483431 0.0562180579216
0 0.789961013645 0.348381601363 0.0458089668616 0.0868824531516
0 0.862573099415 0.298126064736 0.0272904483431 0.0579216354344
0 0.828460038986 0.234241908007 0.0233918128655 0.0528109028961
0 0.788499025341 0.190800681431 0.0214424951267 0.0442930153322
0 0.771442495127 0.125212947189 0.0165692007797 0.0323679727428
0 0.79044834308 0.149914821124 0.0175438596491 0.0374787052811
0 0.801656920078 0.131175468484 0.0185185185185 0.0340715502555
0 0.810428849903 0.17206132879 0.0185185185185 0.0408858603066
0 0.827972709552 0.170357751278 0.0165692007797 0.0374787052811
0 0.83820662768 0.14139693356 0.0136452241715 0.0374787052811
0 0.854288499025 0.180579216354 0.0165692007797 0.0408858603066
0 0.846003898635 0.215502555366 0.0155945419103 0.0357751277683
0 0.875730994152 0.241056218058 0.0224171539961 0.0562180579216
0 0.887426900585 0.221465076661 0.0146198830409 0.0374787052811
0 0.894736842105 0.1933560477 0.0136452241715 0.0289608177172
0 0.915692007797 0.272572402044 0.0204678362573 0.0511073253833
0 0.884015594542 0.152470187394 0.0175438596491 0.0425894378194
