0 0.0402621722846 0.404485049834 0.0374531835206 0.0747508305648
0 0.26170411985 0.289867109635 0.0215355805243 0.0382059800664
0 0.283239700375 0.279900332226 0.0196629213483 0.0448504983389
0 0.303370786517 0.263289036545 0.0168539325843 0.0448504983389
0 0.325842696629 0.268272425249 0.0205992509363 0.0415282392027
0 0.34456928839 0.286544850498 0.0224719101124 0.0382059800664
0 0.3984082397 0.309800664452 0.0252808988764 0.0514950166113
0 0.326779026217 0.225913621262 0.0168539325843 0.0365448504983
0 0.345973782772 0.220099667774 0.0159176029963 0.0415282392027
0 0.354400749064 0.24584717608 0.0196629213483 0.0398671096346
0 0.373595505618 0.233388704319 0.0168539325843 0.0348837209302
0 0.419943820225 0.226744186047 0.0177902621723 0.0415282392027
0 0.452247191011 0.226744186047 0.0224719101124 0.0415282392027
0 0.408707865169 0.181063122924 0.0159176029963 0.0332225913621
0 0.427902621723 0.185215946844 0.0168539325843 0.0348837209302
0 0.463951310861 0.199335548173 0.0177902621723 0.0365448504983
0 0.458333333333 0.169435215947 0.0140449438202 0.0232558139535
0 0.499531835206 0.238372093023 0.0215355805243 0.0481727574751
0 0.483146067416 0.170265780731 0.0149812734082 0.031561461794
0 0.472846441948 0.151162790698 0.0131086142322 0.0299003322259
0 0.452715355805 0.145348837209 0.0121722846442 0.0282392026578
0 0.48829588015 0.140365448505 0.0159176029963 0.0282392026578
0 0.52808988764 0.142857142857 0.0187265917603 0.0332225913621
0 0.534176029963 0.177740863787 0.0196629213483 0.0332225913621
0 0.542134831461 0.204318936877 0.0205992509363 0.0398671096346
0 0.573033707865 0.167774086379 0.0205992509363 0.0365448504983
0 0.583333333333 0.156146179402 0.0131086142322 0.0299003322259
0 0.559456928839 0.147009966777 0.0140449438202 0.0282392026578
0 0.551966292135 0.137043189369 0.0140449438202 0.0282392026578
0 0.569756554307 0.119601328904 0.0121722846442 0.0265780730897
0 0.588951310861 0.135382059801 0.0131086142322 0.0249169435216
0 0.623127340824 0.147009966777 0.0177902621723 0.0382059800664
0 0.632490636704 0.132890365449 0.0159176029963 0.0265780730897
0 0.640917602996 0.107973421927 0.0140449438202 0.0332225913621
0 0.619850187266 0.108803986711 0.0131086142322 0.031561461794
0 0.598314606742 0.107142857143 0.0149812734082 0.0348837209302
0 0.672284644195 0.128737541528 0.0149812734082 0.0348837209302
0 0.689606741573 0.106312292359 0.0159176029963 0.0332225913621
0 0.686329588015 0.144518272425 0.0149812734082 0.0332225913621
0 0.711142322097 0.141196013289 0.0159176029963 0.0365448504983
0 0.647003745318 0.178571428571 0.0187265917603 0.0448504983389
0 0.625468164794 0.196013289037 0.0187265917603 0.0431893687708
0 0.604400749064 0.258305647841 0.0271535580524 0.0514950166113
0 0.565543071161 0.240863787375 0.0224719101124 0.046511627907
0 0.562734082397 0.302325581395 0.0262172284644 0.0564784053156
0 0.490168539326 0.308139534884 0.0308988764045 0.0614617940199
0 0.605805243446 0.332225913621 0.0299625468165 0.0598006644518
0 0.677434456929 0.345514950166 0.0383895131086 0.0730897009967
0 0.677902621723 0.247508305648 0.0243445692884 0.0498338870432
0 0.711142322097 0.295681063123 0.0290262172285 0.0598006644518
0 0.668539325843 0.214285714286 0.0205992509363 0.0498338870432
0 0.692883895131 0.222591362126 0.0205992509363 0.0531561461794
0 0.695692883895 0.186877076412 0.0187265917603 0.0415282392027
0 0.733146067416 0.158637873754 0.0149812734082 0.0382059800664
0 0.742509363296 0.205980066445 0.0205992509363 0.0498338870432
0 0.760299625468 0.235880398671 0.0224719101124 0.046511627907
0 0.771535580524 0.286544850498 0.0262172284644 0.0548172757475
0 0.798220973783 0.177740863787 0.0177902621723 0.0498338870432
0 0.755617977528 0.159468438538 0.0187265917603 0.0431893687708
0 0.741104868914 0.132059800664 0.0177902621723 0.0348837209302
0 0.74765917603 0.116279069767 0.0196629213483 0.0365448504983
0 0.76872659176 0.137873754153 0.0149812734082 0.0398671096346
0 0.793071161049 0.129568106312 0.0149812734082 0.0398671096346
0 0.812734082397 0.142026578073 0.0149812734082 0.0282392026578
0 0.821629213483 0.171096345515 0.0140449438202 0.0299003322259
0 0.829588014981 0.135382059801 0.0168539325843 0.0415282392027
0 0.853464419476 0.161129568106 0.0196629213483 0.0431893687708
0 0.852059925094 0.197674418605 0.0205992509363 0.0431893687708
0 0.875 0.231727574751 0.0215355805243 0.0481727574751
0 0.875 0.200996677741 0.0196629213483 0.0398671096346
0 0.867509363296 0.15780730897 0.0159176029963 0.0332225913621
0 0.871254681648 0.130398671096 0.0177902621723 0.0382059800664
0 0.897471910112 0.136212624585 0.0140449438202 0.0332225913621
0 0.894662921348 0.173588039867 0.0196629213483 0.0415282392027
0 0.933988764045 0.171926910299 0.0140449438202 0.0348837209302
0 0.933052434457 0.281561461794 0.0234082397004 0.0548172757475
