0 0.271665043817 0.231433506045 0.0175267770204 0.0345423143351
0 0.321324245375 0.208981001727 0.0136319376826 0.027633851468
0 0.347614410906 0.234887737478 0.0155793573515 0.027633851468
0 0.361733203505 0.19689119171 0.0126582278481 0.0379965457686
0 0.378773125609 0.179620034542 0.0136319376826 0.0241796200345
0 0.394839337877 0.194300518135 0.0126582278481 0.0259067357513
0 0.407497565725 0.236614853195 0.016553067186 0.0449050086356
0 0.418208373905 0.214162348877 0.014605647517 0.027633851468
0 0.410905550146 0.166666666667 0.0116845180136 0.0259067357513
0 0.427458617332 0.147668393782 0.0116845180136 0.0259067357513
0 0.440603700097 0.171848013817 0.0107108081792 0.0293609671848
0 0.44888023369 0.204663212435 0.0175267770204 0.0293609671848
0 0.438656280428 0.259930915371 0.016553067186 0.0397236614853
0 0.482960077897 0.222797927461 0.0175267770204 0.0345423143351
0 0.540895813048 0.291018998273 0.0360272638754 0.0673575129534
0 0.571567672833 0.277202072539 0.0194741966894 0.0604490500864
0 0.470301850049 0.182210708117 0.0175267770204 0.0293609671848
0 0.469328140214 0.142487046632 0.00973709834469 0.0259067357513
0 0.486854917235 0.151986183074 0.0116845180136 0.0345423143351
0 0.518987341772 0.130397236615 0.0116845180136 0.0259067357513
0 0.510710808179 0.189982728843 0.0126582278481 0.0379965457686
0 0.525803310613 0.169257340242 0.0116845180136 0.0310880829016
0 0.54576436222 0.184801381693 0.0126582278481 0.0345423143351
0 0.584225900682 0.1701208981 0.0116845180136 0.0293609671848
0 0.570593962999 0.140759930915 0.0116845180136 0.0293609671848
0 0.557448880234 0.121761658031 0.0107108081792 0.0259067357513
0 0.542843232717 0.133851468048 0.0107108081792 0.0224525043178
0 0.502921129503 0.13298791019 0.0107108081792 0.0172711571675
0 0.591041869523 0.118307426598 0.0136319376826 0.0189982728843
0 0.593962999026 0.137305699482 0.0116845180136 0.0259067357513
0 0.61100292113 0.113989637306 0.00876338851022 0.0241796200345
0 0.601752677702 0.103626943005 0.00778967867575 0.020725388601
0 0.634371957157 0.125215889465 0.0107108081792 0.0189982728843
0 0.638753651412 0.112262521589 0.0116845180136 0.0241796200345
0 0.66017526777 0.113989637306 0.0136319376826 0.0241796200345
0 0.683544303797 0.102763385147 0.0116845180136 0.0189982728843
0 0.687439143135 0.121761658031 0.00973709834469 0.0259067357513
0 0.714216163583 0.113989637306 0.014605647517 0.027633851468
0 0.640214216164 0.149395509499 0.0107108081792 0.0259067357513
0 0.654819863681 0.143350604491 0.0107108081792 0.0310880829016
0 0.62317429406 0.145077720207 0.0136319376826 0.0241796200345
0 0.588607594937 0.23402417962 0.014605647517 0.0328151986183
0 0.612463485881 0.258203799655 0.0194741966894 0.0466321243523
0 0.634371957157 0.20207253886 0.014605647517 0.0449050086356
0 0.658227848101 0.188255613126 0.0155793573515 0.0379965457686
0 0.666504381694 0.220207253886 0.0185004868549 0.0431778929188
0 0.685491723466 0.26079447323 0.0175267770204 0.0449050086356
0 0.708373904576 0.233160621762 0.0185004868549 0.0483592400691
0 0.710321324245 0.194300518135 0.0126582278481 0.0259067357513
0 0.696689386563 0.168393782383 0.014605647517 0.0328151986183
0 0.729795520935 0.145941278066 0.0107108081792 0.0328151986183
0 0.741480038948 0.140759930915 0.0107108081792 0.0259067357513
0 0.760467380721 0.128670120898 0.0136319376826 0.0259067357513
0 0.758033106134 0.155440414508 0.0126582278481 0.0310880829016
0 0.739045764362 0.177892918826 0.0136319376826 0.0241796200345
0 0.755111976631 0.202936096718 0.016553067186 0.0466321243523
0 0.780428432327 0.216753022453 0.016553067186 0.0362694300518
0 0.793573515093 0.158031088083 0.00973709834469 0.0328151986183
0 0.782862706913 0.139032815199 0.0136319376826 0.0293609671848
0 0.807692307692 0.158894645941 0.0126582278481 0.0310880829016
0 0.818889970789 0.13816925734 0.0136319376826 0.027633851468
0 0.831548198637 0.173575129534 0.0136319376826 0.0362694300518
0 0.786757546251 0.286701208981 0.0175267770204 0.0518134715026
0 0.763388510224 0.255613126079 0.0194741966894 0.0345423143351
0 0.742453748783 0.261658031088 0.0223953261928 0.0569948186528
0 0.84858812074 0.320379965458 0.0185004868549 0.0500863557858
0 0.910905550146 0.323834196891 0.0204479065239 0.0500863557858
0 0.929892891918 0.273747841105 0.0155793573515 0.0397236614853
0 0.909931840312 0.259930915371 0.0185004868549 0.0466321243523
0 0.883641674781 0.23920552677 0.0185004868549 0.0293609671848
0 0.860272638754 0.26597582038 0.0223953261928 0.0449050086356
0 0.839337877313 0.233160621762 0.0175267770204 0.0449050086356
0 0.847614410906 0.190846286701 0.014605647517 0.0328151986183
0 0.840798442064 0.155440414508 0.0107108081792 0.0310880829016
0 0.849561830574 0.146804835924 0.014605647517 0.027633851468
0 0.887049659202 0.156303972366 0.0116845180136 0.0293609671848
0 0.870496592016 0.170984455959 0.0136319376826 0.0241796200345
0 0.864167478092 0.192573402418 0.0126582278481 0.0259067357513
0 0.90311587147 0.208117443869 0.014605647517 0.0328151986183
0 0.910418695229 0.160621761658 0.0116845180136 0.027633851468
0 0.947906523856 0.20725388601 0.0107108081792 0.027633851468
0 0.939143135346 0.181347150259 0.0126582278481 0.027633851468
0 0.928919182084 0.220207253886 0.0116845180136 0.0328151986183
