0 0.120085470085 0.551773049645 0.0452991452991 0.0794326241135
0 0.217521367521 0.334042553191 0.0213675213675 0.0354609929078
0 0.247863247863 0.339716312057 0.0205128205128 0.0439716312057
0 0.270085470085 0.378014184397 0.0239316239316 0.0382978723404
0 0.322222222222 0.368085106383 0.0290598290598 0.0496453900709
0 0.278632478632 0.309929078014 0.0205128205128 0.0382978723404
0 0.344871794872 0.324822695035 0.0196581196581 0.0312056737589
0 0.347435897436 0.295035460993 0.0213675213675 0.0283687943262
0 0.385042735043 0.260992907801 0.0162393162393 0.0340425531915
0 0.401282051282 0.296453900709 0.0213675213675 0.0368794326241
0 0.402564102564 0.329078014184 0.0188034188034 0.0397163120567
0 0.374358974359 0.336879432624 0.017094017094 0.0326241134752
0 0.447863247863 0.331914893617 0.0205128205128 0.0397163120567
0 0.430769230769 0.307092198582 0.0188034188034 0.0326241134752
0 0.419658119658 0.259574468085 0.0153846153846 0.0283687943262
0 0.426495726496 0.291489361702 0.017094017094 0.0326241134752
0 0.461965811966 0.242553191489 0.0196581196581 0.0312056737589
0 0.468376068376 0.265957446809 0.017094017094 0.0354609929078
0 0.468376068376 0.304964539007 0.017094017094 0.0368794326241
0 0.496581196581 0.32695035461 0.0222222222222 0.0382978723404
0 0.502564102564 0.256028368794 0.0205128205128 0.0297872340426
0 0.520512820513 0.274468085106 0.0188034188034 0.0326241134752
0 0.517948717949 0.247517730496 0.0136752136752 0.0297872340426
0 0.540170940171 0.251063829787 0.0153846153846 0.0368794326241
0 0.552136752137 0.227659574468 0.0153846153846 0.0269503546099
0 0.555128205128 0.278014184397 0.0179487179487 0.0368794326241
0 0.567094017094 0.225531914894 0.0128205128205 0.022695035461
0 0.582478632479 0.232624113475 0.0145299145299 0.0255319148936
0 0.579487179487 0.258865248227 0.017094017094 0.0326241134752
0 0.605555555556 0.223404255319 0.0128205128205 0.0269503546099
0 0.607264957265 0.206382978723 0.0179487179487 0.0269503546099
0 0.62905982906 0.212765957447 0.0136752136752 0.0255319148936
0 0.64188034188 0.222695035461 0.0153846153846 0.0283687943262
0 0.645299145299 0.243262411348 0.0153846153846 0.0297872340426
0 0.676923076923 0.228368794326 0.0136752136752 0.0283687943262
0 0.675641025641 0.207092198582 0.0128205128205 0.022695035461
0 0.688034188034 0.223404255319 0.0119658119658 0.0297872340426
0 0.600427350427 0.256737588652 0.0179487179487 0.0312056737589
0 0.476923076923 0.397163120567 0.0307692307692 0.0595744680851
0 0.544017094017 0.404255319149 0.0333333333333 0.0567375886525
0 0.544871794872 0.356737588652 0.0264957264957 0.0439716312057
0 0.605555555556 0.328368794326 0.0282051282051 0.0382978723404
0 0.589743589744 0.394326241135 0.034188034188 0.0482269503546
0 0.59188034188 0.457446808511 0.0350427350427 0.0695035460993
0 0.638888888889 0.456737588652 0.0367521367521 0.0595744680851
0 0.667521367521 0.36524822695 0.0273504273504 0.0468085106383
0 0.651709401709 0.345390070922 0.0247863247863 0.0468085106383
0 0.637606837607 0.300709219858 0.0239316239316 0.045390070922
0 0.676923076923 0.278723404255 0.0188034188034 0.0354609929078
0 0.711111111111 0.247517730496 0.017094017094 0.0326241134752
0 0.701709401709 0.296453900709 0.0239316239316 0.0482269503546
0 0.714102564103 0.300709219858 0.0196581196581 0.0397163120567
0 0.693162393162 0.363120567376 0.0273504273504 0.0567375886525
0 0.726923076923 0.399290780142 0.0333333333333 0.0524822695035
0 0.704273504274 0.541134751773 0.0444444444444 0.0808510638298
0 0.845299145299 0.503546099291 0.0393162393162 0.0737588652482
0 0.79358974359 0.415602836879 0.0299145299145 0.0624113475177
0 0.823504273504 0.360283687943 0.0264957264957 0.045390070922
0 0.85811965812 0.387234042553 0.0290598290598 0.0567375886525
0 0.934615384615 0.46170212766 0.0333333333333 0.0581560283688
0 0.85811965812 0.451773049645 0.0376068376068 0.063829787234
0 0.929487179487 0.387234042553 0.0282051282051 0.0510638297872
0 0.945726495726 0.351773049645 0.0196581196581 0.045390070922
0 0.952136752137 0.323404255319 0.0205128205128 0.0368794326241
0 0.953846153846 0.275886524823 0.017094017094 0.0354609929078
0 0.926068376068 0.307092198582 0.0179487179487 0.0382978723404
0 0.917948717949 0.277304964539 0.0239316239316 0.0382978723404
0 0.900427350427 0.317021276596 0.0213675213675 0.041134751773
0 0.908974358974 0.356737588652 0.0196581196581 0.041134751773
0 0.879487179487 0.331914893617 0.0188034188034 0.0425531914894
0 0.855128205128 0.309929078014 0.0162393162393 0.0382978723404
0 0.824786324786 0.302836879433 0.0188034188034 0.0354609929078
0 0.82094017094 0.285815602837 0.0162393162393 0.0382978723404
0 0.782051282051 0.278723404255 0.017094017094 0.0326241134752
0 0.796153846154 0.263120567376 0.0162393162393 0.0326241134752
0 0.788888888889 0.235460992908 0.017094017094 0.0312056737589
0 0.770512820513 0.262411347518 0.0162393162393 0.0340425531915
0 0.737179487179 0.255319148936 0.0179487179487 0.0368794326241
0 0.74358974359 0.23829787234 0.0153846153846 0.0312056737589
0 0.759401709402 0.231205673759 0.0162393162393 0.0312056737589
0 0.820085470085 0.243971631206 0.0196581196581 0.0368794326241
0 0.852991452991 0.257446808511 0.0153846153846 0.0326241134752
0 0.866666666667 0.270921985816 0.0136752136752 0.0397163120567
0 0.884188034188 0.263120567376 0.0162393162393 0.0326241134752
