0 0.966666666667 0.187600644122 0.0162162162162 0.0434782608696
0 0.74954954955 0.123993558776 0.0162162162162 0.0354267310789
0 0.600900900901 0.073268921095 0.0144144144144 0.037037037037
0 0.563963963964 0.156199677939 0.0144144144144 0.0354267310789
0 0.536486486486 0.156199677939 0.0135135135135 0.0257648953301
0 0.507657657658 0.157004830918 0.0153153153153 0.0273752012882
0 0.484684684685 0.151368760064 0.0126126126126 0.0225442834138
0 0.496846846847 0.0789049919485 0.00990990990991 0.0257648953301
0 0.481531531532 0.195652173913 0.0243243243243 0.0531400966184
0 0.433333333333 0.136070853462 0.0108108108108 0.0273752012882
0 0.420720720721 0.171497584541 0.0144144144144 0.0338164251208
0 0.445945945946 0.180354267311 0.0162162162162 0.0322061191626
0 0.381981981982 0.11191626409 0.0108108108108 0.0338164251208
0 0.359459459459 0.177133655395 0.018018018018 0.0450885668277
0 0.321621621622 0.206119162641 0.0234234234234 0.0515297906602
0 0.249099099099 0.245571658615 0.0225225225225 0.0499194847021
0 0.308558558559 0.228663446055 0.0153153153153 0.0354267310789
0 0.22972972973 0.235909822866 0.0162162162162 0.037037037037
0 0.153153153153 0.236714975845 0.0162162162162 0.0386473429952
0 0.200900900901 0.480676328502 0.0396396396396 0.0917874396135
0 0.284684684685 0.47423510467 0.0432432432432 0.101449275362
