0 0.171000788022 0.372562674095 0.0330969267139 0.0766016713092
0 0.231678486998 0.392757660167 0.026792750197 0.0557103064067
0 0.269503546099 0.298746518106 0.0299448384555 0.0682451253482
0 0.307722616233 0.245125348189 0.0212765957447 0.041782729805
0 0.342001576044 0.206128133705 0.0189125295508 0.033426183844
0 0.340031520883 0.243036211699 0.0212765957447 0.0431754874652
0 0.316784869976 0.360724233983 0.0346729708432 0.08356545961
0 0.369188337273 0.344011142061 0.0401891252955 0.0891364902507
0 0.392828999212 0.229108635097 0.0291568163909 0.0459610027855
0 0.413711583924 0.197771587744 0.0252167060678 0.041782729805
0 0.579590228526 0.304317548747 0.0244286840032 0.0487465181058
