0 0.948139350752 0.233443708609 0.0118764845606 0.0364238410596
0 0.934283452098 0.258278145695 0.0126682501979 0.0364238410596
0 0.89746634996 0.273178807947 0.0134600158353 0.046357615894
0 0.892715756136 0.216887417219 0.0134600158353 0.0397350993377
0 0.874901029295 0.228476821192 0.0126682501979 0.0397350993377
0 0.905384006334 0.235927152318 0.0118764845606 0.044701986755
0 0.988519398258 0.253311258278 0.00870942201108 0.0364238410596
0 0.97901821061 0.292218543046 0.0118764845606 0.0380794701987
0 0.975059382423 0.326986754967 0.0118764845606 0.044701986755
0 0.980205859066 0.354304635762 0.0142517814727 0.0430463576159
0 0.929136975455 0.336920529801 0.0166270783848 0.0546357615894
0 0.957640538401 0.369205298013 0.0182106096595 0.0662251655629
0 0.95486935867 0.432947019868 0.0174188440222 0.0745033112583
0 0.864212193191 0.335264900662 0.0182106096595 0.0579470198675
0 0.880839271576 0.423013245033 0.0197941409343 0.0778145695364
0 0.853919239905 0.496688741722 0.0245447347585 0.0860927152318
0 0.813935075218 0.182947019868 0.0126682501979 0.0380794701987
0 0.823436262866 0.216059602649 0.0142517814727 0.0413907284768
0 0.83729216152 0.205298013245 0.0150435471101 0.0397350993377
0 0.811559778306 0.241721854305 0.0158353127474 0.046357615894
0 0.820665083135 0.300496688742 0.0166270783848 0.0579470198675
0 0.775930324624 0.180463576159 0.0110847189232 0.0331125827815
0 0.762470308789 0.188741721854 0.0126682501979 0.0331125827815
0 0.783452098179 0.199503311258 0.0150435471101 0.0380794701987
0 0.7711797308 0.275662251656 0.0190023752969 0.0579470198675
0 0.749406175772 0.222682119205 0.0166270783848 0.0513245033113
0 0.737133808393 0.21357615894 0.0142517814727 0.0364238410596
0 0.727236737926 0.253311258278 0.0197941409343 0.0529801324503
0 0.695170229612 0.205298013245 0.0174188440222 0.046357615894
0 0.696357878068 0.135761589404 0.0118764845606 0.0364238410596
0 0.717339667458 0.151490066225 0.0126682501979 0.0413907284768
0 0.691607284244 0.153973509934 0.0134600158353 0.0397350993377
0 0.671021377672 0.224337748344 0.0182106096595 0.0513245033113
0 0.729216152019 0.397350993377 0.0253365003959 0.0728476821192
0 0.665083135392 0.399006622517 0.0237529691211 0.0695364238411
0 0.807996832937 0.456953642384 0.0324623911322 0.0860927152318
0 0.65954077593 0.12582781457 0.0110847189232 0.0331125827815
0 0.636579572447 0.123344370861 0.0142517814727 0.0347682119205
0 0.653998416469 0.144867549669 0.0126682501979 0.0347682119205
0 0.661520190024 0.177152317881 0.0134600158353 0.0364238410596
0 0.596991290578 0.119205298013 0.0110847189232 0.0364238410596
0 0.586698337292 0.132450331126 0.0126682501979 0.0331125827815
0 0.594220110847 0.156456953642 0.0134600158353 0.0347682119205
0 0.613222486144 0.149006622517 0.0134600158353 0.0331125827815
0 0.61757719715 0.170529801325 0.0126682501979 0.0364238410596
0 0.621140142518 0.195364238411 0.0134600158353 0.046357615894
0 0.609659540776 0.295529801325 0.0205859065717 0.0579470198675
0 0.58749010293 0.192880794702 0.0142517814727 0.044701986755
0 0.562549485352 0.132450331126 0.0134600158353 0.0331125827815
0 0.558986539984 0.151490066225 0.0142517814727 0.0314569536424
0 0.531274742676 0.157284768212 0.0158353127474 0.0331125827815
0 0.559382422803 0.211092715232 0.0150435471101 0.0413907284768
0 0.585114806017 0.331125827815 0.0253365003959 0.0596026490066
0 0.610451306413 0.363410596026 0.0237529691211 0.0579470198675
0 0.512272367379 0.057119205298 0.0142517814727 0.0281456953642
0 0.460015835313 0.153973509934 0.0126682501979 0.0364238410596
0 0.485352335709 0.162251655629 0.0142517814727 0.0430463576159
0 0.498416468725 0.149006622517 0.0118764845606 0.0331125827815
0 0.5 0.202814569536 0.0150435471101 0.044701986755
0 0.483768804434 0.23178807947 0.0190023752969 0.0529801324503
0 0.439429928741 0.194536423841 0.0142517814727 0.0413907284768
0 0.423990498812 0.173013245033 0.0134600158353 0.0380794701987
0 0.399841646873 0.23261589404 0.0158353127474 0.0480132450331
0 0.449326999208 0.293874172185 0.0229612034838 0.0579470198675
0 0.378463974663 0.17798013245 0.0158353127474 0.0380794701987
0 0.361836896279 0.204470198675 0.0142517814727 0.044701986755
0 0.374109263658 0.260761589404 0.0182106096595 0.0546357615894
0 0.322644497229 0.206125827815 0.0182106096595 0.044701986755
0 0.32224861441 0.235099337748 0.0158353127474 0.0397350993377
0 0.36144101346 0.245033112583 0.021377672209 0.0364238410596
0 0.265241488519 0.245033112583 0.0142517814727 0.0430463576159
0 0.233570863025 0.257450331126 0.0110847189232 0.0413907284768
0 0.246239113222 0.261589403974 0.0174188440222 0.0430463576159
0 0.106492478226 0.550496688742 0.0419635787807 0.10761589404
