0 0.06191369606 0.363861386139 0.0281425891182 0.0544554455446
0 0.260318949343 0.288778877888 0.0178236397749 0.036303630363
0 0.298780487805 0.269801980198 0.0178236397749 0.0346534653465
0 0.326454033771 0.273927392739 0.015009380863 0.036303630363
0 0.344277673546 0.273102310231 0.0187617260788 0.0346534653465
0 0.319418386492 0.226072607261 0.0196998123827 0.039603960396
0 0.348499061914 0.23102310231 0.0196998123827 0.039603960396
0 0.374765478424 0.23597359736 0.0178236397749 0.03300330033
0 0.416979362101 0.282178217822 0.0253283302064 0.042904290429
0 0.383208255159 0.208745874587 0.015947467167 0.0313531353135
0 0.417448405253 0.228547854785 0.0187617260788 0.0445544554455
0 0.441838649156 0.234323432343 0.0168855534709 0.039603960396
0 0.475140712946 0.23597359736 0.0215759849906 0.046204620462
0 0.416979362101 0.177392739274 0.015947467167 0.0346534653465
0 0.431519699812 0.192244224422 0.0168855534709 0.0280528052805
0 0.453564727955 0.192244224422 0.015947467167 0.0313531353135
0 0.471857410882 0.188943894389 0.015009380863 0.0313531353135
0 0.496716697936 0.209570957096 0.0178236397749 0.036303630363
0 0.455440900563 0.148514851485 0.015947467167 0.029702970297
0 0.475609756098 0.151815181518 0.015009380863 0.03300330033
0 0.485928705441 0.161716171617 0.015009380863 0.029702970297
0 0.488742964353 0.13696369637 0.0131332082552 0.026402640264
0 0.50469043152 0.154290429043 0.0112570356473 0.0247524752475
0 0.515947467167 0.169141914191 0.0187617260788 0.0346534653465
0 0.536585365854 0.145214521452 0.015009380863 0.036303630363
0 0.556285178236 0.154290429043 0.0168855534709 0.0346534653465
0 0.544559099437 0.193894389439 0.0196998123827 0.0445544554455
0 0.572232645403 0.166666666667 0.0206378986867 0.039603960396
0 0.56191369606 0.11798679868 0.0112570356473 0.0247524752475
0 0.594277673546 0.103135313531 0.0140712945591 0.0247524752475
0 0.588649155722 0.142739273927 0.0140712945591 0.0214521452145
0 0.612101313321 0.138613861386 0.0140712945591 0.026402640264
0 0.620544090056 0.158415841584 0.015947467167 0.026402640264
0 0.594277673546 0.125412541254 0.0140712945591 0.026402640264
0 0.621951219512 0.123762376238 0.0112570356473 0.023102310231
0 0.617260787992 0.111386138614 0.0112570356473 0.0214521452145
0 0.643527204503 0.111386138614 0.0131332082552 0.0280528052805
0 0.652908067542 0.11798679868 0.0093808630394 0.0280528052805
0 0.650562851782 0.136138613861 0.0103189493433 0.0181518151815
0 0.691369606004 0.125412541254 0.015009380863 0.026402640264
0 0.701219512195 0.10396039604 0.0121951219512 0.029702970297
0 0.484521575985 0.307755775578 0.0290806754221 0.0577557755776
0 0.543621013133 0.311056105611 0.0290806754221 0.0643564356436
0 0.568011257036 0.253300330033 0.0253283302064 0.0511551155116
0 0.613039399625 0.252475247525 0.0290806754221 0.0528052805281
0 0.606003752345 0.341584158416 0.0337711069418 0.0660066006601
0 0.681988742964 0.328382838284 0.0300187617261 0.0627062706271
0 0.660412757974 0.276402640264 0.0243902439024 0.0544554455446
0 0.660412757974 0.214521452145 0.0225140712946 0.049504950495
0 0.626641651032 0.211221122112 0.0225140712946 0.0528052805281
0 0.651969981238 0.180693069307 0.0225140712946 0.0445544554455
0 0.687617260788 0.153465346535 0.0168855534709 0.042904290429
0 0.698405253283 0.185643564356 0.0196998123827 0.0412541254125
0 0.712945590994 0.139438943894 0.0168855534709 0.0313531353135
0 0.737335834897 0.122937293729 0.0168855534709 0.0313531353135
0 0.750469043152 0.146864686469 0.0168855534709 0.036303630363
0 0.755628517824 0.11798679868 0.0121951219512 0.0313531353135
0 0.770168855535 0.131188118812 0.015009380863 0.0346534653465
0 0.782833020638 0.121287128713 0.0140712945591 0.0313531353135
0 0.771106941839 0.161716171617 0.0168855534709 0.042904290429
0 0.734990619137 0.161716171617 0.015947467167 0.03300330033
0 0.734521575985 0.202145214521 0.0206378986867 0.0412541254125
0 0.702157598499 0.226072607261 0.0215759849906 0.046204620462
0 0.75 0.239273927393 0.0215759849906 0.046204620462
0 0.744371482176 0.285478547855 0.0290806754221 0.0693069306931
0 0.786585365854 0.291254125413 0.0234521575985 0.0610561056106
0 0.823639774859 0.224422442244 0.0187617260788 0.0528052805281
0 0.800187617261 0.181518151815 0.0187617260788 0.042904290429
0 0.800656660413 0.144389438944 0.0140712945591 0.0313531353135
0 0.813320825516 0.130363036304 0.015009380863 0.03300330033
0 0.837711069418 0.136138613861 0.0168855534709 0.0412541254125
0 0.817542213884 0.170792079208 0.0140712945591 0.0346534653465
0 0.84990619137 0.191419141914 0.0187617260788 0.049504950495
0 0.856003752345 0.149339933993 0.0178236397749 0.0379537953795
0 0.872420262664 0.152640264026 0.015009380863 0.0346534653465
0 0.872889305816 0.129537953795 0.015947467167 0.0247524752475
0 0.901031894934 0.133663366337 0.0121951219512 0.029702970297
0 0.896341463415 0.19801980198 0.0178236397749 0.046204620462
0 0.893527204503 0.165841584158 0.015947467167 0.0280528052805
0 0.928705440901 0.203795379538 0.0187617260788 0.0445544554455
0 0.922138836773 0.286303630363 0.0262664165103 0.0610561056106
0 0.874296435272 0.23102310231 0.0243902439024 0.049504950495
0 0.933864915572 0.179867986799 0.0140712945591 0.026402640264
0 0.932457786116 0.159240924092 0.0131332082552 0.0280528052805
