0 0.0411067193676 0.633779264214 0.0505928853755 0.120401337793
0 0.210276679842 0.265050167224 0.0158102766798 0.0418060200669
0 0.279841897233 0.229096989967 0.0173913043478 0.0434782608696
0 0.316205533597 0.234113712375 0.0158102766798 0.0501672240803
0 0.328853754941 0.195652173913 0.0189723320158 0.0468227424749
0 0.338339920949 0.22491638796 0.0173913043478 0.0484949832776
0 0.358893280632 0.211538461538 0.0158102766798 0.0418060200669
0 0.377075098814 0.268394648829 0.0237154150198 0.0585284280936
0 0.364031620553 0.193143812709 0.0150197628458 0.0317725752508
0 0.404743083004 0.189799331104 0.0189723320158 0.0418060200669
0 0.413833992095 0.230769230769 0.0166007905138 0.0367892976589
0 0.443873517787 0.295986622074 0.0229249011858 0.0602006688963
0 0.479446640316 0.248327759197 0.0229249011858 0.0518394648829
0 0.438339920949 0.19983277592 0.0166007905138 0.0384615384615
0 0.433201581028 0.163879598662 0.0173913043478 0.0401337792642
0 0.462450592885 0.160535117057 0.0173913043478 0.0434782608696
0 0.485770750988 0.16220735786 0.0166007905138 0.0434782608696
0 0.502766798419 0.147157190635 0.0158102766798 0.0434782608696
0 0.506324110672 0.198160535117 0.0166007905138 0.0418060200669
0 0.561660079051 0.219899665552 0.0213438735178 0.0484949832776
0 0.533992094862 0.15635451505 0.0150197628458 0.0384615384615
0 0.558102766798 0.159698996656 0.0142292490119 0.0418060200669
0 0.562450592885 0.133779264214 0.0150197628458 0.0334448160535
0 0.588537549407 0.132943143813 0.0134387351779 0.0384615384615
0 0.594071146245 0.165551839465 0.0166007905138 0.0401337792642
0 0.584980237154 0.195652173913 0.0173913043478 0.0434782608696
0 0.604743083004 0.122073578595 0.0158102766798 0.0401337792642
0 0.622134387352 0.159698996656 0.0158102766798 0.0384615384615
0 0.641501976285 0.124581939799 0.0150197628458 0.0418060200669
0 0.634387351779 0.195652173913 0.0166007905138 0.0468227424749
0 0.666007905138 0.176421404682 0.0150197628458 0.0351170568562
0 0.660869565217 0.146321070234 0.0126482213439 0.0384615384615
0 0.675098814229 0.129598662207 0.0126482213439 0.0384615384615
0 0.695256916996 0.133779264214 0.0166007905138 0.0367892976589
0 0.716996047431 0.149665551839 0.0142292490119 0.0384615384615
0 0.685375494071 0.170568561873 0.0189723320158 0.0468227424749
0 0.561264822134 0.345317725753 0.0237154150198 0.061872909699
0 0.609486166008 0.369565217391 0.0237154150198 0.0635451505017
0 0.622529644269 0.284280936455 0.0245059288538 0.0602006688963
0 0.665217391304 0.410535117057 0.0324110671937 0.0752508361204
0 0.728853754941 0.389632107023 0.0268774703557 0.0635451505017
0 0.807509881423 0.459866220736 0.0324110671937 0.0869565217391
0 0.86442687747 0.513377926421 0.0355731225296 0.0836120401338
0 0.873122529644 0.392976588629 0.0260869565217 0.0702341137124
0 0.957707509881 0.459866220736 0.0229249011858 0.0769230769231
0 0.950197628458 0.374581939799 0.0252964426877 0.0702341137124
0 0.980632411067 0.366220735786 0.0181818181818 0.0535117056856
0 0.97233201581 0.329431438127 0.0173913043478 0.0501672240803
0 0.979446640316 0.301003344482 0.0142292490119 0.0334448160535
0 0.988932806324 0.261705685619 0.0189723320158 0.0418060200669
0 0.951778656126 0.245819397993 0.0126482213439 0.0401337792642
0 0.937154150198 0.269230769231 0.0150197628458 0.0434782608696
0 0.924505928854 0.319397993311 0.0213438735178 0.0468227424749
0 0.866798418972 0.338628762542 0.0213438735178 0.0551839464883
0 0.893280632411 0.27508361204 0.0189723320158 0.0484949832776
0 0.901976284585 0.252508361204 0.0142292490119 0.0401337792642
0 0.911462450593 0.225752508361 0.0158102766798 0.0401337792642
0 0.875494071146 0.229933110368 0.0166007905138 0.0418060200669
0 0.820948616601 0.301839464883 0.0245059288538 0.061872909699
0 0.769960474308 0.281772575251 0.0205533596838 0.0451505016722
0 0.796837944664 0.255852842809 0.0205533596838 0.056856187291
0 0.82766798419 0.221571906355 0.0173913043478 0.0451505016722
0 0.814624505929 0.188127090301 0.0181818181818 0.0484949832776
0 0.783794466403 0.200668896321 0.0166007905138 0.0468227424749
0 0.783794466403 0.169732441472 0.0150197628458 0.0418060200669
0 0.759288537549 0.229096989967 0.0166007905138 0.0434782608696
0 0.720158102767 0.211538461538 0.0189723320158 0.0418060200669
0 0.738735177866 0.209030100334 0.0181818181818 0.0468227424749
0 0.750592885375 0.204849498328 0.0166007905138 0.0518394648829
0 0.719367588933 0.274247491639 0.0221343873518 0.0602006688963
0 0.678656126482 0.246655518395 0.0213438735178 0.0585284280936
