0 0.188155136268 0.441121495327 0.0534591194969 0.104672897196
0 0.339098532495 0.219626168224 0.017819706499 0.0355140186916
0 0.330188679245 0.202803738318 0.0188679245283 0.0317757009346
0 0.349056603774 0.193457943925 0.0188679245283 0.0355140186916
0 0.408280922432 0.200934579439 0.0220125786164 0.0429906542056
0 0.421383647799 0.176635514019 0.0188679245283 0.0355140186916
0 0.446540880503 0.193457943925 0.0230607966457 0.0392523364486
0 0.44392033543 0.226168224299 0.0262054507338 0.0373831775701
0 0.47641509434 0.230841121495 0.0241090146751 0.0467289719626
0 0.472746331237 0.195327102804 0.0230607966457 0.0429906542056
0 0.439203354298 0.143925233645 0.0167714884696 0.0299065420561
0 0.463836477987 0.139252336449 0.0157232704403 0.0280373831776
0 0.463836477987 0.151401869159 0.0157232704403 0.0299065420561
0 0.479035639413 0.16261682243 0.020964360587 0.0299065420561
0 0.49213836478 0.130841121495 0.0115303983229 0.0299065420561
0 0.500524109015 0.121495327103 0.0136268343816 0.0224299065421
0 0.511530398323 0.154205607477 0.020964360587 0.0317757009346
0 0.536687631027 0.181308411215 0.0188679245283 0.0299065420561
0 0.535115303983 0.156074766355 0.017819706499 0.0355140186916
0 0.536163522013 0.138317757009 0.0136268343816 0.0299065420561
0 0.545597484277 0.128037383178 0.0136268343816 0.0242990654206
0 0.522012578616 0.138317757009 0.0125786163522 0.0299065420561
0 0.5571278826 0.16261682243 0.0136268343816 0.0299065420561
0 0.573375262055 0.242990654206 0.0230607966457 0.0411214953271
0 0.519916142558 0.269158878505 0.0230607966457 0.0560747663551
0 0.552410901468 0.28785046729 0.0251572327044 0.0598130841121
0 0.575995807128 0.135514018692 0.0157232704403 0.0355140186916
0 0.586477987421 0.111214953271 0.0136268343816 0.0280373831776
0 0.61215932914 0.0981308411215 0.0104821802935 0.0242990654206
0 0.616352201258 0.115887850467 0.0125786163522 0.0261682242991
0 0.633647798742 0.101869158879 0.00943396226415 0.0242990654206
0 0.658280922432 0.104672897196 0.0104821802935 0.0261682242991
0 0.654612159329 0.118691588785 0.0115303983229 0.0280373831776
0 0.656184486373 0.13738317757 0.0125786163522 0.0280373831776
0 0.622117400419 0.151401869159 0.0136268343816 0.0336448598131
0 0.626834381551 0.133644859813 0.0125786163522 0.0280373831776
0 0.595387840671 0.144859813084 0.0146750524109 0.0280373831776
0 0.586477987421 0.168224299065 0.0136268343816 0.0336448598131
0 0.675576519916 0.122429906542 0.00943396226415 0.0205607476636
0 0.699161425577 0.123364485981 0.0125786163522 0.0336448598131
0 0.720649895178 0.143925233645 0.0136268343816 0.0336448598131
0 0.710691823899 0.16261682243 0.0146750524109 0.0373831775701
0 0.702830188679 0.196261682243 0.017819706499 0.0411214953271
0 0.671383647799 0.179439252336 0.017819706499 0.0448598130841
0 0.668763102725 0.214953271028 0.0188679245283 0.0448598130841
0 0.625262054507 0.223364485981 0.0241090146751 0.0467289719626
0 0.624213836478 0.285981308411 0.0303983228512 0.0635514018692
0 0.66142557652 0.260747663551 0.020964360587 0.0467289719626
0 0.686582809224 0.322429906542 0.0314465408805 0.0728971962617
0 0.738469601677 0.36261682243 0.0303983228512 0.0747663551402
0 0.725890985325 0.22523364486 0.0220125786164 0.0504672897196
0 0.755765199161 0.122429906542 0.0125786163522 0.0317757009346
0 0.753144654088 0.145794392523 0.0136268343816 0.0299065420561
0 0.748427672956 0.168224299065 0.0104821802935 0.0299065420561
0 0.769916142558 0.183177570093 0.0157232704403 0.0373831775701
0 0.767819706499 0.133644859813 0.0115303983229 0.0317757009346
0 0.785639412998 0.128971962617 0.0136268343816 0.0336448598131
0 0.788784067086 0.157943925234 0.017819706499 0.0355140186916
0 0.783542976939 0.21214953271 0.0220125786164 0.0504672897196
0 0.8071278826 0.258878504673 0.0188679245283 0.0429906542056
0 0.800838574423 0.288785046729 0.0230607966457 0.0654205607477
0 0.836477987421 0.353271028037 0.0293501048218 0.0710280373832
0 0.843291404612 0.340186915888 0.0241090146751 0.0523364485981
0 0.865303983229 0.285046728972 0.0220125786164 0.0467289719626
0 0.842767295597 0.214018691589 0.0167714884696 0.0392523364486
0 0.809224318658 0.183177570093 0.0146750524109 0.0336448598131
0 0.825995807128 0.172897196262 0.0146750524109 0.0317757009346
0 0.840670859539 0.152336448598 0.0146750524109 0.0317757009346
0 0.852201257862 0.188785046729 0.0146750524109 0.0373831775701
0 0.866352201258 0.175700934579 0.0157232704403 0.0336448598131
0 0.874213836478 0.153271028037 0.0146750524109 0.0373831775701
0 0.898846960168 0.179439252336 0.0115303983229 0.0336448598131
0 0.908280922432 0.169158878505 0.0115303983229 0.0317757009346
0 0.914570230608 0.168224299065 0.0115303983229 0.0299065420561
0 0.886268343816 0.224299065421 0.0157232704403 0.0448598130841
0 0.94392033543 0.183177570093 0.0115303983229 0.0299065420561
0 0.9428721174 0.216822429907 0.0136268343816 0.0373831775701
0 0.929769392034 0.227102803738 0.0167714884696 0.0429906542056
0 0.926100628931 0.242056074766 0.0157232704403 0.0429906542056
0 0.923480083857 0.289719626168 0.020964360587 0.0485981308411
0 0.915618448637 0.335514018692 0.017819706499 0.0579439252336
