0 0.0368898978434 0.380612244898 0.0283768444949 0.0510204081633
0 0.274120317821 0.284693877551 0.0170261066969 0.030612244898
0 0.319523269012 0.25612244898 0.0147559591373 0.030612244898
0 0.338251986379 0.289795918367 0.0181611804767 0.0326530612245
0 0.367763904654 0.218367346939 0.0136208853575 0.0326530612245
0 0.38819523269 0.219387755102 0.0136208853575 0.034693877551
0 0.428490351873 0.271428571429 0.0192962542565 0.0408163265306
0 0.403518728717 0.174489795918 0.0102156640182 0.0224489795918
0 0.450624290579 0.148979591837 0.011350737798 0.0285714285714
0 0.479568671964 0.228571428571 0.0147559591373 0.0326530612245
0 0.482973893303 0.302040816327 0.0215664018161 0.0489795918367
0 0.55732122588 0.295918367347 0.0227014755959 0.0408163265306
0 0.599886492622 0.339795918367 0.0238365493757 0.0591836734694
0 0.670261066969 0.360204081633 0.0261066969353 0.0591836734694
0 0.61066969353 0.252040816327 0.0227014755959 0.0428571428571
0 0.619182746879 0.194897959184 0.0215664018161 0.030612244898
0 0.61066969353 0.15 0.0158910329171 0.0224489795918
0 0.570942111237 0.167346938776 0.011350737798 0.0326530612245
0 0.505675368899 0.197959183673 0.0124858115778 0.0285714285714
0 0.526106696935 0.202040816327 0.0170261066969 0.0285714285714
0 0.476163450624 0.168367346939 0.0147559591373 0.0224489795918
0 0.488081725312 0.133673469388 0.0136208853575 0.0224489795918
0 0.421112372304 0.222448979592 0.0136208853575 0.0204081632653
0 0.439841089671 0.229591836735 0.0170261066969 0.034693877551
0 0.527809307605 0.144897959184 0.0136208853575 0.0326530612245
0 0.558456299659 0.119387755102 0.00908059023837 0.0183673469388
0 0.657775255392 0.275510204082 0.0261066969353 0.0448979591837
0 0.710556186152 0.3 0.0227014755959 0.0489795918367
0 0.774120317821 0.305102040816 0.0227014755959 0.0551020408163
0 0.747446083995 0.224489795918 0.0192962542565 0.0408163265306
0 0.809875141884 0.237755102041 0.0170261066969 0.0428571428571
0 0.860385925085 0.217346938776 0.0158910329171 0.034693877551
0 0.915437003405 0.289795918367 0.0170261066969 0.0489795918367
0 0.918842224745 0.194897959184 0.0170261066969 0.030612244898
0 0.931328036322 0.177551020408 0.0124858115778 0.0244897959184
0 0.884222474461 0.136734693878 0.0158910329171 0.0285714285714
0 0.862088535755 0.130612244898 0.0170261066969 0.0204081632653
0 0.863791146425 0.15612244898 0.0158910329171 0.0265306122449
0 0.880249716232 0.192857142857 0.0147559591373 0.034693877551
0 0.844494892168 0.162244897959 0.0181611804767 0.030612244898
0 0.801362088536 0.181632653061 0.0136208853575 0.0408163265306
0 0.757094211124 0.169387755102 0.0181611804767 0.0285714285714
0 0.736095346198 0.188775510204 0.0261066969353 0.030612244898
0 0.693530079455 0.229591836735 0.0181611804767 0.0469387755102
0 0.658342792281 0.216326530612 0.0272417707151 0.0367346938776
0 0.679341657208 0.148979591837 0.0170261066969 0.0285714285714
0 0.696935300795 0.183673469388 0.0181611804767 0.0326530612245
0 0.736662883087 0.147959183673 0.0136208853575 0.0224489795918
0 0.759364358683 0.131632653061 0.0136208853575 0.0224489795918
0 0.77639046538 0.125510204082 0.011350737798 0.0265306122449
0 0.793984108967 0.134693877551 0.0102156640182 0.0285714285714
0 0.745743473326 0.120408163265 0.011350737798 0.0204081632653
0 0.72360953462 0.135714285714 0.0147559591373 0.030612244898
0 0.686152099886 0.107142857143 0.0124858115778 0.030612244898
0 0.646424517594 0.108163265306 0.0147559591373 0.0285714285714
0 0.584562996595 0.10306122449 0.00908059023837 0.0142857142857
0 0.815550510783 0.171428571429 0.0102156640182 0.0285714285714
0 0.830306469921 0.145918367347 0.0102156640182 0.030612244898
0 0.548240635641 0.15612244898 0.0181611804767 0.0387755102041
0 0.702043132804 0.151020408163 0.0124858115778 0.0285714285714
