0 0.066541705717 0.413223140496 0.0337394564199 0.0628099173554
0 0.572164948454 0.125619834711 0.0159325210872 0.0363636363636
0 0.599343955014 0.121487603306 0.0140581068416 0.0247933884298
0 0.624648547329 0.11652892562 0.0159325210872 0.0280991735537
0 0.638706654171 0.118181818182 0.0103092783505 0.0247933884298
0 0.685098406748 0.127272727273 0.0131208997188 0.0264462809917
0 0.718369259606 0.136363636364 0.0159325210872 0.0347107438017
0 0.742268041237 0.117355371901 0.020618556701 0.0297520661157
0 0.774601686973 0.127272727273 0.0178069353327 0.0363636363636
0 0.816776007498 0.128925619835 0.0140581068416 0.0297520661157
0 0.462511715089 0.137190082645 0.0196813495783 0.0297520661157
0 0.489690721649 0.136363636364 0.0121836925961 0.0314049586777
0 0.866447985005 0.152892561983 0.0159325210872 0.0380165289256
0 0.889409559513 0.166115702479 0.0149953139644 0.0380165289256
0 0.905810684161 0.152892561983 0.0159325210872 0.0380165289256
0 0.5 0.151239669421 0.0140581068416 0.0380165289256
0 0.53373945642 0.16694214876 0.0253045923149 0.0396694214876
0 0.576382380506 0.174380165289 0.020618556701 0.0347107438017
0 0.657919400187 0.181818181818 0.020618556701 0.0396694214876
0 0.638706654171 0.201652892562 0.0178069353327 0.0429752066116
0 0.695407685098 0.179338842975 0.020618556701 0.0479338842975
0 0.726804123711 0.170247933884 0.0178069353327 0.0363636363636
0 0.766166822868 0.173553719008 0.0196813495783 0.0396694214876
0 0.789597000937 0.147933884298 0.0178069353327 0.0314049586777
0 0.806935332709 0.163636363636 0.0168697282099 0.0396694214876
0 0.834114339269 0.146280991736 0.0131208997188 0.0247933884298
0 0.848641049672 0.180165289256 0.0159325210872 0.0462809917355
0 0.835051546392 0.21652892562 0.0224929709466 0.0396694214876
0 0.905810684161 0.218181818182 0.0253045923149 0.0462809917355
0 0.780693533271 0.201652892562 0.0224929709466 0.0429752066116
0 0.937207122774 0.226446280992 0.0187441424555 0.0429752066116
0 0.930178069353 0.260330578512 0.0215557638238 0.0545454545455
0 0.87160262418 0.251239669421 0.0224929709466 0.0462809917355
0 0.730084348641 0.215702479339 0.0262417994377 0.0413223140496
0 0.376757263355 0.188429752066 0.00937207122774 0.0396694214876
0 0.392221180881 0.190909090909 0.0159325210872 0.0413223140496
0 0.413776944705 0.195041322314 0.0178069353327 0.0429752066116
0 0.440955951265 0.196694214876 0.0159325210872 0.0396694214876
0 0.483598875351 0.220661157025 0.0149953139644 0.0314049586777
0 0.534208059981 0.210743801653 0.020618556701 0.0347107438017
0 0.562792877226 0.243801652893 0.0253045923149 0.0578512396694
0 0.633083411434 0.247933884298 0.0215557638238 0.0495867768595
0 0.685567010309 0.246280991736 0.0253045923149 0.0528925619835
0 0.765698219306 0.246280991736 0.0281162136832 0.0628099173554
0 0.727272727273 0.276859504132 0.0262417994377 0.0578512396694
0 0.783973758201 0.271074380165 0.0271790065604 0.0495867768595
0 0.843486410497 0.284297520661 0.0224929709466 0.0429752066116
0 0.329896907216 0.211570247934 0.0131208997188 0.0297520661157
0 0.339737582006 0.225619834711 0.0178069353327 0.0347107438017
0 0.610590440487 0.307438016529 0.0253045923149 0.0561983471074
0 0.551546391753 0.304132231405 0.0253045923149 0.0595041322314
0 0.512183692596 0.295041322314 0.0196813495783 0.0479338842975
0 0.359418931584 0.262809917355 0.0178069353327 0.0396694214876
0 0.363167760075 0.300826446281 0.0215557638238 0.0429752066116
0 0.421743205248 0.248760330579 0.0187441424555 0.0413223140496
0 0.286785379569 0.262809917355 0.0149953139644 0.0297520661157
0 0.265698219306 0.267768595041 0.0215557638238 0.0363636363636
0 0.340674789128 0.259504132231 0.0196813495783 0.0363636363636
0 0.367385192127 0.219008264463 0.0168697282099 0.0380165289256
0 0.592314901593 0.146280991736 0.0131208997188 0.0347107438017
0 0.615276476101 0.14132231405 0.0140581068416 0.0247933884298
0 0.753983130272 0.138016528926 0.0196813495783 0.0380165289256
0 0.667760074977 0.206611570248 0.0234301780694 0.0429752066116
0 0.470946579194 0.200826446281 0.0215557638238 0.0413223140496
0 0.480787253983 0.164462809917 0.0149953139644 0.0380165289256
0 0.403936269916 0.218181818182 0.0187441424555 0.0462809917355
