0 0.100600600601 0.262877442274 0.017017017017 0.0284191829485
0 0.165665665666 0.230017761989 0.019019019019 0.0373001776199
0 0.268768768769 0.250444049734 0.027027027027 0.056838365897
0 0.34034034034 0.217584369449 0.018018018018 0.0408525754885
0 0.431431431431 0.191829484902 0.03003003003 0.056838365897
0 0.444444444444 0.227353463588 0.018018018018 0.0319715808171
0 0.490990990991 0.222912966252 0.023023023023 0.044404973357
0 0.505505505506 0.176731793961 0.02002002002 0.044404973357
0 0.55005005005 0.191829484902 0.019019019019 0.0390763765542
0 0.598098098098 0.16163410302 0.017017017017 0.0355239786856
0 0.621621621622 0.144760213144 0.014014014014 0.0301953818828
0 0.643143143143 0.257548845471 0.023023023023 0.0532859680284
0 0.724224224224 0.294849023091 0.027027027027 0.0603907637655
0 0.841341341341 0.343694493783 0.029029029029 0.0550621669627
0 0.836836836837 0.232682060391 0.02002002002 0.0461811722913
0 0.926426426426 0.292184724689 0.023023023023 0.0408525754885
