0 0.0827948303716 0.56390328152 0.0444264943457 0.126079447323
0 0.191841680129 0.29792746114 0.0169628432956 0.0431778929188
0 0.22253634895 0.29792746114 0.0250403877221 0.0466321243523
0 0.264539579968 0.243523316062 0.0185783521809 0.0414507772021
0 0.345718901454 0.211571675302 0.0129240710824 0.0466321243523
0 0.363893376414 0.275474956822 0.0201938610662 0.0535405872193
0 0.357835218094 0.202936096718 0.0145395799677 0.0362694300518
0 0.388126009693 0.19170984456 0.0169628432956 0.0379965457686
0 0.391760904685 0.249568221071 0.0177705977383 0.0397236614853
0 0.434975767367 0.312607944732 0.0250403877221 0.0552677029361
0 0.428109854604 0.200345423143 0.0129240710824 0.0414507772021
0 0.441841680129 0.171848013817 0.0177705977383 0.0397236614853
0 0.467689822294 0.253886010363 0.0193861066236 0.0552677029361
0 0.493134087237 0.208117443869 0.0169628432956 0.0500863557858
0 0.518578352181 0.1701208981 0.016155088853 0.0500863557858
0 0.547253634895 0.227979274611 0.0169628432956 0.0552677029361
0 0.549676898223 0.136442141623 0.0121163166397 0.0310880829016
0 0.553311793215 0.167530224525 0.016155088853 0.0379965457686
0 0.577140549273 0.202936096718 0.0185783521809 0.0397236614853
0 0.577140549273 0.176165803109 0.0169628432956 0.0449050086356
0 0.574313408724 0.137305699482 0.0145395799677 0.0431778929188
0 0.596526655897 0.122625215889 0.013731825525 0.0414507772021
0 0.619547657512 0.20725388601 0.0145395799677 0.0483592400691
0 0.628432956381 0.130397236615 0.0129240710824 0.0362694300518
0 0.655896607431 0.183074265976 0.0145395799677 0.0449050086356
0 0.685783521809 0.168393782383 0.016155088853 0.0362694300518
0 0.57310177706 0.342832469775 0.0234248788368 0.0604490500864
0 0.6098546042 0.287564766839 0.0258481421648 0.0604490500864
0 0.604604200323 0.379965457686 0.0234248788368 0.0759930915371
0 0.655088852989 0.43609671848 0.0290791599354 0.0708117443869
0 0.720113085622 0.414507772021 0.0201938610662 0.0690846286701
0 0.79563812601 0.476683937824 0.0274636510501 0.0863557858377
0 0.865508885299 0.498272884283 0.0234248788368 0.0846286701209
0 0.885298869144 0.421416234888 0.0177705977383 0.0656303972366
0 0.954765751212 0.487046632124 0.0210016155089 0.0621761658031
0 0.66155088853 0.252158894646 0.0226171243942 0.0483592400691
0 0.702746365105 0.217616580311 0.016155088853 0.0518134715026
0 0.716074313409 0.273747841105 0.0201938610662 0.0604490500864
0 0.74071082391 0.230569948187 0.0177705977383 0.0500863557858
0 0.75 0.19170984456 0.0169628432956 0.0483592400691
0 0.749596122779 0.30829015544 0.016155088853 0.0535405872193
0 0.767366720517 0.189982728843 0.0129240710824 0.0414507772021
0 0.787560581583 0.211571675302 0.016155088853 0.0466321243523
0 0.808562197092 0.199481865285 0.016155088853 0.0431778929188
0 0.789176090468 0.26597582038 0.0177705977383 0.0552677029361
0 0.811793214863 0.305699481865 0.0177705977383 0.0587219343696
0 0.818659127625 0.231433506045 0.0169628432956 0.0414507772021
0 0.82915993538 0.218480138169 0.0169628432956 0.0431778929188
0 0.866720516963 0.237478411054 0.0113085621971 0.0397236614853
0 0.867124394184 0.364421416235 0.0201938610662 0.0552677029361
0 0.903877221325 0.236614853195 0.0129240710824 0.0414507772021
0 0.897011308562 0.266839378238 0.0153473344103 0.0328151986183
0 0.884491114701 0.295336787565 0.016155088853 0.0414507772021
0 0.924878836834 0.353195164076 0.016155088853 0.0500863557858
0 0.950323101777 0.389464594128 0.0201938610662 0.0639032815199
0 0.973747980614 0.373056994819 0.0169628432956 0.0449050086356
0 0.928513731826 0.275474956822 0.0169628432956 0.0431778929188
0 0.948707592892 0.248704663212 0.0121163166397 0.0310880829016
0 0.981017770598 0.26079447323 0.0105008077544 0.0345423143351
0 0.974151857835 0.313471502591 0.0145395799677 0.0397236614853
0 0.972132471729 0.3402417962 0.0153473344103 0.0414507772021
0 0.869951534733 0.326424870466 0.016155088853 0.0483592400691
0 0.665185783522 0.13816925734 0.013731825525 0.0379965457686
0 0.653069466882 0.146804835924 0.013731825525 0.0483592400691
0 0.687802907916 0.141623488774 0.0121163166397 0.0414507772021
0 0.605008077544 0.158894645941 0.0129240710824 0.0379965457686
0 0.608239095315 0.183937823834 0.0145395799677 0.0431778929188
0 0.49071082391 0.163212435233 0.0153473344103 0.0431778929188
0 0.302504038772 0.248704663212 0.0153473344103 0.0414507772021
0 0.31098546042 0.233160621762 0.0145395799677 0.0414507772021
