0 0.39364640884 0.666666666667 0.0930018416206 0.177339901478
0 0.420810313076 0.526272577997 0.060773480663 0.136288998358
0 0.436464088398 0.456486042693 0.0497237569061 0.101806239737
0 0.206721915285 0.431034482759 0.0653775322284 0.126436781609
0 0.20349907919 0.238916256158 0.0276243093923 0.047619047619
0 0.303406998158 0.258620689655 0.0322283609576 0.0706075533662
0 0.323664825046 0.180623973727 0.024861878453 0.0459770114943
0 0.382596685083 0.215106732348 0.0267034990792 0.055829228243
0 0.46408839779 0.224137931034 0.0220994475138 0.0443349753695
0 0.505064456722 0.266830870279 0.0303867403315 0.0541871921182
0 0.552486187845 0.114942528736 0.0276243093923 0.0459770114943
0 0.568600368324 0.0886699507389 0.0138121546961 0.0328407224959
0 0.590239410681 0.110837438424 0.0165745856354 0.0443349753695
0 0.608195211786 0.131362889984 0.0230202578269 0.0459770114943
0 0.632136279926 0.128078817734 0.0211786372007 0.0459770114943
0 0.653314917127 0.0960591133005 0.0211786372007 0.0410509031199
0 0.674953959484 0.0747126436782 0.0184162062615 0.0410509031199
0 0.690607734807 0.128078817734 0.0276243093923 0.0525451559934
