0 0.226525821596 0.383403361345 0.0586854460094 0.0987394957983
0 0.543427230047 0.300420168067 0.0258215962441 0.063025210084
0 0.553403755869 0.185924369748 0.0176056338028 0.0357142857143
0 0.628521126761 0.192226890756 0.0199530516432 0.0441176470588
0 0.674295774648 0.204831932773 0.0176056338028 0.0399159663866
0 0.667253521127 0.189075630252 0.0152582159624 0.0294117647059
0 0.668427230047 0.251050420168 0.0223004694836 0.0483193277311
0 0.669014084507 0.313025210084 0.0281690140845 0.0588235294118
0 0.710093896714 0.200630252101 0.018779342723 0.0357142857143
0 0.742370892019 0.206932773109 0.0176056338028 0.0357142857143
0 0.767605633803 0.236344537815 0.0211267605634 0.0441176470588
0 0.727112676056 0.266806722689 0.0223004694836 0.046218487395
0 0.828051643192 0.367647058824 0.0293427230047 0.0672268907563
0 0.893779342723 0.452731092437 0.0316901408451 0.0693277310924
