0 0.371035940803 0.509398496241 0.0570824524313 0.131578947368
0 0.300739957717 0.413533834586 0.0433403805497 0.12030075188
0 0.227272727273 0.351503759398 0.0317124735729 0.0789473684211
0 0.415961945032 0.205827067669 0.0137420718816 0.031954887218
0 0.405391120507 0.259398496241 0.0179704016913 0.0451127819549
0 0.443446088795 0.204887218045 0.0116279069767 0.0338345864662
0 0.474101479915 0.225563909774 0.0158562367865 0.0413533834586
0 0.503699788584 0.218984962406 0.0158562367865 0.0394736842105
0 0.58932346723 0.247180451128 0.0179704016913 0.046992481203
0 0.63689217759 0.249060150376 0.0221987315011 0.0545112781955
0 0.58245243129 0.117481203008 0.0105708245243 0.0244360902256
0 0.6088794926 0.107142857143 0.00845665961945 0.0225563909774
0 0.641649048626 0.124060150376 0.0105708245243 0.0263157894737
