0 0.153738317757 0.366500829187 0.0308411214953 0.0630182421227
0 0.168691588785 0.349087893864 0.0383177570093 0.0746268656716
0 0.258878504673 0.289386401327 0.0205607476636 0.0315091210614
0 0.310280373832 0.260364842454 0.0205607476636 0.0431177446103
0 0.298130841121 0.278606965174 0.018691588785 0.0364842454395
0 0.343925233645 0.269485903814 0.0205607476636 0.044776119403
0 0.335046728972 0.218905472637 0.0177570093458 0.0364842454395
0 0.347196261682 0.219734660033 0.0177570093458 0.0348258706468
0 0.358411214953 0.240464344942 0.0158878504673 0.0331674958541
0 0.37476635514 0.230514096186 0.0168224299065 0.0398009950249
0 0.383177570093 0.20232172471 0.0168224299065 0.0364842454395
0 0.408411214953 0.175787728027 0.014953271028 0.0298507462687
0 0.424299065421 0.192371475954 0.0168224299065 0.0331674958541
0 0.428504672897 0.230514096186 0.0196261682243 0.0398009950249
0 0.454672897196 0.233001658375 0.0214953271028 0.0480928689884
0 0.473364485981 0.255389718076 0.0308411214953 0.0497512437811
0 0.448598130841 0.194029850746 0.014953271028 0.0298507462687
0 0.451869158879 0.178275290216 0.0140186915888 0.0315091210614
0 0.466355140187 0.164179104478 0.014953271028 0.0298507462687
0 0.473364485981 0.19320066335 0.0158878504673 0.0315091210614
0 0.48738317757 0.194029850746 0.0177570093458 0.0298507462687
0 0.483644859813 0.136815920398 0.0121495327103 0.0215588723051
0 0.510280373832 0.1592039801 0.014953271028 0.0298507462687
0 0.516822429907 0.213101160862 0.018691588785 0.0315091210614
0 0.538785046729 0.132669983416 0.0140186915888 0.0265339966833
0 0.564953271028 0.169983416252 0.0214953271028 0.0414593698176
0 0.545794392523 0.16583747927 0.014953271028 0.0364842454395
0 0.581775700935 0.140132669983 0.0140186915888 0.028192371476
0 0.617289719626 0.153399668325 0.0158878504673 0.0315091210614
0 0.593925233645 0.126036484245 0.0121495327103 0.0265339966833
0 0.593925233645 0.100331674959 0.0158878504673 0.0248756218905
0 0.611214953271 0.0630182421227 0.014953271028 0.0265339966833
0 0.65046728972 0.0771144278607 0.014953271028 0.0315091210614
0 0.671028037383 0.0729684908789 0.0130841121495 0.0298507462687
0 0.643457943925 0.105306799337 0.0140186915888 0.0248756218905
0 0.484112149533 0.304311774461 0.0280373831776 0.044776119403
0 0.534112149533 0.350746268657 0.0289719626168 0.044776119403
0 0.566822429907 0.253731343284 0.0196261682243 0.0398009950249
0 0.604672897196 0.2728026534 0.0205607476636 0.0514096185738
0 0.596728971963 0.357379767828 0.0289719626168 0.06135986733
0 0.666822429907 0.366500829187 0.0289719626168 0.0696517412935
0 0.657009345794 0.311774461028 0.0242990654206 0.0464344941957
0 0.635514018692 0.21144278607 0.0242990654206 0.0480928689884
0 0.66214953271 0.217247097844 0.0196261682243 0.0431177446103
0 0.666355140187 0.184908789386 0.0168224299065 0.0348258706468
0 0.692523364486 0.192371475954 0.0168224299065 0.0364842454395
0 0.688317757009 0.157545605307 0.0158878504673 0.0364842454395
0 0.690186915888 0.226368159204 0.0214953271028 0.0414593698176
0 0.717757009346 0.296019900498 0.0224299065421 0.0580431177446
0 0.788785046729 0.315091210614 0.0280373831776 0.0597014925373
0 0.754672897196 0.266169154229 0.0233644859813 0.0514096185738
0 0.809345794393 0.266169154229 0.0224299065421 0.0514096185738
0 0.914953271028 0.293532338308 0.0242990654206 0.0530679933665
0 0.871495327103 0.247927031509 0.0177570093458 0.044776119403
0 0.790186915888 0.196517412935 0.0196261682243 0.0414593698176
0 0.758411214953 0.17495854063 0.0158878504673 0.0348258706468
0 0.742523364486 0.187396351575 0.0177570093458 0.0298507462687
0 0.72523364486 0.170812603648 0.014953271028 0.0298507462687
0 0.720093457944 0.148424543947 0.0121495327103 0.0248756218905
0 0.73785046729 0.133499170813 0.0140186915888 0.0348258706468
0 0.748598130841 0.147595356551 0.0168224299065 0.0331674958541
0 0.766822429907 0.136815920398 0.0140186915888 0.0348258706468
0 0.780841121495 0.128524046434 0.0121495327103 0.0315091210614
0 0.794392523364 0.145107794362 0.0130841121495 0.0381426202322
0 0.806542056075 0.144278606965 0.011214953271 0.0265339966833
0 0.820093457944 0.165008291874 0.0121495327103 0.0315091210614
0 0.839719626168 0.178275290216 0.0121495327103 0.0315091210614
0 0.83691588785 0.148424543947 0.0158878504673 0.0315091210614
0 0.860280373832 0.1592039801 0.0140186915888 0.0331674958541
0 0.859813084112 0.135986733002 0.0130841121495 0.0298507462687
0 0.879906542056 0.187396351575 0.0177570093458 0.0398009950249
0 0.889252336449 0.176616915423 0.0158878504673 0.0315091210614
0 0.896261682243 0.143449419569 0.011214953271 0.028192371476
0 0.92523364486 0.208126036484 0.0168224299065 0.0381426202322
0 0.928971962617 0.163349917081 0.0130841121495 0.0315091210614
