0 0.0705693664796 0.558823529412 0.0593424218123 0.114379084967
0 0.255813953488 0.238562091503 0.0240577385726 0.0555555555556
0 0.599037690457 0.116830065359 0.0192461908581 0.0375816993464
0 0.580593424218 0.125 0.0176423416199 0.0408496732026
0 0.558540497193 0.125816993464 0.0216519647153 0.0457516339869
0 0.554129911788 0.147058823529 0.0160384923817 0.0359477124183
0 0.531676022454 0.147058823529 0.0160384923817 0.0457516339869
0 0.495589414595 0.134803921569 0.0176423416199 0.0506535947712
0 0.443063352045 0.154411764706 0.0168404170008 0.0408496732026
0 0.458700882117 0.147875816993 0.0192461908581 0.0375816993464
0 0.476744186047 0.160130718954 0.0152365677626 0.0424836601307
0 0.632317562149 0.115196078431 0.0152365677626 0.0506535947712
0 0.650360866079 0.126633986928 0.0176423416199 0.0375816993464
0 0.374097834804 0.175653594771 0.0152365677626 0.0408496732026
0 0.315156375301 0.195261437908 0.0176423416199 0.0408496732026
0 0.3067361668 0.230392156863 0.0168404170008 0.0522875816993
0 0.335605453087 0.218954248366 0.0248596631917 0.0457516339869
0 0.353648757017 0.204248366013 0.0160384923817 0.0490196078431
0 0.393744987971 0.178104575163 0.0176423416199 0.0359477124183
0 0.432237369687 0.180555555556 0.0160384923817 0.0375816993464
0 0.369286287089 0.255718954248 0.0168404170008 0.047385620915
0 0.401363271852 0.222222222222 0.0152365677626 0.0359477124183
0 0.502004811548 0.191176470588 0.0192461908581 0.0424836601307
0 0.477145148356 0.22385620915 0.0192461908581 0.0490196078431
0 0.551323175621 0.194444444444 0.0168404170008 0.0359477124183
0 0.57056936648 0.19362745098 0.0168404170008 0.0441176470588
0 0.694867682438 0.124183006536 0.0152365677626 0.0326797385621
0 0.686447473937 0.140522875817 0.0208500400962 0.0522875816993
0 0.714514835605 0.147875816993 0.0144346431435 0.0375816993464
0 0.437449879711 0.296568627451 0.028067361668 0.0604575163399
0 0.555332798717 0.324346405229 0.018444266239 0.0506535947712
0 0.615477145148 0.187091503268 0.018444266239 0.047385620915
0 0.65757818765 0.170751633987 0.0128307939054 0.0277777777778
0 0.78107457899 0.15931372549 0.0144346431435 0.0408496732026
0 0.749799518845 0.180555555556 0.0144346431435 0.0375816993464
0 0.713712910986 0.203431372549 0.0176423416199 0.047385620915
0 0.660384923817 0.242647058824 0.0232558139535 0.0539215686275
0 0.616680032077 0.274509803922 0.0208500400962 0.0555555555556
0 0.609061748196 0.357843137255 0.0216519647153 0.0555555555556
0 0.660384923817 0.389705882353 0.0264635124298 0.0539215686275
0 0.723336006415 0.385620915033 0.0272654370489 0.0653594771242
0 0.715316760225 0.267973856209 0.0272654370489 0.062091503268
0 0.813151563753 0.179738562092 0.0176423416199 0.0424836601307
0 0.781876503609 0.204248366013 0.0192461908581 0.0359477124183
0 0.74538893344 0.227941176471 0.0264635124298 0.047385620915
0 0.73696872494 0.195261437908 0.0192461908581 0.0408496732026
0 0.765437048917 0.272875816993 0.018444266239 0.0424836601307
0 0.78909382518 0.258169934641 0.0192461908581 0.0457516339869
0 0.829190056135 0.207516339869 0.0208500400962 0.0457516339869
0 0.814755412991 0.281862745098 0.0192461908581 0.047385620915
0 0.871692060946 0.222222222222 0.0128307939054 0.0392156862745
0 0.905372894948 0.218137254902 0.0128307939054 0.0441176470588
0 0.864073777065 0.325980392157 0.0200481154771 0.0571895424837
0 0.950681635926 0.226307189542 0.0120288692863 0.0408496732026
0 0.989975942261 0.251633986928 0.0136327185245 0.0424836601307
0 0.922614274258 0.305555555556 0.0168404170008 0.0588235294118
0 0.95589414595 0.353758169935 0.0208500400962 0.0506535947712
0 0.977546110666 0.28431372549 0.0160384923817 0.0359477124183
0 0.95589414595 0.420751633987 0.0176423416199 0.0604575163399
0 0.88612670409 0.377450980392 0.0240577385726 0.0555555555556
0 0.864875701684 0.499183006536 0.0296712109062 0.0866013071895
0 0.785485164395 0.424019607843 0.028067361668 0.0800653594771
0 0.901764234162 0.264705882353 0.018444266239 0.0457516339869
0 0.934643143545 0.258169934641 0.018444266239 0.0457516339869
