0 0.209745762712 0.342401500938 0.0423728813559 0.0881801125704
0 0.271716101695 0.227954971857 0.0180084745763 0.0393996247655
0 0.31938559322 0.255159474672 0.0180084745763 0.0412757973734
0 0.354872881356 0.201688555347 0.0190677966102 0.0393996247655
0 0.369703389831 0.194183864916 0.0169491525424 0.0393996247655
0 0.375 0.250469043152 0.021186440678 0.0431519699812
0 0.408898305085 0.270168855535 0.0233050847458 0.0450281425891
0 0.415254237288 0.208255159475 0.0169491525424 0.0375234521576
0 0.429555084746 0.218574108818 0.0180084745763 0.0393996247655
0 0.395656779661 0.173545966229 0.0137711864407 0.0281425891182
0 0.410487288136 0.167917448405 0.0137711864407 0.0281425891182
0 0.457627118644 0.223264540338 0.021186440678 0.0487804878049
0 0.441737288136 0.170731707317 0.0169491525424 0.0337711069418
0 0.448622881356 0.145403377111 0.0137711864407 0.0243902439024
0 0.482521186441 0.15947467167 0.0158898305085 0.0300187617261
0 0.481461864407 0.136022514071 0.0158898305085 0.0281425891182
0 0.506355932203 0.134146341463 0.0127118644068 0.0281425891182
0 0.511652542373 0.142589118199 0.0148305084746 0.0300187617261
0 0.486758474576 0.213883677298 0.0286016949153 0.0525328330206
0 0.518538135593 0.197936210131 0.0201271186441 0.031894934334
0 0.519597457627 0.172607879925 0.0158898305085 0.0300187617261
0 0.544491525424 0.191369606004 0.021186440678 0.0412757973734
0 0.555084745763 0.142589118199 0.0127118644068 0.0300187617261
0 0.556673728814 0.121951219512 0.0116525423729 0.0225140712946
0 0.569915254237 0.138836772983 0.0127118644068 0.0262664165103
0 0.583156779661 0.182926829268 0.0201271186441 0.0431519699812
0 0.591631355932 0.125703564728 0.0158898305085 0.0375234521576
0 0.602224576271 0.126641651032 0.0137711864407 0.031894934334
0 0.612288135593 0.121013133208 0.0127118644068 0.031894934334
0 0.609639830508 0.101313320826 0.0116525423729 0.0225140712946
0 0.632944915254 0.116322701689 0.0137711864407 0.0262664165103
0 0.626059322034 0.132270168856 0.010593220339 0.0243902439024
0 0.642478813559 0.151969981238 0.0180084745763 0.0300187617261
0 0.661016949153 0.15009380863 0.0169491525424 0.0300187617261
0 0.666843220339 0.116322701689 0.0158898305085 0.0375234521576
0 0.691207627119 0.109756097561 0.0116525423729 0.0243902439024
0 0.696504237288 0.12382739212 0.0158898305085 0.0300187617261
0 0.719279661017 0.1191369606 0.0148305084746 0.0281425891182
0 0.639300847458 0.198874296435 0.0222457627119 0.0487804878049
0 0.583156779661 0.248592870544 0.0243644067797 0.0581613508443
0 0.556673728814 0.308630393996 0.0328389830508 0.06191369606
0 0.633474576271 0.262664165103 0.0338983050847 0.0637898686679
0 0.686970338983 0.268292682927 0.0243644067797 0.0487804878049
0 0.67531779661 0.227954971857 0.0243644067797 0.0431519699812
0 0.675847457627 0.18574108818 0.0190677966102 0.0375234521576
0 0.704978813559 0.173545966229 0.0180084745763 0.0356472795497
0 0.720338983051 0.198874296435 0.021186440678 0.0450281425891
0 0.724576271186 0.235459662289 0.021186440678 0.0506566604128
0 0.743644067797 0.271106941839 0.0275423728814 0.0694183864916
0 0.772245762712 0.253283302064 0.021186440678 0.0487804878049
0 0.773834745763 0.205440900563 0.0180084745763 0.0431519699812
0 0.795550847458 0.227954971857 0.021186440678 0.046904315197
0 0.747351694915 0.187617260788 0.0158898305085 0.0375234521576
0 0.743644067797 0.151969981238 0.0169491525424 0.0375234521576
0 0.765889830508 0.142589118199 0.0127118644068 0.0225140712946
0 0.759533898305 0.178236397749 0.0127118644068 0.0300187617261
0 0.789194915254 0.146341463415 0.0127118644068 0.0300187617261
0 0.80031779661 0.132270168856 0.0137711864407 0.0281425891182
0 0.804025423729 0.164165103189 0.0148305084746 0.031894934334
0 0.815148305085 0.15478424015 0.0137711864407 0.031894934334
0 0.828389830508 0.140712945591 0.0127118644068 0.0300187617261
0 0.838453389831 0.175422138837 0.0158898305085 0.0356472795497
0 0.847457627119 0.203564727955 0.0190677966102 0.0393996247655
0 0.84375 0.239212007505 0.0201271186441 0.0431519699812
0 0.797669491525 0.296435272045 0.0296610169492 0.0675422138837
0 0.849576271186 0.330206378987 0.0275423728814 0.0600375234522
0 0.86281779661 0.291744840525 0.0222457627119 0.06191369606
0 0.91843220339 0.331144465291 0.0275423728814 0.0656660412758
0 0.942796610169 0.27861163227 0.021186440678 0.0544090056285
0 0.920021186441 0.261726078799 0.0201271186441 0.0431519699812
0 0.897775423729 0.231707317073 0.0180084745763 0.0356472795497
0 0.869703389831 0.198874296435 0.0190677966102 0.0412757973734
0 0.851165254237 0.157598499062 0.0158898305085 0.0337711069418
0 0.859110169492 0.145403377111 0.0127118644068 0.0281425891182
0 0.889830508475 0.163227016886 0.0169491525424 0.0337711069418
0 0.917902542373 0.169793621013 0.0137711864407 0.0243902439024
0 0.949152542373 0.169793621013 0.0169491525424 0.031894934334
0 0.947563559322 0.235459662289 0.0201271186441 0.0356472795497
0 0.950211864407 0.21200750469 0.0127118644068 0.0262664165103
