0 0.2586996337 0.403752039152 0.0503663003663 0.109298531811
0 0.290750915751 0.21207177814 0.0247252747253 0.0424143556281
0 0.337912087912 0.217781402936 0.0238095238095 0.047308319739
0 0.380494505495 0.195758564437 0.0173992673993 0.0326264274062
0 0.409798534799 0.214518760196 0.0228937728938 0.047308319739
0 0.465659340659 0.154159869494 0.0247252747253 0.0440456769984
0 0.557234432234 0.166394779772 0.0247252747253 0.0587275693312
0 0.578754578755 0.0774877650897 0.014652014652 0.0309951060359
0 0.644230769231 0.117455138662 0.0137362637363 0.0293637846656
0 0.64652014652 0.150081566069 0.018315018315 0.0228384991843
0 0.753663003663 0.142740619902 0.014652014652 0.0277324632953
0 0.77152014652 0.145187601958 0.0173992673993 0.0326264274062
0 0.86858974359 0.192495921697 0.0137362637363 0.0358890701468
0 0.936813186813 0.188417618271 0.014652014652 0.0342577487765
0 0.891483516484 0.259380097879 0.0173992673993 0.0424143556281
0 0.91804029304 0.252039151713 0.0192307692308 0.047308319739
0 0.824175824176 0.253670473083 0.0238095238095 0.0538336052202
