0 0.22619047619 0.51108033241 0.0444444444444 0.0914127423823
0 0.424603174603 0.222991689751 0.0174603174603 0.0304709141274
0 0.455158730159 0.245152354571 0.0261904761905 0.0415512465374
0 0.428571428571 0.273545706371 0.0238095238095 0.0373961218837
0 0.487301587302 0.319252077562 0.0269841269841 0.0650969529086
0 0.544841269841 0.357340720222 0.0277777777778 0.0470914127424
0 0.810317460317 0.213296398892 0.0238095238095 0.0747922437673
0 0.886507936508 0.22783933518 0.0206349206349 0.0457063711911
0 0.750396825397 0.162742382271 0.0230158730159 0.0346260387812
0 0.721031746032 0.153047091413 0.0166666666667 0.0318559556787
