0 0.0873320537428 0.318256578947 0.021113243762 0.0444078947368
0 0.150671785029 0.301809210526 0.021113243762 0.0444078947368
0 0.386756238004 0.268092105263 0.0230326295585 0.0427631578947
0 0.357485604607 0.244243421053 0.0220729366603 0.0411184210526
0 0.424184261036 0.164473684211 0.0191938579655 0.0328947368421
0 0.470729366603 0.225328947368 0.0220729366603 0.0460526315789
0 0.498080614203 0.315789473684 0.0268714011516 0.0592105263158
0 0.548464491363 0.333881578947 0.031669865643 0.0559210526316
0 0.546065259117 0.144736842105 0.0172744721689 0.0296052631579
0 0.58349328215 0.138157894737 0.0153550863724 0.0361842105263
0 0.606525911708 0.120065789474 0.0115163147793 0.0263157894737
0 0.643474088292 0.241776315789 0.0201535508637 0.0361842105263
0 0.659788867562 0.228618421053 0.0201535508637 0.0427631578947
0 0.807101727447 0.277960526316 0.0249520153551 0.0592105263158
0 0.865642994242 0.314144736842 0.0364683301344 0.0625
0 0.926583493282 0.152138157895 0.0124760076775 0.0246710526316
0 0.956813819578 0.157072368421 0.0153550863724 0.0345394736842
