0 0.0724703737466 0.272873194222 0.0154968094804 0.0353130016051
0 0.394257064722 0.149277688604 0.0191431175934 0.0385232744783
0 0.39516864175 0.197431781701 0.0118505013674 0.0288924558587
0 0.440291704649 0.216693418941 0.0145852324521 0.0224719101124
0 0.431631722881 0.170947030498 0.024612579763 0.0401284109149
0 0.61257976299 0.111556982343 0.0109389243391 0.0208667736758
0 0.651777575205 0.130016051364 0.0127620783956 0.0192616372392
0 0.636280765725 0.148475120385 0.0127620783956 0.0208667736758
0 0.651321786691 0.16051364366 0.0118505013674 0.0192616372392
0 0.749772105743 0.151685393258 0.0136736554239 0.024077046549
0 0.767547857794 0.154895666132 0.0145852324521 0.0272873194222
0 0.822698268004 0.266452648475 0.0191431175934 0.0513643659711
0 0.868277119417 0.197431781701 0.0118505013674 0.0321027287319
0 0.891066545123 0.260032102729 0.0191431175934 0.0385232744783
0 0.916590701914 0.255216693419 0.0191431175934 0.0449438202247
0 0.938924339107 0.202247191011 0.0127620783956 0.0353130016051
