0 0.128432956381 0.617059891107 0.0306946688207 0.0871143375681
0 0.0751211631664 0.500907441016 0.0242326332795 0.0725952813067
0 0.0605815831987 0.412885662432 0.0226171243942 0.059891107078
0 0.0436187399031 0.251361161525 0.016155088853 0.0417422867514
0 0.0464458804523 0.219600725953 0.0153473344103 0.0362976406534
0 0.129644588045 0.20780399274 0.0153473344103 0.038112522686
0 0.159127625202 0.156987295826 0.0145395799677 0.0344827586207
0 0.17084006462 0.18058076225 0.0153473344103 0.0417422867514
0 0.188610662359 0.205989110708 0.013731825525 0.038112522686
0 0.177705977383 0.276769509982 0.016155088853 0.049001814882
0 0.219709208401 0.452813067151 0.0306946688207 0.0744101633394
0 0.229806138934 0.345735027223 0.0218093699515 0.0562613430127
0 0.243537964459 0.303085299456 0.0169628432956 0.0580762250454
0 0.213651050081 0.127949183303 0.0121163166397 0.0308529945554
0 0.220113085622 0.14609800363 0.0121163166397 0.0344827586207
0 0.252827140549 0.133393829401 0.0113085621971 0.0344827586207
0 0.292407108239 0.167876588022 0.016155088853 0.038112522686
0 0.291599353796 0.212341197822 0.0177705977383 0.0471869328494
0 0.304119547658 0.226860254083 0.0153473344103 0.043557168784
0 0.344911147011 0.220508166969 0.0177705977383 0.0417422867514
0 0.383683360258 0.175136116152 0.016155088853 0.0417422867514
0 0.363893376414 0.0898366606171 0.013731825525 0.0344827586207
0 0.403069466882 0.0998185117967 0.0129240710824 0.0399274047187
0 0.415993537964 0.172413793103 0.0145395799677 0.0362976406534
0 0.466074313409 0.279491833031 0.0177705977383 0.05444646098
0 0.476575121163 0.219600725953 0.0193861066236 0.0508166969147
0 0.540387722132 0.480943738657 0.0274636510501 0.0689655172414
0 0.560177705977 0.313067150635 0.0234248788368 0.059891107078
0 0.61268174475 0.240471869328 0.0169628432956 0.038112522686
0 0.681340872375 0.33666061706 0.0234248788368 0.0562613430127
0 0.787964458805 0.383847549909 0.0250403877221 0.059891107078
0 0.85662358643 0.283121597096 0.0153473344103 0.0471869328494
0 0.874798061389 0.297640653358 0.016155088853 0.0471869328494
0 0.930129240711 0.377495462795 0.0185783521809 0.043557168784
0 0.816235864297 0.241379310345 0.0153473344103 0.0399274047187
0 0.777059773829 0.209618874773 0.0145395799677 0.038112522686
0 0.70436187399 0.220508166969 0.0177705977383 0.0417422867514
0 0.713247172859 0.283121597096 0.0193861066236 0.0471869328494
0 0.656300484653 0.155172413793 0.013731825525 0.0344827586207
0 0.619143780291 0.10889292196 0.0121163166397 0.032667876588
0 0.594911147011 0.135208711434 0.0153473344103 0.038112522686
0 0.575121163166 0.206896551724 0.0193861066236 0.043557168784
0 0.553715670436 0.164246823956 0.013731825525 0.0308529945554
0 0.498788368336 0.175136116152 0.0153473344103 0.038112522686
0 0.470113085622 0.171506352087 0.0129240710824 0.0308529945554
0 0.462439418417 0.130671506352 0.0153473344103 0.0362976406534
0 0.483037156704 0.120689655172 0.0129240710824 0.0344827586207
0 0.481421647819 0.0771324863884 0.0129240710824 0.02722323049
0 0.510904684976 0.107985480944 0.0121163166397 0.02722323049
0 0.542407108239 0.0780399274047 0.0121163166397 0.0290381125227
0 0.581583198708 0.0998185117967 0.0129240710824 0.0362976406534
0 0.433360258481 0.0907441016334 0.0121163166397 0.0362976406534
