0 0.846153846154 0.108216432866 0.0135746606335 0.0280561122244
0 0.870475113122 0.120240480962 0.0147058823529 0.0320641282565
0 0.881787330317 0.102204408818 0.0101809954751 0.0280561122244
0 0.936085972851 0.107214428858 0.0101809954751 0.0260521042084
0 0.912330316742 0.148296593186 0.0101809954751 0.0200400801603
0 0.876131221719 0.190380761523 0.0147058823529 0.0360721442886
0 0.915158371041 0.194388777555 0.0226244343891 0.0480961923848
0 0.809389140271 0.163326653307 0.0192307692308 0.0501002004008
0 0.819570135747 0.135270541082 0.012443438914 0.0260521042084
0 0.799773755656 0.12124248497 0.0113122171946 0.0260521042084
0 0.864253393665 0.215430861723 0.0158371040724 0.0380761523046
0 0.782239819005 0.119238476954 0.0101809954751 0.0260521042084
0 0.760180995475 0.134268537074 0.0113122171946 0.0320641282565
0 0.774886877828 0.13627254509 0.0135746606335 0.0320641282565
0 0.725678733032 0.125250501002 0.0147058823529 0.0340681362725
0 0.734728506787 0.143286573146 0.0147058823529 0.0380761523046
0 0.751131221719 0.175350701403 0.0180995475113 0.0380761523046
0 0.77092760181 0.271543086172 0.0237556561086 0.0541082164329
0 0.72907239819 0.186372745491 0.0169683257919 0.0400801603206
0 0.732466063348 0.223446893788 0.0237556561086 0.0541082164329
0 0.703054298643 0.219438877756 0.0214932126697 0.0541082164329
0 0.70814479638 0.292585170341 0.0226244343891 0.060120240481
0 0.627262443439 0.0701402805611 0.0101809954751 0.0280561122244
0 0.653846153846 0.060120240481 0.0135746606335 0.0240480961924
0 0.679864253394 0.061122244489 0.0113122171946 0.0260521042084
0 0.667986425339 0.115230460922 0.0101809954751 0.0260521042084
0 0.640271493213 0.114228456914 0.0113122171946 0.0280561122244
0 0.660067873303 0.173346693387 0.0147058823529 0.0340681362725
0 0.685520361991 0.14128256513 0.0135746606335 0.0340681362725
0 0.712104072398 0.166332665331 0.012443438914 0.0320641282565
0 0.654977375566 0.203406813627 0.0203619909502 0.0460921843687
0 0.623868778281 0.209418837675 0.0169683257919 0.0460921843687
0 0.671380090498 0.336673346693 0.0260180995475 0.064128256513
0 0.60520361991 0.250501002004 0.0203619909502 0.0440881763527
0 0.565045248869 0.243486973948 0.0214932126697 0.0460921843687
0 0.619343891403 0.134268537074 0.0147058823529 0.0320641282565
0 0.60350678733 0.0731462925852 0.012443438914 0.0300601202405
0 0.552036199095 0.0831663326653 0.0113122171946 0.0220440881764
0 0.572963800905 0.14629258517 0.0147058823529 0.0360721442886
0 0.572398190045 0.172344689379 0.0158371040724 0.0360721442886
0 0.528846153846 0.133266533066 0.0101809954751 0.0260521042084
0 0.547511312217 0.140280561122 0.0158371040724 0.0320641282565
0 0.544683257919 0.163326653307 0.012443438914 0.0340681362725
0 0.430995475113 0.138276553106 0.0135746606335 0.0280561122244
0 0.450791855204 0.142284569138 0.012443438914 0.0280561122244
0 0.466063348416 0.15130260521 0.0135746606335 0.0260521042084
0 0.382918552036 0.200400801603 0.0101809954751 0.0240480961924
0 0.408371040724 0.221442885772 0.0135746606335 0.0340681362725
0 0.441176470588 0.235470941884 0.0158371040724 0.0380761523046
0 0.412895927602 0.265531062124 0.0180995475113 0.0501002004008
0 0.346719457014 0.233466933868 0.0169683257919 0.0420841683367
0 0.356334841629 0.214428857715 0.0135746606335 0.0360721442886
0 0.264140271493 0.261523046092 0.012443438914 0.0300601202405
0 0.233031674208 0.238476953908 0.0158371040724 0.0400801603206
0 0.305429864253 0.25751503006 0.0203619909502 0.0380761523046
0 0.489819004525 0.297595190381 0.0226244343891 0.0581162324649
0 0.533936651584 0.310621242485 0.0226244343891 0.0561122244489
0 0.568438914027 0.338677354709 0.0237556561086 0.064128256513
0 0.197398190045 0.375751503006 0.0441176470588 0.0941883767535
