0 0.212571428571 0.456653225806 0.0502857142857 0.0987903225806
0 0.246857142857 0.431451612903 0.0457142857143 0.0887096774194
0 0.309142857143 0.28125 0.0217142857143 0.0423387096774
0 0.360571428571 0.261088709677 0.0194285714286 0.0383064516129
0 0.430857142857 0.26814516129 0.0251428571429 0.0524193548387
0 0.416571428571 0.224798387097 0.0194285714286 0.0383064516129
0 0.440571428571 0.220766129032 0.0171428571429 0.0383064516129
0 0.442857142857 0.180443548387 0.0171428571429 0.0383064516129
0 0.466285714286 0.188508064516 0.0205714285714 0.0463709677419
0 0.442857142857 0.14314516129 0.0148571428571 0.0322580645161
0 0.464571428571 0.150201612903 0.0148571428571 0.0302419354839
0 0.521142857143 0.137096774194 0.016 0.0362903225806
0 0.549142857143 0.147177419355 0.0171428571429 0.0362903225806
0 0.570857142857 0.154233870968 0.0171428571429 0.0342741935484
0 0.528571428571 0.199596774194 0.0194285714286 0.0443548387097
0 0.472 0.323588709677 0.0251428571429 0.054435483871
0 0.645142857143 0.257056451613 0.0285714285714 0.0584677419355
0 0.718857142857 0.276209677419 0.0297142857143 0.0604838709677
0 0.771428571429 0.28125 0.032 0.0584677419355
0 0.675428571429 0.148185483871 0.0205714285714 0.0383064516129
0 0.704571428571 0.147177419355 0.0171428571429 0.0322580645161
0 0.725714285714 0.15625 0.0182857142857 0.0423387096774
0 0.738857142857 0.140120967742 0.0217142857143 0.0423387096774
0 0.757714285714 0.160282258065 0.016 0.0383064516129
0 0.790285714286 0.182459677419 0.0194285714286 0.0463709677419
0 0.800571428571 0.120967741935 0.0148571428571 0.0282258064516
0 0.871428571429 0.212701612903 0.024 0.0504032258065
