0 0.158536585366 0.473063973064 0.0412757973734 0.0808080808081
0 0.246247654784 0.258417508418 0.0178236397749 0.0319865319865
0 0.265947467167 0.266835016835 0.0196998123827 0.0387205387205
0 0.28799249531 0.252525252525 0.0206378986867 0.043771043771
0 0.291275797373 0.297138047138 0.0253283302064 0.0454545454545
0 0.31425891182 0.219696969697 0.0187617260788 0.0353535353535
0 0.344746716698 0.263468013468 0.0234521575985 0.0353535353535
0 0.383208255159 0.280303030303 0.0272045028143 0.0488215488215
0 0.370075046904 0.262626262626 0.015947467167 0.03367003367
0 0.357879924953 0.212962962963 0.0234521575985 0.0387205387205
0 0.341932457786 0.205387205387 0.015947467167 0.03367003367
0 0.379924953096 0.184343434343 0.0187617260788 0.0387205387205
0 0.390243902439 0.212962962963 0.0187617260788 0.0387205387205
0 0.426360225141 0.237373737374 0.0215759849906 0.043771043771
0 0.428236397749 0.186868686869 0.0178236397749 0.043771043771
0 0.403846153846 0.178451178451 0.0178236397749 0.037037037037
0 0.473264540338 0.228956228956 0.0234521575985 0.043771043771
0 0.487335834897 0.197811447811 0.0178236397749 0.0387205387205
0 0.467166979362 0.183501683502 0.0187617260788 0.043771043771
0 0.455440900563 0.15404040404 0.015947467167 0.0319865319865
0 0.441838649156 0.154882154882 0.015009380863 0.030303030303
0 0.475609756098 0.133838383838 0.0131332082552 0.0319865319865
0 0.485928705441 0.14898989899 0.015009380863 0.0286195286195
0 0.521106941839 0.207070707071 0.0234521575985 0.047138047138
0 0.522045028143 0.170033670034 0.0178236397749 0.03367003367
0 0.541744840525 0.15404040404 0.015947467167 0.0353535353535
0 0.543621013133 0.122895622896 0.0121951219512 0.026936026936
0 0.557692307692 0.141414141414 0.0121951219512 0.030303030303
0 0.562851782364 0.166666666667 0.0168855534709 0.03367003367
0 0.577392120075 0.127946127946 0.0140712945591 0.030303030303
0 0.589587242026 0.13468013468 0.0140712945591 0.030303030303
0 0.612101313321 0.138047138047 0.0140712945591 0.026936026936
0 0.615853658537 0.117003367003 0.015947467167 0.0353535353535
0 0.632270168856 0.138047138047 0.0187617260788 0.037037037037
0 0.659005628518 0.121212121212 0.0140712945591 0.03367003367
0 0.521106941839 0.294612794613 0.0328330206379 0.0572390572391
0 0.545497185741 0.245791245791 0.0272045028143 0.047138047138
0 0.573170731707 0.286195286195 0.0300187617261 0.0606060606061
0 0.6191369606 0.30303030303 0.0300187617261 0.0639730639731
0 0.618198874296 0.234848484848 0.0225140712946 0.0521885521886
0 0.625234521576 0.196127946128 0.0215759849906 0.0420875420875
0 0.663227016886 0.268518518519 0.0300187617261 0.0622895622896
0 0.670731707317 0.208754208754 0.0225140712946 0.047138047138
0 0.65712945591 0.179292929293 0.0178236397749 0.0454545454545
0 0.68105065666 0.14898989899 0.0168855534709 0.0387205387205
0 0.692307692308 0.176767676768 0.0206378986867 0.043771043771
0 0.700750469043 0.228114478114 0.0206378986867 0.0521885521886
0 0.728893058161 0.191919191919 0.0206378986867 0.043771043771
0 0.717166979362 0.1632996633 0.0140712945591 0.037037037037
0 0.707317073171 0.131313131313 0.0168855534709 0.037037037037
0 0.725140712946 0.130471380471 0.015009380863 0.0387205387205
0 0.737335834897 0.141414141414 0.0131332082552 0.03367003367
0 0.764540337711 0.189393939394 0.0206378986867 0.0420875420875
0 0.758911819887 0.232323232323 0.0225140712946 0.0572390572391
0 0.757973733583 0.156565656566 0.0168855534709 0.040404040404
0 0.774390243902 0.143939393939 0.0140712945591 0.0353535353535
0 0.794559099437 0.1632996633 0.0187617260788 0.040404040404
0 0.826454033771 0.149831649832 0.0206378986867 0.037037037037
0 0.837242026266 0.186868686869 0.015947467167 0.040404040404
0 0.851313320826 0.164141414141 0.015947467167 0.0353535353535
0 0.875234521576 0.175925925926 0.015009380863 0.0420875420875
0 0.886491557223 0.154882154882 0.0168855534709 0.037037037037
0 0.817542213884 0.224747474747 0.0196998123827 0.0488215488215
0 0.765947467167 0.294612794613 0.0253283302064 0.0606060606061
0 0.708255159475 0.284511784512 0.0243902439024 0.0538720538721
0 0.829737335835 0.332491582492 0.0272045028143 0.0622895622896
0 0.84990619137 0.26430976431 0.0243902439024 0.0572390572391
0 0.93105065666 0.256734006734 0.0234521575985 0.0521885521886
0 0.912288930582 0.241582491582 0.0196998123827 0.0521885521886
