0 0.0904007455732 0.459836065574 0.0279589934762 0.0704918032787
0 0.286579683131 0.265573770492 0.0139794967381 0.0327868852459
0 0.277260018639 0.240163934426 0.0139794967381 0.0344262295082
0 0.307548928239 0.25 0.0149114631873 0.027868852459
0 0.332246039143 0.255737704918 0.0158434296365 0.0360655737705
0 0.319664492078 0.216393442623 0.0130475302889 0.0327868852459
0 0.331780055918 0.218852459016 0.0130475302889 0.027868852459
0 0.352749301025 0.229508196721 0.0139794967381 0.0327868852459
0 0.363000931966 0.247540983607 0.0177073625349 0.0393442622951
0 0.375582479031 0.227049180328 0.0149114631873 0.0311475409836
0 0.371854613234 0.19262295082 0.0130475302889 0.0344262295082
0 0.384902143523 0.18606557377 0.0130475302889 0.027868852459
0 0.416589002796 0.190983606557 0.0130475302889 0.027868852459
0 0.389561975769 0.262295081967 0.0186393289842 0.0327868852459
0 0.422646784716 0.25737704918 0.0177073625349 0.0426229508197
0 0.431966449208 0.226229508197 0.0195712954334 0.0327868852459
0 0.461789375582 0.232786885246 0.0177073625349 0.0459016393443
0 0.477632805219 0.199180327869 0.0214352283318 0.027868852459
0 0.439888164026 0.17868852459 0.0149114631873 0.0262295081967
0 0.45246971109 0.188524590164 0.0139794967381 0.0229508196721
0 0.462255358807 0.146721311475 0.0130475302889 0.0245901639344
0 0.497670083877 0.170491803279 0.0149114631873 0.0327868852459
0 0.475768872321 0.133606557377 0.0121155638397 0.0213114754098
0 0.537744641193 0.183606557377 0.0205032618826 0.0360655737705
0 0.533084808947 0.159836065574 0.0130475302889 0.027868852459
0 0.544734389562 0.152459016393 0.0121155638397 0.0262295081967
0 0.564305684995 0.172131147541 0.0158434296365 0.0295081967213
0 0.561509785648 0.126229508197 0.0139794967381 0.0360655737705
0 0.601118359739 0.152459016393 0.0167753960857 0.0262295081967
0 0.586672879776 0.127049180328 0.0139794967381 0.027868852459
0 0.607642124884 0.12868852459 0.0167753960857 0.0245901639344
0 0.628145386766 0.139344262295 0.0149114631873 0.0295081967213
0 0.636067101584 0.122950819672 0.0102516309413 0.0262295081967
0 0.659366262815 0.122950819672 0.0102516309413 0.0262295081967
0 0.483690587139 0.302459016393 0.0260950605778 0.0540983606557
0 0.539142590867 0.305737704918 0.027027027027 0.0606557377049
0 0.602050326188 0.315573770492 0.0335507921715 0.0573770491803
0 0.572227399814 0.219672131148 0.0186393289842 0.0426229508197
0 0.599720410065 0.198360655738 0.0214352283318 0.0426229508197
0 0.64678471575 0.218032786885 0.0186393289842 0.0426229508197
0 0.644454799627 0.264754098361 0.0214352283318 0.0475409836066
0 0.609506057782 0.269672131148 0.0298229263747 0.044262295082
0 0.709226467847 0.281967213115 0.0242311276794 0.0426229508197
0 0.69431500466 0.232786885246 0.0242311276794 0.0426229508197
0 0.663560111836 0.183606557377 0.0167753960857 0.0327868852459
0 0.684063373719 0.191803278689 0.0149114631873 0.0360655737705
0 0.685461323392 0.167213114754 0.0121155638397 0.0295081967213
0 0.703634669152 0.166393442623 0.0167753960857 0.0311475409836
0 0.702236719478 0.140983606557 0.0121155638397 0.0262295081967
0 0.728331780056 0.197540983607 0.0158434296365 0.0409836065574
0 0.748835041938 0.233606557377 0.0232991612302 0.0409836065574
0 0.7651444548 0.272950819672 0.0260950605778 0.0540983606557
0 0.82991612302 0.325409836066 0.0251630941286 0.0573770491803
0 0.85927306617 0.234426229508 0.0242311276794 0.0491803278689
0 0.914259086673 0.258196721311 0.0186393289842 0.044262295082
0 0.911463187325 0.222131147541 0.0149114631873 0.0344262295082
0 0.884902143523 0.203278688525 0.0158434296365 0.0327868852459
0 0.886766076421 0.175409836066 0.0158434296365 0.0295081967213
0 0.88769804287 0.146721311475 0.0139794967381 0.027868852459
0 0.846691519105 0.163114754098 0.0139794967381 0.027868852459
0 0.839235787512 0.190983606557 0.0158434296365 0.0377049180328
0 0.821528424977 0.203278688525 0.0177073625349 0.0426229508197
0 0.787977632805 0.172950819672 0.0177073625349 0.0377049180328
0 0.767008387698 0.204918032787 0.0205032618826 0.0393442622951
0 0.758620689655 0.17131147541 0.0149114631873 0.0311475409836
0 0.773998136067 0.143442622951 0.0158434296365 0.0245901639344
0 0.798229263747 0.132786885246 0.0121155638397 0.0295081967213
0 0.819664492078 0.136885245902 0.0139794967381 0.0311475409836
0 0.757222739981 0.127049180328 0.0158434296365 0.0311475409836
0 0.741845293569 0.147540983607 0.0149114631873 0.0295081967213
0 0.737651444548 0.122131147541 0.0139794967381 0.0245901639344
