0 0.265122265122 0.260869565217 0.015444015444 0.0320366132723
0 0.274774774775 0.254004576659 0.016731016731 0.0366132723112
0 0.293436293436 0.263157894737 0.018018018018 0.0320366132723
0 0.361647361647 0.196796338673 0.018018018018 0.0366132723112
0 0.38416988417 0.236842105263 0.024453024453 0.0480549199085
0 0.391248391248 0.194508009153 0.018018018018 0.0366132723112
0 0.436293436293 0.224256292906 0.018018018018 0.0411899313501
0 0.464607464607 0.226544622426 0.023166023166 0.045766590389
0 0.446589446589 0.185354691076 0.01287001287 0.0320366132723
0 0.417631917632 0.162471395881 0.014157014157 0.0274599542334
0 0.420205920206 0.101830663616 0.011583011583 0.025171624714
0 0.485842985843 0.191075514874 0.016731016731 0.0389016018307
0 0.476833976834 0.178489702517 0.014157014157 0.0320366132723
0 0.465250965251 0.159038901602 0.014157014157 0.0297482837529
0 0.507722007722 0.12356979405 0.016731016731 0.0366132723112
0 0.540540540541 0.118993135011 0.015444015444 0.0320366132723
0 0.556628056628 0.108695652174 0.00900900900901 0.0205949656751
0 0.559845559846 0.131578947368 0.01287001287 0.025171624714
0 0.570141570142 0.143020594966 0.018018018018 0.0297482837529
0 0.566924066924 0.171624713959 0.016731016731 0.0411899313501
0 0.520592020592 0.170480549199 0.011583011583 0.025171624714
0 0.518661518662 0.200228832952 0.018018018018 0.0389016018307
0 0.537966537967 0.181922196796 0.015444015444 0.0297482837529
0 0.494851994852 0.299771167048 0.027027027027 0.0549199084668
0 0.529601029601 0.327231121281 0.029601029601 0.0503432494279
0 0.599742599743 0.153318077803 0.015444015444 0.0366132723112
0 0.608108108108 0.128146453089 0.00900900900901 0.0228832951945
0 0.579794079794 0.117848970252 0.011583011583 0.025171624714
0 0.593951093951 0.101830663616 0.011583011583 0.0297482837529
0 0.613256113256 0.0983981693364 0.014157014157 0.0274599542334
0 0.637709137709 0.0972540045767 0.014157014157 0.0297482837529
0 0.635135135135 0.12356979405 0.014157014157 0.0320366132723
0 0.638996138996 0.136155606407 0.016731016731 0.0297482837529
0 0.669884169884 0.105263157895 0.011583011583 0.0228832951945
0 0.697554697555 0.100686498856 0.01287001287 0.0320366132723
0 0.664092664093 0.169336384439 0.020592020592 0.045766590389
0 0.653153153153 0.205949656751 0.024453024453 0.0503432494279
0 0.624839124839 0.243707093822 0.027027027027 0.0434782608696
0 0.612612612613 0.204805491991 0.018018018018 0.0480549199085
0 0.557271557272 0.252860411899 0.020592020592 0.0389016018307
0 0.60296010296 0.314645308924 0.032175032175 0.0526315789474
0 0.69305019305 0.314645308924 0.034749034749 0.070938215103
0 0.702059202059 0.228832951945 0.021879021879 0.0549199084668
0 0.689189189189 0.180778032037 0.019305019305 0.0503432494279
0 0.675675675676 0.153318077803 0.015444015444 0.0366132723112
0 0.726512226512 0.181922196796 0.021879021879 0.0526315789474
0 0.722007722008 0.24942791762 0.028314028314 0.0503432494279
0 0.763835263835 0.275743707094 0.032175032175 0.0755148741419
0 0.747104247104 0.330663615561 0.034749034749 0.0663615560641
0 0.761904761905 0.20938215103 0.020592020592 0.0434782608696
0 0.779922779923 0.203661327231 0.018018018018 0.0366132723112
0 0.772844272844 0.161327231121 0.016731016731 0.0434782608696
0 0.756756756757 0.12585812357 0.015444015444 0.0320366132723
0 0.814671814672 0.154462242563 0.018018018018 0.0343249427918
0 0.822393822394 0.140732265446 0.01287001287 0.0297482837529
0 0.832046332046 0.128146453089 0.016731016731 0.0366132723112
0 0.843629343629 0.148741418764 0.016731016731 0.0366132723112
0 0.851351351351 0.139588100686 0.014157014157 0.0320366132723
0 0.86036036036 0.12471395881 0.014157014157 0.025171624714
0 0.881595881596 0.16819221968 0.018018018018 0.0389016018307
0 0.888030888031 0.133867276888 0.010296010296 0.025171624714
0 0.922136422136 0.154462242563 0.014157014157 0.0297482837529
0 0.869369369369 0.20938215103 0.021879021879 0.0480549199085
0 0.819176319176 0.216247139588 0.027027027027 0.0480549199085
0 0.803088803089 0.247139588101 0.023166023166 0.0594965675057
0 0.830759330759 0.312356979405 0.024453024453 0.0617848970252
0 0.787001287001 0.397025171625 0.034749034749 0.0800915331808
0 0.897683397683 0.403890160183 0.037323037323 0.0755148741419
0 0.907979407979 0.297482837529 0.024453024453 0.0549199084668
0 0.906692406692 0.25057208238 0.019305019305 0.0389016018307
0 0.916988416988 0.217391304348 0.016731016731 0.0366132723112
