0 0.875 0.145746164575 0.0112903225806 0.0320781032078
0 0.888306451613 0.191771269177 0.0120967741935 0.0320781032078
0 0.891935483871 0.215481171548 0.0177419354839 0.0432357043236
0 0.928225806452 0.258716875872 0.0209677419355 0.0488145048815
0 0.875403225806 0.252440725244 0.0201612903226 0.0502092050209
0 0.858870967742 0.328451882845 0.0209677419355 0.0599721059972
0 0.853629032258 0.191771269177 0.0153225806452 0.0376569037657
0 0.793951612903 0.283821478382 0.0201612903226 0.0627615062762
0 0.842741935484 0.217573221757 0.0177419354839 0.044630404463
0 0.833467741935 0.232217573222 0.0185483870968 0.0488145048815
0 0.7875 0.194560669456 0.0153225806452 0.0432357043236
0 0.802419354839 0.154811715481 0.0129032258065 0.0362622036262
0 0.810483870968 0.178521617852 0.0161290322581 0.0390516039052
0 0.820564516129 0.168758716876 0.0137096774194 0.0362622036262
0 0.734274193548 0.15690376569 0.0137096774194 0.0320781032078
0 0.757661290323 0.152719665272 0.0137096774194 0.0348675034868
0 0.770564516129 0.174337517434 0.0153225806452 0.0362622036262
0 0.758064516129 0.224546722455 0.0193548387097 0.044630404463
0 0.727016129032 0.222454672245 0.016935483871 0.0432357043236
0 0.741935483871 0.26220362622 0.0274193548387 0.0557880055788
0 0.745967741935 0.350767085077 0.0306451612903 0.071129707113
0 0.683870967742 0.320083682008 0.0258064516129 0.0739191073919
0 0.672983870968 0.251743375174 0.0201612903226 0.0543933054393
0 0.628629032258 0.235006973501 0.0233870967742 0.0543933054393
0 0.654838709677 0.224546722455 0.0193548387097 0.044630404463
0 0.653225806452 0.170850767085 0.0161290322581 0.0376569037657
0 0.692338709677 0.207112970711 0.0153225806452 0.0376569037657
0 0.687903225806 0.174337517434 0.0145161290323 0.0306834030683
0 0.678225806452 0.126220362622 0.0112903225806 0.0264993026499
0 0.650403225806 0.124128312413 0.0137096774194 0.0278940027894
0 0.616935483871 0.101813110181 0.0112903225806 0.0223152022315
0 0.595564516129 0.163179916318 0.0120967741935 0.0306834030683
0 0.588306451613 0.147838214784 0.0120967741935 0.0334728033473
0 0.614919354839 0.146443514644 0.0120967741935 0.0306834030683
0 0.623790322581 0.138772663877 0.0120967741935 0.0264993026499
0 0.506048387097 0.13249651325 0.00887096774194 0.0195258019526
0 0.551612903226 0.154811715481 0.0129032258065 0.0278940027894
0 0.547580645161 0.194560669456 0.0145161290323 0.0376569037657
0 0.533064516129 0.177126917713 0.0161290322581 0.0362622036262
0 0.518548387097 0.191073919107 0.0161290322581 0.0390516039052
0 0.577822580645 0.23779637378 0.0217741935484 0.0432357043236
0 0.49435483871 0.208507670851 0.0177419354839 0.0376569037657
0 0.45 0.161087866109 0.0112903225806 0.0292887029289
0 0.462096774194 0.169456066946 0.0129032258065 0.0348675034868
0 0.454838709677 0.228033472803 0.0145161290323 0.0432357043236
0 0.499193548387 0.297768479777 0.0225806451613 0.0488145048815
0 0.549193548387 0.318688981869 0.0274193548387 0.0516039051604
0 0.369758064516 0.209205020921 0.016935483871 0.0306834030683
0 0.404435483871 0.191073919107 0.0120967741935 0.0278940027894
0 0.424596774194 0.216875871688 0.0153225806452 0.0404463040446
0 0.40685483871 0.281032078103 0.0185483870968 0.0488145048815
0 0.364516129032 0.281032078103 0.0161290322581 0.0460251046025
0 0.334677419355 0.225244072524 0.0145161290323 0.0404463040446
0 0.3625 0.249651324965 0.016935483871 0.0334728033473
0 0.320967741935 0.260808926081 0.0129032258065 0.0334728033473
0 0.332661290323 0.26220362622 0.016935483871 0.0418410041841
0 0.281451612903 0.252440725244 0.0129032258065 0.0278940027894
0 0.276612903226 0.269874476987 0.0161290322581 0.0348675034868
0 0.202016129032 0.426778242678 0.0395161290323 0.092050209205
