0 0.362903225806 0.194949494949 0.0230414746544 0.0424242424242
0 0.412442396313 0.19898989899 0.0207373271889 0.0424242424242
0 0.440668202765 0.223232323232 0.0264976958525 0.0424242424242
0 0.557603686636 0.184848484848 0.0207373271889 0.0343434343434
0 0.556451612903 0.160606060606 0.0230414746544 0.0343434343434
0 0.627880184332 0.120202020202 0.0184331797235 0.0343434343434
0 0.669930875576 0.169696969697 0.0218894009217 0.040404040404
0 0.677419354839 0.216161616162 0.0207373271889 0.0444444444444
0 0.667050691244 0.255555555556 0.0230414746544 0.0464646464646
0 0.623847926267 0.29595959596 0.0311059907834 0.0666666666667
0 0.624423963134 0.222222222222 0.0276497695853 0.0484848484848
0 0.78168202765 0.381818181818 0.0541474654378 0.117171717172
0 0.9383640553 0.241414141414 0.0172811059908 0.0383838383838
