0 0.205394190871 0.364130434783 0.045643153527 0.0833333333333
0 0.289937759336 0.227355072464 0.0176348547718 0.0380434782609
0 0.3122406639 0.235507246377 0.0165975103734 0.036231884058
0 0.329356846473 0.248188405797 0.0197095435685 0.0398550724638
0 0.352178423237 0.257246376812 0.0197095435685 0.0434782608696
0 0.332468879668 0.192028985507 0.0134854771784 0.036231884058
0 0.353215767635 0.20018115942 0.0155601659751 0.0344202898551
0 0.395228215768 0.197463768116 0.0165975103734 0.0398550724638
0 0.415975103734 0.251811594203 0.0269709543568 0.0434782608696
0 0.419605809129 0.209239130435 0.0176348547718 0.0344202898551
0 0.423755186722 0.178442028986 0.0176348547718 0.0307971014493
0 0.423236514523 0.153985507246 0.0145228215768 0.0326086956522
0 0.447095435685 0.210144927536 0.0165975103734 0.036231884058
0 0.454356846473 0.218297101449 0.0186721991701 0.0380434782609
0 0.478734439834 0.241847826087 0.0217842323651 0.0416666666667
0 0.457468879668 0.179347826087 0.0165975103734 0.0326086956522
0 0.463174273859 0.159420289855 0.0155601659751 0.0253623188406
0 0.489107883817 0.184782608696 0.0176348547718 0.036231884058
0 0.477697095436 0.142210144928 0.0114107883817 0.0199275362319
0 0.494294605809 0.140398550725 0.0134854771784 0.0271739130435
0 0.503112033195 0.160326086957 0.0165975103734 0.0307971014493
0 0.511929460581 0.134963768116 0.0134854771784 0.0307971014493
0 0.525933609959 0.145833333333 0.0124481327801 0.0271739130435
0 0.532157676349 0.135869565217 0.0124481327801 0.0253623188406
0 0.551348547718 0.147644927536 0.0134854771784 0.0235507246377
0 0.527489626556 0.185688405797 0.0197095435685 0.0380434782609
0 0.542012448133 0.177536231884 0.0134854771784 0.0326086956522
0 0.559647302905 0.191123188406 0.0155601659751 0.0380434782609
0 0.589211618257 0.182065217391 0.0165975103734 0.0344202898551
0 0.599585062241 0.142210144928 0.0124481327801 0.0235507246377
0 0.587136929461 0.130434782609 0.0103734439834 0.0253623188406
0 0.595435684647 0.117753623188 0.0103734439834 0.0217391304348
0 0.613589211618 0.115942028986 0.0114107883817 0.0253623188406
0 0.626037344398 0.142210144928 0.0134854771784 0.0235507246377
0 0.623962655602 0.160326086957 0.0134854771784 0.0307971014493
0 0.645228215768 0.120471014493 0.0124481327801 0.0235507246377
0 0.660788381743 0.140398550725 0.0145228215768 0.0344202898551
0 0.661307053942 0.122282608696 0.0114107883817 0.0199275362319
0 0.669605809129 0.109601449275 0.0134854771784 0.0271739130435
0 0.696576763485 0.123188405797 0.0134854771784 0.0326086956522
0 0.720954356846 0.121376811594 0.0103734439834 0.0253623188406
0 0.683609958506 0.134057971014 0.0103734439834 0.0253623188406
0 0.495850622407 0.295289855072 0.0311203319502 0.0652173913043
0 0.557053941909 0.317934782609 0.0290456431535 0.0597826086957
0 0.59387966805 0.253623188406 0.0238589211618 0.0507246376812
0 0.633817427386 0.224637681159 0.0269709543568 0.0471014492754
0 0.647821576763 0.245471014493 0.0217842323651 0.0489130434783
0 0.683609958506 0.19384057971 0.0165975103734 0.0434782608696
0 0.677385892116 0.289855072464 0.0269709543568 0.054347826087
0 0.605809128631 0.341485507246 0.0373443983402 0.0778985507246
0 0.70643153527 0.164855072464 0.0186721991701 0.0326086956522
0 0.714211618257 0.195652173913 0.0176348547718 0.036231884058
0 0.73755186722 0.234601449275 0.0207468879668 0.0489130434783
0 0.742738589212 0.298007246377 0.0269709543568 0.0525362318841
0 0.690871369295 0.36865942029 0.0352697095436 0.070652173913
0 0.753112033195 0.413043478261 0.0331950207469 0.0797101449275
0 0.780082987552 0.320652173913 0.0248962655602 0.054347826087
0 0.786825726141 0.251811594203 0.0217842323651 0.0507246376812
0 0.75622406639 0.208333333333 0.0165975103734 0.0289855072464
0 0.757780082988 0.186594202899 0.0155601659751 0.0253623188406
0 0.757261410788 0.14402173913 0.0145228215768 0.0344202898551
0 0.798236514523 0.18115942029 0.0197095435685 0.0398550724638
0 0.801867219917 0.149456521739 0.0145228215768 0.0344202898551
0 0.809647302905 0.23731884058 0.0176348547718 0.0471014492754
0 0.832987551867 0.260869565217 0.0228215767635 0.0507246376812
0 0.830394190871 0.402173913043 0.0342323651452 0.0760869565217
0 0.838174273859 0.361413043478 0.0248962655602 0.0489130434783
0 0.880186721992 0.260869565217 0.0217842323651 0.054347826087
0 0.897302904564 0.231884057971 0.0228215767635 0.0434782608696
0 0.921161825726 0.352355072464 0.0269709543568 0.0670289855072
0 0.904045643154 0.430253623188 0.0383817427386 0.0778985507246
0 0.928941908714 0.298007246377 0.0217842323651 0.0489130434783
0 0.941390041494 0.221920289855 0.0197095435685 0.0489130434783
