0 0.159810126582 0.274787535411 0.0332278481013 0.0509915014164
0 0.181566455696 0.403682719547 0.0371835443038 0.0736543909348
0 0.64121835443 0.0998583569405 0.0150316455696 0.0297450424929
0 0.693037974684 0.107648725212 0.0142405063291 0.0254957507082
0 0.727452531646 0.116147308782 0.0181962025316 0.0311614730878
0 0.777294303797 0.118980169972 0.0118670886076 0.0254957507082
0 0.807357594937 0.123937677054 0.0102848101266 0.0325779036827
0 0.836629746835 0.123937677054 0.0181962025316 0.0354107648725
0 0.561313291139 0.129603399433 0.0118670886076 0.0240793201133
0 0.524920886076 0.140226628895 0.0118670886076 0.028328611898
0 0.591772151899 0.103399433428 0.00791139240506 0.0198300283286
0 0.607990506329 0.117563739377 0.0134493670886 0.028328611898
0 0.503560126582 0.140226628895 0.0150316455696 0.028328611898
0 0.456882911392 0.146600566572 0.0181962025316 0.0297450424929
0 0.348101265823 0.211756373938 0.0205696202532 0.0382436260623
0 0.319224683544 0.247875354108 0.0229430379747 0.0368271954674
0 0.313686708861 0.275495750708 0.0166139240506 0.0382436260623
0 0.411392405063 0.196883852691 0.0205696202532 0.0368271954674
0 0.439082278481 0.17209631728 0.0158227848101 0.0325779036827
0 0.392800632911 0.264164305949 0.0276898734177 0.0495750708215
0 0.451344936709 0.218130311615 0.0181962025316 0.0311614730878
0 0.467958860759 0.242917847025 0.0229430379747 0.0382436260623
0 0.501582278481 0.190509915014 0.0174050632911 0.0382436260623
0 0.558939873418 0.181303116147 0.0181962025316 0.0339943342776
0 0.606803797468 0.14730878187 0.0158227848101 0.028328611898
0 0.64003164557 0.134560906516 0.0174050632911 0.0311614730878
0 0.534810126582 0.300283286119 0.0316455696203 0.0623229461756
0 0.563686708861 0.24433427762 0.0213607594937 0.0524079320113
0 0.602452531646 0.259915014164 0.0261075949367 0.0467422096317
0 0.603243670886 0.220963172805 0.0245253164557 0.0453257790368
0 0.631329113924 0.310906515581 0.0268987341772 0.0580736543909
0 0.651107594937 0.265580736544 0.0237341772152 0.0439093484419
0 0.653481012658 0.224504249292 0.0221518987342 0.0410764872521
0 0.676819620253 0.190509915014 0.0181962025316 0.0382436260623
0 0.704905063291 0.222379603399 0.0189873417722 0.0453257790368
0 0.720332278481 0.181303116147 0.0166139240506 0.0368271954674
0 0.777294303797 0.167847025496 0.0134493670886 0.0325779036827
0 0.817642405063 0.155807365439 0.0213607594937 0.0396600566572
0 0.858386075949 0.158640226629 0.0189873417722 0.0368271954674
0 0.892800632911 0.153682719547 0.0118670886076 0.0297450424929
0 0.835047468354 0.32223796034 0.0261075949367 0.0807365439093
0 0.795886075949 0.381728045326 0.0300632911392 0.0920679886686
0 0.875 0.42492917847 0.0348101265823 0.0849858356941
0 0.903876582278 0.303824362606 0.0261075949367 0.0609065155807
0 0.861946202532 0.262747875354 0.0197784810127 0.0495750708215
0 0.914952531646 0.246458923513 0.0229430379747 0.0538243626062
0 0.763844936709 0.234419263456 0.0213607594937 0.0552407932011
0 0.811708860759 0.25 0.0174050632911 0.0439093484419
0 0.803006329114 0.181303116147 0.0205696202532 0.0396600566572
0 0.371439873418 0.243626062323 0.0261075949367 0.0339943342776
0 0.405063291139 0.238668555241 0.0332278481013 0.0410764872521
0 0.547863924051 0.143767705382 0.0134493670886 0.0297450424929
0 0.542721518987 0.162889518414 0.0221518987342 0.0481586402266
0 0.586234177215 0.146600566572 0.0221518987342 0.0354107648725
0 0.669303797468 0.124645892351 0.0110759493671 0.028328611898
0 0.74960443038 0.14730878187 0.0181962025316 0.0368271954674
0 0.762262658228 0.298866855524 0.0229430379747 0.042492917847
0 0.884098101266 0.179178470255 0.0150316455696 0.0354107648725
0 0.348101265823 0.24716713881 0.0205696202532 0.0495750708215
0 0.584256329114 0.123937677054 0.0150316455696 0.0269121813031
0 0.772943037975 0.217422096317 0.0158227848101 0.0382436260623
0 0.871044303797 0.233711048159 0.0158227848101 0.0453257790368
