0 0.210824742268 0.371508379888 0.0422680412371 0.0800744878957
0 0.326804123711 0.228119180633 0.0144329896907 0.024208566108
0 0.316494845361 0.212290502793 0.0123711340206 0.0335195530726
0 0.353608247423 0.193668528864 0.0144329896907 0.0335195530726
0 0.410309278351 0.216014897579 0.0144329896907 0.0260707635009
0 0.44793814433 0.216014897579 0.0134020618557 0.0297951582868
0 0.483505154639 0.221601489758 0.0185567010309 0.0335195530726
0 0.421134020619 0.178770949721 0.0134020618557 0.0223463687151
0 0.425257731959 0.150837988827 0.0134020618557 0.0223463687151
0 0.454639175258 0.182495344507 0.0123711340206 0.0260707635009
0 0.457731958763 0.14990689013 0.0144329896907 0.0204841713222
0 0.481958762887 0.146182495345 0.0113402061856 0.0204841713222
0 0.492268041237 0.169459962756 0.0134020618557 0.0260707635009
0 0.538659793814 0.182495344507 0.0113402061856 0.0297951582868
0 0.529381443299 0.145251396648 0.00927835051546 0.0223463687151
0 0.515463917526 0.148044692737 0.0103092783505 0.0204841713222
0 0.499484536082 0.142458100559 0.0113402061856 0.024208566108
0 0.489690721649 0.134078212291 0.0103092783505 0.0260707635009
0 0.512886597938 0.115456238361 0.00927835051546 0.0223463687151
0 0.553608247423 0.171322160149 0.0123711340206 0.0297951582868
0 0.585051546392 0.178770949721 0.0154639175258 0.0260707635009
0 0.567010309278 0.141527001862 0.0164948453608 0.0297951582868
0 0.551030927835 0.129422718808 0.00927835051546 0.0167597765363
0 0.594329896907 0.10800744879 0.0113402061856 0.0223463687151
0 0.598969072165 0.146182495345 0.0144329896907 0.0279329608939
0 0.611340206186 0.135009310987 0.00824742268041 0.0204841713222
0 0.639690721649 0.143389199255 0.0113402061856 0.0223463687151
0 0.628865979381 0.139664804469 0.00824742268041 0.0260707635009
0 0.626288659794 0.098696461825 0.00927835051546 0.0186219739292
0 0.636082474227 0.0977653631285 0.0103092783505 0.0167597765363
0 0.660824742268 0.120111731844 0.0103092783505 0.024208566108
0 0.675773195876 0.112662942272 0.00721649484536 0.0167597765363
0 0.690721649485 0.121973929236 0.00824742268041 0.0204841713222
0 0.701030927835 0.129422718808 0.00824742268041 0.0167597765363
0 0.704639175258 0.118249534451 0.0134020618557 0.024208566108
0 0.675773195876 0.170391061453 0.0134020618557 0.0353817504655
0 0.653092783505 0.138733705773 0.0113402061856 0.024208566108
0 0.508762886598 0.293296089385 0.019587628866 0.0465549348231
0 0.588659793814 0.275605214153 0.0247422680412 0.0595903165736
0 0.575257731959 0.24208566108 0.0185567010309 0.0372439478585
0 0.631443298969 0.206703910615 0.0175257731959 0.0409683426443
0 0.630927835052 0.301675977654 0.0226804123711 0.0558659217877
0 0.621649484536 0.245810055866 0.020618556701 0.0446927374302
0 0.665463917526 0.271880819367 0.019587628866 0.0446927374302
0 0.667525773196 0.217877094972 0.0175257731959 0.0446927374302
0 0.707731958763 0.198324022346 0.0154639175258 0.0353817504655
0 0.713917525773 0.158286778399 0.0154639175258 0.0335195530726
0 0.740721649485 0.178770949721 0.0134020618557 0.0335195530726
0 0.727835051546 0.233705772812 0.0226804123711 0.0353817504655
0 0.692268041237 0.315642458101 0.0257731958763 0.0651769087523
0 0.744329896907 0.335195530726 0.0268041237113 0.0595903165736
0 0.768556701031 0.274674115456 0.0216494845361 0.0465549348231
0 0.819072164948 0.356610800745 0.0257731958763 0.0502793296089
0 0.850515463918 0.304469273743 0.020618556701 0.0465549348231
0 0.898969072165 0.41061452514 0.0268041237113 0.0689013035382
0 0.917010309278 0.329608938547 0.0154639175258 0.048417132216
0 0.940206185567 0.278398510242 0.0185567010309 0.0391061452514
0 0.924226804124 0.253258845438 0.0134020618557 0.0335195530726
0 0.94175257732 0.223463687151 0.0134020618557 0.0223463687151
0 0.935051546392 0.239292364991 0.0123711340206 0.024208566108
0 0.934536082474 0.172253258845 0.0134020618557 0.0279329608939
0 0.914948453608 0.18156424581 0.0113402061856 0.0316573556797
0 0.888144329897 0.230912476723 0.0134020618557 0.0409683426443
0 0.861855670103 0.184357541899 0.0144329896907 0.0297951582868
0 0.885051546392 0.201117318436 0.0134020618557 0.0260707635009
0 0.84175257732 0.14990689013 0.0134020618557 0.0279329608939
0 0.875773195876 0.28677839851 0.0175257731959 0.0521415270019
0 0.850515463918 0.223463687151 0.0185567010309 0.0335195530726
0 0.811855670103 0.272811918063 0.0175257731959 0.0428305400372
0 0.786597938144 0.200186219739 0.0164948453608 0.0428305400372
0 0.819072164948 0.206703910615 0.0175257731959 0.0335195530726
0 0.829381443299 0.173184357542 0.0113402061856 0.0297951582868
0 0.799484536082 0.159217877095 0.0154639175258 0.0353817504655
0 0.782989690722 0.135009310987 0.0134020618557 0.0279329608939
0 0.771649484536 0.174115456238 0.0134020618557 0.0316573556797
0 0.769587628866 0.140595903166 0.0113402061856 0.024208566108
0 0.75412371134 0.124767225326 0.0134020618557 0.0260707635009
