0 0.272727272727 0.221135029354 0.0133037694013 0.0313111545988
0 0.323725055432 0.243639921722 0.019955654102 0.0293542074364
0 0.328713968958 0.198630136986 0.0166297117517 0.0332681017613
0 0.374722838137 0.192759295499 0.0155210643016 0.0332681017613
0 0.395232815965 0.192759295499 0.0144124168514 0.0332681017613
0 0.390243902439 0.168297455969 0.0133037694013 0.0234833659491
0 0.40133037694 0.24168297456 0.0155210643016 0.0450097847358
0 0.421840354767 0.238747553816 0.029933481153 0.0626223091977
0 0.452328159645 0.249510763209 0.0266075388027 0.0489236790607
0 0.488359201774 0.223091976517 0.0210643015521 0.0430528375734
0 0.466186252772 0.202544031311 0.0188470066519 0.041095890411
0 0.440687361419 0.171232876712 0.0121951219512 0.0293542074364
0 0.431818181818 0.147749510763 0.009977827051 0.0254403131115
0 0.466740576497 0.136007827789 0.0110864745011 0.0293542074364
0 0.475055432373 0.159491193738 0.0188470066519 0.0332681017613
0 0.522172949002 0.175146771037 0.0177383592018 0.0371819960861
0 0.555986696231 0.186888454012 0.0210643015521 0.041095890411
0 0.537694013304 0.163405088063 0.0155210643016 0.0293542074364
0 0.508314855876 0.146771037182 0.0121951219512 0.0234833659491
0 0.502771618625 0.134050880626 0.0121951219512 0.0176125244618
0 0.50332594235 0.12133072407 0.0133037694013 0.0195694716243
0 0.526053215078 0.125244618395 0.0121951219512 0.0234833659491
0 0.536585365854 0.135029354207 0.0155210643016 0.0234833659491
0 0.570399113082 0.135029354207 0.0144124168514 0.0234833659491
0 0.586474501109 0.117416829746 0.0133037694013 0.027397260274
0 0.606430155211 0.114481409002 0.0110864745011 0.0254403131115
0 0.606984478936 0.164383561644 0.0188470066519 0.0391389432485
0 0.615299334812 0.128180039139 0.0110864745011 0.0254403131115
0 0.625831485588 0.136007827789 0.0121951219512 0.0293542074364
0 0.631929046563 0.113502935421 0.0110864745011 0.0313111545988
0 0.657427937916 0.114481409002 0.0133037694013 0.0332681017613
0 0.664634146341 0.130136986301 0.0144124168514 0.0371819960861
0 0.686252771619 0.126223091977 0.0155210643016 0.0332681017613
0 0.577605321508 0.244618395303 0.0221729490022 0.0430528375734
0 0.580931263858 0.269080234834 0.0266075388027 0.0567514677104
0 0.624722838137 0.245596868885 0.0232815964523 0.0528375733855
0 0.615853658537 0.22602739726 0.0188470066519 0.0371819960861
0 0.641352549889 0.196673189824 0.0188470066519 0.0489236790607
0 0.622505543237 0.165362035225 0.0188470066519 0.0332681017613
0 0.660199556541 0.183953033268 0.0188470066519 0.0391389432485
0 0.669068736142 0.218199608611 0.0232815964523 0.0489236790607
0 0.678492239468 0.27397260274 0.0288248337029 0.0508806262231
0 0.708980044346 0.187866927593 0.0188470066519 0.0391389432485
0 0.70288248337 0.16927592955 0.0177383592018 0.0332681017613
0 0.733924611973 0.138943248532 0.0155210643016 0.0313111545988
0 0.75110864745 0.131115459883 0.0121951219512 0.0313111545988
0 0.764412416851 0.154598825832 0.0188470066519 0.0430528375734
0 0.739467849224 0.185909980431 0.0155210643016 0.0313111545988
0 0.760532150776 0.204500978474 0.019955654102 0.041095890411
0 0.723392461197 0.237769080235 0.0210643015521 0.0489236790607
0 0.732815964523 0.287671232877 0.0266075388027 0.0587084148728
0 0.770509977827 0.250489236791 0.0221729490022 0.0430528375734
0 0.784922394678 0.22602739726 0.019955654102 0.041095890411
0 0.800997782705 0.158512720157 0.0144124168514 0.0313111545988
0 0.783259423503 0.140900195695 0.0144124168514 0.0313111545988
0 0.797671840355 0.135029354207 0.0144124168514 0.027397260274
0 0.813192904656 0.146771037182 0.0144124168514 0.0313111545988
0 0.834257206208 0.138943248532 0.0121951219512 0.0313111545988
0 0.84534368071 0.149706457926 0.0144124168514 0.0293542074364
0 0.85421286031 0.146771037182 0.0144124168514 0.027397260274
0 0.84534368071 0.16927592955 0.0144124168514 0.0332681017613
0 0.84977827051 0.195694716243 0.0166297117517 0.0391389432485
0 0.848115299335 0.303326810176 0.0266075388027 0.0626223091977
0 0.800997782705 0.286692759295 0.0277161862528 0.0606653620352
0 0.888580931264 0.252446183953 0.0210643015521 0.0547945205479
0 0.879157427938 0.181996086106 0.0177383592018 0.0352250489237
0 0.885809312639 0.1614481409 0.0133037694013 0.0293542074364
0 0.902993348115 0.20939334638 0.0188470066519 0.0430528375734
0 0.909090909091 0.181017612524 0.0133037694013 0.0332681017613
0 0.916851441242 0.155577299413 0.0155210643016 0.0293542074364
0 0.923503325942 0.227005870841 0.019955654102 0.0508806262231
0 0.937361419069 0.27397260274 0.0254988913525 0.0430528375734
0 0.919068736142 0.371819960861 0.0221729490022 0.0508806262231
0 0.952328159645 0.215264187867 0.0155210643016 0.0391389432485
0 0.939578713969 0.187866927593 0.0144124168514 0.0352250489237
0 0.94623059867 0.168297455969 0.0121951219512 0.027397260274
