0 0.0611790878754 0.355577689243 0.0222469410456 0.0418326693227
0 0.271412680756 0.266932270916 0.0133481646274 0.0278884462151
0 0.261957730812 0.248007968127 0.0144605116796 0.0298804780876
0 0.319243604004 0.244023904382 0.0133481646274 0.0338645418327
0 0.333704115684 0.250996015936 0.0133481646274 0.0318725099602
0 0.350945494994 0.260956175299 0.0166852057842 0.0318725099602
0 0.323692992214 0.212151394422 0.0133481646274 0.0258964143426
0 0.335928809789 0.217131474104 0.0133481646274 0.0239043824701
0 0.352057842047 0.225099601594 0.0144605116796 0.0278884462151
0 0.36318131257 0.192231075697 0.0122358175751 0.0298804780876
0 0.380978865406 0.191235059761 0.0144605116796 0.0358565737052
0 0.39766407119 0.215139442231 0.0144605116796 0.0318725099602
0 0.396551724138 0.277888446215 0.0211345939933 0.0418326693227
0 0.463848720801 0.230079681275 0.0222469410456 0.0298804780876
0 0.456062291435 0.221115537849 0.0155728587319 0.0318725099602
0 0.39043381535 0.270916334661 0.0177975528365 0.0438247011952
0 0.417130144605 0.18625498008 0.0177975528365 0.0298804780876
0 0.444938820912 0.191235059761 0.0155728587319 0.0318725099602
0 0.472747497219 0.192231075697 0.0155728587319 0.0219123505976
0 0.508898776418 0.185258964143 0.0122358175751 0.0318725099602
0 0.530033370412 0.195219123506 0.0166852057842 0.0318725099602
0 0.553948832036 0.160358565737 0.0133481646274 0.0298804780876
0 0.573414905451 0.165338645418 0.0144605116796 0.0318725099602
0 0.458286985539 0.149402390438 0.0133481646274 0.0239043824701
0 0.479977753059 0.134462151394 0.0144605116796 0.0219123505976
0 0.563959955506 0.120517928287 0.0111234705228 0.0298804780876
0 0.590100111235 0.140438247012 0.0100111234705 0.0298804780876
0 0.607897664071 0.148406374502 0.0144605116796 0.0258964143426
0 0.600667408231 0.128486055777 0.00889877641824 0.0219123505976
0 0.604560622914 0.116533864542 0.0100111234705 0.0258964143426
0 0.592324805339 0.118525896414 0.0144605116796 0.0219123505976
0 0.636262513904 0.135458167331 0.0111234705228 0.0278884462151
0 0.633481646274 0.117529880478 0.0122358175751 0.0199203187251
0 0.676307007786 0.113545816733 0.0133481646274 0.0239043824701
0 0.494994438265 0.290836653386 0.0266963292547 0.0478087649402
0 0.552280311457 0.248007968127 0.0189098998888 0.0418326693227
0 0.575639599555 0.290836653386 0.0233592880979 0.0478087649402
0 0.61957730812 0.30577689243 0.0244716351502 0.0577689243028
0 0.606229143493 0.258964143426 0.0177975528365 0.0358565737052
0 0.620133481646 0.20219123506 0.0144605116796 0.0338645418327
0 0.649610678532 0.20219123506 0.0177975528365 0.0378486055777
0 0.640711902113 0.185258964143 0.0133481646274 0.0318725099602
0 0.682424916574 0.148406374502 0.0122358175751 0.0258964143426
0 0.693548387097 0.175298804781 0.0144605116796 0.0278884462151
0 0.696329254727 0.217131474104 0.0222469410456 0.0398406374502
0 0.669632925473 0.251992031873 0.020022246941 0.0458167330677
0 0.711902113459 0.292828685259 0.020022246941 0.0398406374502
0 0.764182424917 0.262948207171 0.0222469410456 0.0478087649402
0 0.725806451613 0.200199203187 0.0166852057842 0.0338645418327
0 0.71468298109 0.163346613546 0.0122358175751 0.0278884462151
0 0.703559510567 0.143426294821 0.0122358175751 0.0318725099602
0 0.727474972191 0.116533864542 0.0111234705228 0.0219123505976
0 0.734149054505 0.145418326693 0.0133481646274 0.0278884462151
0 0.753058954394 0.125498007968 0.0133481646274 0.0318725099602
0 0.772525027809 0.135458167331 0.0144605116796 0.0318725099602
0 0.762513904338 0.161354581673 0.0122358175751 0.0278884462151
0 0.750834260289 0.221115537849 0.0177975528365 0.0358565737052
0 0.761401557286 0.198207171315 0.0144605116796 0.0338645418327
0 0.79254727475 0.164342629482 0.0122358175751 0.0298804780876
0 0.826473859844 0.151394422311 0.0155728587319 0.0278884462151
0 0.838709677419 0.151394422311 0.0155728587319 0.0358565737052
0 0.835372636263 0.18625498008 0.0177975528365 0.0338645418327
0 0.829254727475 0.21812749004 0.0144605116796 0.0378486055777
0 0.838153503893 0.310756972112 0.0233592880979 0.0517928286853
0 0.835928809789 0.268924302789 0.0211345939933 0.0517928286853
0 0.906562847608 0.27390438247 0.020022246941 0.0458167330677
0 0.911568409344 0.228087649402 0.0166852057842 0.0378486055777
0 0.897107897664 0.206175298805 0.0189098998888 0.0298804780876
0 0.877641824249 0.174302788845 0.0155728587319 0.0338645418327
0 0.884872080089 0.157370517928 0.0189098998888 0.0318725099602
