0 0.211306765524 0.356331168831 0.0481927710843 0.0925324675325
0 0.285449490269 0.261363636364 0.0222428174235 0.038961038961
0 0.332252085264 0.282467532468 0.0231696014829 0.0422077922078
0 0.346153846154 0.260551948052 0.0213160333642 0.0405844155844
0 0.350324374421 0.214285714286 0.0166821130677 0.038961038961
0 0.379981464319 0.202922077922 0.0185356811863 0.0324675324675
0 0.386005560704 0.205357142857 0.0139017608897 0.0243506493506
0 0.428637627433 0.280032467532 0.0287303058387 0.0470779220779
0 0.439759036145 0.23538961039 0.017608897127 0.0324675324675
0 0.41936978684 0.217532467532 0.017608897127 0.038961038961
0 0.422613531047 0.173701298701 0.0166821130677 0.0292207792208
0 0.440685820204 0.199675324675 0.017608897127 0.0357142857143
0 0.465245597776 0.194805194805 0.0185356811863 0.0324675324675
0 0.444392956441 0.163149350649 0.0157553290083 0.0308441558442
0 0.465708989805 0.159090909091 0.0157553290083 0.0292207792208
0 0.494902687674 0.171266233766 0.0166821130677 0.0340909090909
0 0.492122335496 0.211038961039 0.0185356811863 0.0357142857143
0 0.482854494903 0.133928571429 0.0129749768304 0.0211038961039
0 0.515755329008 0.141233766234 0.017608897127 0.038961038961
0 0.537534754402 0.133928571429 0.0166821130677 0.0308441558442
0 0.55421686747 0.124188311688 0.0129749768304 0.0211038961039
0 0.562557924004 0.161525974026 0.014828544949 0.0373376623377
0 0.548192771084 0.161525974026 0.0157553290083 0.0308441558442
0 0.575069508804 0.161525974026 0.0157553290083 0.0340909090909
0 0.524096385542 0.234577922078 0.0194624652456 0.0405844155844
0 0.586654309546 0.13961038961 0.0111214087118 0.0292207792208
0 0.587581093605 0.109577922078 0.0129749768304 0.0243506493506
0 0.609823911029 0.121753246753 0.0129749768304 0.0194805194805
0 0.604263206673 0.142045454545 0.0129749768304 0.0308441558442
0 0.686283595922 0.107954545455 0.0157553290083 0.0373376623377
0 0.476367006487 0.323863636364 0.0296570898981 0.0535714285714
0 0.542168674699 0.316558441558 0.0315106580167 0.0616883116883
0 0.563484708063 0.239448051948 0.0203892493049 0.0438311688312
0 0.606116774791 0.255681818182 0.0222428174235 0.0470779220779
0 0.613067655236 0.206168831169 0.0213160333642 0.0454545454545
0 0.59453197405 0.318181818182 0.0305838739574 0.0616883116883
0 0.656626506024 0.263798701299 0.0213160333642 0.0470779220779
0 0.665894346617 0.20211038961 0.0231696014829 0.0470779220779
0 0.677015755329 0.167207792208 0.0194624652456 0.0422077922078
0 0.708063021316 0.203733766234 0.0203892493049 0.0438311688312
0 0.708526413346 0.283279220779 0.0305838739574 0.0568181818182
0 0.706209453197 0.335227272727 0.0315106580167 0.0633116883117
0 0.767840593142 0.321428571429 0.0268767377201 0.0616883116883
0 0.698331788693 0.17775974026 0.017608897127 0.0340909090909
0 0.704819277108 0.143668831169 0.0194624652456 0.0405844155844
0 0.72937905468 0.155844155844 0.0185356811863 0.0357142857143
0 0.74328081557 0.1875 0.0166821130677 0.0373376623377
0 0.747451343837 0.152597402597 0.0157553290083 0.0357142857143
0 0.731232622799 0.128246753247 0.014828544949 0.0324675324675
0 0.748841519926 0.106331168831 0.014828544949 0.0275974025974
0 0.761353104727 0.128246753247 0.0157553290083 0.0324675324675
0 0.786839666358 0.142045454545 0.0185356811863 0.0373376623377
0 0.807228915663 0.132305194805 0.0111214087118 0.0308441558442
0 0.79749768304 0.181818181818 0.0157553290083 0.0422077922078
0 0.812789620019 0.171266233766 0.0166821130677 0.0308441558442
0 0.841983317887 0.194805194805 0.0194624652456 0.0422077922078
0 0.868860055607 0.231331168831 0.0213160333642 0.0438311688312
0 0.883688600556 0.1875 0.0194624652456 0.0373376623377
0 0.914735866543 0.188311688312 0.0185356811863 0.0454545454545
0 0.867006487488 0.132305194805 0.0139017608897 0.0275974025974
0 0.966635773865 0.112012987013 0.0166821130677 0.0324675324675
