0 0.171726755218 0.404882154882 0.0493358633776 0.0824915824916
0 0.307400379507 0.223905723906 0.0189753320683 0.037037037037
0 0.318785578748 0.252525252525 0.0189753320683 0.040404040404
0 0.332068311195 0.225589225589 0.0208728652751 0.03367003367
0 0.329696394687 0.191077441077 0.0180265654649 0.0353535353535
0 0.346774193548 0.202861952862 0.0161290322581 0.0387205387205
0 0.370967741935 0.214646464646 0.0170777988615 0.0353535353535
0 0.373339658444 0.246632996633 0.0180265654649 0.0420875420875
0 0.385199240987 0.249158249158 0.0208728652751 0.047138047138
0 0.391366223909 0.209595959596 0.0199240986717 0.0420875420875
0 0.416508538899 0.257575757576 0.0246679316888 0.0538720538721
0 0.441176470588 0.23063973064 0.0208728652751 0.047138047138
0 0.441176470588 0.18265993266 0.0170777988615 0.0353535353535
0 0.42789373814 0.177609427609 0.0170777988615 0.0387205387205
0 0.418880455408 0.154882154882 0.0161290322581 0.026936026936
0 0.445920303605 0.161616161616 0.0151802656546 0.030303030303
0 0.475332068311 0.18771043771 0.0208728652751 0.0387205387205
0 0.487191650854 0.224747474747 0.0218216318786 0.0420875420875
0 0.502371916509 0.197811447811 0.0180265654649 0.0387205387205
0 0.490986717268 0.160774410774 0.0142314990512 0.0286195286195
0 0.480075901328 0.143097643098 0.011385199241 0.023569023569
0 0.490986717268 0.138888888889 0.0104364326376 0.0252525252525
0 0.511385199241 0.128787878788 0.0151802656546 0.0353535353535
0 0.509013282732 0.154882154882 0.0142314990512 0.030303030303
0 0.532732447818 0.161616161616 0.0161290322581 0.03367003367
0 0.531783681214 0.132154882155 0.0123339658444 0.0286195286195
0 0.544592030361 0.137205387205 0.0151802656546 0.0286195286195
0 0.548387096774 0.164141414141 0.0151802656546 0.0319865319865
0 0.55834914611 0.188552188552 0.0161290322581 0.03367003367
0 0.561669829222 0.160774410774 0.0151802656546 0.0319865319865
0 0.583017077799 0.171717171717 0.0180265654649 0.040404040404
0 0.596299810247 0.144781144781 0.0161290322581 0.030303030303
0 0.584440227704 0.12962962963 0.0132827324478 0.023569023569
0 0.603889943074 0.123737373737 0.0161290322581 0.0286195286195
0 0.629032258065 0.12962962963 0.0151802656546 0.037037037037
0 0.63614800759 0.111952861953 0.0123339658444 0.0286195286195
0 0.620018975332 0.165824915825 0.0161290322581 0.0420875420875
0 0.670777988615 0.135521885522 0.011385199241 0.0286195286195
0 0.651328273245 0.132154882155 0.0142314990512 0.0286195286195
0 0.663187855787 0.107744107744 0.0151802656546 0.03367003367
0 0.685958254269 0.124579124579 0.0132827324478 0.03367003367
0 0.717267552182 0.117845117845 0.0151802656546 0.030303030303
0 0.67220113852 0.177609427609 0.0218216318786 0.0420875420875
0 0.629981024668 0.224747474747 0.0208728652751 0.0521885521886
0 0.628083491461 0.267676767677 0.0265654648956 0.0572390572391
0 0.565939278937 0.258417508418 0.0275142314991 0.0555555555556
0 0.546963946869 0.318181818182 0.0313092979127 0.0606060606061
0 0.490037950664 0.285353535354 0.0294117647059 0.0622895622896
0 0.595351043643 0.348484848485 0.0294117647059 0.0639730639731
0 0.660341555977 0.353535353535 0.034155597723 0.0808080808081
0 0.680265654649 0.276094276094 0.0246679316888 0.0572390572391
0 0.718690702087 0.246632996633 0.0237191650854 0.0488215488215
0 0.737191650854 0.291245791246 0.022770398482 0.0538720538721
0 0.75569259962 0.326599326599 0.0294117647059 0.0538720538721
0 0.743358633776 0.41835016835 0.0426944971537 0.0791245791246
0 0.823529411765 0.420875420875 0.0284629981025 0.0639730639731
0 0.870493358634 0.425925925926 0.0313092979127 0.0808080808081
0 0.84440227704 0.339225589226 0.0303605313093 0.0622895622896
0 0.866223908918 0.287037037037 0.022770398482 0.0555555555556
0 0.910341555977 0.349326599327 0.0294117647059 0.0690235690236
0 0.924573055028 0.304713804714 0.0218216318786 0.0538720538721
0 0.88330170778 0.23569023569 0.0246679316888 0.047138047138
0 0.929791271347 0.238215488215 0.0170777988615 0.0488215488215
0 0.8055028463 0.252525252525 0.0246679316888 0.043771043771
0 0.799335863378 0.231481481481 0.0218216318786 0.0387205387205
0 0.768026565465 0.254208754209 0.0237191650854 0.043771043771
0 0.749051233397 0.212962962963 0.0218216318786 0.0387205387205
0 0.714895635674 0.194444444444 0.0199240986717 0.0387205387205
0 0.703984819734 0.16835016835 0.0189753320683 0.037037037037
0 0.72770398482 0.159932659933 0.0170777988615 0.037037037037
0 0.748576850095 0.139730639731 0.0151802656546 0.037037037037
0 0.777514231499 0.161616161616 0.0161290322581 0.030303030303
0 0.784629981025 0.139730639731 0.0151802656546 0.030303030303
0 0.809297912713 0.1632996633 0.0132827324478 0.030303030303
