0 0.0617021276596 0.302777777778 0.0148936170213 0.0425925925926
0 0.312765957447 0.198148148148 0.0148936170213 0.037037037037
0 0.340425531915 0.236111111111 0.0191489361702 0.0388888888889
0 0.412765957447 0.237037037037 0.0191489361702 0.037037037037
0 0.419680851064 0.159259259259 0.0117021276596 0.0222222222222
0 0.446276595745 0.159259259259 0.00957446808511 0.0296296296296
0 0.471808510638 0.163888888889 0.0117021276596 0.0314814814815
0 0.499468085106 0.159259259259 0.013829787234 0.0296296296296
0 0.495212765957 0.178703703704 0.013829787234 0.0351851851852
0 0.528191489362 0.188888888889 0.013829787234 0.037037037037
0 0.564361702128 0.187962962963 0.0159574468085 0.0388888888889
0 0.908510638298 0.187037037037 0.0127659574468 0.037037037037
0 0.881914893617 0.234259259259 0.0212765957447 0.0462962962963
0 0.952127659574 0.209259259259 0.0127659574468 0.0333333333333
0 0.941489361702 0.238888888889 0.0148936170213 0.0444444444444
