0 0.407943925234 0.209380234506 0.0214953271028 0.036850921273
0 0.560280373832 0.242881072027 0.0252336448598 0.0502512562814
0 0.625700934579 0.123953098827 0.0158878504673 0.036850921273
0 0.653271028037 0.108877721943 0.014953271028 0.0335008375209
0 0.659345794393 0.130653266332 0.0121495327103 0.0301507537688
0 0.757943925234 0.124790619765 0.014953271028 0.0318257956449
0 0.773364485981 0.137353433836 0.0140186915888 0.036850921273
0 0.867757009346 0.114740368509 0.0214953271028 0.0418760469012
0 0.823364485981 0.257118927973 0.0224299065421 0.0485762144054
0 0.896261682243 0.244556113903 0.0168224299065 0.0435510887772
0 0.928037383178 0.232830820771 0.0224299065421 0.0536013400335
0 0.908878504673 0.219430485762 0.0177570093458 0.0402010050251
