0 0.116386554622 0.540889526542 0.0378151260504 0.0746054519369
0 0.218487394958 0.331420373027 0.0168067226891 0.0315638450502
0 0.246638655462 0.335724533716 0.0176470588235 0.0373027259684
0 0.273109243697 0.361549497848 0.0168067226891 0.0344332855093
0 0.323949579832 0.35581061693 0.0210084033613 0.0344332855093
0 0.275630252101 0.300573888092 0.0151260504202 0.0358680057389
0 0.342016806723 0.317790530846 0.0134453781513 0.0301291248207
0 0.345378151261 0.283357245337 0.0151260504202 0.0301291248207
0 0.37731092437 0.32281205165 0.0117647058824 0.0315638450502
0 0.4 0.32137733142 0.0168067226891 0.0315638450502
0 0.436974789916 0.324246771879 0.0168067226891 0.0373027259684
0 0.397899159664 0.2912482066 0.0142857142857 0.0286944045911
0 0.38781512605 0.249641319943 0.0142857142857 0.025824964132
0 0.403361344538 0.266140602582 0.0117647058824 0.0243902439024
0 0.416386554622 0.251793400287 0.0109243697479 0.0215208034433
0 0.437394957983 0.252510760402 0.0109243697479 0.025824964132
0 0.464705882353 0.296269727403 0.0134453781513 0.0272596843615
0 0.496638655462 0.314921090387 0.0151260504202 0.0301291248207
0 0.452941176471 0.238880918221 0.0117647058824 0.0215208034433
0 0.482773109244 0.256097560976 0.0142857142857 0.0272596843615
0 0.497478991597 0.250358680057 0.0117647058824 0.0215208034433
0 0.514285714286 0.262553802009 0.0134453781513 0.0315638450502
0 0.55 0.27331420373 0.0126050420168 0.0272596843615
0 0.424369747899 0.299139167862 0.0151260504202 0.0329985652798
0 0.461764705882 0.22525107604 0.0109243697479 0.0229555236729
0 0.51512605042 0.229555236729 0.0117647058824 0.0286944045911
0 0.536554621849 0.237446197991 0.0126050420168 0.0272596843615
0 0.566386554622 0.25824964132 0.0134453781513 0.0315638450502
0 0.560924369748 0.207317073171 0.00924369747899 0.0215208034433
0 0.567226890756 0.223098995696 0.0117647058824 0.0243902439024
0 0.579411764706 0.235294117647 0.0109243697479 0.0200860832138
0 0.592016806723 0.246054519369 0.0142857142857 0.0243902439024
0 0.644957983193 0.234576757532 0.0109243697479 0.0215208034433
0 0.669327731092 0.220946915352 0.00924369747899 0.0200860832138
0 0.683193277311 0.216642754663 0.0117647058824 0.025824964132
0 0.665966386555 0.200143472023 0.0109243697479 0.0215208034433
0 0.634033613445 0.219512195122 0.0126050420168 0.025824964132
0 0.623109243697 0.210903873745 0.0126050420168 0.0229555236729
0 0.601680672269 0.210903873745 0.0117647058824 0.0286944045911
0 0.602521008403 0.195839311334 0.0117647058824 0.0243902439024
0 0.479831932773 0.367288378766 0.0252100840336 0.051649928264
0 0.541176470588 0.393830703013 0.0268907563025 0.0502152080344
0 0.533613445378 0.355093256815 0.0268907563025 0.0444763271162
0 0.590756302521 0.357245337159 0.0218487394958 0.0487804878049
0 0.605462184874 0.417503586801 0.0243697478992 0.0602582496413
0 0.629411764706 0.456241032999 0.0302521008403 0.0602582496413
0 0.702100840336 0.528694404591 0.0310924369748 0.0703012912482
0 0.832773109244 0.506456241033 0.0302521008403 0.0659971305595
0 0.595798319328 0.316355810617 0.0218487394958 0.0416068866571
0 0.642857142857 0.327833572453 0.0235294117647 0.0444763271162
0 0.628151260504 0.295552367288 0.0193277310924 0.0401721664275
0 0.665546218487 0.270444763271 0.018487394958 0.038737446198
0 0.689075630252 0.28981348637 0.0151260504202 0.0373027259684
0 0.710924369748 0.283357245337 0.0151260504202 0.038737446198
0 0.705042016807 0.240315638451 0.0151260504202 0.038737446198
0 0.729831932773 0.248206599713 0.0159663865546 0.0344332855093
0 0.731932773109 0.228120516499 0.0134453781513 0.0344332855093
0 0.748319327731 0.219512195122 0.0142857142857 0.0315638450502
0 0.759243697479 0.254662840746 0.0126050420168 0.0301291248207
0 0.77731092437 0.27331420373 0.0151260504202 0.0301291248207
0 0.785294117647 0.253945480631 0.0126050420168 0.025824964132
0 0.78025210084 0.227403156385 0.0159663865546 0.0329985652798
0 0.662605042017 0.373744619799 0.0243697478992 0.0530846484935
0 0.686554621849 0.3543758967 0.0218487394958 0.0487804878049
0 0.725210084034 0.393113342898 0.0252100840336 0.051649928264
0 0.786554621849 0.416786226686 0.0268907563025 0.0559540889527
0 0.848739495798 0.449784791966 0.0302521008403 0.0616929698709
0 0.924369747899 0.456241032999 0.0268907563025 0.0545193687231
0 0.918067226891 0.386657101865 0.0226890756303 0.0444763271162
0 0.861764705882 0.37087517934 0.0210084033613 0.0530846484935
0 0.813865546218 0.348637015782 0.0226890756303 0.0430416068867
0 0.815966386555 0.28981348637 0.0168067226891 0.0315638450502
0 0.811344537815 0.236011477762 0.0142857142857 0.0301291248207
0 0.844117647059 0.246771879484 0.0109243697479 0.0229555236729
0 0.85 0.265423242468 0.0126050420168 0.025824964132
0 0.844957983193 0.296987087518 0.0142857142857 0.0373027259684
0 0.871428571429 0.327116212339 0.0168067226891 0.0315638450502
0 0.871848739496 0.245337159254 0.0142857142857 0.0315638450502
0 0.896218487395 0.268292682927 0.0126050420168 0.0286944045911
0 0.892857142857 0.310616929699 0.0142857142857 0.0329985652798
0 0.933613445378 0.345767575323 0.0168067226891 0.0401721664275
0 0.91512605042 0.300573888092 0.0134453781513 0.0329985652798
0 0.936554621849 0.299856527977 0.0142857142857 0.025824964132
0 0.93781512605 0.25824964132 0.0134453781513 0.0315638450502
