0 0.691872427984 0.30426716141 0.0380658436214 0.0890538033395
0 0.388374485597 0.182745825603 0.0174897119342 0.0315398886827
0 0.423353909465 0.173469387755 0.0174897119342 0.0352504638219
0 0.440329218107 0.169758812616 0.0144032921811 0.0315398886827
0 0.433127572016 0.152133580705 0.0144032921811 0.025974025974
0 0.452160493827 0.146567717996 0.0133744855967 0.025974025974
0 0.465534979424 0.140074211503 0.011316872428 0.0315398886827
0 0.481481481481 0.149350649351 0.0144032921811 0.0315398886827
0 0.456275720165 0.173469387755 0.0174897119342 0.0315398886827
0 0.48353909465 0.182745825603 0.0185185185185 0.038961038961
0 0.509773662551 0.182745825603 0.0195473251029 0.038961038961
0 0.502057613169 0.12987012987 0.0164609053498 0.0296846011132
0 0.488683127572 0.144712430427 0.0123456790123 0.025974025974
0 0.525720164609 0.12987012987 0.0123456790123 0.0333951762523
0 0.547325102881 0.141001855288 0.0102880658436 0.025974025974
0 0.560699588477 0.114100185529 0.0102880658436 0.0278293135436
0 0.577674897119 0.140074211503 0.0133744855967 0.0315398886827
0 0.602366255144 0.118738404453 0.0133744855967 0.0333951762523
0 0.601851851852 0.155844155844 0.0144032921811 0.0296846011132
0 0.628086419753 0.134508348794 0.0133744855967 0.0315398886827
0 0.637860082305 0.121521335807 0.0144032921811 0.0315398886827
0 0.671296296296 0.119666048237 0.0133744855967 0.0278293135436
0 0.707304526749 0.117810760668 0.011316872428 0.0241187384045
0 0.701131687243 0.170686456401 0.0133744855967 0.0371057513915
0 0.658950617284 0.19573283859 0.0195473251029 0.038961038961
0 0.627057613169 0.219851576994 0.0216049382716 0.0426716141002
0 0.677983539095 0.214285714286 0.022633744856 0.0426716141002
0 0.711934156379 0.19573283859 0.022633744856 0.038961038961
0 0.712962962963 0.246753246753 0.0205761316872 0.0482374768089
0 0.736111111111 0.148423005566 0.0133744855967 0.0333951762523
0 0.738683127572 0.176252319109 0.0144032921811 0.0371057513915
0 0.750514403292 0.128942486085 0.0133744855967 0.0352504638219
0 0.774691358025 0.127087198516 0.0123456790123 0.0315398886827
0 0.777777777778 0.15306122449 0.0144032921811 0.0315398886827
0 0.775205761317 0.186456400742 0.0154320987654 0.038961038961
0 0.792695473251 0.21706864564 0.0174897119342 0.0408163265306
0 0.798353909465 0.164192949907 0.0123456790123 0.0315398886827
0 0.813271604938 0.154916512059 0.0154320987654 0.0352504638219
0 0.827674897119 0.12987012987 0.0133744855967 0.0296846011132
0 0.833333333333 0.170686456401 0.0123456790123 0.0333951762523
0 0.912037037037 0.167903525046 0.0133744855967 0.0315398886827
0 0.927469135802 0.208719851577 0.0133744855967 0.0426716141002
0 0.906378600823 0.208719851577 0.0144032921811 0.0352504638219
0 0.934156378601 0.235621521336 0.0144032921811 0.0371057513915
0 0.93621399177 0.181818181818 0.0144032921811 0.0371057513915
0 0.876028806584 0.269944341373 0.0195473251029 0.0500927643785
