0 0.341062801932 0.208620689655 0.0193236714976 0.0344827586207
0 0.408695652174 0.230172413793 0.0212560386473 0.0396551724138
0 0.420289855072 0.218103448276 0.0154589371981 0.0327586206897
0 0.438164251208 0.218965517241 0.0183574879227 0.0448275862069
0 0.486956521739 0.212068965517 0.0212560386473 0.048275862069
0 0.499033816425 0.187068965517 0.0202898550725 0.0396551724138
0 0.502415458937 0.134482758621 0.0135265700483 0.0344827586207
0 0.532367149758 0.194827586207 0.0231884057971 0.0448275862069
0 0.582125603865 0.172413793103 0.0183574879227 0.0413793103448
0 0.619806763285 0.134482758621 0.0183574879227 0.0379310344828
0 0.63768115942 0.254310344828 0.0251207729469 0.0568965517241
0 0.661352657005 0.19224137931 0.0202898550725 0.0465517241379
0 0.699033816425 0.306896551724 0.0280193236715 0.0620689655172
0 0.719806763285 0.184482758621 0.0212560386473 0.0379310344828
0 0.760869565217 0.256896551724 0.0222222222222 0.0448275862069
0 0.843961352657 0.335344827586 0.024154589372 0.0603448275862
0 0.865700483092 0.288793103448 0.0251207729469 0.0603448275862
0 0.830434782609 0.228448275862 0.0222222222222 0.05
0 0.840096618357 0.199137931034 0.0183574879227 0.0431034482759
0 0.888405797101 0.224137931034 0.0183574879227 0.0413793103448
0 0.924154589372 0.208620689655 0.0164251207729 0.0448275862069
0 0.928985507246 0.287931034483 0.0222222222222 0.0448275862069
