0 0.126137303557 0.528169014085 0.0521091811414 0.087323943662
0 0.225806451613 0.347183098592 0.0248138957816 0.0464788732394
0 0.252688172043 0.369718309859 0.0223325062035 0.043661971831
0 0.289495450786 0.385211267606 0.0215053763441 0.0380281690141
0 0.331265508685 0.366901408451 0.0289495450786 0.0464788732394
0 0.293631100083 0.298591549296 0.0181968569065 0.030985915493
0 0.352357320099 0.330985915493 0.0181968569065 0.0338028169014
0 0.350289495451 0.297183098592 0.0190239867659 0.0338028169014
0 0.406534325889 0.331690140845 0.0206782464847 0.043661971831
0 0.388337468983 0.264084507042 0.0124069478908 0.0267605633803
0 0.402398676592 0.278169014085 0.0124069478908 0.0239436619718
0 0.406120760959 0.301408450704 0.0181968569065 0.030985915493
0 0.43258891646 0.331690140845 0.0165425971878 0.0267605633803
0 0.44582299421 0.348591549296 0.0231596360629 0.0352112676056
0 0.428866832093 0.30985915493 0.0157154673284 0.0281690140845
0 0.425971877585 0.262676056338 0.0165425971878 0.0295774647887
0 0.443755169562 0.261971830986 0.0173697270471 0.0338028169014
0 0.458229942101 0.272535211268 0.014888337469 0.0352112676056
0 0.460297766749 0.242957746479 0.0124069478908 0.0267605633803
0 0.470223325062 0.234507042254 0.0173697270471 0.0239436619718
0 0.464846980976 0.317605633803 0.0215053763441 0.0380281690141
0 0.49958643507 0.330281690141 0.0248138957816 0.0464788732394
0 0.500827129859 0.274647887324 0.0206782464847 0.0366197183099
0 0.521091811414 0.276056338028 0.0198511166253 0.0366197183099
0 0.522746071133 0.248591549296 0.0165425971878 0.0295774647887
0 0.552936311001 0.288028169014 0.0190239867659 0.0408450704225
0 0.552522746071 0.25 0.014888337469 0.0295774647887
0 0.551282051282 0.226056338028 0.0157154673284 0.0267605633803
0 0.572373862696 0.254225352113 0.0165425971878 0.0352112676056
0 0.570306038048 0.225352112676 0.0157154673284 0.0281690140845
0 0.598428453267 0.253521126761 0.0173697270471 0.0281690140845
0 0.626964433416 0.257746478873 0.0181968569065 0.0338028169014
0 0.602150537634 0.230281690141 0.014888337469 0.0267605633803
0 0.610008271299 0.211971830986 0.0140612076096 0.0267605633803
0 0.631100082713 0.208450704225 0.0165425971878 0.0281690140845
0 0.641852770885 0.22676056338 0.014888337469 0.0281690140845
0 0.667080231596 0.21338028169 0.0124069478908 0.0295774647887
0 0.67535153019 0.230985915493 0.0124069478908 0.030985915493
0 0.684036393714 0.221126760563 0.0115798180314 0.0253521126761
0 0.479735318445 0.405633802817 0.0330851943755 0.0647887323944
0 0.541356492969 0.361971830986 0.025641025641 0.0478873239437
0 0.545905707196 0.401408450704 0.029776674938 0.056338028169
0 0.596360628619 0.435211267606 0.0330851943755 0.0619718309859
0 0.642679900744 0.464788732394 0.0413564929694 0.0676056338028
0 0.615384615385 0.365492957746 0.0248138957816 0.0492957746479
0 0.601736972705 0.330985915493 0.0223325062035 0.0422535211268
0 0.631513647643 0.296478873239 0.025641025641 0.0492957746479
0 0.669975186104 0.278169014085 0.0181968569065 0.0380281690141
0 0.698511166253 0.301408450704 0.0239867659222 0.0450704225352
0 0.707196029777 0.252112676056 0.0198511166253 0.0394366197183
0 0.736559139785 0.240845070423 0.0124069478908 0.030985915493
0 0.74358974359 0.260563380282 0.0165425971878 0.0338028169014
0 0.751033912324 0.233098591549 0.0132340777502 0.0295774647887
0 0.704301075269 0.540845070423 0.0372208436725 0.0704225352113
0 0.656327543424 0.379577464789 0.0322580645161 0.0661971830986
0 0.647229114971 0.345070422535 0.025641025641 0.0450704225352
0 0.690653432589 0.361971830986 0.0248138957816 0.0478873239437
0 0.723325062035 0.404225352113 0.0322580645161 0.0647887323944
0 0.772539288668 0.435211267606 0.0314309346567 0.0619718309859
0 0.825889164599 0.501408450704 0.0372208436725 0.0901408450704
0 0.839536807279 0.444366197183 0.0314309346567 0.0718309859155
0 0.813895781638 0.358450704225 0.0248138957816 0.0549295774648
0 0.828370554177 0.340845070423 0.0206782464847 0.0478873239437
0 0.816790736146 0.304929577465 0.0206782464847 0.0408450704225
0 0.780397022333 0.282394366197 0.0173697270471 0.0352112676056
0 0.764681555004 0.262676056338 0.0173697270471 0.0267605633803
0 0.780810587262 0.258450704225 0.0165425971878 0.0239436619718
0 0.784532671629 0.238028169014 0.0157154673284 0.030985915493
0 0.812241521919 0.246478873239 0.0165425971878 0.0366197183099
0 0.817617866005 0.264084507042 0.0173697270471 0.0323943661972
0 0.841604631927 0.261267605634 0.0173697270471 0.0323943661972
0 0.856906534326 0.282394366197 0.0181968569065 0.0380281690141
0 0.849875930521 0.324647887324 0.0206782464847 0.0492957746479
0 0.870967741935 0.334507042254 0.0181968569065 0.0492957746479
0 0.862696443342 0.397887323944 0.0281224152192 0.0605633802817
0 0.913564929694 0.452816901408 0.0322580645161 0.069014084507
0 0.925971877585 0.371830985915 0.0239867659222 0.056338028169
0 0.914805624483 0.329577464789 0.0198511166253 0.0394366197183
0 0.89247311828 0.32323943662 0.0165425971878 0.0352112676056
0 0.898676592225 0.285211267606 0.0140612076096 0.0380281690141
0 0.880479735318 0.255633802817 0.0157154673284 0.0380281690141
0 0.9317617866 0.324647887324 0.0206782464847 0.043661971831
0 0.936311000827 0.298591549296 0.0115798180314 0.0281690140845
0 0.942928039702 0.285915492958 0.0132340777502 0.0253521126761
