0 0.251491053678 0.168173598553 0.0198807157058 0.0325497287523
0 0.235586481113 0.413200723327 0.0497017892644 0.139240506329
0 0.364811133201 0.458408679928 0.0556660039761 0.132007233273
0 0.636679920477 0.23417721519 0.0288270377734 0.0488245931284
0 0.584990059642 0.244122965642 0.0228628230616 0.0506329113924
0 0.483598409543 0.216998191682 0.0168986083499 0.0397830018083
0 0.438866799205 0.25226039783 0.0208747514911 0.0560578661844
0 0.437375745527 0.201627486438 0.0198807157058 0.0343580470163
0 0.465208747515 0.22965641953 0.0258449304175 0.0578661844485
0 0.405566600398 0.19801084991 0.0159045725646 0.0379746835443
0 0.585984095427 0.105786618445 0.0129224652087 0.0307414104882
0 0.606858846918 0.100361663653 0.0109343936382 0.0271247739602
0 0.631212723658 0.119349005425 0.0159045725646 0.0289330922242
0 0.657057654076 0.121157323689 0.0178926441352 0.0325497287523
