0 0.0334590009425 0.396258503401 0.0216776625825 0.0578231292517
0 0.263901979265 0.296768707483 0.0150801131008 0.0357142857143
0 0.293590951932 0.285714285714 0.0179076343073 0.030612244898
0 0.304429783223 0.267857142857 0.0188501413761 0.0357142857143
0 0.318567389255 0.227040816327 0.0150801131008 0.0289115646259
0 0.349670122526 0.241496598639 0.0169651272385 0.0340136054422
0 0.392082940622 0.211734693878 0.0188501413761 0.0357142857143
0 0.376060320452 0.242346938776 0.0207351555137 0.0323129251701
0 0.34260131951 0.294217687075 0.0179076343073 0.0340136054422
0 0.415174363808 0.182823129252 0.014137606032 0.0255102040816
0 0.427426955702 0.196428571429 0.0197926484449 0.0255102040816
0 0.457115928369 0.16156462585 0.0169651272385 0.0238095238095
0 0.483034872762 0.158163265306 0.0122525918944 0.0272108843537
0 0.488689915174 0.172619047619 0.0160226201697 0.0289115646259
0 0.508953817154 0.15731292517 0.0131950989632 0.0187074829932
0 0.540527803959 0.143707482993 0.0179076343073 0.0289115646259
0 0.561262959472 0.124149659864 0.0122525918944 0.0238095238095
0 0.600848256362 0.107142857143 0.014137606032 0.0272108843537
0 0.596606974552 0.126700680272 0.0131950989632 0.0255102040816
0 0.621583411876 0.113945578231 0.014137606032 0.0238095238095
0 0.652686145146 0.109693877551 0.0103675777568 0.0221088435374
0 0.649387370405 0.134353741497 0.0169651272385 0.030612244898
0 0.620640904807 0.151360544218 0.0197926484449 0.0340136054422
0 0.578699340245 0.170068027211 0.0188501413761 0.0340136054422
0 0.56314797361 0.169217687075 0.0216776625825 0.0255102040816
0 0.549010367578 0.207482993197 0.0197926484449 0.0340136054422
0 0.49575871819 0.207482993197 0.0169651272385 0.0272108843537
0 0.473138548539 0.210034013605 0.0169651272385 0.0323129251701
0 0.463713477851 0.204931972789 0.0169651272385 0.0323129251701
0 0.431668237512 0.229591836735 0.0169651272385 0.030612244898
0 0.435909519321 0.274659863946 0.0216776625825 0.0425170068027
0 0.471724787936 0.246598639456 0.0216776625825 0.0374149659864
0 0.482563619227 0.316326530612 0.0245051837889 0.0408163265306
0 0.549010367578 0.309523809524 0.0254476908577 0.0544217687075
0 0.612629594722 0.347789115646 0.0320452403393 0.0493197278912
0 0.687087653157 0.343537414966 0.0245051837889 0.0510204081633
0 0.636192271442 0.207482993197 0.0188501413761 0.0374149659864
0 0.621112158341 0.274659863946 0.0245051837889 0.0425170068027
0 0.570216776626 0.25 0.0282752120641 0.0510204081633
0 0.68096135721 0.127551020408 0.014137606032 0.0272108843537
0 0.706409048068 0.104591836735 0.0122525918944 0.0323129251701
0 0.74410933082 0.130102040816 0.014137606032 0.0357142857143
0 0.760603204524 0.12074829932 0.0150801131008 0.0272108843537
0 0.773327049953 0.141156462585 0.0197926484449 0.030612244898
0 0.787464655985 0.125850340136 0.014137606032 0.0374149659864
0 0.80725730443 0.141156462585 0.0160226201697 0.030612244898
0 0.827992459943 0.128401360544 0.0122525918944 0.0357142857143
0 0.841187558907 0.146258503401 0.014137606032 0.0374149659864
0 0.87370405278 0.134353741497 0.0150801131008 0.0272108843537
0 0.905278039585 0.136054421769 0.0103675777568 0.030612244898
0 0.874175306315 0.16156462585 0.0160226201697 0.0374149659864
0 0.862393967955 0.172619047619 0.0169651272385 0.0425170068027
0 0.855796418473 0.205782312925 0.0207351555137 0.0408163265306
0 0.831762488219 0.175170068027 0.0160226201697 0.0340136054422
0 0.806786050895 0.187925170068 0.0169651272385 0.0357142857143
0 0.775683317625 0.174319727891 0.0226201696513 0.0323129251701
0 0.754948162111 0.162414965986 0.0169651272385 0.0357142857143
0 0.934967012253 0.152210884354 0.0113100848256 0.0289115646259
0 0.940150801131 0.181972789116 0.0179076343073 0.030612244898
0 0.933081998115 0.219387755102 0.0207351555137 0.0374149659864
0 0.898209236569 0.212585034014 0.0169651272385 0.0340136054422
0 0.906220546654 0.177721088435 0.0197926484449 0.0323129251701
0 0.875589066918 0.243197278912 0.0226201696513 0.0408163265306
0 0.931668237512 0.296768707483 0.0235626767201 0.0595238095238
0 0.823279924599 0.233843537415 0.0235626767201 0.0561224489796
0 0.765786993402 0.233843537415 0.0235626767201 0.0527210884354
0 0.741753063148 0.207482993197 0.0169651272385 0.0442176870748
0 0.717247879359 0.150510204082 0.0150801131008 0.0391156462585
0 0.698868991517 0.166666666667 0.0197926484449 0.0374149659864
0 0.664467483506 0.182823129252 0.0169651272385 0.0323129251701
0 0.668237511781 0.214285714286 0.0169651272385 0.0510204081633
0 0.706409048068 0.225340136054 0.0216776625825 0.0425170068027
0 0.664938737041 0.27806122449 0.0273327049953 0.0459183673469
0 0.737511781338 0.287414965986 0.0273327049953 0.0612244897959
0 0.802073515551 0.304421768707 0.0207351555137 0.0612244897959
0 0.59425070688 0.151360544218 0.0160226201697 0.030612244898
0 0.524976437323 0.174319727891 0.0188501413761 0.0357142857143
