0 0.167990468626 0.47323943662 0.0405083399523 0.0676056338028
0 0.289515488483 0.266197183099 0.0198570293884 0.0422535211268
0 0.334789515488 0.25 0.0198570293884 0.043661971831
0 0.321286735504 0.216901408451 0.0166799046863 0.0338028169014
0 0.345512311358 0.204225352113 0.0158856235107 0.0366197183099
0 0.353852263701 0.223943661972 0.0150913423352 0.0366197183099
0 0.36656076251 0.240845070423 0.0198570293884 0.0422535211268
0 0.39316918189 0.276056338028 0.0254169976172 0.0478873239437
0 0.392374900715 0.245774647887 0.0174741858618 0.0352112676056
0 0.40746624305 0.185915492958 0.0206513105639 0.0394366197183
0 0.4253375695 0.175352112676 0.0150913423352 0.0295774647887
0 0.447577442415 0.139436619718 0.011914217633 0.0253521126761
0 0.451548848292 0.161267605634 0.0150913423352 0.0267605633803
0 0.454725972994 0.2 0.0198570293884 0.0422535211268
0 0.484511517077 0.21338028169 0.0206513105639 0.043661971831
0 0.467434471803 0.157746478873 0.0135027799841 0.0281690140845
0 0.480142970612 0.133098591549 0.011914217633 0.0295774647887
0 0.505957108817 0.130281690141 0.0142970611597 0.0323943661972
0 0.519857029388 0.147183098592 0.0135027799841 0.0380281690141
0 0.507942811755 0.183802816901 0.0198570293884 0.0380281690141
0 0.540508339952 0.164084507042 0.0150913423352 0.0352112676056
0 0.543288324067 0.12676056338 0.0158856235107 0.030985915493
0 0.558379666402 0.135211267606 0.0158856235107 0.0338028169014
0 0.565131056394 0.102816901408 0.011914217633 0.0225352112676
0 0.583002382844 0.154225352113 0.0158856235107 0.0380281690141
0 0.587768069897 0.0950704225352 0.0127084988086 0.0239436619718
0 0.586179507546 0.121126760563 0.0158856235107 0.0281690140845
0 0.611199364575 0.147183098592 0.0150913423352 0.0323943661972
0 0.621127879269 0.0915492957746 0.0127084988086 0.0281690140845
0 0.634630659253 0.116901408451 0.0142970611597 0.0338028169014
0 0.641382049245 0.133098591549 0.0150913423352 0.0295774647887
0 0.646147736299 0.087323943662 0.0135027799841 0.0253521126761
0 0.666401906275 0.0971830985915 0.0111199364575 0.0281690140845
0 0.688244638602 0.102816901408 0.011914217633 0.030985915493
0 0.664416203336 0.123943661972 0.0135027799841 0.0253521126761
0 0.556393963463 0.232394366197 0.0230341540905 0.0478873239437
0 0.538919777601 0.288028169014 0.0293884034948 0.0633802816901
0 0.598888006354 0.244366197183 0.0254169976172 0.0521126760563
0 0.627482128674 0.303521126761 0.0317712470214 0.0633802816901
0 0.618745035743 0.202112676056 0.0190627482129 0.0464788732394
0 0.654090548054 0.211267605634 0.0182684670373 0.0422535211268
0 0.675536139793 0.235211267606 0.0198570293884 0.0507042253521
0 0.684670373312 0.191549295775 0.0190627482129 0.0478873239437
0 0.714058776807 0.214084507042 0.0206513105639 0.0422535211268
0 0.730341540905 0.174647887324 0.0182684670373 0.0478873239437
0 0.719221604448 0.154929577465 0.0135027799841 0.0338028169014
0 0.719618745036 0.125352112676 0.0127084988086 0.0281690140845
0 0.735107227959 0.13661971831 0.0135027799841 0.0338028169014
0 0.746227164416 0.111267605634 0.0087370929309 0.0281690140845
0 0.683478951549 0.15985915493 0.010325655282 0.0295774647887
0 0.747815726767 0.232394366197 0.0214455917395 0.0619718309859
0 0.767672756156 0.289436619718 0.0214455917395 0.0661971830986
0 0.772438443209 0.205633802817 0.0214455917395 0.0507042253521
0 0.759332803813 0.167605633803 0.0158856235107 0.0394366197183
0 0.776012708499 0.165492957746 0.0174741858618 0.0380281690141
0 0.782764098491 0.117605633803 0.011914217633 0.0211267605634
0 0.808181096108 0.116197183099 0.0166799046863 0.0352112676056
0 0.82565528197 0.119014084507 0.0135027799841 0.0295774647887
0 0.81135822081 0.153521126761 0.0135027799841 0.0394366197183
0 0.844320889595 0.173943661972 0.0142970611597 0.0352112676056
0 0.820889594917 0.196478873239 0.0182684670373 0.043661971831
0 0.805798252581 0.254225352113 0.0214455917395 0.0549295774648
0 0.795869737887 0.181690140845 0.0190627482129 0.0450704225352
0 0.831612390786 0.283098591549 0.0238284352661 0.0591549295775
0 0.848292295473 0.247183098592 0.022239872915 0.0521126760563
0 0.814138204925 0.368309859155 0.0333598093725 0.0774647887324
0 0.885623510723 0.426056338028 0.0317712470214 0.0802816901408
0 0.891580619539 0.304929577465 0.0277998411438 0.0718309859155
0 0.874106433678 0.230985915493 0.0214455917395 0.0535211267606
0 0.890786338364 0.182394366197 0.0166799046863 0.0323943661972
0 0.918586179508 0.228169014085 0.0182684670373 0.0507042253521
0 0.922160444797 0.202112676056 0.0174741858618 0.0352112676056
0 0.914217633042 0.151408450704 0.0142970611597 0.0408450704225
0 0.899523431295 0.124647887324 0.0150913423352 0.0295774647887
0 0.893963463066 0.149295774648 0.0135027799841 0.0338028169014
0 0.856632247816 0.134507042254 0.0182684670373 0.0323943661972
0 0.870929308975 0.12323943662 0.0135027799841 0.0352112676056
0 0.850277998411 0.155633802817 0.0166799046863 0.0323943661972
