0 0.0718171926007 0.293560606061 0.0195865070729 0.0378787878788
0 0.318824809576 0.231060606061 0.0195865070729 0.0416666666667
0 0.350380848749 0.201704545455 0.0174102285092 0.0359848484848
0 0.426006528836 0.267045454545 0.0228509249184 0.0492424242424
0 0.417845484222 0.210227272727 0.0195865070729 0.0378787878788
0 0.427638737758 0.15625 0.0174102285092 0.0397727272727
0 0.455930359086 0.180871212121 0.0239390642002 0.0359848484848
0 0.450489662677 0.231060606061 0.0195865070729 0.0416666666667
0 0.491294885745 0.222537878788 0.0184983677911 0.0397727272727
0 0.486942328618 0.174242424242 0.025027203482 0.0416666666667
0 0.473884657236 0.135416666667 0.0141458106638 0.0284090909091
0 0.493471164309 0.138257575758 0.0141458106638 0.0265151515152
0 0.520130576714 0.136363636364 0.0174102285092 0.030303030303
0 0.540805223069 0.132575757576 0.0152339499456 0.030303030303
0 0.5478781284 0.191287878788 0.0184983677911 0.0378787878788
0 0.55331882481 0.164772727273 0.0163220892274 0.030303030303
0 0.571817192601 0.142992424242 0.0141458106638 0.0284090909091
0 0.602829162133 0.142045454545 0.0174102285092 0.030303030303
0 0.63710554951 0.121212121212 0.0119695321001 0.0265151515152
0 0.600652883569 0.273674242424 0.0239390642002 0.0473484848485
0 0.634929270947 0.214015151515 0.0206746463547 0.0416666666667
0 0.673558215452 0.226325757576 0.0239390642002 0.0435606060606
0 0.673558215452 0.186553030303 0.0195865070729 0.0435606060606
0 0.639281828074 0.303977272727 0.0293797606094 0.0738636363636
0 0.683895538629 0.367424242424 0.0359085963003 0.0757575757576
0 0.677910772579 0.294507575758 0.0239390642002 0.0587121212121
0 0.739934711643 0.232954545455 0.0239390642002 0.0492424242424
0 0.748639825898 0.176136363636 0.0195865070729 0.0378787878788
0 0.710010881393 0.172348484848 0.0206746463547 0.0416666666667
0 0.810119695321 0.246212121212 0.025027203482 0.0492424242424
0 0.821001088139 0.291666666667 0.025027203482 0.0606060606061
0 0.852013057671 0.310606060606 0.0282916213275 0.0719696969697
0 0.878672470076 0.288825757576 0.025027203482 0.0511363636364
0 0.917301414581 0.361742424242 0.0326441784548 0.0681818181818
0 0.914581066376 0.434659090909 0.0424374319913 0.0852272727273
0 0.934167573449 0.230113636364 0.0184983677911 0.0435606060606
