0 0.264516129032 0.261415525114 0.0129032258065 0.0205479452055
0 0.276774193548 0.253424657534 0.0141935483871 0.027397260274
0 0.292903225806 0.261415525114 0.018064516129 0.0342465753425
0 0.337419354839 0.24200913242 0.021935483871 0.0456621004566
0 0.392258064516 0.262557077626 0.0154838709677 0.0319634703196
0 0.385161290323 0.221461187215 0.0141935483871 0.0228310502283
0 0.363225806452 0.196347031963 0.0167741935484 0.027397260274
0 0.397419354839 0.199771689498 0.018064516129 0.0251141552511
0 0.434193548387 0.224885844749 0.0141935483871 0.0342465753425
0 0.465161290323 0.220319634703 0.0167741935484 0.0388127853881
0 0.443870967742 0.187214611872 0.0154838709677 0.0319634703196
0 0.427741935484 0.166666666667 0.0116129032258 0.0228310502283
0 0.414193548387 0.163242009132 0.0129032258065 0.0251141552511
0 0.448387096774 0.154109589041 0.0116129032258 0.0205479452055
0 0.487741935484 0.206621004566 0.0129032258065 0.0251141552511
0 0.472903225806 0.186073059361 0.00903225806452 0.0251141552511
0 0.485806451613 0.166666666667 0.0116129032258 0.027397260274
0 0.509677419355 0.167808219178 0.0129032258065 0.0342465753425
0 0.523225806452 0.196347031963 0.0167741935484 0.0365296803653
0 0.512258064516 0.130136986301 0.0103225806452 0.0182648401826
0 0.524516129032 0.133561643836 0.0116129032258 0.0159817351598
0 0.578709677419 0.139269406393 0.0116129032258 0.0228310502283
0 0.561290322581 0.130136986301 0.0129032258065 0.0228310502283
0 0.553548387097 0.110730593607 0.0103225806452 0.0159817351598
0 0.590967741935 0.10502283105 0.0103225806452 0.0228310502283
0 0.613548387097 0.0993150684932 0.0116129032258 0.0251141552511
0 0.63935483871 0.0981735159817 0.0116129032258 0.0228310502283
0 0.663870967742 0.108447488584 0.00903225806452 0.0205479452055
0 0.69935483871 0.103881278539 0.0103225806452 0.0296803652968
0 0.638709677419 0.135844748858 0.0129032258065 0.0205479452055
0 0.60064516129 0.154109589041 0.0167741935484 0.0296803652968
0 0.549677419355 0.171232876712 0.0129032258065 0.0228310502283
0 0.497419354839 0.285388127854 0.0193548387097 0.0456621004566
0 0.531612903226 0.333333333333 0.0258064516129 0.0502283105023
0 0.554193548387 0.25799086758 0.0167741935484 0.041095890411
0 0.625806451613 0.245433789954 0.0206451612903 0.0479452054795
0 0.622580645161 0.203196347032 0.0141935483871 0.0319634703196
0 0.658064516129 0.221461187215 0.0154838709677 0.0319634703196
0 0.657419354839 0.174657534247 0.0141935483871 0.0342465753425
0 0.690322580645 0.176940639269 0.0154838709677 0.0342465753425
0 0.674838709677 0.16095890411 0.0103225806452 0.0342465753425
0 0.732258064516 0.11301369863 0.0116129032258 0.0251141552511
0 0.74064516129 0.149543378995 0.0129032258065 0.0251141552511
0 0.763225806452 0.132420091324 0.0141935483871 0.0319634703196
0 0.774838709677 0.165525114155 0.0141935483871 0.0251141552511
0 0.762580645161 0.212328767123 0.0154838709677 0.0365296803653
0 0.729032258065 0.187214611872 0.018064516129 0.0319634703196
0 0.723870967742 0.24200913242 0.018064516129 0.0456621004566
0 0.683225806452 0.305936073059 0.021935483871 0.0456621004566
0 0.597419354839 0.328767123288 0.0283870967742 0.0456621004566
0 0.745806451613 0.329908675799 0.0258064516129 0.0525114155251
0 0.772903225806 0.27397260274 0.0206451612903 0.0502283105023
0 0.805161290323 0.236301369863 0.0154838709677 0.0342465753425
0 0.783870967742 0.202054794521 0.0141935483871 0.0296803652968
0 0.811612903226 0.163242009132 0.0129032258065 0.0296803652968
0 0.825161290323 0.138127853881 0.0116129032258 0.0251141552511
0 0.851612903226 0.135844748858 0.0103225806452 0.0205479452055
0 0.863870967742 0.132420091324 0.00903225806452 0.0228310502283
0 0.852903225806 0.167808219178 0.0129032258065 0.0296803652968
0 0.822580645161 0.211187214612 0.0167741935484 0.0388127853881
0 0.831612903226 0.304794520548 0.021935483871 0.0479452054795
0 0.783225806452 0.404109589041 0.0309677419355 0.0684931506849
0 0.88 0.344748858447 0.0232258064516 0.0684931506849
0 0.909032258065 0.300228310502 0.0167741935484 0.0433789954338
0 0.870322580645 0.212328767123 0.0141935483871 0.0319634703196
0 0.885161290323 0.170091324201 0.0103225806452 0.0296803652968
0 0.894193548387 0.140410958904 0.0103225806452 0.0205479452055
0 0.921935483871 0.156392694064 0.0116129032258 0.0251141552511
0 0.910322580645 0.197488584475 0.0141935483871 0.0388127853881
0 0.912258064516 0.251141552511 0.0129032258065 0.0228310502283
0 0.858064516129 0.25799086758 0.0206451612903 0.0502283105023
