0 0.275862068966 0.259567387687 0.0149114631873 0.0299500831947
0 0.290307548928 0.243760399334 0.0158434296365 0.0249584026622
0 0.298695246971 0.271214642263 0.0139794967381 0.0299500831947
0 0.360671015843 0.261231281198 0.0149114631873 0.0299500831947
0 0.371388630009 0.289517470882 0.0177073625349 0.0332778702163
0 0.343895619758 0.242928452579 0.0130475302889 0.026622296173
0 0.381174277726 0.23377703827 0.0130475302889 0.0316139767055
0 0.366262814539 0.193011647255 0.0130475302889 0.0299500831947
0 0.387232059646 0.20465890183 0.0139794967381 0.0299500831947
0 0.403541472507 0.198003327787 0.0130475302889 0.0299500831947
0 0.406803355079 0.177204658902 0.0139794967381 0.0282861896839
0 0.438956197577 0.227121464226 0.0149114631873 0.0349417637271
0 0.455265610438 0.198003327787 0.0177073625349 0.0499168053245
0 0.47064305685 0.223793677205 0.0167753960857 0.0382695507488
0 0.438956197577 0.155574043261 0.0111835973905 0.0216306156406
0 0.450605778192 0.159733777038 0.0102516309413 0.026622296173
0 0.464119291705 0.157237936772 0.0111835973905 0.0249584026622
0 0.479030754893 0.1846921797 0.0130475302889 0.0332778702163
0 0.519105312209 0.210482529118 0.0167753960857 0.0349417637271
0 0.493476234856 0.199667221298 0.0139794967381 0.0366056572379
0 0.484622553588 0.166389351082 0.0149114631873 0.0299500831947
0 0.510251630941 0.128951747088 0.0102516309413 0.0216306156406
0 0.513979496738 0.155574043261 0.0158434296365 0.0249584026622
0 0.521901211556 0.179700499168 0.0130475302889 0.026622296173
0 0.541006523765 0.185524126456 0.0139794967381 0.0282861896839
0 0.565703634669 0.179700499168 0.0130475302889 0.0299500831947
0 0.604380242311 0.160565723794 0.0139794967381 0.0349417637271
0 0.58201304753 0.148086522463 0.0139794967381 0.026622296173
0 0.540540540541 0.12146422629 0.0111835973905 0.0232945091514
0 0.566169617894 0.133943427621 0.0121155638397 0.0249584026622
0 0.558247903075 0.120632279534 0.0111835973905 0.0249584026622
0 0.596458527493 0.106489184692 0.0111835973905 0.0232945091514
0 0.614165890028 0.133943427621 0.0111835973905 0.0282861896839
0 0.64165890028 0.139767054908 0.0102516309413 0.0232945091514
0 0.648648648649 0.118968386023 0.00931966449208 0.0249584026622
0 0.639328984157 0.102329450915 0.00931966449208 0.0249584026622
0 0.672413793103 0.105657237937 0.0121155638397 0.0282861896839
0 0.616029822926 0.10149750416 0.00931966449208 0.0199667221298
0 0.491146318733 0.302828618968 0.0279589934762 0.0465890183028
0 0.541006523765 0.32612312812 0.0251630941286 0.0432612312812
0 0.561043802423 0.25540765391 0.0205032618826 0.0415973377704
0 0.609972041007 0.318635607321 0.0251630941286 0.0482529118136
0 0.616961789376 0.272878535774 0.0186393289842 0.0366056572379
0 0.630009319664 0.205490848586 0.0167753960857 0.0349417637271
0 0.670549860205 0.208818635607 0.0177073625349 0.0382695507488
0 0.684995340168 0.314475873544 0.0298229263747 0.0532445923461
0 0.728797763281 0.251247920133 0.0242311276794 0.0532445923461
0 0.701770736253 0.103161397671 0.0111835973905 0.026622296173
0 0.67008387698 0.171381031614 0.0149114631873 0.0332778702163
0 0.681733457596 0.159733777038 0.0139794967381 0.0299500831947
0 0.696178937558 0.187188019967 0.0149114631873 0.0316139767055
0 0.728797763281 0.198835274542 0.0167753960857 0.0382695507488
0 0.753960857409 0.217970049917 0.0186393289842 0.0432612312812
0 0.784249767008 0.277038269551 0.0232991612302 0.0515806988353
0 0.745107176142 0.343594009983 0.027027027027 0.0549084858569
0 0.773532152842 0.381031613977 0.0298229263747 0.063227953411
0 0.897017707363 0.353577371048 0.0288909599254 0.0715474209651
0 0.85927306617 0.291181364393 0.022367194781 0.0465890183028
0 0.807082945014 0.242096505824 0.022367194781 0.0415973377704
0 0.781919850885 0.202995008319 0.0186393289842 0.0465890183028
0 0.74697110904 0.151414309484 0.0139794967381 0.0299500831947
0 0.740447343896 0.114808652246 0.0121155638397 0.026622296173
0 0.767474370923 0.133111480865 0.0139794967381 0.026622296173
0 0.777260018639 0.158901830283 0.0130475302889 0.0316139767055
0 0.80055917987 0.161397670549 0.0149114631873 0.0332778702163
0 0.82991612302 0.135607321131 0.0102516309413 0.0249584026622
0 0.839701770736 0.118968386023 0.0111835973905 0.0282861896839
0 0.85321528425 0.176372712146 0.0158434296365 0.0332778702163
0 0.831780055918 0.217970049917 0.0158434296365 0.0399334442596
0 0.874184529357 0.203826955075 0.0186393289842 0.044925124792
0 0.861602982293 0.148086522463 0.0102516309413 0.026622296173
0 0.862534948742 0.127287853577 0.0121155638397 0.0282861896839
0 0.88863000932 0.135607321131 0.0102516309413 0.0216306156406
0 0.889561975769 0.166389351082 0.0102516309413 0.026622296173
0 0.896551724138 0.18302828619 0.0130475302889 0.0299500831947
0 0.916589002796 0.261231281198 0.0177073625349 0.0465890183028
0 0.92311276794 0.241264559068 0.0177073625349 0.0465890183028
0 0.926374650513 0.215474209651 0.0130475302889 0.0316139767055
0 0.924976700839 0.157237936772 0.0102516309413 0.0282861896839
