0 0.229633401222 0.368372943327 0.0621181262729 0.118829981718
0 0.443482688391 0.223034734918 0.0254582484725 0.0475319926874
0 0.469450101833 0.239488117002 0.020366598778 0.0438756855576
0 0.533604887984 0.203839122486 0.020366598778 0.0457038391225
0 0.619653767821 0.199268738574 0.0213849287169 0.0511882998172
0 0.636965376782 0.233089579525 0.0254582484725 0.0530164533821
0 0.680753564155 0.209323583181 0.0254582484725 0.0530164533821
0 0.671588594705 0.170932358318 0.0193482688391 0.0457038391225
0 0.715885947047 0.185557586837 0.0183299389002 0.0383912248629
0 0.689409368635 0.258683729433 0.0285132382892 0.0493601462523
0 0.727596741344 0.306215722121 0.0254582484725 0.0530164533821
0 0.82382892057 0.244972577697 0.0264765784114 0.054844606947
0 0.87016293279 0.249542961609 0.0254582484725 0.0530164533821
0 0.90733197556 0.31352833638 0.0285132382892 0.0639853747715
0 0.937881873727 0.321755027422 0.030549898167 0.0694698354662
