0 0.164948453608 0.481994459834 0.0412371134021 0.0775623268698
0 0.287073750991 0.280470914127 0.0253766851705 0.0512465373961
0 0.304916732752 0.233379501385 0.0166534496431 0.0318559556787
0 0.333862014274 0.225761772853 0.0174464710547 0.0387811634349
0 0.333068992863 0.276315789474 0.0222045995242 0.0457063711911
0 0.352498017446 0.291551246537 0.0245836637589 0.0484764542936
0 0.392942109437 0.292243767313 0.0229976209358 0.0498614958449
0 0.359238699445 0.22783933518 0.0190325138779 0.0401662049861
0 0.372720063442 0.234764542936 0.0190325138779 0.0346260387812
0 0.393338620143 0.245152354571 0.0253766851705 0.0415512465374
0 0.408406026963 0.200831024931 0.020618556701 0.0360110803324
0 0.444885011895 0.209141274238 0.0190325138779 0.0387811634349
0 0.46986518636 0.231301939058 0.0182394924663 0.0470914127424
0 0.476605868358 0.198060941828 0.020618556701 0.0360110803324
0 0.446867565424 0.189750692521 0.0182394924663 0.0332409972299
0 0.430610626487 0.174515235457 0.0142743854084 0.0304709141274
0 0.446074544013 0.164127423823 0.0182394924663 0.0290858725762
0 0.469072164948 0.152354570637 0.01506740682 0.0277008310249
0 0.490087232355 0.156509695291 0.0158604282316 0.0249307479224
0 0.490483743061 0.132271468144 0.01506740682 0.0318559556787
0 0.504361617764 0.137119113573 0.0142743854084 0.0332409972299
0 0.518636003172 0.162049861496 0.0158604282316 0.0360110803324
0 0.53766851705 0.170360110803 0.0190325138779 0.0360110803324
0 0.527359238699 0.1391966759 0.0142743854084 0.0318559556787
0 0.548770816812 0.148199445983 0.0142743854084 0.0304709141274
0 0.561459159397 0.164127423823 0.0174464710547 0.0401662049861
0 0.570182394925 0.15027700831 0.0158604282316 0.0318559556787
0 0.555114988105 0.129501385042 0.0126883425852 0.0263157894737
0 0.562648691515 0.117728531856 0.01506740682 0.0249307479224
0 0.579698651864 0.130193905817 0.0111022997621 0.0277008310249
0 0.581284694687 0.100415512465 0.0126883425852 0.0263157894737
0 0.607454401269 0.147506925208 0.0174464710547 0.0373961218837
0 0.617367168914 0.12188365651 0.0134813639968 0.0249307479224
0 0.607057890563 0.108033240997 0.0118953211737 0.0277008310249
0 0.637589214909 0.135734072022 0.0158604282316 0.0332409972299
0 0.634417129262 0.121191135734 0.0126883425852 0.0235457063712
0 0.644726407613 0.0941828254848 0.0142743854084 0.0277008310249
0 0.659000793021 0.107340720222 0.0158604282316 0.0318559556787
0 0.659000793021 0.131578947368 0.0158604282316 0.0304709141274
0 0.686756542427 0.110110803324 0.0126883425852 0.0290858725762
0 0.529738302934 0.295706371191 0.03013481364 0.0595567867036
0 0.54520222046 0.269390581717 0.0277557494052 0.0429362880886
0 0.604678826328 0.263850415512 0.0229976209358 0.0540166204986
0 0.615384615385 0.208448753463 0.020618556701 0.0401662049861
0 0.652260111023 0.215373961219 0.0214115781126 0.0429362880886
0 0.659000793021 0.257617728532 0.0237906423473 0.0554016620499
0 0.607454401269 0.330332409972 0.0380650277557 0.0650969529086
0 0.689135606661 0.22783933518 0.0237906423473 0.0540166204986
0 0.678429817605 0.184210526316 0.0166534496431 0.0360110803324
0 0.716098334655 0.135734072022 0.0158604282316 0.0304709141274
0 0.724425059477 0.192520775623 0.0229976209358 0.0387811634349
0 0.744647105472 0.254155124654 0.0333068992863 0.0595567867036
0 0.770023790642 0.209833795014 0.0190325138779 0.0401662049861
0 0.756938937351 0.181440443213 0.0166534496431 0.0332409972299
0 0.753766851705 0.147506925208 0.0166534496431 0.0373961218837
0 0.742664551943 0.12188365651 0.01506740682 0.0277008310249
0 0.779936558287 0.150969529086 0.01506740682 0.0360110803324
0 0.789849325932 0.12188365651 0.0126883425852 0.0332409972299
0 0.80412371134 0.124653739612 0.0158604282316 0.0332409972299
0 0.800951625694 0.169667590028 0.0158604282316 0.0401662049861
0 0.817208564631 0.162049861496 0.0134813639968 0.0332409972299
0 0.826328310864 0.139889196676 0.0126883425852 0.0249307479224
0 0.835448057098 0.128808864266 0.0134813639968 0.0277008310249
0 0.840206185567 0.18836565097 0.0166534496431 0.0332409972299
0 0.846946867565 0.164127423823 0.0158604282316 0.0346260387812
0 0.861221252974 0.148199445983 0.0158604282316 0.0360110803324
0 0.863996827914 0.140581717452 0.0166534496431 0.0318559556787
0 0.822363203807 0.213988919668 0.0174464710547 0.0318559556787
0 0.814829500397 0.247229916898 0.0198255352895 0.0484764542936
0 0.764076130056 0.309556786704 0.0277557494052 0.0595567867036
0 0.8013481364 0.395429362881 0.035685963521 0.0761772853186
0 0.848532910389 0.427977839335 0.0459952418715 0.0775623268698
0 0.828310864393 0.31163434903 0.0277557494052 0.0637119113573
0 0.862410785091 0.25 0.0229976209358 0.0512465373961
0 0.874702616971 0.214681440443 0.0222045995242 0.0443213296399
0 0.885011895321 0.18836565097 0.0190325138779 0.0387811634349
0 0.897303727201 0.137119113573 0.01506740682 0.0304709141274
0 0.925852498017 0.153047091413 0.0166534496431 0.0373961218837
0 0.904044409199 0.222299168975 0.0174464710547 0.0401662049861
0 0.921094369548 0.21675900277 0.0166534496431 0.0429362880886
0 0.900079302141 0.343490304709 0.0269627279937 0.0664819944598
0 0.919111816019 0.301246537396 0.0285487708168 0.0595567867036
