0 0.0911646586345 0.529900332226 0.0489959839357 0.119601328904
0 0.219277108434 0.241694352159 0.0176706827309 0.0481727574751
0 0.233734939759 0.244186046512 0.0192771084337 0.0531561461794
0 0.253012048193 0.233388704319 0.0176706827309 0.0514950166113
0 0.310040160643 0.222591362126 0.0192771084337 0.0498338870432
0 0.307630522088 0.18853820598 0.0176706827309 0.0382059800664
0 0.333333333333 0.214285714286 0.0208835341365 0.0498338870432
0 0.347791164659 0.189368770764 0.0160642570281 0.0398671096346
0 0.370281124498 0.238372093023 0.0208835341365 0.0514950166113
0 0.395983935743 0.225083056478 0.0192771084337 0.0481727574751
0 0.428514056225 0.299833887043 0.0232931726908 0.0581395348837
0 0.363855421687 0.177740863787 0.0176706827309 0.0431893687708
0 0.412048192771 0.156976744186 0.0176706827309 0.0348837209302
0 0.431325301205 0.171096345515 0.0160642570281 0.0431893687708
0 0.432530120482 0.147009966777 0.0168674698795 0.031561461794
0 0.469477911647 0.21926910299 0.021686746988 0.0531561461794
0 0.495582329317 0.191860465116 0.0160642570281 0.0382059800664
0 0.452610441767 0.146179401993 0.0184738955823 0.0431893687708
0 0.472289156627 0.147009966777 0.0192771084337 0.0448504983389
0 0.493975903614 0.127906976744 0.0160642570281 0.0332225913621
0 0.510441767068 0.151162790698 0.0168674698795 0.046511627907
0 0.548192771084 0.200166112957 0.0168674698795 0.0382059800664
0 0.531726907631 0.148671096346 0.0144578313253 0.0382059800664
0 0.54859437751 0.137873754153 0.0144578313253 0.0365448504983
0 0.552610441767 0.115448504983 0.0144578313253 0.0348837209302
0 0.574297188755 0.116279069767 0.0176706827309 0.0365448504983
0 0.584738955823 0.168604651163 0.0160642570281 0.0415282392027
0 0.569879518072 0.176079734219 0.0184738955823 0.0431893687708
0 0.578313253012 0.146179401993 0.0128514056225 0.0365448504983
0 0.603212851406 0.187707641196 0.0160642570281 0.0431893687708
0 0.608835341365 0.15780730897 0.0128514056225 0.0365448504983
0 0.604417670683 0.132059800664 0.0152610441767 0.031561461794
0 0.596787148594 0.105481727575 0.0144578313253 0.031561461794
0 0.630120481928 0.105481727575 0.0152610441767 0.0382059800664
0 0.651807228916 0.132890365449 0.0168674698795 0.0365448504983
0 0.655020080321 0.163621262458 0.0168674698795 0.0415282392027
0 0.657831325301 0.114617940199 0.0144578313253 0.0398671096346
0 0.689156626506 0.115448504983 0.0144578313253 0.0382059800664
0 0.683534136546 0.141196013289 0.0160642570281 0.0398671096346
0 0.712851405622 0.13122923588 0.0152610441767 0.046511627907
0 0.691164658635 0.189368770764 0.021686746988 0.0564784053156
0 0.658232931727 0.212624584718 0.021686746988 0.0564784053156
0 0.603614457831 0.27657807309 0.0232931726908 0.0614617940199
0 0.572289156627 0.316445182724 0.0248995983936 0.0614617940199
0 0.59437751004 0.34634551495 0.0273092369478 0.0681063122924
0 0.655020080321 0.375415282392 0.0265060240964 0.0764119601329
0 0.715662650602 0.395348837209 0.0289156626506 0.0697674418605
0 0.721285140562 0.244186046512 0.0208835341365 0.0564784053156
0 0.738554216867 0.220099667774 0.0184738955823 0.0481727574751
0 0.728915662651 0.196013289037 0.0184738955823 0.0365448504983
0 0.757831325301 0.175249169435 0.0200803212851 0.0514950166113
0 0.776305220884 0.181893687708 0.0168674698795 0.0481727574751
0 0.785140562249 0.155315614618 0.0168674698795 0.0481727574751
0 0.764257028112 0.265780730897 0.0184738955823 0.0598006644518
0 0.794779116466 0.436046511628 0.0313253012048 0.101328903654
0 0.85421686747 0.479235880399 0.0313253012048 0.0946843853821
0 0.873895582329 0.39950166113 0.0273092369478 0.0813953488372
0 0.94297188755 0.423588039867 0.025702811245 0.0797342192691
0 0.95140562249 0.343853820598 0.021686746988 0.0598006644518
0 0.976305220884 0.344684385382 0.0184738955823 0.0647840531561
0 0.968273092369 0.288205980066 0.0200803212851 0.0514950166113
0 0.981526104418 0.243355481728 0.0192771084337 0.0514950166113
0 0.94297188755 0.222591362126 0.0128514056225 0.0498338870432
0 0.928915662651 0.249169435216 0.0136546184739 0.0431893687708
0 0.922489959839 0.326411960133 0.0200803212851 0.0481727574751
0 0.861044176707 0.321428571429 0.0240963855422 0.0548172757475
0 0.887951807229 0.257475083056 0.0184738955823 0.0498338870432
0 0.9 0.239202657807 0.0152610441767 0.0431893687708
0 0.901204819277 0.210132890365 0.0144578313253 0.0348837209302
0 0.869477911647 0.213455149502 0.0168674698795 0.0481727574751
0 0.819277108434 0.207641196013 0.0192771084337 0.0498338870432
0 0.791164658635 0.240033222591 0.0192771084337 0.0581395348837
0 0.814859437751 0.292358803987 0.021686746988 0.0598006644518
0 0.808835341365 0.169435215947 0.0160642570281 0.046511627907
