0 0.172607879925 0.341098169717 0.0356472795497 0.0798668885191
0 0.211069418386 0.368552412646 0.0300187617261 0.0782029950083
0 0.257973733583 0.283693843594 0.0225140712946 0.0415973377704
0 0.294559099437 0.262895174709 0.0206378986867 0.0332778702163
0 0.314727954972 0.272878535774 0.0196998123827 0.0332778702163
0 0.327392120075 0.25540765391 0.0187617260788 0.0415973377704
0 0.313789868668 0.22462562396 0.0178236397749 0.0299500831947
0 0.346622889306 0.217138103161 0.0178236397749 0.0349417637271
0 0.376641651032 0.227953410982 0.0178236397749 0.0366056572379
0 0.386960600375 0.199667221298 0.0178236397749 0.0332778702163
0 0.429643527205 0.217970049917 0.015009380863 0.0366056572379
0 0.454971857411 0.22462562396 0.0225140712946 0.0399334442596
0 0.472795497186 0.249584026622 0.0243902439024 0.0399334442596
0 0.417448405253 0.166389351082 0.015009380863 0.0299500831947
0 0.426829268293 0.186356073211 0.0168855534709 0.0299500831947
0 0.446060037523 0.188019966722 0.0196998123827 0.0366056572379
0 0.455909943715 0.177204658902 0.0187617260788 0.0316139767055
0 0.452626641651 0.14309484193 0.015947467167 0.0299500831947
0 0.479362101313 0.198835274542 0.0225140712946 0.0415973377704
0 0.517823639775 0.201331114809 0.0225140712946 0.0432612312812
0 0.484990619137 0.134775374376 0.015009380863 0.026622296173
0 0.471857410882 0.148918469218 0.0131332082552 0.0249584026622
0 0.509380863039 0.163893510815 0.0131332082552 0.0316139767055
0 0.539399624765 0.126455906822 0.0131332082552 0.026622296173
0 0.553470919325 0.157237936772 0.0187617260788 0.044925124792
0 0.574577861163 0.178868552413 0.0178236397749 0.0349417637271
0 0.558630393996 0.108985024958 0.0140712945591 0.0282861896839
0 0.578799249531 0.143926788686 0.0131332082552 0.0349417637271
0 0.582082551595 0.124792013311 0.0121951219512 0.026622296173
0 0.597091932458 0.119800332779 0.0121951219512 0.0299500831947
0 0.616791744841 0.143926788686 0.0178236397749 0.0382695507488
0 0.621951219512 0.109816971714 0.015009380863 0.0299500831947
0 0.632270168856 0.0965058236273 0.0112570356473 0.0232945091514
0 0.649155722326 0.0981697171381 0.0112570356473 0.026622296173
0 0.672607879925 0.120632279534 0.0131332082552 0.0249584026622
0 0.689962476548 0.0965058236273 0.0140712945591 0.0366056572379
0 0.509380863039 0.297004991681 0.0243902439024 0.0482529118136
0 0.53330206379 0.337770382696 0.0234521575985 0.0499168053245
0 0.572232645403 0.240432612313 0.0225140712946 0.0482529118136
0 0.609287054409 0.262895174709 0.0234521575985 0.0499168053245
0 0.603189493433 0.309484193012 0.0262664165103 0.0599001663894
0 0.636022514071 0.207154742097 0.0243902439024 0.0415973377704
0 0.662757973734 0.208818635607 0.0196998123827 0.044925124792
0 0.671200750469 0.178036605657 0.015947467167 0.0366056572379
0 0.694652908068 0.185524126456 0.0215759849906 0.0415973377704
0 0.701688555347 0.147254575707 0.0206378986867 0.0382695507488
0 0.724202626642 0.144758735441 0.0206378986867 0.0432612312812
0 0.737804878049 0.123960066556 0.0178236397749 0.0349417637271
0 0.746247654784 0.103993344426 0.015947467167 0.0316139767055
0 0.751407129456 0.143926788686 0.015009380863 0.0349417637271
0 0.766885553471 0.133943427621 0.0140712945591 0.0382695507488
0 0.784709193246 0.124792013311 0.0121951219512 0.0299500831947
0 0.806285178236 0.125623960067 0.015947467167 0.0382695507488
0 0.790806754221 0.188851913478 0.0168855534709 0.0349417637271
0 0.753283302064 0.171381031614 0.015009380863 0.0399334442596
0 0.742495309568 0.193011647255 0.0215759849906 0.0432612312812
0 0.711069418386 0.276206322795 0.0281425891182 0.0565723793677
0 0.662288930582 0.300332778702 0.031894934334 0.0549084858569
0 0.666041275797 0.361896838602 0.0300187617261 0.0648918469218
0 0.691369606004 0.222961730449 0.0281425891182 0.0465890183028
0 0.775328330206 0.225457570715 0.0234521575985 0.0549084858569
0 0.788461538462 0.282029950083 0.0234521575985 0.0515806988353
0 0.80722326454 0.257903494176 0.0234521575985 0.0532445923461
0 0.817073170732 0.168053244592 0.0206378986867 0.0432612312812
0 0.847091932458 0.172212978369 0.0168855534709 0.044925124792
0 0.847091932458 0.138103161398 0.0131332082552 0.026622296173
0 0.866322701689 0.14309484193 0.015947467167 0.0332778702163
0 0.892120075047 0.170549084859 0.0168855534709 0.0415973377704
0 0.893996247655 0.143926788686 0.015009380863 0.0249584026622
0 0.889774859287 0.216306156406 0.0215759849906 0.0465890183028
0 0.927298311445 0.252079866889 0.0272045028143 0.0482529118136
0 0.924484052533 0.195507487521 0.0178236397749 0.0415973377704
0 0.929174484053 0.157237936772 0.0178236397749 0.0349417637271
