0 0.111248966088 0.519639934534 0.0537634408602 0.106382978723
0 0.193548387097 0.279050736498 0.0198511166253 0.0540098199673
0 0.215053763441 0.265957446809 0.0231596360629 0.050736497545
0 0.235318444996 0.247135842881 0.0206782464847 0.0523731587561
0 0.289495450786 0.234042553191 0.0198511166253 0.0458265139116
0 0.291149710505 0.206219312602 0.0215053763441 0.0425531914894
0 0.318858560794 0.229132569558 0.0190239867659 0.0490998363339
0 0.332092638544 0.211129296236 0.0206782464847 0.0523731587561
0 0.354425144748 0.250409165303 0.0223325062035 0.0425531914894
0 0.372622001654 0.233224222586 0.0190239867659 0.037643207856
0 0.349048800662 0.19558101473 0.0215053763441 0.050736497545
0 0.396608767577 0.189852700491 0.0190239867659 0.0425531914894
0 0.404052936311 0.171031096563 0.0157154673284 0.0409165302782
0 0.41935483871 0.18821603928 0.0165425971878 0.0425531914894
0 0.428039702233 0.301963993453 0.0272952853598 0.0540098199673
0 0.436311000827 0.16612111293 0.0206782464847 0.0409165302782
0 0.464846980976 0.166939443535 0.0215053763441 0.0458265139116
0 0.479321753515 0.148936170213 0.0173697270471 0.0360065466448
0 0.484284532672 0.202127659574 0.0190239867659 0.0441898527005
0 0.466501240695 0.230769230769 0.0248138957816 0.0490998363339
0 0.543424317618 0.211947626841 0.0198511166253 0.037643207856
0 0.51364764268 0.157119476268 0.0181968569065 0.0360065466448
0 0.542597187758 0.157937806874 0.014888337469 0.037643207856
0 0.545078577337 0.135842880524 0.0165425971878 0.0327332242226
0 0.570306038048 0.135842880524 0.0173697270471 0.0392798690671
0 0.572787427626 0.164484451718 0.0173697270471 0.0343698854337
0 0.569892473118 0.194762684124 0.0181968569065 0.0360065466448
0 0.602977667494 0.196399345336 0.0165425971878 0.0392798690671
0 0.600496277916 0.17348608838 0.0165425971878 0.0360065466448
0 0.597187758478 0.149754500818 0.014888337469 0.0278232405892
0 0.586848635236 0.124386252046 0.0173697270471 0.0294599018003
0 0.610421836228 0.132569558101 0.014888337469 0.0360065466448
0 0.647229114971 0.178396072013 0.0124069478908 0.0327332242226
0 0.644747725393 0.149754500818 0.0157154673284 0.037643207856
0 0.650537634409 0.130114566285 0.0124069478908 0.0278232405892
0 0.679073614557 0.162029459902 0.0198511166253 0.0425531914894
0 0.679487179487 0.220130932897 0.0190239867659 0.0474631751227
0 0.70223325062 0.153027823241 0.0181968569065 0.037643207856
0 0.683622828784 0.139934533552 0.0157154673284 0.037643207856
0 0.595947063689 0.294599018003 0.0272952853598 0.0589198036007
0 0.564929693962 0.336333878887 0.0231596360629 0.0605564648118
0 0.599669148056 0.36906710311 0.029776674938 0.063829787234
0 0.647229114971 0.400163666121 0.0355665839537 0.0703764320786
0 0.725806451613 0.392798690671 0.0339123242349 0.0785597381342
0 0.657568238213 0.229950900164 0.0215053763441 0.0572831423895
0 0.71629445823 0.262684124386 0.0248138957816 0.0572831423895
0 0.738213399504 0.222585924714 0.0206782464847 0.0490998363339
0 0.763027295285 0.27495908347 0.0223325062035 0.0523731587561
0 0.794044665012 0.243044189853 0.0181968569065 0.050736497545
0 0.815136476427 0.305237315876 0.0223325062035 0.0605564648118
0 0.799007444169 0.454173486088 0.0380479735318 0.0900163666121
0 0.85070306038 0.486906710311 0.0339123242349 0.0932896890344
0 0.877171215881 0.409983633388 0.0272952853598 0.0736497545008
0 0.955748552523 0.450081833061 0.0272952853598 0.0720130932897
0 0.862282878412 0.334697217676 0.0239867659222 0.0671031096563
0 0.889991728701 0.280687397709 0.0165425971878 0.0441898527005
0 0.898676592225 0.256955810147 0.0124069478908 0.0392798690671
0 0.900744416873 0.230769230769 0.0165425971878 0.0327332242226
0 0.870140612076 0.231587561375 0.0132340777502 0.037643207856
0 0.830851943755 0.208674304419 0.0157154673284 0.0409165302782
0 0.8105872622 0.235679214403 0.0165425971878 0.0360065466448
0 0.781224152192 0.214402618658 0.0206782464847 0.0458265139116
0 0.751447477254 0.193126022913 0.0173697270471 0.0392798690671
0 0.773779983457 0.174304418985 0.0190239867659 0.037643207856
0 0.808933002481 0.185761047463 0.0181968569065 0.0441898527005
0 0.925558312655 0.319967266776 0.0215053763441 0.0605564648118
0 0.948717948718 0.372340425532 0.0248138957816 0.0671031096563
0 0.979735318445 0.360065466448 0.0206782464847 0.0523731587561
0 0.974358974359 0.328150572831 0.0181968569065 0.0441898527005
0 0.980562448304 0.298690671031 0.0157154673284 0.0310965630115
0 0.990074441687 0.257774140753 0.0132340777502 0.0409165302782
0 0.937965260546 0.262684124386 0.0165425971878 0.037643207856
0 0.949958643507 0.242225859247 0.0140612076096 0.0425531914894
