0 0.214420358153 0.453047775947 0.0424128180961 0.0922570016474
0 0.248821866164 0.380560131796 0.0414703110273 0.0922570016474
0 0.226201696513 0.222405271829 0.0150801131008 0.0263591433278
0 0.289820923657 0.248764415157 0.0160226201697 0.0263591433278
0 0.336475023563 0.282537067545 0.0207351555137 0.0345963756178
0 0.357210179076 0.256177924217 0.0150801131008 0.0345963756178
0 0.434024505184 0.283360790774 0.0216776625825 0.0395387149918
0 0.453345900094 0.223228995058 0.0150801131008 0.0313014827018
0 0.430725730443 0.217462932455 0.0150801131008 0.0263591433278
0 0.390197926484 0.189456342669 0.0150801131008 0.0296540362438
0 0.454288407163 0.186985172982 0.0169651272385 0.0313014827018
0 0.478322337418 0.200988467875 0.014137606032 0.0230642504119
0 0.461828463713 0.141680395387 0.0113100848256 0.0230642504119
0 0.474552309142 0.154036243822 0.014137606032 0.0214168039539
0 0.485391140434 0.165568369028 0.0150801131008 0.0181219110379
0 0.514137606032 0.173805601318 0.0103675777568 0.0247116968699
0 0.528746465598 0.204283360791 0.0188501413761 0.0296540362438
0 0.490103675778 0.134266886326 0.0113100848256 0.0181219110379
0 0.535815268615 0.140032948929 0.0160226201697 0.0296540362438
0 0.566918001885 0.14744645799 0.014137606032 0.0280065897858
0 0.58671065033 0.159802306425 0.0122525918944 0.0296540362438
0 0.579641847314 0.112026359143 0.0131950989632 0.0197693574959
0 0.668237511781 0.0518945634267 0.0150801131008 0.0313014827018
0 0.698868991517 0.0947281713344 0.0122525918944 0.0247116968699
0 0.487747408106 0.322899505766 0.0254476908577 0.0461285008237
0 0.62205466541 0.24629324547 0.0245051837889 0.0477759472817
0 0.670122525919 0.257825370675 0.0188501413761 0.0477759472817
0 0.726672950047 0.284184514003 0.0226201696513 0.0444810543657
0 0.781338360038 0.314662273476 0.0226201696513 0.0593080724876
0 0.717719132893 0.183690280066 0.0197926484449 0.0411861614498
0 0.693213949105 0.154859967051 0.0179076343073 0.0395387149918
0 0.721489161169 0.149917627677 0.0160226201697 0.0296540362438
0 0.73656927427 0.162273476112 0.0160226201697 0.0345963756178
0 0.766729500471 0.172981878089 0.0197926484449 0.0395387149918
0 0.757775683318 0.144151565074 0.0169651272385 0.0280065897858
0 0.756833176249 0.115321252059 0.0131950989632 0.0263591433278
0 0.821394910462 0.127677100494 0.0103675777568 0.0280065897858
0 0.806314797361 0.184514003295 0.0160226201697 0.0329489291598
0 0.858152686145 0.19686985173 0.0179076343073 0.0345963756178
0 0.883600377003 0.232289950577 0.0160226201697 0.0395387149918
