0 0.11968503937 0.504511278195 0.0425196850394 0.100751879699
0 0.272834645669 0.236090225564 0.0165354330709 0.0390977443609
0 0.314566929134 0.22030075188 0.0196850393701 0.0406015037594
0 0.329527559055 0.196992481203 0.0212598425197 0.0421052631579
0 0.349212598425 0.221052631579 0.0212598425197 0.0481203007519
0 0.371653543307 0.197744360902 0.0188976377953 0.0436090225564
0 0.383464566929 0.187969924812 0.0173228346457 0.0360902255639
0 0.425590551181 0.167669172932 0.0165354330709 0.0345864661654
0 0.412598425197 0.222556390977 0.0173228346457 0.0360902255639
0 0.387007874016 0.240601503759 0.0212598425197 0.0390977443609
0 0.448031496063 0.278195488722 0.0236220472441 0.0541353383459
0 0.443700787402 0.187218045113 0.0181102362205 0.0375939849624
0 0.468897637795 0.159398496241 0.0165354330709 0.0300751879699
0 0.484251968504 0.14962406015 0.0157480314961 0.0345864661654
0 0.488188976378 0.160902255639 0.0173228346457 0.0360902255639
0 0.508267716535 0.145112781955 0.0133858267717 0.0285714285714
0 0.490551181102 0.224060150376 0.0173228346457 0.0421052631579
0 0.53937007874 0.208270676692 0.0157480314961 0.0285714285714
0 0.543700787402 0.153383458647 0.0181102362205 0.0330827067669
0 0.56811023622 0.127819548872 0.0165354330709 0.0330827067669
0 0.568897637795 0.15037593985 0.0165354330709 0.0300751879699
0 0.590157480315 0.141353383459 0.0181102362205 0.0330827067669
0 0.607086614173 0.121052631579 0.0157480314961 0.0315789473684
0 0.642519685039 0.121804511278 0.0141732283465 0.0300751879699
0 0.653937007874 0.128571428571 0.0133858267717 0.0285714285714
0 0.627559055118 0.145112781955 0.0157480314961 0.0225563909774
0 0.61811023622 0.172180451128 0.0125984251969 0.0315789473684
0 0.625984251969 0.184962406015 0.0157480314961 0.0360902255639
0 0.588582677165 0.188721804511 0.0165354330709 0.0345864661654
0 0.662992125984 0.171428571429 0.0157480314961 0.0330827067669
0 0.696456692913 0.129323308271 0.0149606299213 0.0300751879699
0 0.691338582677 0.15037593985 0.0141732283465 0.0300751879699
0 0.723228346457 0.148872180451 0.0149606299213 0.0330827067669
0 0.790551181102 0.160902255639 0.0173228346457 0.0300751879699
0 0.766141732283 0.18045112782 0.0141732283465 0.0330827067669
0 0.748031496063 0.194736842105 0.0157480314961 0.0406015037594
0 0.72125984252 0.2 0.0141732283465 0.0270676691729
0 0.663385826772 0.23984962406 0.0165354330709 0.0406015037594
0 0.625590551181 0.273684210526 0.0244094488189 0.0541353383459
0 0.570078740157 0.334586466165 0.0220472440945 0.0526315789474
0 0.616535433071 0.344360902256 0.0236220472441 0.0481203007519
0 0.722440944882 0.241353383459 0.0196850393701 0.0466165413534
0 0.771653543307 0.265413533835 0.0188976377953 0.0406015037594
0 0.782677165354 0.213533834586 0.0173228346457 0.0360902255639
0 0.812992125984 0.18045112782 0.0149606299213 0.0330827067669
0 0.834645669291 0.205263157895 0.0173228346457 0.0345864661654
0 0.805511811024 0.239097744361 0.0204724409449 0.0360902255639
0 0.82125984252 0.277443609023 0.0188976377953 0.0496240601504
0 0.751968503937 0.214285714286 0.0157480314961 0.0345864661654
0 0.877952755906 0.211278195489 0.0157480314961 0.0285714285714
0 0.870078740157 0.221804511278 0.0141732283465 0.0315789473684
0 0.917716535433 0.20977443609 0.0149606299213 0.0285714285714
0 0.911023622047 0.230827067669 0.0157480314961 0.0315789473684
0 0.896062992126 0.254135338346 0.0204724409449 0.0390977443609
0 0.94842519685 0.218045112782 0.0133858267717 0.0270676691729
0 0.984251968504 0.239097744361 0.0110236220472 0.0240601503759
0 0.927559055118 0.312030075188 0.0157480314961 0.0496240601504
0 0.948031496063 0.348120300752 0.0204724409449 0.0586466165414
0 0.980708661417 0.285714285714 0.0149606299213 0.0541353383459
0 0.98188976378 0.336090225564 0.0188976377953 0.0406015037594
0 0.954724409449 0.42030075188 0.0196850393701 0.0646616541353
0 0.89842519685 0.389473684211 0.0204724409449 0.0661654135338
0 0.867716535433 0.334586466165 0.0188976377953 0.0436090225564
0 0.810236220472 0.410526315789 0.0251968503937 0.0781954887218
0 0.866535433071 0.478195488722 0.0307086614173 0.0721804511278
0 0.747244094488 0.384962406015 0.0251968503937 0.0631578947368
0 0.665748031496 0.368421052632 0.0244094488189 0.0571428571429
