0 0.198736637512 0.486038394415 0.041788143829 0.0855148342059
0 0.30563654033 0.241710296684 0.0184645286686 0.0366492146597
0 0.31778425656 0.201570680628 0.0174927113703 0.0366492146597
0 0.347424684159 0.15445026178 0.0126336248785 0.0296684118674
0 0.362973760933 0.192844677138 0.0145772594752 0.0261780104712
0 0.411078717201 0.170157068063 0.0136054421769 0.0296684118674
0 0.422740524781 0.175392670157 0.0155490767736 0.0296684118674
0 0.406219630709 0.226003490401 0.019436345967 0.0366492146597
0 0.440233236152 0.212041884817 0.0213799805637 0.043630017452
0 0.444120505345 0.162303664921 0.0155490767736 0.0314136125654
0 0.456268221574 0.171029668412 0.0126336248785 0.0314136125654
0 0.472789115646 0.178883071553 0.0165208940719 0.0296684118674
0 0.463556851312 0.142233856894 0.0136054421769 0.0191972076789
0 0.472303206997 0.150959860384 0.0155490767736 0.022687609075
0 0.497084548105 0.140488656195 0.0126336248785 0.0191972076789
0 0.497084548105 0.161431064572 0.0165208940719 0.0296684118674
0 0.51749271137 0.14572425829 0.0126336248785 0.022687609075
0 0.530126336249 0.129144851658 0.0106899902818 0.0174520069808
0 0.538386783285 0.141361256545 0.0155490767736 0.0279232111693
0 0.546647230321 0.1815008726 0.0184645286686 0.0349040139616
0 0.549562682216 0.166666666667 0.0126336248785 0.022687609075
0 0.562196307094 0.15445026178 0.0126336248785 0.0331588132635
0 0.586977648202 0.150087260035 0.0136054421769 0.0244328097731
0 0.588921282799 0.123036649215 0.0116618075802 0.0191972076789
0 0.598153547133 0.124781849913 0.0126336248785 0.022687609075
0 0.580660835763 0.184118673647 0.0165208940719 0.0366492146597
0 0.627308066084 0.143106457243 0.0145772594752 0.0279232111693
0 0.632167152575 0.12739965096 0.0126336248785 0.0244328097731
0 0.649173955296 0.144851657941 0.0136054421769 0.0279232111693
0 0.660349854227 0.134380453752 0.0126336248785 0.0279232111693
0 0.663751214772 0.110820244328 0.0116618075802 0.0191972076789
0 0.682701652089 0.130890052356 0.0126336248785 0.020942408377
0 0.696793002915 0.12739965096 0.0155490767736 0.0279232111693
0 0.628279883382 0.182373472949 0.0145772594752 0.022687609075
0 0.628765792031 0.210296684119 0.019436345967 0.0401396160558
0 0.586005830904 0.258289703316 0.0174927113703 0.0453752181501
0 0.664237123421 0.19109947644 0.0165208940719 0.0366492146597
0 0.67638483965 0.219895287958 0.0155490767736 0.0349040139616
0 0.638483965015 0.264397905759 0.0213799805637 0.043630017452
0 0.660835762877 0.316753926702 0.0174927113703 0.0331588132635
0 0.680272108844 0.355148342059 0.0330417881438 0.0750436300175
0 0.609329446064 0.311518324607 0.0272108843537 0.0610820244328
0 0.560252672498 0.320244328098 0.0242954324587 0.0541012216405
0 0.486880466472 0.341186736475 0.0233236151603 0.0401396160558
0 0.723032069971 0.240837696335 0.0174927113703 0.0453752181501
0 0.705539358601 0.1815008726 0.0155490767736 0.0314136125654
0 0.733236151603 0.190226876091 0.0145772594752 0.0349040139616
0 0.7648202138 0.193717277487 0.0155490767736 0.0349040139616
0 0.751700680272 0.164921465969 0.0145772594752 0.0331588132635
0 0.739552964043 0.157940663176 0.0116618075802 0.0191972076789
0 0.767735665695 0.131762652705 0.0136054421769 0.0261780104712
0 0.774538386783 0.166666666667 0.0116618075802 0.022687609075
0 0.790573372206 0.188481675393 0.0145772594752 0.0279232111693
0 0.822157434402 0.187609075044 0.0136054421769 0.0261780104712
0 0.822643343052 0.205933682373 0.0126336248785 0.0314136125654
0 0.845966958212 0.19982547993 0.0145772594752 0.0366492146597
0 0.861030126336 0.17277486911 0.0136054421769 0.0314136125654
0 0.875121477162 0.160558464223 0.0126336248785 0.0244328097731
0 0.877065111759 0.184991273997 0.0145772594752 0.0244328097731
0 0.887755102041 0.203315881326 0.0145772594752 0.0296684118674
0 0.915937803693 0.176265270506 0.0126336248785 0.0279232111693
0 0.93537414966 0.198080279232 0.0145772594752 0.0331588132635
0 0.93537414966 0.23647469459 0.0165208940719 0.0401396160558
0 0.914965986395 0.267015706806 0.0184645286686 0.0418848167539
0 0.884839650146 0.240837696335 0.0165208940719 0.0453752181501
0 0.831389698737 0.248691099476 0.0165208940719 0.0331588132635
0 0.799319727891 0.235602094241 0.0184645286686 0.0383944153578
0 0.810009718173 0.259162303665 0.0184645286686 0.0331588132635
0 0.777453838678 0.301047120419 0.025267249757 0.0506108202443
0 0.80563654033 0.369109947644 0.0291545189504 0.0541012216405
0 0.847424684159 0.377835951134 0.0233236151603 0.0401396160558
0 0.871234207969 0.402268760908 0.0301263362488 0.0750436300175
0 0.892614188533 0.312390924956 0.022351797862 0.0523560209424
0 0.867346938776 0.289703315881 0.0184645286686 0.0558464223386
