0 0.200369344414 0.405427631579 0.0443213296399 0.0707236842105
0 0.280701754386 0.256578947368 0.016620498615 0.0230263157895
0 0.289935364728 0.290296052632 0.0184672206833 0.0279605263158
0 0.352723915051 0.279605263158 0.016620498615 0.0328947368421
0 0.373499538319 0.288651315789 0.0156971375808 0.0378289473684
0 0.376269621422 0.238486842105 0.0156971375808 0.0296052631579
0 0.38134810711 0.189967105263 0.01108033241 0.0246710526316
0 0.407202216066 0.195723684211 0.01108033241 0.0230263157895
0 0.423361034164 0.188322368421 0.0120036934441 0.0246710526316
0 0.412742382271 0.176809210526 0.01108033241 0.0213815789474
0 0.449215143121 0.166118421053 0.0120036934441 0.0197368421053
0 0.446906740536 0.194078947368 0.0129270544783 0.0296052631579
0 0.440904893813 0.238486842105 0.0156971375808 0.0361842105263
0 0.464912280702 0.231907894737 0.0175438596491 0.0361842105263
0 0.3513388735 0.246710526316 0.0138504155125 0.0263157894737
0 0.519852262235 0.207236842105 0.016620498615 0.0361842105263
0 0.489381348107 0.209703947368 0.016620498615 0.0345394736842
0 0.480147737765 0.186677631579 0.016620498615 0.0279605263158
0 0.471375807941 0.160361842105 0.0138504155125 0.0246710526316
0 0.463065558633 0.148026315789 0.0120036934441 0.0230263157895
0 0.505078485688 0.135690789474 0.00738688827331 0.0180921052632
0 0.509233610342 0.175986842105 0.0175438596491 0.0328947368421
0 0.515235457064 0.154605263158 0.0129270544783 0.0263157894737
0 0.538319482918 0.15625 0.016620498615 0.0263157894737
0 0.545244690674 0.192434210526 0.0120036934441 0.0263157894737
0 0.577100646353 0.180098684211 0.0129270544783 0.0246710526316
0 0.584487534626 0.153782894737 0.01108033241 0.0246710526316
0 0.557248384118 0.138980263158 0.0101569713758 0.0180921052632
0 0.554939981533 0.119243421053 0.00923361034164 0.0148026315789
0 0.587257617729 0.126644736842 0.01108033241 0.0230263157895
0 0.590951061865 0.114309210526 0.00923361034164 0.0213815789474
0 0.613573407202 0.115131578947 0.0120036934441 0.0197368421053
0 0.6108033241 0.155427631579 0.0120036934441 0.0246710526316
0 0.642659279778 0.144736842105 0.01108033241 0.0230263157895
0 0.647276084949 0.129111842105 0.00923361034164 0.0180921052632
0 0.657894736842 0.124177631579 0.0101569713758 0.0213815789474
0 0.641274238227 0.106907894737 0.00831024930748 0.0197368421053
0 0.693905817175 0.117598684211 0.0101569713758 0.0213815789474
0 0.497229916898 0.286184210526 0.0193905817175 0.0361842105263
0 0.537396121884 0.328125 0.016620498615 0.0345394736842
0 0.628347183749 0.3125 0.0212373037858 0.0493421052632
0 0.566020313943 0.263157894737 0.016620498615 0.0361842105263
0 0.620036934441 0.259868421053 0.0156971375808 0.0427631578947
0 0.63296398892 0.223684210526 0.0156971375808 0.0296052631579
0 0.649122807018 0.179276315789 0.016620498615 0.0328947368421
0 0.663896583564 0.221217105263 0.0184672206833 0.0345394736842
0 0.679593721145 0.340460526316 0.0221606648199 0.0493421052632
0 0.686980609418 0.164473684211 0.00923361034164 0.0197368421053
0 0.698060941828 0.178453947368 0.0129270544783 0.03125
0 0.721606648199 0.173519736842 0.0120036934441 0.0213815789474
0 0.745614035088 0.153782894737 0.0156971375808 0.0246710526316
0 0.742382271468 0.123355263158 0.00923361034164 0.0197368421053
0 0.758541089566 0.137335526316 0.0120036934441 0.0246710526316
0 0.778855032318 0.171052631579 0.0120036934441 0.0263157894737
0 0.746999076639 0.233552631579 0.016620498615 0.0361842105263
0 0.727608494922 0.207236842105 0.0147737765466 0.0361842105263
0 0.713296398892 0.276315789474 0.0193905817175 0.0427631578947
0 0.69298245614 0.240131578947 0.0120036934441 0.0296052631579
0 0.753924284395 0.355263157895 0.0249307479224 0.0592105263158
0 0.765466297322 0.303453947368 0.0203139427516 0.0476973684211
0 0.807940904894 0.251644736842 0.0147737765466 0.0361842105263
0 0.772391505078 0.212993421053 0.0175438596491 0.0378289473684
0 0.81486611265 0.153782894737 0.0101569713758 0.0279605263158
0 0.823638042475 0.142269736842 0.01108033241 0.0213815789474
0 0.829639889197 0.125822368421 0.0101569713758 0.0246710526316
0 0.80378578024 0.412006578947 0.0249307479224 0.0575657894737
0 0.831486611265 0.320723684211 0.0193905817175 0.0427631578947
0 0.889658356417 0.372532894737 0.0267774699908 0.0608552631579
0 0.904893813481 0.321546052632 0.0203139427516 0.0411184210526
0 0.869806094183 0.269736842105 0.0147737765466 0.0394736842105
0 0.904893813481 0.269736842105 0.0147737765466 0.0328947368421
0 0.825023084026 0.214638157895 0.0156971375808 0.0444078947368
0 0.879501385042 0.208059210526 0.0120036934441 0.03125
0 0.915974145891 0.227796052632 0.01108033241 0.0279605263158
0 0.889658356417 0.176809210526 0.00831024930748 0.0180921052632
0 0.894736842105 0.143092105263 0.00923361034164 0.0197368421053
0 0.84810710988 0.174342105263 0.0101569713758 0.0263157894737
0 0.855032317636 0.152960526316 0.00923361034164 0.0230263157895
0 0.864265927978 0.136513157895 0.00923361034164 0.0197368421053
