0 0.0573080967403 0.27476635514 0.0262881177708 0.0485981308411
0 0.282334384858 0.207476635514 0.0178759200841 0.0336448598131
0 0.307045215563 0.210280373832 0.0147213459516 0.0317757009346
0 0.318086225026 0.21308411215 0.0157728706625 0.0448598130841
0 0.343322818086 0.215887850467 0.0157728706625 0.0429906542056
0 0.344374342797 0.166355140187 0.0136698212408 0.0411214953271
0 0.359095688749 0.185981308411 0.0178759200841 0.0392523364486
0 0.374868559411 0.165420560748 0.0157728706625 0.0355140186916
0 0.392744479495 0.199065420561 0.0178759200841 0.0392523364486
0 0.375394321767 0.223364485981 0.018927444795 0.0504672897196
0 0.401156677182 0.226168224299 0.0178759200841 0.0448598130841
0 0.423238696109 0.234579439252 0.0157728706625 0.0467289719626
0 0.417981072555 0.173831775701 0.0157728706625 0.0336448598131
0 0.412197686646 0.152336448598 0.01261829653 0.0317757009346
0 0.423238696109 0.145794392523 0.0115667718191 0.0261682242991
0 0.43690851735 0.155140186916 0.0136698212408 0.0299065420561
0 0.444269190326 0.21214953271 0.0199789695058 0.0504672897196
0 0.451629863302 0.180373831776 0.0136698212408 0.0392523364486
0 0.47476340694 0.184112149533 0.0199789695058 0.0355140186916
0 0.488958990536 0.156074766355 0.0168243953733 0.0317757009346
0 0.483175604627 0.140186915888 0.0115667718191 0.0299065420561
0 0.496845425868 0.114018691589 0.00946372239748 0.0261682242991
0 0.514195583596 0.136448598131 0.01261829653 0.0336448598131
0 0.512092534175 0.171962616822 0.0168243953733 0.0373831775701
0 0.53101997897 0.159813084112 0.018927444795 0.0280373831776
0 0.523659305994 0.118691588785 0.01261829653 0.0242990654206
0 0.549947423764 0.116822429907 0.0168243953733 0.0242990654206
0 0.549947423764 0.155140186916 0.018927444795 0.0336448598131
0 0.572555205047 0.139252336449 0.0178759200841 0.0280373831776
0 0.55730809674 0.176635514019 0.0210304942166 0.0392523364486
0 0.59516298633 0.152336448598 0.0168243953733 0.0355140186916
0 0.594111461619 0.100934579439 0.0147213459516 0.0224299065421
0 0.618296529968 0.0971962616822 0.00841219768665 0.0224299065421
0 0.623028391167 0.129906542056 0.0136698212408 0.0317757009346
0 0.641430073607 0.142990654206 0.0147213459516 0.0317757009346
0 0.649316508938 0.136448598131 0.0136698212408 0.0299065420561
0 0.656677181914 0.103738317757 0.0136698212408 0.0280373831776
0 0.680862250263 0.109345794393 0.0115667718191 0.0317757009346
0 0.692429022082 0.101869158879 0.0115667718191 0.0280373831776
0 0.712933753943 0.101869158879 0.01261829653 0.0280373831776
0 0.639327024185 0.183177570093 0.0147213459516 0.0373831775701
0 0.587802313354 0.218691588785 0.0210304942166 0.0523364485981
0 0.616193480547 0.239252336449 0.0252365930599 0.0560747663551
0 0.659831756046 0.189719626168 0.0178759200841 0.0429906542056
0 0.718191377497 0.171028037383 0.0168243953733 0.0392523364486
0 0.734490010515 0.136448598131 0.0136698212408 0.0299065420561
0 0.69032597266 0.216822429907 0.0199789695058 0.0373831775701
0 0.698738170347 0.253271028037 0.0199789695058 0.0504672897196
0 0.713459516299 0.33738317757 0.0325972660358 0.0616822429907
0 0.760252365931 0.371028037383 0.0294426919033 0.0691588785047
0 0.738696109359 0.221495327103 0.0157728706625 0.0467289719626
0 0.735541535226 0.176635514019 0.0157728706625 0.0355140186916
0 0.757623554154 0.18785046729 0.0178759200841 0.0392523364486
0 0.753943217666 0.128971962617 0.01261829653 0.0336448598131
0 0.769190325973 0.122429906542 0.0136698212408 0.0355140186916
0 0.762881177708 0.233644859813 0.0199789695058 0.0448598130841
0 0.800736067298 0.291588785047 0.0199789695058 0.0560747663551
0 0.828601472135 0.246728971963 0.0210304942166 0.0485981308411
0 0.793375394322 0.197196261682 0.0199789695058 0.0392523364486
0 0.803364879075 0.157009345794 0.01261829653 0.0299065420561
0 0.788117770768 0.131775700935 0.0136698212408 0.0317757009346
0 0.801787592008 0.128971962617 0.0115667718191 0.0261682242991
0 0.837013669821 0.131775700935 0.0105152471083 0.0280373831776
0 0.856992639327 0.139252336449 0.0105152471083 0.0280373831776
0 0.84752891693 0.144859813084 0.0147213459516 0.0280373831776
0 0.828075709779 0.171028037383 0.0178759200841 0.0355140186916
0 0.842797055731 0.214018691589 0.0157728706625 0.0392523364486
0 0.856466876972 0.204672897196 0.0157728706625 0.0392523364486
0 0.866456361725 0.167289719626 0.01261829653 0.0392523364486
0 0.891167192429 0.232710280374 0.0178759200841 0.0429906542056
0 0.899579390116 0.21308411215 0.0115667718191 0.0336448598131
0 0.905888538381 0.175700934579 0.0136698212408 0.0336448598131
0 0.912197686646 0.15046728972 0.0157728706625 0.0392523364486
0 0.945846477392 0.178504672897 0.0157728706625 0.0317757009346
0 0.936382754995 0.196261682243 0.0157728706625 0.0373831775701
0 0.934805467928 0.217757009346 0.0168243953733 0.0355140186916
0 0.934279705573 0.260747663551 0.0178759200841 0.0392523364486
0 0.909568874869 0.330841121495 0.0231335436383 0.0635514018692
