0 0.0955056179775 0.559523809524 0.0513643659711 0.125850340136
0 0.20304975923 0.288265306122 0.0224719101124 0.0527210884354
0 0.226725521669 0.278911564626 0.0232744783307 0.0544217687075
0 0.274879614767 0.225340136054 0.0184590690209 0.0493197278912
0 0.281300160514 0.251700680272 0.0200642054575 0.047619047619
0 0.306982343499 0.203231292517 0.0216693418941 0.0493197278912
0 0.326243980738 0.210034013605 0.0200642054575 0.0493197278912
0 0.34430176565 0.219387755102 0.0192616372392 0.047619047619
0 0.367174959872 0.249149659864 0.0232744783307 0.0527210884354
0 0.36316211878 0.188775510204 0.0184590690209 0.0408163265306
0 0.386436597111 0.18112244898 0.0184590690209 0.0391156462585
0 0.392054574639 0.224489795918 0.0200642054575 0.0510204081633
0 0.431781701445 0.295918367347 0.0256821829856 0.0612244897959
0 0.428571428571 0.191326530612 0.0176565008026 0.0425170068027
0 0.439807383628 0.147959183673 0.016051364366 0.0340136054422
0 0.454654895666 0.15306122449 0.0136436597111 0.030612244898
0 0.474719101124 0.162414965986 0.0168539325843 0.0493197278912
0 0.474317817014 0.234693877551 0.0224719101124 0.0544217687075
0 0.49077046549 0.210884353741 0.0168539325843 0.047619047619
0 0.524077046549 0.222789115646 0.0192616372392 0.0408163265306
0 0.518057784912 0.16156462585 0.0200642054575 0.0442176870748
0 0.493579454254 0.142857142857 0.0176565008026 0.0442176870748
0 0.526484751204 0.14880952381 0.0176565008026 0.0391156462585
0 0.553772070626 0.143707482993 0.016051364366 0.0357142857143
0 0.551364365971 0.123299319728 0.0144462279294 0.0323129251701
0 0.574237560193 0.125 0.0168539325843 0.0391156462585
0 0.579454253612 0.154761904762 0.016051364366 0.0374149659864
0 0.575842696629 0.18962585034 0.0200642054575 0.0459183673469
0 0.604735152488 0.184523809524 0.0168539325843 0.0425170068027
0 0.613964686998 0.165816326531 0.0192616372392 0.0357142857143
0 0.605939004815 0.145408163265 0.0144462279294 0.0323129251701
0 0.598314606742 0.113945578231 0.0152487961477 0.030612244898
0 0.632423756019 0.111394557823 0.0128410914928 0.0357142857143
0 0.655296950241 0.140306122449 0.0152487961477 0.0289115646259
0 0.654895666132 0.118197278912 0.0128410914928 0.0425170068027
0 0.659711075441 0.174319727891 0.0176565008026 0.0391156462585
0 0.684991974318 0.145408163265 0.0168539325843 0.0425170068027
0 0.691412520064 0.130952380952 0.0168539325843 0.0374149659864
0 0.716693418941 0.142857142857 0.0176565008026 0.0442176870748
0 0.690208667737 0.207482993197 0.0192616372392 0.047619047619
0 0.665730337079 0.227040816327 0.0216693418941 0.0527210884354
0 0.622391653291 0.290816326531 0.0264847512039 0.0680272108844
0 0.573836276083 0.31887755102 0.0272873194222 0.0663265306122
0 0.608747993579 0.352891156463 0.0313001605136 0.0765306122449
0 0.654494382022 0.402210884354 0.0313001605136 0.0765306122449
0 0.723916532905 0.387755102041 0.0272873194222 0.0714285714286
0 0.714285714286 0.244047619048 0.0192616372392 0.0561224489796
0 0.745585874799 0.218537414966 0.0192616372392 0.0527210884354
0 0.751605136437 0.281462585034 0.0264847512039 0.062925170068
0 0.803370786517 0.300170068027 0.0224719101124 0.062925170068
0 0.79253611557 0.249149659864 0.0200642054575 0.0493197278912
0 0.77808988764 0.209183673469 0.0232744783307 0.0510204081633
0 0.76404494382 0.175170068027 0.0176565008026 0.0408163265306
0 0.807784911717 0.179421768707 0.0200642054575 0.0459183673469
0 0.81621187801 0.216836734694 0.016051364366 0.0459183673469
0 0.831460674157 0.204081632653 0.0144462279294 0.0408163265306
0 0.860754414125 0.21768707483 0.0136436597111 0.0340136054422
0 0.874398073836 0.221088435374 0.0136436597111 0.0442176870748
0 0.890449438202 0.266156462585 0.0200642054575 0.0493197278912
0 0.906099518459 0.225340136054 0.0144462279294 0.0493197278912
0 0.857544141252 0.327380952381 0.0200642054575 0.0595238095238
0 0.866372391653 0.304421768707 0.0152487961477 0.0510204081633
0 0.881219903692 0.389455782313 0.0256821829856 0.0680272108844
0 0.794943820225 0.448129251701 0.0329052969502 0.0969387755102
0 0.858747993579 0.52380952381 0.0321027287319 0.0816326530612
0 0.925361155698 0.320578231293 0.0176565008026 0.0527210884354
0 0.932985553772 0.261054421769 0.0168539325843 0.0493197278912
0 0.955858747994 0.25 0.0176565008026 0.0408163265306
0 0.984751203852 0.25 0.0144462279294 0.0374149659864
0 0.975120385233 0.354591836735 0.016051364366 0.0561224489796
0 0.974317817014 0.316326530612 0.0128410914928 0.0374149659864
0 0.947030497592 0.369047619048 0.024077046549 0.0680272108844
0 0.945425361156 0.437925170068 0.024077046549 0.0731292517007
