0 0.01953125 0.453507340946 0.03125 0.0717781402936
0 0.22265625 0.269168026101 0.015625 0.0391517128874
0 0.2515625 0.279771615008 0.0203125 0.0407830342577
0 0.296484375 0.234910277325 0.01796875 0.0326264274062
0 0.320703125 0.23735725938 0.01328125 0.0375203915171
0 0.339453125 0.23735725938 0.01640625 0.0407830342577
0 0.327734375 0.204730831974 0.02265625 0.0342577487765
0 0.362109375 0.222675367047 0.01796875 0.0375203915171
0 0.383203125 0.260195758564 0.01484375 0.0375203915171
0 0.4109375 0.23735725938 0.0125 0.0342577487765
0 0.448828125 0.295269168026 0.01640625 0.0424143556281
0 0.4859375 0.23735725938 0.0171875 0.0440456769984
0 0.398046875 0.199836867863 0.01328125 0.0244698205546
0 0.380078125 0.196574225122 0.01796875 0.0342577487765
0 0.44375 0.189233278956 0.0140625 0.0293637846656
0 0.4484375 0.162316476346 0.0125 0.0309951060359
0 0.505078125 0.199836867863 0.01015625 0.0342577487765
0 0.540234375 0.227569331158 0.01640625 0.0342577487765
0 0.467578125 0.164763458401 0.01328125 0.0293637846656
0 0.487890625 0.174551386623 0.01640625 0.0358890701468
0 0.506640625 0.152528548124 0.01640625 0.0244698205546
0 0.53046875 0.166394779772 0.0171875 0.0391517128874
0 0.550390625 0.15660685155 0.01328125 0.0293637846656
0 0.570703125 0.153344208809 0.01484375 0.0358890701468
0 0.566015625 0.13132137031 0.01328125 0.0309951060359
0 0.591796875 0.134584013051 0.01484375 0.0342577487765
0 0.608203125 0.119902120718 0.01328125 0.0309951060359
0 0.616015625 0.150897226754 0.01171875 0.0277324632953
0 0.621484375 0.177814029364 0.01015625 0.0293637846656
0 0.6125 0.204730831974 0.0140625 0.0375203915171
0 0.590625 0.194942903752 0.0140625 0.0407830342577
0 0.663671875 0.182707993475 0.01328125 0.0358890701468
0 0.66484375 0.145187601958 0.0109375 0.0293637846656
0 0.672265625 0.130505709625 0.01015625 0.0326264274062
0 0.641796875 0.122349102773 0.01171875 0.0326264274062
0 0.6953125 0.154975530179 0.0140625 0.0391517128874
0 0.701171875 0.137030995106 0.01171875 0.0326264274062
0 0.71640625 0.155791190865 0.0125 0.0342577487765
0 0.585546875 0.331973898858 0.02265625 0.0505709624796
0 0.61640625 0.376019575856 0.0234375 0.047308319739
0 0.622265625 0.286296900489 0.02109375 0.0538336052202
0 0.669921875 0.246329526917 0.01796875 0.0489396411093
0 0.666015625 0.389070146819 0.02421875 0.0538336052202
0 0.724609375 0.408646003263 0.02421875 0.0603588907015
0 0.700390625 0.21207177814 0.01484375 0.0424143556281
0 0.72265625 0.276508972268 0.015625 0.047308319739
0 0.758203125 0.292006525285 0.01640625 0.0424143556281
0 0.74765625 0.230831973899 0.0125 0.0407830342577
0 0.733984375 0.216150081566 0.01015625 0.0375203915171
0 0.7609375 0.200652528548 0.0125 0.0391517128874
0 0.782421875 0.199836867863 0.01328125 0.0375203915171
0 0.778125 0.176182707993 0.0125 0.0326264274062
0 0.8125 0.1867862969 0.015625 0.0375203915171
0 0.82890625 0.227569331158 0.0125 0.0342577487765
0 0.836328125 0.211256117455 0.01328125 0.0375203915171
0 0.804296875 0.308319738989 0.01640625 0.0522022838499
0 0.798046875 0.253670473083 0.01484375 0.0407830342577
0 0.7921875 0.448613376835 0.0296875 0.0815660685155
0 0.86875 0.506525285481 0.028125 0.0734094616639
0 0.8875 0.393148450245 0.0203125 0.0587275693312
0 0.861328125 0.362153344209 0.01796875 0.0522022838499
0 0.87421875 0.294453507341 0.0140625 0.0407830342577
0 0.926953125 0.323817292007 0.01328125 0.0440456769984
0 0.953515625 0.358075040783 0.01796875 0.047308319739
0 0.976171875 0.358075040783 0.01171875 0.047308319739
0 0.94140625 0.418433931485 0.015625 0.0538336052202
0 0.979296875 0.317292006525 0.01015625 0.0407830342577
0 0.98125 0.251223491028 0.0109375 0.0358890701468
0 0.976953125 0.293637846656 0.01328125 0.0326264274062
0 0.951953125 0.244698205546 0.01015625 0.0293637846656
0 0.932421875 0.263458401305 0.01328125 0.0375203915171
0 0.90390625 0.253670473083 0.0125 0.0342577487765
0 0.90703125 0.221859706362 0.0109375 0.0326264274062
0 0.88984375 0.274877650897 0.0125 0.0440456769984
0 0.882421875 0.234094616639 0.01328125 0.0375203915171
0 0.86484375 0.221859706362 0.0140625 0.0424143556281
