0 0.338862559242 0.18487394958 0.0199052132701 0.036974789916
0 0.381990521327 0.236974789916 0.0208530805687 0.0403361344538
0 0.411374407583 0.266386554622 0.024644549763 0.0453781512605
0 0.399052132701 0.205042016807 0.0170616113744 0.0336134453782
0 0.388151658768 0.189915966387 0.0142180094787 0.0302521008403
0 0.396682464455 0.168907563025 0.0161137440758 0.0319327731092
0 0.418009478673 0.16218487395 0.0151658767773 0.0285714285714
0 0.427962085308 0.178151260504 0.0142180094787 0.0302521008403
0 0.428436018957 0.210084033613 0.0151658767773 0.036974789916
0 0.450710900474 0.217647058824 0.0199052132701 0.0420168067227
0 0.476303317536 0.235294117647 0.0218009478673 0.0403361344538
0 0.475829383886 0.182352941176 0.0170616113744 0.0420168067227
0 0.462085308057 0.175630252101 0.0123222748815 0.0285714285714
0 0.471090047393 0.145378151261 0.0151658767773 0.0319327731092
0 0.483412322275 0.142016806723 0.0151658767773 0.0285714285714
0 0.504739336493 0.121008403361 0.0104265402844 0.0235294117647
0 0.511848341232 0.196638655462 0.0227488151659 0.0403361344538
0 0.522274881517 0.166386554622 0.0151658767773 0.0336134453782
0 0.544075829384 0.199159663866 0.0208530805687 0.0352941176471
0 0.55355450237 0.170588235294 0.0170616113744 0.0319327731092
0 0.548341232227 0.149579831933 0.0142180094787 0.0235294117647
0 0.544549763033 0.134453781513 0.0123222748815 0.0201680672269
0 0.576303317536 0.148739495798 0.0151658767773 0.0319327731092
0 0.607582938389 0.151260504202 0.0151658767773 0.0302521008403
0 0.585308056872 0.171428571429 0.0199052132701 0.0336134453782
0 0.599526066351 0.134453781513 0.0142180094787 0.0302521008403
0 0.599526066351 0.115966386555 0.0123222748815 0.0201680672269
0 0.609004739336 0.108403361345 0.0123222748815 0.0252100840336
0 0.628436018957 0.121008403361 0.0132701421801 0.0201680672269
0 0.630331753555 0.143697478992 0.0151658767773 0.0319327731092
0 0.662559241706 0.13781512605 0.0132701421801 0.0302521008403
0 0.65308056872 0.10756302521 0.0132701421801 0.0268907563025
0 0.685781990521 0.121008403361 0.0142180094787 0.0336134453782
0 0.704265402844 0.131092436975 0.0132701421801 0.0268907563025
0 0.565402843602 0.263865546218 0.0293838862559 0.053781512605
0 0.591943127962 0.329411764706 0.0312796208531 0.0739495798319
0 0.613744075829 0.257142857143 0.0274881516588 0.0571428571429
0 0.640758293839 0.212605042017 0.0208530805687 0.0453781512605
0 0.667772511848 0.199159663866 0.0199052132701 0.0487394957983
0 0.712796208531 0.2 0.0208530805687 0.036974789916
0 0.707582938389 0.159663865546 0.0161137440758 0.0336134453782
0 0.726066350711 0.161344537815 0.0151658767773 0.0302521008403
0 0.742180094787 0.166386554622 0.0151658767773 0.0336134453782
0 0.756872037915 0.154621848739 0.0123222748815 0.0268907563025
0 0.750236966825 0.140336134454 0.0161137440758 0.0319327731092
0 0.781516587678 0.13781512605 0.0161137440758 0.0336134453782
0 0.803791469194 0.165546218487 0.0151658767773 0.0319327731092
0 0.785308056872 0.181512605042 0.0161137440758 0.0336134453782
0 0.783412322275 0.224369747899 0.018009478673 0.0386554621849
0 0.756398104265 0.247058823529 0.0227488151659 0.0470588235294
0 0.747867298578 0.205042016807 0.0189573459716 0.0403361344538
0 0.718957345972 0.279831932773 0.0312796208531 0.0621848739496
0 0.682464454976 0.358823529412 0.0341232227488 0.0689075630252
0 0.827014218009 0.250420168067 0.0255924170616 0.0403361344538
0 0.843127962085 0.223529411765 0.0218009478673 0.0403361344538
0 0.836492890995 0.172268907563 0.0161137440758 0.0285714285714
0 0.841232227488 0.149579831933 0.0161137440758 0.036974789916
0 0.865402843602 0.184033613445 0.0170616113744 0.0285714285714
0 0.879146919431 0.17731092437 0.0161137440758 0.0352941176471
0 0.889573459716 0.235294117647 0.0218009478673 0.0470588235294
0 0.876303317536 0.289075630252 0.0218009478673 0.0571428571429
0 0.848341232227 0.33025210084 0.0303317535545 0.0621848739496
0 0.886255924171 0.401680672269 0.0587677725118 0.110924369748
0 0.921327014218 0.305042016807 0.0227488151659 0.0621848739496
0 0.945497630332 0.242016806723 0.018009478673 0.0403361344538
0 0.957345971564 0.223529411765 0.0189573459716 0.0403361344538
0 0.943127962085 0.194957983193 0.0170616113744 0.036974789916
0 0.939336492891 0.166386554622 0.0151658767773 0.0302521008403
0 0.897630331754 0.203361344538 0.0132701421801 0.0336134453782
