0 0.184354986276 0.324433656958 0.0375114364135 0.0695792880259
0 0.257548032937 0.399676375405 0.0448307410796 0.0809061488673
0 0.301006404392 0.455501618123 0.0475754803294 0.07928802589
0 0.276303751144 0.236245954693 0.0201280878317 0.0453074433657
0 0.306953339433 0.231391585761 0.0173833485819 0.0355987055016
0 0.336230558097 0.228964401294 0.0247026532479 0.0436893203883
0 0.349039341263 0.174757281553 0.0173833485819 0.0388349514563
0 0.366880146386 0.190129449838 0.0146386093321 0.037216828479
0 0.377859103385 0.22572815534 0.0237877401647 0.0404530744337
0 0.408508691674 0.250809061489 0.0247026532479 0.0550161812298
0 0.381518755718 0.169902912621 0.0164684354986 0.0355987055016
0 0.416285452882 0.205501618123 0.0237877401647 0.042071197411
0 0.453796889296 0.203883495146 0.0201280878317 0.0453074433657
0 0.438700823422 0.167475728155 0.0137236962489 0.0307443365696
0 0.42406221409 0.159385113269 0.0137236962489 0.037216828479
0 0.469350411711 0.152103559871 0.0164684354986 0.0355987055016
0 0.471637694419 0.114886731392 0.0155535224154 0.0291262135922
0 0.488106129918 0.142394822006 0.0155535224154 0.0323624595469
0 0.481701738335 0.152103559871 0.0137236962489 0.0258899676375
0 0.481244281793 0.180420711974 0.0182982616651 0.0339805825243
0 0.500914913083 0.123786407767 0.0118938700823 0.0275080906149
0 0.513266239707 0.156148867314 0.0164684354986 0.0404530744337
0 0.522872827081 0.128640776699 0.0155535224154 0.0404530744337
0 0.536139066789 0.131877022654 0.0128087831656 0.0307443365696
0 0.552607502287 0.128640776699 0.0146386093321 0.0307443365696
0 0.554437328454 0.0679611650485 0.0109789569991 0.0258899676375
0 0.597438243367 0.162621359223 0.0164684354986 0.037216828479
0 0.60384263495 0.128640776699 0.0164684354986 0.0339805825243
0 0.621225983532 0.121359223301 0.0128087831656 0.0291262135922
0 0.631747483989 0.177184466019 0.0192131747484 0.0339805825243
0 0.656450137237 0.137540453074 0.0155535224154 0.0355987055016
0 0.672003659652 0.127022653722 0.0118938700823 0.0242718446602
0 0.710887465691 0.114077669903 0.0146386093321 0.0307443365696
0 0.646386093321 0.10355987055 0.0118938700823 0.0291262135922
0 0.626258005489 0.0614886731392 0.0173833485819 0.0291262135922
0 0.553064958829 0.184466019417 0.0210430009149 0.0485436893204
0 0.532936870997 0.180420711974 0.0192131747484 0.0436893203883
0 0.550320219579 0.233818770227 0.0265324794145 0.0566343042071
0 0.617108874657 0.251618122977 0.0247026532479 0.0533980582524
0 0.612534309241 0.222491909385 0.0247026532479 0.0339805825243
0 0.680237877402 0.226537216828 0.0192131747484 0.0453074433657
0 0.706312900274 0.271035598706 0.0274473924977 0.0533980582524
0 0.712717291857 0.320388349515 0.0347666971638 0.0744336569579
0 0.718664226898 0.224919093851 0.0228728270814 0.0388349514563
0 0.723238792315 0.186893203883 0.0155535224154 0.0404530744337
0 0.707685269899 0.169902912621 0.0192131747484 0.042071197411
0 0.749313815188 0.18932038835 0.0201280878317 0.0453074433657
0 0.730100640439 0.166666666667 0.0164684354986 0.0388349514563
0 0.760750228728 0.242718446602 0.0265324794145 0.0582524271845
0 0.785910338518 0.307443365696 0.0311070448307 0.0614886731392
0 0.827081427264 0.270226537217 0.0219579139982 0.0550161812298
0 0.950137236962 0.375404530744 0.0466605672461 0.0970873786408
0 0.908051235133 0.393203883495 0.0247026532479 0.0582524271845
0 0.883806038426 0.273462783172 0.0201280878317 0.0388349514563
0 0.93549862763 0.266181229773 0.0228728270814 0.046925566343
0 0.936413540714 0.207928802589 0.0210430009149 0.046925566343
0 0.946020128088 0.175566343042 0.0146386093321 0.037216828479
0 0.911253430924 0.184466019417 0.0128087831656 0.0355987055016
0 0.900274473925 0.186893203883 0.0182982616651 0.0307443365696
0 0.903019213175 0.206310679612 0.0146386093321 0.037216828479
0 0.86505032022 0.232200647249 0.0192131747484 0.037216828479
0 0.862763037511 0.186893203883 0.0164684354986 0.037216828479
0 0.831655992681 0.193365695793 0.0182982616651 0.0339805825243
0 0.84263494968 0.161003236246 0.0219579139982 0.0404530744337
0 0.85681610247 0.152103559871 0.0155535224154 0.0388349514563
0 0.824336688015 0.0752427184466 0.0182982616651 0.0339805825243
0 0.7978042086 0.139158576052 0.0146386093321 0.0291262135922
0 0.795516925892 0.168284789644 0.0173833485819 0.0388349514563
0 0.774931381519 0.161003236246 0.0164684354986 0.0307443365696
0 0.790942360476 0.23786407767 0.0247026532479 0.042071197411
