0 0.0371402042711 0.391268533773 0.0297121634169 0.0642504118616
0 0.889972144847 0.130148270181 0.0157845868152 0.0362438220758
0 0.86304549675 0.126029654036 0.0157845868152 0.0313014827018
0 0.741411327762 0.101317957166 0.0102135561746 0.0345963756178
0 0.682915506035 0.101317957166 0.0139275766017 0.0313014827018
0 0.634168987929 0.102965403624 0.0111420612813 0.0313014827018
0 0.612813370474 0.103789126853 0.016713091922 0.0296540362438
0 0.773444753946 0.117792421746 0.0148560817084 0.0313014827018
0 0.564995357474 0.112026359143 0.0139275766017 0.0197693574959
0 0.66713091922 0.121911037891 0.0157845868152 0.0230642504119
0 0.704271123491 0.134266886326 0.0157845868152 0.0313014827018
0 0.789229340761 0.130148270181 0.0129990714949 0.0263591433278
0 0.804549675023 0.1392092257 0.0139275766017 0.0247116968699
0 0.821262766945 0.134266886326 0.0176415970288 0.0345963756178
0 0.844939647168 0.154036243822 0.0204271123491 0.0378912685338
0 0.858402971216 0.149917627677 0.0139275766017 0.0263591433278
0 0.884401114206 0.168863261944 0.0139275766017 0.0280065897858
0 0.925255338904 0.163097199341 0.0176415970288 0.0329489291598
0 0.725626740947 0.15568369028 0.0157845868152 0.0313014827018
0 0.746982358403 0.152388797364 0.0176415970288 0.0378912685338
0 0.789229340761 0.173805601318 0.016713091922 0.0345963756178
0 0.841689879294 0.196046128501 0.0157845868152 0.0296540362438
0 0.480965645311 0.129324546952 0.0111420612813 0.0280065897858
0 0.525533890436 0.137561779242 0.0241411327762 0.0345963756178
0 0.548746518106 0.146622734761 0.0185701021356 0.0362438220758
0 0.614670380687 0.142504118616 0.0204271123491 0.0313014827018
0 0.578922934076 0.149093904448 0.0194986072423 0.0345963756178
0 0.568709377902 0.160626029654 0.0213556174559 0.0378912685338
0 0.449860724234 0.144151565074 0.0139275766017 0.0247116968699
0 0.406685236769 0.171334431631 0.0185701021356 0.0329489291598
0 0.344011142061 0.217462932455 0.0213556174559 0.0395387149918
0 0.321262766945 0.222405271829 0.0148560817084 0.0362438220758
0 0.300835654596 0.25370675453 0.0241411327762 0.0428336079077
0 0.27948003714 0.275123558484 0.0222841225627 0.0362438220758
0 0.255338904364 0.280889621087 0.0222841225627 0.0378912685338
0 0.369545032498 0.224052718287 0.0222841225627 0.0296540362438
0 0.328690807799 0.269357495881 0.033426183844 0.0510708401977
0 0.392757660167 0.303953871499 0.0259981429898 0.0477759472817
0 0.415506035283 0.220757825371 0.0232126276695 0.0362438220758
0 0.44800371402 0.169686985173 0.0157845868152 0.0197693574959
0 0.456824512535 0.198517298188 0.0222841225627 0.0247116968699
0 0.491643454039 0.227347611203 0.0194986072423 0.0461285008237
0 0.478180129991 0.161449752883 0.0129990714949 0.0296540362438
0 0.535283194058 0.200164744646 0.0232126276695 0.0411861614498
0 0.483751160631 0.298187808896 0.0278551532033 0.0593080724876
0 0.555710306407 0.295716639209 0.0287836583101 0.0510708401977
0 0.560817084494 0.23805601318 0.0241411327762 0.0477759472817
0 0.617920148561 0.189456342669 0.025069637883 0.0461285008237
0 0.599350046425 0.248764415157 0.025069637883 0.0428336079077
0 0.600742804085 0.323723228995 0.0297121634169 0.0510708401977
0 0.66852367688 0.335255354201 0.033426183844 0.0708401976936
0 0.643918291551 0.176276771005 0.0157845868152 0.0395387149918
0 0.660631383473 0.207578253707 0.0194986072423 0.0362438220758
0 0.672237697307 0.245469522241 0.0204271123491 0.0428336079077
0 0.691272051996 0.217462932455 0.025069637883 0.0527182866557
0 0.686165273909 0.170510708402 0.0222841225627 0.0345963756178
0 0.735840297122 0.203459637562 0.0213556174559 0.0576606260297
0 0.753946146704 0.231466227348 0.0259981429898 0.0477759472817
0 0.704735376045 0.285008237232 0.0297121634169 0.0593080724876
0 0.762302692665 0.280065897858 0.0278551532033 0.0527182866557
0 0.865366759517 0.217462932455 0.0241411327762 0.0461285008237
0 0.923862581244 0.271004942339 0.0222841225627 0.0576606260297
0 0.447075208914 0.224052718287 0.0232126276695 0.0428336079077
0 0.424791086351 0.182866556837 0.0213556174559 0.0296540362438
0 0.513927576602 0.173805601318 0.025069637883 0.0411861614498
0 0.590529247911 0.104612850082 0.016713091922 0.0313014827018
0 0.487929433612 0.206754530478 0.0194986072423 0.0378912685338
0 0.385793871866 0.210873146623 0.0213556174559 0.0329489291598
0 0.815227483751 0.169686985173 0.0148560817084 0.0329489291598
