0 0.431243680485 0.533575317604 0.0596562184024 0.156079854809
0 0.537411526795 0.202359346642 0.0232558139535 0.049001814882
0 0.597067745197 0.162431941924 0.0192113245703 0.0417422867514
0 0.618301314459 0.204174228675 0.0192113245703 0.0453720508167
0 0.662790697674 0.255898366606 0.0252780586451 0.05444646098
0 0.676440849343 0.211433756806 0.0202224469161 0.0453720508167
0 0.664812942366 0.192377495463 0.0151668351871 0.0362976406534
0 0.695652173913 0.206896551724 0.0161779575329 0.043557168784
0 0.748736097068 0.225045372051 0.0192113245703 0.0471869328494
0 0.778058645096 0.246823956443 0.0252780586451 0.0580762250454
0 0.738119312437 0.286751361162 0.0262891809909 0.0617059891107
0 0.736097067745 0.36388384755 0.0323559150657 0.0816696914701
0 0.811425682508 0.39110707804 0.0333670374115 0.0852994555354
0 0.818503538928 0.254083484574 0.0212335692619 0.05444646098
0 0.959049544995 0.354809437387 0.0394337714863 0.0852994555354
