0 0.0622098421541 0.420701168614 0.033426183844 0.0834724540902
0 0.0877437325905 0.428213689482 0.0454967502321 0.0951585976628
0 0.315227483751 0.196994991653 0.025069637883 0.0534223706177
0 0.322655524605 0.241235392321 0.0213556174559 0.0417362270451
0 0.362581244197 0.222871452421 0.0269266480966 0.0550918196995
0 0.391364902507 0.204507512521 0.0213556174559 0.0417362270451
0 0.515320334262 0.287979966611 0.0278551532033 0.0550918196995
0 0.548746518106 0.289649415693 0.0278551532033 0.0651085141903
0 0.848189415042 0.477462437396 0.0529247910864 0.123539232053
0 0.624419684308 0.279632721202 0.0324976787372 0.0617696160267
0 0.604921077066 0.17612687813 0.0269266480966 0.0517529215359
0 0.579851439183 0.146911519199 0.0232126276695 0.0434056761269
0 0.613277623027 0.125208681135 0.0213556174559 0.0434056761269
0 0.649953574745 0.133555926544 0.0259981429898 0.0467445742905
0 0.661559888579 0.196160267112 0.0343546889508 0.0550918196995
0 0.698235840297 0.193656093489 0.0222841225627 0.0434056761269
