0 0.0682451253482 0.534825870647 0.0529247910864 0.114427860697
0 0.25348189415 0.276119402985 0.0185701021356 0.028192371476
0 0.275766016713 0.262023217247 0.016713091922 0.0331674958541
0 0.297585886722 0.257877280265 0.0194986072423 0.0381426202322
0 0.316620241411 0.2728026534 0.0204271123491 0.0348258706468
0 0.337511606314 0.264510779436 0.0194986072423 0.0348258706468
0 0.312441968431 0.231343283582 0.0139275766017 0.0248756218905
0 0.342154131848 0.221393034826 0.0157845868152 0.0315091210614
0 0.365366759517 0.213930348259 0.0157845868152 0.0331674958541
0 0.378365831012 0.210613598673 0.0157845868152 0.0364842454395
0 0.38765088208 0.198175787728 0.0139275766017 0.0248756218905
0 0.404363974002 0.283582089552 0.0232126276695 0.0431177446103
0 0.405756731662 0.171641791045 0.0129990714949 0.0248756218905
0 0.428969359331 0.168325041459 0.0148560817084 0.0315091210614
0 0.425255338904 0.216417910448 0.0129990714949 0.028192371476
0 0.441504178273 0.221393034826 0.0157845868152 0.0348258706468
0 0.467502321263 0.234660033167 0.0232126276695 0.044776119403
0 0.460074280409 0.196517412935 0.0157845868152 0.028192371476
0 0.454038997214 0.168325041459 0.0129990714949 0.0215588723051
0 0.47121634169 0.149253731343 0.0139275766017 0.0232172470978
0 0.450324976787 0.137645107794 0.00742804085422 0.0132669983416
0 0.480965645311 0.137645107794 0.0111420612813 0.0232172470978
0 0.500928505107 0.170812603648 0.0139275766017 0.0265339966833
0 0.47539461467 0.166666666667 0.0148560817084 0.0248756218905
0 0.513463324048 0.191542288557 0.0185701021356 0.0348258706468
0 0.486072423398 0.296019900498 0.0269266480966 0.0480928689884
0 0.538997214485 0.195688225539 0.0157845868152 0.0331674958541
0 0.547353760446 0.165008291874 0.0176415970288 0.0381426202322
0 0.565923862581 0.163349917081 0.0139275766017 0.0348258706468
0 0.532961931291 0.132669983416 0.0129990714949 0.0265339966833
0 0.55338904364 0.119402985075 0.0111420612813 0.0298507462687
0 0.57938718663 0.123548922056 0.0129990714949 0.0215588723051
0 0.573816155989 0.145107794362 0.016713091922 0.0315091210614
0 0.617455896007 0.138474295191 0.0129990714949 0.028192371476
0 0.600278551532 0.0986733001658 0.0120705663881 0.0215588723051
0 0.618848653668 0.100331674959 0.0102135561746 0.0215588723051
0 0.629990714949 0.121061359867 0.0120705663881 0.0232172470978
0 0.63556174559 0.101990049751 0.0120705663881 0.0215588723051
0 0.668059424327 0.121890547264 0.0139275766017 0.028192371476
0 0.686629526462 0.0978441127695 0.0139275766017 0.0298507462687
0 0.549210770659 0.291044776119 0.025069637883 0.0514096185738
0 0.566852367688 0.24543946932 0.0213556174559 0.0364842454395
0 0.555710306407 0.225538971808 0.0176415970288 0.0265339966833
0 0.604921077066 0.204809286899 0.0194986072423 0.0414593698176
0 0.605385329619 0.247097844113 0.0204271123491 0.0398009950249
0 0.600278551532 0.322553897181 0.025069637883 0.0480928689884
0 0.670380687094 0.333333333333 0.0259981429898 0.0663349917081
0 0.654596100279 0.252072968491 0.0222841225627 0.0464344941957
0 0.714948932219 0.278606965174 0.0241411327762 0.0497512437811
0 0.7739090065 0.291873963516 0.0232126276695 0.0497512437811
0 0.757195914578 0.225538971808 0.0213556174559 0.0431177446103
0 0.702414113278 0.223051409619 0.0213556174559 0.0414593698176
0 0.659702878366 0.204809286899 0.0194986072423 0.044776119403
0 0.654596100279 0.169983416252 0.0185701021356 0.044776119403
0 0.688022284123 0.175787728027 0.016713091922 0.0364842454395
0 0.689415041783 0.144278606965 0.0139275766017 0.0298507462687
0 0.697771587744 0.135986733002 0.0157845868152 0.0331674958541
0 0.729340761374 0.12271973466 0.0120705663881 0.0331674958541
0 0.74651810585 0.107794361526 0.0111420612813 0.0232172470978
0 0.746053853296 0.134328358209 0.0157845868152 0.0331674958541
0 0.758124419684 0.129353233831 0.0139275766017 0.0331674958541
0 0.759052924791 0.160033167496 0.0157845868152 0.0315091210614
0 0.739554317549 0.182421227197 0.0194986072423 0.0364842454395
0 0.789229340761 0.117744610282 0.0111420612813 0.0199004975124
0 0.795264623955 0.135157545605 0.0139275766017 0.0315091210614
0 0.805013927577 0.129353233831 0.0129990714949 0.0265339966833
0 0.793871866295 0.183250414594 0.0148560817084 0.028192371476
0 0.806406685237 0.167495854063 0.0139275766017 0.0265339966833
0 0.824048282266 0.141791044776 0.0157845868152 0.0348258706468
0 0.841689879294 0.148424543947 0.0139275766017 0.0315091210614
0 0.839832869081 0.186567164179 0.0157845868152 0.0315091210614
0 0.821727019499 0.185737976783 0.0148560817084 0.0232172470978
0 0.85886722377 0.151741293532 0.0129990714949 0.028192371476
0 0.862581244197 0.129353233831 0.0129990714949 0.0265339966833
0 0.898328690808 0.135986733002 0.0120705663881 0.0298507462687
0 0.88486536676 0.162520729685 0.0148560817084 0.0331674958541
0 0.876973073352 0.185737976783 0.0157845868152 0.0298507462687
0 0.86443825441 0.223051409619 0.0185701021356 0.044776119403
0 0.912720519963 0.291044776119 0.0204271123491 0.0480928689884
0 0.918755803157 0.189054726368 0.0157845868152 0.0364842454395
0 0.924791086351 0.160862354892 0.0148560817084 0.0298507462687
