0 0.0825381679389 0.33305227656 0.0181297709924 0.035413153457
0 0.129770992366 0.304384485666 0.0209923664122 0.0455311973019
0 0.191316793893 0.496627318718 0.0410305343511 0.0961214165261
0 0.219942748092 0.278246205734 0.0295801526718 0.0573355817875
0 0.298187022901 0.278246205734 0.0257633587786 0.0573355817875
0 0.333492366412 0.265598650927 0.0200381679389 0.0421585160202
0 0.371183206107 0.265598650927 0.0267175572519 0.0522765598651
0 0.433683206107 0.220067453626 0.0181297709924 0.0387858347386
0 0.454198473282 0.232715008432 0.0190839694656 0.043844856661
0 0.43320610687 0.275716694772 0.0248091603053 0.0489038785835
0 0.49284351145 0.318718381113 0.0314885496183 0.0607082630691
0 0.550095419847 0.362563237774 0.0276717557252 0.0573355817875
0 0.720419847328 0.14586846543 0.0152671755725 0.035413153457
0 0.75429389313 0.150084317032 0.0181297709924 0.0337268128162
0 0.890744274809 0.220067453626 0.0200381679389 0.0489038785835
