0 0.136587366694 0.560518731988 0.0467596390484 0.0922190201729
0 0.232567678425 0.342219020173 0.0155865463495 0.036023054755
0 0.262920426579 0.350864553314 0.0221493027071 0.0389048991354
0 0.281378178835 0.380403458213 0.019688269073 0.0403458213256
0 0.287940935193 0.311959654179 0.0180475799836 0.036023054755
0 0.330598851518 0.378962536023 0.0229696472518 0.0489913544669
0 0.353978671042 0.32492795389 0.0172272354389 0.0331412103746
0 0.354388843314 0.299711815562 0.0180475799836 0.028818443804
0 0.387202625103 0.344380403458 0.0213289581624 0.0374639769452
0 0.410582444627 0.338616714697 0.0221493027071 0.0403458213256
0 0.408121410993 0.303314121037 0.0172272354389 0.0331412103746
0 0.395816242822 0.260086455331 0.0155865463495 0.036023054755
0 0.426168990976 0.265129682997 0.01394585726 0.0259365994236
0 0.43724364233 0.276657060519 0.0164068908942 0.0317002881844
0 0.43724364233 0.313400576369 0.019688269073 0.0389048991354
0 0.447908121411 0.342219020173 0.0246103363413 0.0417867435159
0 0.472928630025 0.312680115274 0.0155865463495 0.0374639769452
0 0.501230516817 0.329971181556 0.0246103363413 0.0403458213256
0 0.522559474979 0.280979827089 0.0164068908942 0.0374639769452
0 0.5 0.270172910663 0.0172272354389 0.0389048991354
0 0.478260869565 0.269452449568 0.0180475799836 0.0345821325648
0 0.467596390484 0.244956772334 0.019688269073 0.0317002881844
0 0.52091878589 0.249279538905 0.0180475799836 0.0345821325648
0 0.54183757178 0.25144092219 0.0155865463495 0.036023054755
0 0.555373256768 0.287463976945 0.0164068908942 0.036023054755
0 0.574651353568 0.255763688761 0.01394585726 0.0302593659942
0 0.568498769483 0.221902017291 0.0114848236259 0.0259365994236
0 0.584495488105 0.239913544669 0.01394585726 0.0331412103746
0 0.59926168991 0.260086455331 0.0172272354389 0.036023054755
0 0.602132895816 0.229827089337 0.0131255127153 0.0273775216138
0 0.608695652174 0.211095100865 0.0114848236259 0.0244956772334
0 0.62715340443 0.219020172911 0.0172272354389 0.028818443804
0 0.640278917145 0.227665706052 0.0155865463495 0.0345821325648
0 0.643970467596 0.250720461095 0.0114848236259 0.028818443804
0 0.671041837572 0.232708933718 0.0147662018048 0.0244956772334
0 0.671452009844 0.210374639769 0.0155865463495 0.028818443804
0 0.687858900738 0.234149855908 0.01394585726 0.036023054755
0 0.540607054963 0.356628242075 0.0295324036095 0.0475504322767
0 0.49302707137 0.39121037464 0.0344544708778 0.0561959654179
0 0.543888433142 0.411383285303 0.0262510254307 0.0590778097983
0 0.586546349467 0.451729106628 0.0344544708778 0.0619596541787
0 0.602132895816 0.382564841499 0.0295324036095 0.0590778097983
0 0.599671862182 0.337175792507 0.0262510254307 0.0461095100865
0 0.643970467596 0.306916426513 0.0246103363413 0.0547550432277
0 0.64807219032 0.356628242075 0.0213289581624 0.0417867435159
0 0.664068908942 0.389048991354 0.025430680886 0.0662824207493
0 0.637817883511 0.477665706052 0.0352748154225 0.0734870317003
0 0.700164068909 0.548991354467 0.0418375717801 0.0662824207493
0 0.686628383921 0.368155619597 0.0262510254307 0.0590778097983
0 0.670221493027 0.283141210375 0.0229696472518 0.0417867435159
0 0.696062346185 0.304034582133 0.0205086136177 0.0403458213256
0 0.708367514356 0.306195965418 0.0188679245283 0.0417867435159
0 0.706726825267 0.252161383285 0.01394585726 0.0374639769452
0 0.736259228876 0.253602305476 0.0188679245283 0.0374639769452
0 0.749384741591 0.233429394813 0.0123051681706 0.028818443804
0 0.76825266612 0.280259365994 0.0172272354389 0.036023054755
0 0.78055783429 0.246397694524 0.0155865463495 0.0259365994236
0 0.78055783429 0.272334293948 0.01394585726 0.0345821325648
0 0.815832649713 0.306916426513 0.0188679245283 0.0345821325648
0 0.816242821985 0.273775216138 0.0147662018048 0.0317002881844
0 0.809269893355 0.24711815562 0.0155865463495 0.0302593659942
0 0.809680065628 0.360951008646 0.0229696472518 0.0533141210375
0 0.728055783429 0.405619596542 0.0270713699754 0.0533141210375
0 0.792042657916 0.438760806916 0.0319934372436 0.0677233429395
0 0.83100902379 0.512247838617 0.0360951599672 0.0677233429395
0 0.846185397867 0.441642651297 0.0287120590648 0.0648414985591
0 0.859310910582 0.377521613833 0.0205086136177 0.0518731988473
0 0.92165709598 0.473342939481 0.0319934372436 0.0561959654179
0 0.911812961444 0.396253602305 0.0237899917966 0.0461095100865
0 0.932321575062 0.359510086455 0.0188679245283 0.0417867435159
0 0.925758818704 0.316282420749 0.0188679245283 0.0389048991354
0 0.939704675964 0.275216138329 0.0155865463495 0.028818443804
0 0.912633305989 0.304034582133 0.0172272354389 0.0403458213256
0 0.889663658737 0.328530259366 0.0188679245283 0.0403458213256
0 0.868744872847 0.341498559078 0.019688269073 0.0461095100865
0 0.843724364233 0.317002881844 0.0221493027071 0.0403458213256
0 0.856439704676 0.278818443804 0.0180475799836 0.036023054755
0 0.842904019688 0.261527377522 0.0172272354389 0.036023054755
0 0.876127973749 0.260086455331 0.0164068908942 0.0389048991354
0 0.894995898277 0.275216138329 0.0147662018048 0.0374639769452
