0 0.328423566879 0.213884992987 0.015127388535 0.0434782608696
0 0.342356687898 0.223001402525 0.0127388535032 0.0476858345021
0 0.429936305732 0.269284712482 0.0222929936306 0.0420757363254
0 0.513535031847 0.194950911641 0.0207006369427 0.039270687237
0 0.545382165605 0.196353436185 0.0175159235669 0.0420757363254
0 0.570063694268 0.163394109397 0.0143312101911 0.0350631136045
0 0.587579617834 0.118513323983 0.0238853503185 0.0406732117812
0 0.138136942675 0.244740532959 0.015127388535 0.0294530154278
0 0.158041401274 0.237727910238 0.0119426751592 0.0294530154278
0 0.474124203822 0.260869565217 0.0199044585987 0.0308555399719
