0 0.166934835076 0.304317548747 0.0217216411907 0.0403899721448
0 0.171761866452 0.281337047354 0.0201126307321 0.041782729805
0 0.197908286404 0.24860724234 0.0176991150442 0.0431754874652
0 0.195494770716 0.280640668524 0.0209171359614 0.0459610027855
0 0.231295253419 0.257660167131 0.0185036202735 0.0445682451253
0 0.228881737731 0.236768802228 0.0185036202735 0.041782729805
0 0.269106999195 0.284818941504 0.0217216411907 0.0459610027855
0 0.274336283186 0.259052924791 0.0209171359614 0.033426183844
0 0.311745776348 0.213091922006 0.0152855993564 0.0362116991643
0 0.400643604183 0.262534818942 0.0257441673371 0.0431754874652
