0 0.079822616408 0.252008032129 0.019955654102 0.0461847389558
0 0.138580931264 0.247991967871 0.0243902439024 0.0461847389558
0 0.317073170732 0.146586345382 0.0221729490022 0.0401606425703
0 0.411862527716 0.223895582329 0.0210643015521 0.0421686746988
0 0.454545454545 0.223895582329 0.0243902439024 0.0502008032129
0 0.565410199557 0.164658634538 0.019955654102 0.0401606425703
0 0.563192904656 0.191767068273 0.019955654102 0.0461847389558
0 0.624168514412 0.220883534137 0.0266075388027 0.0481927710843
0 0.626940133038 0.262048192771 0.029933481153 0.0542168674699
0 0.668514412417 0.173694779116 0.019955654102 0.0461847389558
0 0.677937915743 0.221887550201 0.0277161862528 0.0502008032129
0 0.938470066519 0.236947791165 0.0210643015521 0.0522088353414
