0 0.393063583815 0.238938053097 0.0154142581888 0.0353982300885
0 0.411368015414 0.246017699115 0.0173410404624 0.0389380530973
0 0.417148362235 0.257522123894 0.0211946050096 0.0407079646018
0 0.380057803468 0.193805309735 0.0183044315992 0.0407079646018
0 0.418111753372 0.202654867257 0.0154142581888 0.0336283185841
0 0.434971098266 0.211504424779 0.0183044315992 0.0371681415929
0 0.41570327553 0.163716814159 0.0183044315992 0.0336283185841
0 0.42774566474 0.16017699115 0.0154142581888 0.0371681415929
0 0.465799614644 0.165486725664 0.014450867052 0.0371681415929
0 0.475433526012 0.176991150442 0.0163776493256 0.0353982300885
0 0.457610789981 0.21592920354 0.0211946050096 0.0389380530973
0 0.472543352601 0.138053097345 0.0125240847784 0.0212389380531
0 0.477360308285 0.156637168142 0.0125240847784 0.0300884955752
0 0.488921001927 0.157522123894 0.014450867052 0.0353982300885
0 0.483140655106 0.138053097345 0.0105973025048 0.0212389380531
0 0.498554913295 0.120353982301 0.0105973025048 0.0283185840708
0 0.5 0.215044247788 0.019267822736 0.0442477876106
0 0.505780346821 0.195575221239 0.0173410404624 0.0371681415929
0 0.534200385356 0.19203539823 0.0163776493256 0.0371681415929
0 0.535163776493 0.161946902655 0.014450867052 0.0300884955752
0 0.535645472062 0.13982300885 0.0154142581888 0.0283185840708
0 0.561175337187 0.130088495575 0.0125240847784 0.0336283185841
0 0.576589595376 0.140707964602 0.014450867052 0.0300884955752
0 0.554431599229 0.166371681416 0.0183044315992 0.0318584070796
0 0.602601156069 0.162831858407 0.014450867052 0.0318584070796
0 0.599710982659 0.106194690265 0.0125240847784 0.0247787610619
0 0.605009633911 0.125663716814 0.0134874759152 0.0247787610619
0 0.622832369942 0.0982300884956 0.00867052023121 0.0230088495575
0 0.624759152216 0.123008849558 0.014450867052 0.0230088495575
0 0.622350674374 0.145132743363 0.0154142581888 0.0283185840708
0 0.651734104046 0.150442477876 0.0163776493256 0.0283185840708
0 0.657032755299 0.110619469027 0.0154142581888 0.0336283185841
0 0.682562620424 0.122123893805 0.0125240847784 0.0247787610619
0 0.704238921002 0.112389380531 0.0134874759152 0.0265486725664
0 0.664739884393 0.185840707965 0.0173410404624 0.0353982300885
0 0.625240847784 0.218584070796 0.0211946050096 0.0371681415929
0 0.610789980732 0.247787610619 0.0269749518304 0.0566371681416
0 0.559248554913 0.269911504425 0.0260115606936 0.0548672566372
0 0.6295761079 0.286725663717 0.0279383429672 0.0530973451327
0 0.659922928709 0.375221238938 0.0346820809249 0.0743362831858
0 0.75289017341 0.450442477876 0.0645472061657 0.129203539823
0 0.717726396917 0.182300884956 0.0154142581888 0.0353982300885
0 0.722061657033 0.150442477876 0.0163776493256 0.0318584070796
0 0.758188824663 0.137168141593 0.0115606936416 0.0230088495575
0 0.782755298651 0.127433628319 0.0125240847784 0.0353982300885
0 0.792389210019 0.157522123894 0.0105973025048 0.0353982300885
0 0.756743737958 0.169911504425 0.014450867052 0.0283185840708
0 0.757707129094 0.194690265487 0.0163776493256 0.0353982300885
0 0.793834296724 0.205309734513 0.0173410404624 0.0389380530973
0 0.802023121387 0.174336283186 0.014450867052 0.0300884955752
0 0.825626204239 0.179646017699 0.0134874759152 0.0300884955752
0 0.840558766859 0.152212389381 0.0125240847784 0.0318584070796
0 0.85838150289 0.190265486726 0.0154142581888 0.0265486725664
0 0.874277456647 0.16814159292 0.0125240847784 0.0283185840708
0 0.896435452794 0.194690265487 0.0125240847784 0.0318584070796
0 0.902697495183 0.216814159292 0.0154142581888 0.0336283185841
0 0.935452793834 0.165486725664 0.0115606936416 0.0407079646018
0 0.940751445087 0.198230088496 0.0163776493256 0.046017699115
0 0.93063583815 0.247787610619 0.0154142581888 0.0353982300885
0 0.887764932563 0.234513274336 0.0202312138728 0.0407079646018
0 0.839113680154 0.218584070796 0.0173410404624 0.0371681415929
0 0.823217726397 0.261061946903 0.0221579961464 0.0513274336283
0 0.845857418112 0.303539823009 0.0250481695568 0.0548672566372
0 0.875722543353 0.26814159292 0.0211946050096 0.0513274336283
0 0.924855491329 0.317699115044 0.0250481695568 0.0548672566372
0 0.753853564547 0.243362831858 0.0202312138728 0.0548672566372
0 0.745664739884 0.262831858407 0.0269749518304 0.0548672566372
