0 0.120209059233 0.520773638968 0.0487804878049 0.0845272206304
0 0.22168989547 0.331661891117 0.0200348432056 0.0386819484241
0 0.253048780488 0.361747851003 0.0200348432056 0.0472779369628
0 0.288763066202 0.361747851003 0.0217770034843 0.0386819484241
0 0.281794425087 0.310171919771 0.0252613240418 0.0358166189112
0 0.339721254355 0.353151862464 0.0261324041812 0.0558739255014
0 0.356271777003 0.324498567335 0.0191637630662 0.0358166189112
0 0.358449477352 0.291547277937 0.0217770034843 0.0300859598854
0 0.386324041812 0.339541547278 0.0217770034843 0.0372492836676
0 0.415069686411 0.325931232092 0.0217770034843 0.041547277937
0 0.412891986063 0.292263610315 0.0191637630662 0.0343839541547
0 0.397212543554 0.253581661891 0.0209059233449 0.0372492836676
0 0.424216027875 0.267908309456 0.0156794425087 0.0286532951289
0 0.435540069686 0.250716332378 0.0156794425087 0.0286532951289
0 0.455574912892 0.253581661891 0.01393728223 0.0286532951289
0 0.464721254355 0.268624641834 0.0182926829268 0.0329512893983
0 0.439895470383 0.305157593123 0.0191637630662 0.0286532951289
0 0.480400696864 0.305873925501 0.0217770034843 0.0300859598854
0 0.517421602787 0.320916905444 0.0209059233449 0.0401146131805
0 0.452961672474 0.3388252149 0.0243902439024 0.0386819484241
0 0.473432055749 0.236389684814 0.0113240418118 0.0286532951289
0 0.478222996516 0.227077363897 0.0104529616725 0.0214899713467
0 0.515243902439 0.264326647564 0.0165505226481 0.0272206303725
0 0.535278745645 0.27435530086 0.0165505226481 0.0358166189112
0 0.537456445993 0.246418338109 0.0156794425087 0.025787965616
0 0.537020905923 0.231375358166 0.0148083623693 0.0243553008596
0 0.560975609756 0.247134670487 0.0156794425087 0.0300859598854
0 0.567944250871 0.219197707736 0.01393728223 0.0229226361032
0 0.586672473868 0.212034383954 0.0130662020906 0.0200573065903
0 0.589721254355 0.226361031519 0.0174216027875 0.0286532951289
0 0.594076655052 0.259312320917 0.0191637630662 0.0315186246418
0 0.571428571429 0.275071633238 0.0191637630662 0.0343839541547
0 0.553135888502 0.352435530086 0.0243902439024 0.0573065902579
0 0.494337979094 0.396131805158 0.0339721254355 0.0530085959885
0 0.533101045296 0.448424068768 0.0348432055749 0.0573065902579
0 0.621080139373 0.321633237822 0.0226480836237 0.0444126074499
0 0.618031358885 0.21776504298 0.0148083623693 0.025787965616
0 0.630226480836 0.204154727794 0.0130662020906 0.0300859598854
0 0.619773519164 0.244269340974 0.0182926829268 0.0300859598854
0 0.650261324042 0.200573065903 0.0148083623693 0.0315186246418
0 0.658536585366 0.218481375358 0.01393728223 0.0300859598854
0 0.647212543554 0.247134670487 0.0174216027875 0.0329512893983
0 0.655052264808 0.290114613181 0.0209059233449 0.0386819484241
0 0.688588850174 0.20558739255 0.0130662020906 0.0243553008596
0 0.698170731707 0.21776504298 0.0113240418118 0.025787965616
0 0.706445993031 0.213467048711 0.0121951219512 0.025787965616
0 0.69381533101 0.265042979943 0.0165505226481 0.0372492836676
0 0.642857142857 0.360315186246 0.0226480836237 0.0472779369628
0 0.668118466899 0.336676217765 0.0226480836237 0.0487106017192
0 0.675958188153 0.367478510029 0.0313588850174 0.0530085959885
0 0.713414634146 0.354584527221 0.0243902439024 0.0472779369628
0 0.730836236934 0.246418338109 0.0191637630662 0.0315186246418
0 0.718641114983 0.292979942693 0.0174216027875 0.041547277937
0 0.729965156794 0.290830945559 0.0174216027875 0.0372492836676
0 0.761759581882 0.232808022923 0.0130662020906 0.0300859598854
0 0.770034843206 0.251432664756 0.0174216027875 0.0300859598854
0 0.793118466899 0.251432664756 0.0148083623693 0.0300859598854
0 0.813153310105 0.233524355301 0.0148083623693 0.0315186246418
0 0.817944250871 0.255730659026 0.0156794425087 0.0329512893983
0 0.80618466899 0.27005730659 0.0182926829268 0.0358166189112
0 0.841898954704 0.23782234957 0.0165505226481 0.0315186246418
0 0.87543554007 0.250716332378 0.01393728223 0.0315186246418
0 0.893728222997 0.267191977077 0.01393728223 0.0386819484241
0 0.908536585366 0.250716332378 0.01393728223 0.0286532951289
0 0.932491289199 0.272922636103 0.0148083623693 0.0329512893983
0 0.977351916376 0.273638968481 0.01393728223 0.0286532951289
0 0.975609756098 0.297994269341 0.01393728223 0.0343839541547
0 0.965156794425 0.310171919771 0.01393728223 0.0358166189112
0 0.948170731707 0.319484240688 0.0182926829268 0.0372492836676
0 0.928135888502 0.31446991404 0.0182926829268 0.0358166189112
0 0.913327526132 0.33452722063 0.0182926829268 0.041547277937
0 0.962543554007 0.365329512894 0.0174216027875 0.0429799426934
0 0.882404181185 0.315902578797 0.0156794425087 0.0386819484241
0 0.848432055749 0.292263610315 0.0174216027875 0.0372492836676
0 0.863240418118 0.329512893983 0.0174216027875 0.0458452722063
0 0.892421602787 0.376074498567 0.0217770034843 0.0587392550143
0 0.844512195122 0.348137535817 0.0200348432056 0.0487106017192
0 0.869773519164 0.438395415473 0.0270034843206 0.0630372492837
0 0.810975609756 0.42335243553 0.0278745644599 0.0616045845272
0 0.858013937282 0.501432664756 0.0278745644599 0.0659025787966
0 0.949041811847 0.44770773639 0.0287456445993 0.067335243553
0 0.752177700348 0.402578796562 0.030487804878 0.054441260745
0 0.6106271777 0.436962750716 0.0348432055749 0.0659025787966
0 0.657665505226 0.458452722063 0.0365853658537 0.0773638968481
0 0.721254355401 0.532951289398 0.0452961672474 0.080229226361
