0 0.119047619048 0.580398162328 0.047619047619 0.0857580398162
0 0.212081128748 0.352220520674 0.0185185185185 0.0398162327718
0 0.240740740741 0.385145482389 0.021164021164 0.0505359877489
0 0.269841269841 0.394333843798 0.0246913580247 0.0474732006126
0 0.274691358025 0.320061255743 0.0220458553792 0.0398162327718
0 0.324514991182 0.379019908116 0.0246913580247 0.0535987748851
0 0.350529100529 0.336906584992 0.0167548500882 0.0398162327718
0 0.344797178131 0.306278713629 0.021164021164 0.0336906584992
0 0.380070546737 0.348392036753 0.0229276895944 0.04134762634
0 0.405202821869 0.343032159265 0.0202821869489 0.0490045941807
0 0.403439153439 0.311638591118 0.0220458553792 0.0352220520674
0 0.399911816578 0.284839203675 0.0132275132275 0.0214395099541
0 0.386684303351 0.271056661562 0.0132275132275 0.0306278713629
0 0.431657848325 0.253445635528 0.0132275132275 0.0352220520674
0 0.446649029982 0.264165390505 0.0132275132275 0.0352220520674
0 0.464726631393 0.277947932619 0.0176366843034 0.0352220520674
0 0.467813051146 0.245022970904 0.0114638447972 0.0245022970904
0 0.473985890653 0.232771822358 0.0149911816578 0.0275650842266
0 0.446649029982 0.352220520674 0.0202821869489 0.0459418070444
0 0.433421516755 0.318529862175 0.0202821869489 0.0459418070444
0 0.467372134039 0.328483920368 0.021164021164 0.0474732006126
0 0.49823633157 0.330015313936 0.0246913580247 0.04134762634
0 0.507495590829 0.273353751914 0.0167548500882 0.0352220520674
0 0.523368606702 0.282542113323 0.0202821869489 0.04134762634
0 0.522927689594 0.247320061256 0.0176366843034 0.0352220520674
0 0.544973544974 0.258805513017 0.0194003527337 0.0398162327718
0 0.561287477954 0.284839203675 0.0220458553792 0.0459418070444
0 0.586419753086 0.261102603369 0.0194003527337 0.0382848392037
0 0.572310405644 0.219754977029 0.0123456790123 0.0260336906585
0 0.585097001764 0.2067381317 0.0167548500882 0.0306278713629
0 0.615520282187 0.254977029096 0.0176366843034 0.0321592649311
0 0.622574955908 0.208269525268 0.0176366843034 0.0306278713629
0 0.642857142857 0.208269525268 0.015873015873 0.0336906584992
0 0.653880070547 0.225880551302 0.0149911816578 0.0290964777948
0 0.650793650794 0.257274119449 0.0194003527337 0.0367534456355
0 0.681216931217 0.21056661562 0.0167548500882 0.0352220520674
0 0.693121693122 0.234303215926 0.015873015873 0.0336906584992
0 0.699735449735 0.219754977029 0.0167548500882 0.0382848392037
0 0.6860670194 0.283307810107 0.021164021164 0.0398162327718
0 0.72442680776 0.264165390505 0.0202821869489 0.0382848392037
0 0.732804232804 0.308575803982 0.0194003527337 0.04134762634
0 0.698412698413 0.332312404288 0.0229276895944 0.0428790199081
0 0.648148148148 0.316998468606 0.0229276895944 0.0398162327718
0 0.611111111111 0.336906584992 0.0299823633157 0.0459418070444
0 0.54188712522 0.3797856049 0.0291005291005 0.0551301684533
0 0.473985890653 0.432618683002 0.0379188712522 0.0566615620214
0 0.532627865961 0.448698315467 0.037037037037 0.0765696784074
0 0.600529100529 0.467075038285 0.0352733686067 0.0765696784074
0 0.64594356261 0.487748851455 0.0343915343915 0.0750382848392
0 0.67328042328 0.387442572741 0.0308641975309 0.0612557427259
0 0.662257495591 0.352220520674 0.021164021164 0.0398162327718
0 0.626102292769 0.39280245023 0.0299823633157 0.0535987748851
0 0.723104056437 0.571209800919 0.0405643738977 0.0765696784074
0 0.710317460317 0.382848392037 0.0273368606702 0.0551301684533
0 0.741181657848 0.424961715161 0.0308641975309 0.062787136294
0 0.796737213404 0.44180704441 0.0326278659612 0.062787136294
0 0.853615520282 0.542879019908 0.0405643738977 0.0842266462481
0 0.882716049383 0.490045941807 0.0335097001764 0.0765696784074
0 0.950617283951 0.490811638591 0.0352733686067 0.0781010719755
0 0.888447971781 0.406584992343 0.0273368606702 0.0597243491577
0 0.839947089947 0.372894333844 0.0238095238095 0.0505359877489
0 0.853615520282 0.352986217458 0.0194003527337 0.0382848392037
0 0.829365079365 0.314701378254 0.0185185185185 0.0382848392037
0 0.802028218695 0.285604900459 0.0185185185185 0.0382848392037
0 0.78835978836 0.274119448698 0.0176366843034 0.0398162327718
0 0.769841269841 0.273353751914 0.021164021164 0.0444104134763
0 0.758818342152 0.245022970904 0.0202821869489 0.0336906584992
0 0.807760141093 0.244257274119 0.015873015873 0.04134762634
0 0.838183421517 0.246554364472 0.0167548500882 0.0275650842266
0 0.849647266314 0.271056661562 0.0167548500882 0.0367534456355
0 0.872574955908 0.261102603369 0.0114638447972 0.0290964777948
0 0.884479717813 0.278713629403 0.015873015873 0.0367534456355
0 0.902998236332 0.264931087289 0.015873015873 0.0367534456355
0 0.87962962963 0.33460949464 0.0202821869489 0.0505359877489
0 0.905202821869 0.348392036753 0.0220458553792 0.0474732006126
0 0.929894179894 0.331546707504 0.0220458553792 0.0382848392037
0 0.931657848325 0.298621745789 0.0185185185185 0.0398162327718
0 0.949735449735 0.33460949464 0.021164021164 0.0505359877489
0 0.956349206349 0.316998468606 0.0149911816578 0.0336906584992
0 0.974867724868 0.290964777948 0.0114638447972 0.0245022970904
0 0.978835978836 0.313169984686 0.0123456790123 0.0382848392037
0 0.977072310406 0.3797856049 0.021164021164 0.0459418070444
