0 0.170957361223 0.484572230014 0.0442477876106 0.0659186535764
0 0.294046661303 0.265778401122 0.0217216411907 0.0406732117812
0 0.309734513274 0.223702664797 0.0160901045857 0.0266479663394
0 0.335478680611 0.226507713885 0.0193081255028 0.0294530154278
0 0.360820595334 0.216690042076 0.016894609815 0.0266479663394
0 0.3708769107 0.246844319776 0.0176991150442 0.0336605890603
0 0.326226870475 0.26858345021 0.0217216411907 0.0350631136045
0 0.397425583266 0.251051893408 0.02252614642 0.0364656381487
0 0.393805309735 0.283309957924 0.0265486725664 0.0504908835905
0 0.385760257442 0.22159887798 0.016894609815 0.0308555399719
0 0.403057119871 0.220196353436 0.0176991150442 0.039270687237
0 0.413917940467 0.195652173913 0.016894609815 0.0378681626928
0 0.440064360418 0.166900420757 0.0128720836685 0.0308555399719
0 0.450522928399 0.173913043478 0.0144810941271 0.0252454417952
0 0.458970233307 0.140252454418 0.0136765888978 0.0308555399719
0 0.47747385358 0.14446002805 0.0120675784393 0.0252454417952
0 0.486323411102 0.140252454418 0.0136765888978 0.0308555399719
0 0.514883346742 0.132538569425 0.0128720836685 0.0266479663394
0 0.532984714401 0.129032258065 0.0120675784393 0.0252454417952
0 0.570394207562 0.112903225806 0.0128720836685 0.0266479663394
0 0.594529364441 0.107994389902 0.0160901045857 0.0280504908836
0 0.567176186645 0.134642356241 0.0160901045857 0.0364656381487
0 0.524135156879 0.15778401122 0.016894609815 0.0294530154278
0 0.537811745776 0.177419354839 0.0249396621078 0.0294530154278
0 0.509654062751 0.188639551192 0.0217216411907 0.0378681626928
0 0.449316170555 0.215988779804 0.0233306516492 0.039270687237
0 0.474658085278 0.244740532959 0.0273531777957 0.0406732117812
0 0.588897827836 0.162692847125 0.0209171359614 0.0364656381487
0 0.613032984714 0.14095371669 0.0176991150442 0.0378681626928
0 0.620273531778 0.10729312763 0.01126307321 0.0210378681627
0 0.627514078842 0.0918653576438 0.0128720836685 0.0210378681627
0 0.646017699115 0.0974754558205 0.0144810941271 0.0210378681627
0 0.649637972647 0.129032258065 0.0185036202735 0.0224403927069
0 0.673773129525 0.0953716690042 0.0136765888978 0.0196353436185
0 0.677795655672 0.121318373072 0.016894609815 0.0350631136045
0 0.695897023331 0.100981767181 0.0128720836685 0.0168302945302
0 0.755430410298 0.109396914446 0.0160901045857 0.0280504908836
0 0.796460176991 0.10729312763 0.01126307321 0.0266479663394
0 0.818181818182 0.119214586255 0.0128720836685 0.0308555399719
0 0.842719227675 0.129733520337 0.0136765888978 0.0294530154278
0 0.848753016895 0.122720897616 0.01126307321 0.0266479663394
0 0.880128720837 0.131837307153 0.0128720836685 0.0280504908836
0 0.873290426388 0.147265077139 0.0136765888978 0.0336605890603
0 0.862027353178 0.157082748948 0.0185036202735 0.039270687237
0 0.826226870475 0.160589060309 0.0176991150442 0.0350631136045
0 0.786403861625 0.152875175316 0.0152855993564 0.039270687237
0 0.806918744972 0.178821879383 0.0176991150442 0.0350631136045
0 0.728479485117 0.130434782609 0.016894609815 0.0308555399719
0 0.747385358005 0.143057503506 0.0176991150442 0.0336605890603
0 0.73572003218 0.175315568022 0.0201126307321 0.0336605890603
0 0.693483507643 0.157082748948 0.0176991150442 0.0252454417952
0 0.693483507643 0.186535764376 0.0176991150442 0.039270687237
0 0.707562349155 0.216690042076 0.0217216411907 0.0490883590463
0 0.675784392599 0.22159887798 0.0209171359614 0.0336605890603
0 0.667337087691 0.260168302945 0.0249396621078 0.0434782608696
0 0.626307320998 0.206171107994 0.0185036202735 0.0448807854137
0 0.613837489944 0.244039270687 0.0257441673371 0.0476858345021
0 0.569187449718 0.24824684432 0.0249396621078 0.039270687237
0 0.539420756235 0.297335203366 0.0313757039421 0.0561009817672
0 0.614239742558 0.323983169705 0.0313757039421 0.0532959326788
0 0.756637168142 0.226507713885 0.0249396621078 0.0575035063114
0 0.783990345937 0.199859747546 0.0152855993564 0.0378681626928
0 0.773934030571 0.286816269285 0.0273531777957 0.0518934081346
0 0.824617860016 0.253155680224 0.0209171359614 0.0434782608696
0 0.840707964602 0.211781206171 0.0176991150442 0.0308555399719
0 0.914320193081 0.136044880785 0.0136765888978 0.0280504908836
0 0.907481898632 0.150070126227 0.0160901045857 0.0336605890603
0 0.940064360418 0.15427769986 0.0152855993564 0.0280504908836
0 0.899034593725 0.181626928471 0.016894609815 0.0322580645161
0 0.880530973451 0.213884992987 0.0152855993564 0.0350631136045
0 0.929203539823 0.229312762973 0.0193081255028 0.0434782608696
0 0.940868865648 0.203366058906 0.016894609815 0.0336605890603
0 0.893805309735 0.25175315568 0.0241351568785 0.0406732117812
0 0.858407079646 0.287517531557 0.0273531777957 0.0448807854137
0 0.913917940467 0.32889200561 0.0241351568785 0.054698457223
0 0.818584070796 0.358345021038 0.0362027353178 0.0659186535764
0 0.885760257442 0.414446002805 0.0370072405471 0.0715287517532
