0 0.0959641255605 0.568421052632 0.037668161435 0.0721804511278
0 0.189686098655 0.345112781955 0.0170403587444 0.0315789473684
0 0.22197309417 0.371428571429 0.0206278026906 0.0360902255639
0 0.261883408072 0.372932330827 0.0161434977578 0.0360902255639
0 0.288340807175 0.404511278195 0.0224215246637 0.0421052631579
0 0.25067264574 0.316541353383 0.0152466367713 0.0285714285714
0 0.319282511211 0.35037593985 0.0179372197309 0.0360902255639
0 0.325560538117 0.305263157895 0.0161434977578 0.0330827067669
0 0.356053811659 0.348120300752 0.0143497757848 0.0315789473684
0 0.383408071749 0.342105263158 0.0170403587444 0.0375939849624
0 0.365919282511 0.272180451128 0.0161434977578 0.0330827067669
0 0.382959641256 0.310526315789 0.0161434977578 0.0255639097744
0 0.379372197309 0.282706766917 0.0107623318386 0.0240601503759
0 0.45067264574 0.327819548872 0.0188340807175 0.0390977443609
0 0.415695067265 0.318796992481 0.0206278026906 0.0330827067669
0 0.425112107623 0.265413533835 0.0143497757848 0.0285714285714
0 0.407623318386 0.259398496241 0.0134529147982 0.0255639097744
0 0.442600896861 0.27969924812 0.0170403587444 0.0300751879699
0 0.443946188341 0.25037593985 0.0143497757848 0.0255639097744
0 0.452466367713 0.236090225564 0.0116591928251 0.0210526315789
0 0.491479820628 0.273684210526 0.0125560538117 0.0330827067669
0 0.507623318386 0.278195488722 0.0143497757848 0.0330827067669
0 0.489237668161 0.332330827068 0.0152466367713 0.0330827067669
0 0.430493273543 0.357142857143 0.0233183856502 0.0345864661654
0 0.453811659193 0.41954887218 0.0286995515695 0.0661654135338
0 0.504035874439 0.248872180451 0.0143497757848 0.0255639097744
0 0.546188340807 0.282706766917 0.0161434977578 0.0360902255639
0 0.539910313901 0.247368421053 0.0143497757848 0.0285714285714
0 0.565022421525 0.254135338346 0.0143497757848 0.0330827067669
0 0.558744394619 0.218796992481 0.0107623318386 0.0255639097744
0 0.570403587444 0.213533834586 0.0107623318386 0.0240601503759
0 0.595067264574 0.251127819549 0.0134529147982 0.0300751879699
0 0.641704035874 0.24962406015 0.0134529147982 0.0270676691729
0 0.637668161435 0.221804511278 0.0125560538117 0.0225563909774
0 0.612556053812 0.201503759398 0.0107623318386 0.0240601503759
0 0.668161434978 0.211278195489 0.0107623318386 0.0255639097744
0 0.677578475336 0.229323308271 0.00986547085202 0.0255639097744
0 0.683856502242 0.215037593985 0.0152466367713 0.0300751879699
0 0.67130044843 0.281954887218 0.0170403587444 0.0315789473684
0 0.709865470852 0.263157894737 0.0170403587444 0.0300751879699
0 0.593273542601 0.344360902256 0.0224215246637 0.0421052631579
0 0.529596412556 0.422556390977 0.027802690583 0.0451127819549
0 0.522869955157 0.389473684211 0.0269058295964 0.0421052631579
0 0.582062780269 0.416541353383 0.0251121076233 0.0390977443609
0 0.574439461883 0.47969924812 0.0313901345291 0.0601503759398
0 0.635874439462 0.483458646617 0.037668161435 0.0676691729323
0 0.666367713004 0.39022556391 0.0215246636771 0.0436090225564
0 0.641704035874 0.363157894737 0.0206278026906 0.0406015037594
0 0.631390134529 0.312781954887 0.0179372197309 0.0270676691729
0 0.688340807175 0.326315789474 0.0170403587444 0.0360902255639
0 0.717937219731 0.306766917293 0.0152466367713 0.0390977443609
0 0.752466367713 0.254135338346 0.0125560538117 0.0300751879699
0 0.764573991031 0.221804511278 0.0116591928251 0.0315789473684
0 0.703139013453 0.563157894737 0.0358744394619 0.0706766917293
0 0.72600896861 0.42030075188 0.027802690583 0.0466165413534
0 0.693273542601 0.376691729323 0.0233183856502 0.0406015037594
0 0.826905829596 0.372180451128 0.0215246636771 0.0466165413534
0 0.787443946188 0.447368421053 0.0233183856502 0.0586466165414
0 0.838565022422 0.52030075188 0.0322869955157 0.0631578947368
0 0.866816143498 0.475939849624 0.027802690583 0.0586466165414
0 0.938565022422 0.5 0.027802690583 0.0646616541353
0 0.87668161435 0.386466165414 0.0242152466368 0.0481203007519
0 0.891479820628 0.343609022556 0.0161434977578 0.0375939849624
0 0.921524663677 0.333834586466 0.0170403587444 0.0390977443609
0 0.948878923767 0.370676691729 0.0161434977578 0.0436090225564
0 0.957847533632 0.330827067669 0.0143497757848 0.0360902255639
0 0.972197309417 0.322556390977 0.0161434977578 0.0315789473684
0 0.964573991031 0.29022556391 0.0152466367713 0.0300751879699
0 0.917040358744 0.281203007519 0.0170403587444 0.0300751879699
0 0.899551569507 0.263909774436 0.0161434977578 0.0315789473684
0 0.865022421525 0.284210526316 0.0152466367713 0.0270676691729
0 0.876233183857 0.265413533835 0.0161434977578 0.0315789473684
0 0.860089686099 0.256390977444 0.019730941704 0.0315789473684
0 0.837219730942 0.276691729323 0.0152466367713 0.0360902255639
0 0.820179372197 0.296992481203 0.0170403587444 0.0285714285714
0 0.868161434978 0.333082706767 0.0179372197309 0.0375939849624
0 0.841255605381 0.351879699248 0.0179372197309 0.0421052631579
0 0.782511210762 0.293984962406 0.0188340807175 0.0345864661654
0 0.77399103139 0.260902255639 0.0143497757848 0.0255639097744
0 0.792376681614 0.273684210526 0.0170403587444 0.0360902255639
0 0.792376681614 0.242857142857 0.0152466367713 0.0345864661654
0 0.82466367713 0.244360902256 0.0170403587444 0.0285714285714
