0 0.0824742268041 0.432231404959 0.0431115276476 0.0876033057851
0 0.255388940956 0.280991735537 0.0178069353327 0.0264462809917
0 0.298500468604 0.252066115702 0.0196813495783 0.0380165289256
0 0.322867853796 0.223140495868 0.0140581068416 0.0330578512397
0 0.298031865042 0.276859504132 0.0168697282099 0.0247933884298
0 0.305998125586 0.305785123967 0.0159325210872 0.0231404958678
0 0.336925960637 0.242975206612 0.0140581068416 0.0297520661157
0 0.351921274602 0.219834710744 0.0196813495783 0.0330578512397
0 0.367853795689 0.213223140496 0.0121836925961 0.0264462809917
0 0.377694470478 0.261983471074 0.0168697282099 0.0280991735537
0 0.392689784442 0.193388429752 0.0131208997188 0.0330578512397
0 0.444704779756 0.226446280992 0.0196813495783 0.0330578512397
0 0.411902530459 0.17520661157 0.0159325210872 0.0198347107438
0 0.450328022493 0.147933884298 0.0103092783505 0.0247933884298
0 0.44611059044 0.193388429752 0.0168697282099 0.0330578512397
0 0.470009372071 0.194214876033 0.0159325210872 0.0314049586777
0 0.474226804124 0.151239669421 0.0131208997188 0.0280991735537
0 0.487347703843 0.14132231405 0.0112464854733 0.0247933884298
0 0.498125585754 0.184297520661 0.0253045923149 0.0380165289256
0 0.516401124649 0.138842975207 0.0149953139644 0.0297520661157
0 0.53045923149 0.139669421488 0.0168697282099 0.0314049586777
0 0.562792877226 0.109090909091 0.0103092783505 0.0198347107438
0 0.59137769447 0.12479338843 0.0112464854733 0.0314049586777
0 0.573102155576 0.173553719008 0.0234301780694 0.0396694214876
0 0.55388940956 0.152892561983 0.0168697282099 0.0247933884298
0 0.526241799438 0.213223140496 0.0253045923149 0.0363636363636
0 0.434395501406 0.267768595041 0.0159325210872 0.0396694214876
0 0.498594189316 0.281818181818 0.0262417994377 0.0446280991736
0 0.539362699157 0.306611570248 0.0253045923149 0.0512396694215
0 0.623711340206 0.140495867769 0.0196813495783 0.0462809917355
0 0.639175257732 0.102479338843 0.0131208997188 0.0231404958678
0 0.678069353327 0.113223140496 0.0140581068416 0.0314049586777
0 0.69915651359 0.101652892562 0.0131208997188 0.0314049586777
0 0.630740393627 0.190082644628 0.0187441424555 0.0363636363636
0 0.611996251172 0.252892561983 0.0243673851921 0.0396694214876
0 0.608716026242 0.32479338843 0.029053420806 0.0413223140496
0 0.679943767573 0.323140495868 0.0234301780694 0.0512396694215
0 0.661199625117 0.257851239669 0.0196813495783 0.0429752066116
0 0.660731021556 0.200826446281 0.0224929709466 0.0446280991736
0 0.662605435801 0.15867768595 0.0168697282099 0.0363636363636
0 0.694470477976 0.178512396694 0.0168697282099 0.0297520661157
0 0.69259606373 0.138016528926 0.0131208997188 0.0347107438017
0 0.704779756326 0.222314049587 0.0149953139644 0.0413223140496
0 0.736176194939 0.128099173554 0.0140581068416 0.0314049586777
0 0.754451733833 0.109917355372 0.0168697282099 0.0314049586777
0 0.736176194939 0.165289256198 0.0159325210872 0.0297520661157
0 0.755388940956 0.223140495868 0.0224929709466 0.0462809917355
0 0.746016869728 0.186776859504 0.0149953139644 0.0363636363636
0 0.75679475164 0.176859504132 0.0196813495783 0.0396694214876
0 0.771321462043 0.130578512397 0.0149953139644 0.0297520661157
0 0.78725398313 0.292561983471 0.0224929709466 0.0561983471074
0 0.8106841612 0.254545454545 0.0187441424555 0.0528925619835
0 0.799437675726 0.185123966942 0.0149953139644 0.0396694214876
0 0.798969072165 0.125619834711 0.0140581068416 0.0330578512397
0 0.780693533271 0.115702479339 0.0112464854733 0.0297520661157
0 0.819119025305 0.131404958678 0.0131208997188 0.0314049586777
0 0.86832239925 0.127272727273 0.0140581068416 0.0297520661157
0 0.834114339269 0.146280991736 0.0131208997188 0.0347107438017
0 0.846298031865 0.19173553719 0.0149953139644 0.0297520661157
0 0.819119025305 0.169421487603 0.0224929709466 0.0280991735537
0 0.856607310216 0.167768595041 0.0168697282099 0.0314049586777
0 0.897844423618 0.13305785124 0.0149953139644 0.0413223140496
0 0.887066541706 0.190909090909 0.0159325210872 0.0314049586777
0 0.896907216495 0.170247933884 0.0168697282099 0.0297520661157
0 0.87488284911 0.225619834711 0.0140581068416 0.0347107438017
0 0.917994376757 0.279338842975 0.0196813495783 0.0495867768595
0 0.928303655108 0.206611570248 0.0159325210872 0.0297520661157
0 0.919868791003 0.172727272727 0.0140581068416 0.0314049586777
0 0.927366447985 0.152892561983 0.0103092783505 0.0247933884298
0 0.729147141518 0.30826446281 0.0299906279288 0.0545454545455
0 0.503748828491 0.225619834711 0.0253045923149 0.0413223140496
0 0.511715089035 0.173553719008 0.0262417994377 0.0396694214876
0 0.419400187441 0.228925619835 0.0253045923149 0.0314049586777
0 0.368791002812 0.230578512397 0.0178069353327 0.0347107438017
0 0.563261480787 0.246280991736 0.0224929709466 0.0495867768595
0 0.41893158388 0.190909090909 0.0131208997188 0.0280991735537
0 0.61808809747 0.107438016529 0.0121836925961 0.0264462809917
0 0.625585754452 0.109090909091 0.0103092783505 0.0264462809917
0 0.598406747891 0.103305785124 0.0121836925961 0.0247933884298
0 0.708997188379 0.139669421488 0.0178069353327 0.0413223140496
