0 0.115927419355 0.506227758007 0.0463709677419 0.115658362989
0 0.723286290323 0.123665480427 0.0151209677419 0.0302491103203
0 0.688004032258 0.113879003559 0.0151209677419 0.0284697508897
0 0.637600806452 0.10231316726 0.0151209677419 0.0266903914591
0 0.744959677419 0.135231316726 0.0181451612903 0.0284697508897
0 0.759072580645 0.13256227758 0.0120967741935 0.0231316725979
0 0.31502016129 0.23665480427 0.0151209677419 0.0427046263345
0 0.328125 0.202846975089 0.0171370967742 0.0391459074733
0 0.357862903226 0.202846975089 0.0141129032258 0.0355871886121
0 0.425907258065 0.157473309609 0.0151209677419 0.0266903914591
0 0.470766129032 0.140569395018 0.0141129032258 0.0320284697509
0 0.498487903226 0.127224199288 0.0110887096774 0.0266903914591
0 0.424899193548 0.201067615658 0.0171370967742 0.0320284697509
0 0.449596774194 0.218861209964 0.0201612903226 0.0391459074733
0 0.529737903226 0.128113879004 0.0151209677419 0.0355871886121
0 0.583165322581 0.120996441281 0.0151209677419 0.0320284697509
0 0.607358870968 0.125444839858 0.0151209677419 0.0266903914591
0 0.617943548387 0.113879003559 0.0201612903226 0.0284697508897
0 0.780745967742 0.146797153025 0.0151209677419 0.0373665480427
0 0.538810483871 0.159252669039 0.0131048387097 0.0231316725979
0 0.509576612903 0.152135231317 0.0131048387097 0.0338078291815
0 0.489919354839 0.146797153025 0.0201612903226 0.0373665480427
0 0.503528225806 0.216192170819 0.0151209677419 0.0373665480427
0 0.560987903226 0.185943060498 0.0171370967742 0.0338078291815
0 0.560987903226 0.164590747331 0.0191532258065 0.0480427046263
0 0.543850806452 0.137900355872 0.0151209677419 0.0266903914591
0 0.592741935484 0.167259786477 0.0141129032258 0.0284697508897
0 0.631048387097 0.154804270463 0.0141129032258 0.0284697508897
0 0.658266129032 0.142348754448 0.0141129032258 0.0284697508897
0 0.664314516129 0.118327402135 0.0141129032258 0.0302491103203
0 0.533266129032 0.274911032028 0.0322580645161 0.0551601423488
0 0.586189516129 0.284697508897 0.023185483871 0.0533807829181
0 0.589213709677 0.251779359431 0.023185483871 0.0480427046263
0 0.635080645161 0.298932384342 0.0302419354839 0.067615658363
0 0.637600806452 0.258896797153 0.0332661290323 0.0551601423488
0 0.641633064516 0.22153024911 0.0211693548387 0.0480427046263
0 0.663810483871 0.197508896797 0.023185483871 0.0427046263345
0 0.670362903226 0.243772241993 0.0221774193548 0.0427046263345
0 0.711189516129 0.171708185053 0.0191532258065 0.0302491103203
0 0.704133064516 0.212633451957 0.0211693548387 0.0373665480427
0 0.722782258065 0.23665480427 0.0181451612903 0.0391459074733
0 0.678931451613 0.297153024911 0.0252016129032 0.0427046263345
0 0.677923387097 0.345195729537 0.0332661290323 0.0427046263345
0 0.759072580645 0.335409252669 0.0302419354839 0.0622775800712
0 0.75252016129 0.173487544484 0.0151209677419 0.0302491103203
0 0.816028225806 0.172597864769 0.0171370967742 0.0427046263345
0 0.848790322581 0.153024911032 0.0161290322581 0.0355871886121
0 0.834677419355 0.17615658363 0.0201612903226 0.0391459074733
0 0.788306451613 0.217971530249 0.0241935483871 0.0480427046263
0 0.797883064516 0.27846975089 0.0272177419355 0.0444839857651
0 0.838709677419 0.360320284698 0.0322580645161 0.05871886121
0 0.844758064516 0.21975088968 0.0201612903226 0.0444839857651
0 0.820564516129 0.264234875445 0.0262096774194 0.0480427046263
0 0.883568548387 0.155693950178 0.0151209677419 0.0338078291815
0 0.869455645161 0.185943060498 0.0211693548387 0.0302491103203
0 0.892137096774 0.212633451957 0.0181451612903 0.0373665480427
0 0.919858870968 0.1628113879 0.0131048387097 0.0338078291815
0 0.917842741935 0.185943060498 0.0171370967742 0.0409252669039
0 0.945060483871 0.172597864769 0.0131048387097 0.0355871886121
0 0.935987903226 0.249110320285 0.0211693548387 0.0391459074733
0 0.925907258065 0.284697508897 0.0171370967742 0.0427046263345
0 0.922379032258 0.324733096085 0.0262096774194 0.0444839857651
0 0.871471774194 0.29537366548 0.023185483871 0.0533807829181
0 0.883064516129 0.25 0.0221774193548 0.0551601423488
0 0.902721774194 0.200177935943 0.0171370967742 0.0338078291815
0 0.854838709677 0.199288256228 0.0221774193548 0.0533807829181
0 0.772177419355 0.190391459075 0.0262096774194 0.0498220640569
0 0.764616935484 0.151245551601 0.0191532258065 0.0391459074733
0 0.692540322581 0.139679715302 0.0241935483871 0.0444839857651
0 0.491431451613 0.180604982206 0.0151209677419 0.0373665480427
0 0.439012096774 0.190391459075 0.0151209677419 0.0355871886121
0 0.470766129032 0.154804270463 0.0161290322581 0.0284697508897
0 0.945564516129 0.222419928826 0.0141129032258 0.0355871886121
