0 0.834796488428 0.206925675676 0.0143655227454 0.0388513513514
0 0.881883479649 0.220439189189 0.0127693535515 0.0456081081081
0 0.873503591381 0.235641891892 0.0135674381484 0.0422297297297
0 0.875099760575 0.40625 0.0183559457302 0.0692567567568
0 0.865123703113 0.341216216216 0.0143655227454 0.0608108108108
0 0.948523543496 0.376689189189 0.0199521149242 0.0608108108108
0 0.966081404629 0.441722972973 0.0183559457302 0.0658783783784
0 0.925379090184 0.320101351351 0.0135674381484 0.0523648648649
0 0.976456504389 0.333614864865 0.0103750997606 0.0422297297297
0 0.978451715882 0.364864864865 0.0127693535515 0.0439189189189
0 0.940143655227 0.268581081081 0.0127693535515 0.0439189189189
0 0.951316839585 0.240709459459 0.0111731843575 0.0388513513514
0 0.987230646449 0.264358108108 0.00957701516361 0.035472972973
0 0.983639265762 0.305743243243 0.0119712689545 0.0405405405405
0 0.911811652035 0.228040540541 0.0135674381484 0.0405405405405
0 0.88946528332 0.267736486486 0.0151636073424 0.0489864864865
0 0.903032721468 0.245777027027 0.0119712689545 0.0388513513514
0 0.820430965682 0.295608108108 0.0191540303272 0.0540540540541
0 0.71588188348 0.150337837838 0.0111731843575 0.0304054054054
0 0.717079010375 0.209459459459 0.0119712689545 0.0439189189189
0 0.725857940942 0.271114864865 0.0167597765363 0.0489864864865
0 0.737829209896 0.212837837838 0.0119712689545 0.0405405405405
0 0.76057462091 0.231418918919 0.0159616919393 0.0472972972973
0 0.769752593775 0.282094594595 0.0183559457302 0.0472972972973
0 0.784517158819 0.16722972973 0.0127693535515 0.0405405405405
0 0.780925778132 0.20777027027 0.0167597765363 0.0506756756757
0 0.815243415802 0.1875 0.0135674381484 0.0439189189189
0 0.817238627294 0.238175675676 0.0127693535515 0.0506756756757
0 0.796089385475 0.251689189189 0.0167597765363 0.0439189189189
0 0.733439744613 0.389358108108 0.025538707103 0.0658783783784
0 0.806863527534 0.460304054054 0.0287310454908 0.0827702702703
0 0.862729449322 0.516891891892 0.025538707103 0.0810810810811
0 0.611332801277 0.371621621622 0.0207501995211 0.0574324324324
0 0.661612130886 0.40625 0.023942537909 0.0726351351351
0 0.619313647247 0.288006756757 0.0207501995211 0.0557432432432
0 0.632083000798 0.192567567568 0.0127693535515 0.0439189189189
0 0.667996807662 0.245777027027 0.0191540303272 0.0591216216216
0 0.667996807662 0.179898648649 0.0127693535515 0.035472972973
0 0.661213088587 0.146959459459 0.0103750997606 0.0371621621622
0 0.698324022346 0.137668918919 0.0111731843575 0.0320945945946
0 0.690343176377 0.160472972973 0.0127693535515 0.0405405405405
0 0.646448523543 0.135135135135 0.0127693535515 0.0371621621622
0 0.602154828412 0.122466216216 0.0119712689545 0.035472972973
0 0.583000798085 0.13597972973 0.0135674381484 0.035472972973
0 0.623304070231 0.125844594595 0.0111731843575 0.0320945945946
0 0.619712689545 0.153716216216 0.0135674381484 0.0304054054054
0 0.529130087789 0.157939189189 0.0111731843575 0.035472972973
0 0.557462090982 0.137668918919 0.0119712689545 0.0388513513514
0 0.554269752594 0.160472972973 0.0135674381484 0.0371621621622
0 0.575818036712 0.194256756757 0.0135674381484 0.0405405405405
0 0.556264964086 0.214527027027 0.0159616919393 0.0405405405405
0 0.496408619314 0.148648648649 0.0111731843575 0.0304054054054
0 0.45011971269 0.158783783784 0.0127693535515 0.0371621621622
0 0.43695131684 0.188344594595 0.0135674381484 0.0388513513514
0 0.417797286512 0.171452702703 0.0119712689545 0.0253378378378
0 0.403032721468 0.184966216216 0.0127693535515 0.035472972973
0 0.405027932961 0.233108108108 0.0119712689545 0.0405405405405
0 0.472466081405 0.247466216216 0.0159616919393 0.0489864864865
0 0.480845969673 0.163006756757 0.0151636073424 0.0422297297297
0 0.502793296089 0.204391891892 0.0143655227454 0.0439189189189
0 0.359138068635 0.206925675676 0.0159616919393 0.0388513513514
0 0.371907422187 0.264358108108 0.0159616919393 0.0523648648649
0 0.441340782123 0.304054054054 0.0191540303272 0.0608108108108
0 0.318036711891 0.202702702703 0.0151636073424 0.0439189189189
0 0.330806065443 0.231418918919 0.0167597765363 0.0472972972973
0 0.309656823623 0.232263513514 0.0159616919393 0.0388513513514
0 0.277733439745 0.236486486486 0.0175578611333 0.0371621621622
0 0.207102952913 0.266891891892 0.0151636073424 0.0439189189189
0 0.219074221868 0.283783783784 0.0183559457302 0.0472972972973
0 0.366719872306 0.193412162162 0.0167597765363 0.0287162162162
0 0.565442936951 0.341216216216 0.0215482841181 0.0574324324324
0 0.102952913009 0.569256756757 0.0383080606544 0.114864864865
