0 0.236744186047 0.216260162602 0.0213953488372 0.0325203252033
0 0.292093023256 0.191056910569 0.0204651162791 0.0406504065041
0 0.336279069767 0.235772357724 0.0195348837209 0.0487804878049
0 0.351627906977 0.20162601626 0.0204651162791 0.0390243902439
0 0.401860465116 0.162601626016 0.0223255813953 0.0422764227642
0 0.387441860465 0.20406504065 0.0232558139535 0.0308943089431
0 0.473953488372 0.187804878049 0.0232558139535 0.0471544715447
0 0.552558139535 0.19837398374 0.0241860465116 0.0487804878049
0 0.618604651163 0.240650406504 0.0260465116279 0.0520325203252
0 0.512558139535 0.312195121951 0.0446511627907 0.0747967479675
0 0.646976744186 0.244715447154 0.0232558139535 0.0439024390244
0 0.362790697674 0.179674796748 0.0241860465116 0.0439024390244
0 0.339069767442 0.19918699187 0.0176744186047 0.0341463414634
