0 0.13560111836 0.287251655629 0.0195712954334 0.0380794701987
0 0.369990680336 0.228476821192 0.0260950605778 0.0596026490066
0 0.409133271202 0.19701986755 0.0205032618826 0.0397350993377
0 0.433364398882 0.254966887417 0.0242311276794 0.0496688741722
0 0.400279589935 0.337748344371 0.0344827586207 0.0562913907285
0 0.492078285182 0.28559602649 0.0279589934762 0.0546357615894
0 0.455731593663 0.223509933775 0.0242311276794 0.046357615894
0 0.479030754893 0.186258278146 0.0205032618826 0.0380794701987
0 0.489748369059 0.152317880795 0.0139794967381 0.0364238410596
0 0.499534016775 0.186258278146 0.0205032618826 0.0413907284768
0 0.630009319664 0.243377483444 0.0242311276794 0.0529801324503
0 0.571761416589 0.134933774834 0.0177073625349 0.0314569536424
0 0.694780987884 0.190397350993 0.0195712954334 0.0496688741722
