0 0.0845935727788 0.448844884488 0.031190926276 0.0660066006601
0 0.0973534971645 0.390264026403 0.0378071833648 0.0610561056106
0 0.140359168242 0.364686468647 0.0368620037807 0.0759075907591
0 0.171550094518 0.497524752475 0.0557655954631 0.0874587458746
0 0.205103969754 0.344059405941 0.0283553875236 0.0643564356436
0 0.227315689981 0.335808580858 0.0293005671078 0.0742574257426
0 0.373345935728 0.172442244224 0.0245746691871 0.0379537953795
0 0.43572778828 0.169141914191 0.0207939508507 0.0412541254125
0 0.676748582231 0.11303630363 0.0245746691871 0.0379537953795
0 0.701323251418 0.0519801980198 0.0189035916824 0.0379537953795
0 0.730623818526 0.127887788779 0.0245746691871 0.0445544554455
0 0.824669187146 0.251650165017 0.0368620037807 0.0940594059406
0 0.887996219282 0.280528052805 0.0538752362949 0.102310231023
