0 0.205323193916 0.36078098472 0.0399239543726 0.0797962648557
0 0.27566539924 0.229202037351 0.0152091254753 0.0305602716469
0 0.300855513308 0.225806451613 0.0142585551331 0.0305602716469
0 0.316064638783 0.235993208829 0.0142585551331 0.0271646859083
0 0.372148288973 0.253820033956 0.0180608365019 0.0356536502547
0 0.407794676806 0.238539898132 0.0190114068441 0.0458404074703
0 0.333650190114 0.172325976231 0.0133079847909 0.0220713073005
0 0.342680608365 0.206281833616 0.0142585551331 0.025466893039
0 0.384030418251 0.206281833616 0.0152091254753 0.025466893039
0 0.369296577947 0.202886247878 0.0142585551331 0.025466893039
0 0.410646387833 0.203735144312 0.0133079847909 0.0237691001698
0 0.430608365019 0.213921901528 0.0171102661597 0.0305602716469
0 0.47433460076 0.220713073005 0.0171102661597 0.0305602716469
0 0.463403041825 0.191001697793 0.0142585551331 0.0288624787776
0 0.412072243346 0.168930390492 0.0142585551331 0.0288624787776
0 0.422053231939 0.146010186757 0.0133079847909 0.0203735144312
0 0.429657794677 0.173174872666 0.0133079847909 0.0271646859083
0 0.450095057034 0.154499151104 0.0142585551331 0.0237691001698
0 0.460551330798 0.13921901528 0.0104562737643 0.0203735144312
0 0.478136882129 0.160441426146 0.0133079847909 0.0220713073005
0 0.503326996198 0.144312393888 0.0123574144487 0.0237691001698
0 0.520912547529 0.155348047538 0.0133079847909 0.025466893039
0 0.503326996198 0.18505942275 0.0142585551331 0.0271646859083
0 0.550380228137 0.187606112054 0.0171102661597 0.0356536502547
0 0.54752851711 0.159592529711 0.0133079847909 0.0237691001698
0 0.542775665399 0.145161290323 0.0114068441065 0.018675721562
0 0.537547528517 0.129881154499 0.0123574144487 0.0220713073005
0 0.520437262357 0.123089983022 0.0123574144487 0.0220713073005
0 0.496197718631 0.119694397284 0.0133079847909 0.0220713073005
0 0.572243346008 0.11714770798 0.0152091254753 0.0305602716469
0 0.576520912548 0.169779286927 0.0142585551331 0.0237691001698
0 0.617395437262 0.153650254669 0.0123574144487 0.025466893039
0 0.591254752852 0.131578947368 0.0171102661597 0.025466893039
0 0.602661596958 0.108658743633 0.00950570342205 0.0237691001698
0 0.615494296578 0.124787775891 0.0123574144487 0.025466893039
0 0.625475285171 0.106112054329 0.0133079847909 0.0288624787776
0 0.644961977186 0.129032258065 0.0142585551331 0.0271646859083
0 0.654942965779 0.103565365025 0.0133079847909 0.0271646859083
0 0.664923954373 0.132427843803 0.0123574144487 0.0237691001698
0 0.680133079848 0.121392190153 0.0104562737643 0.0220713073005
0 0.682509505703 0.100169779287 0.00950570342205 0.0203735144312
0 0.700570342205 0.110356536503 0.0133079847909 0.0271646859083
0 0.661596958175 0.189303904924 0.0171102661597 0.0322580645161
0 0.489068441065 0.27843803056 0.0256653992395 0.0475382003396
0 0.537072243346 0.289473684211 0.0209125475285 0.0526315789474
0 0.558460076046 0.250424448217 0.0218631178707 0.0390492359932
0 0.620247148289 0.25636672326 0.0218631178707 0.044142614601
0 0.622623574144 0.218166383701 0.0171102661597 0.0288624787776
0 0.591730038023 0.3259762309 0.0218631178707 0.0577249575552
0 0.666349809886 0.335314091681 0.0285171102662 0.062818336163
0 0.668726235741 0.276740237691 0.0237642585551 0.0475382003396
0 0.723859315589 0.304753820034 0.0256653992395 0.0526315789474
0 0.736692015209 0.387096774194 0.032319391635 0.0780984719864
0 0.803707224335 0.407470288625 0.027566539924 0.0679117147708
0 0.774239543726 0.295415959253 0.0218631178707 0.0577249575552
0 0.758079847909 0.25466893039 0.0180608365019 0.0407470288625
0 0.716730038023 0.233446519525 0.0209125475285 0.0458404074703
0 0.690589353612 0.206281833616 0.0180608365019 0.0390492359932
0 0.692015209125 0.167232597623 0.0190114068441 0.0322580645161
0 0.714828897338 0.160441426146 0.0133079847909 0.025466893039
0 0.742870722433 0.172325976231 0.0142585551331 0.0288624787776
0 0.742395437262 0.202886247878 0.0171102661597 0.0356536502547
0 0.74144486692 0.134125636672 0.0152091254753 0.0339558573854
0 0.758079847909 0.158743633277 0.0142585551331 0.0322580645161
0 0.776615969582 0.138370118846 0.0152091254753 0.0322580645161
0 0.787072243346 0.157045840407 0.0133079847909 0.0322580645161
0 0.803231939163 0.157894736842 0.0152091254753 0.0271646859083
0 0.790399239544 0.234295415959 0.0199619771863 0.0407470288625
0 0.813688212928 0.253820033956 0.0190114068441 0.0492359932088
0 0.836501901141 0.327674023769 0.0285171102662 0.0509337860781
0 0.853136882129 0.255517826825 0.0180608365019 0.0390492359932
0 0.879752851711 0.230050933786 0.0142585551331 0.0390492359932
0 0.923954372624 0.217317487267 0.0133079847909 0.0305602716469
0 0.916349809886 0.285229202037 0.0171102661597 0.044142614601
0 0.902091254753 0.346349745331 0.0190114068441 0.0543293718166
0 0.893536121673 0.432937181664 0.032319391635 0.0780984719864
