0 0.119791666667 0.548657718121 0.0472756410256 0.11744966443
0 0.199519230769 0.298657718121 0.0208333333333 0.0536912751678
0 0.230368589744 0.290268456376 0.0232371794872 0.0503355704698
0 0.268429487179 0.249161073826 0.0192307692308 0.0453020134228
0 0.306490384615 0.247483221477 0.0200320512821 0.0453020134228
0 0.308092948718 0.215604026846 0.0200320512821 0.0385906040268
0 0.330528846154 0.23322147651 0.0232371794872 0.0469798657718
0 0.351362179487 0.214765100671 0.0168269230769 0.0436241610738
0 0.364583333333 0.20889261745 0.0192307692308 0.0419463087248
0 0.388621794872 0.247483221477 0.0160256410256 0.0453020134228
0 0.371794871795 0.270134228188 0.0176282051282 0.0469798657718
0 0.438301282051 0.317953020134 0.0224358974359 0.0553691275168
0 0.389823717949 0.195469798658 0.0168269230769 0.0385906040268
0 0.432692307692 0.19966442953 0.0160256410256 0.0402684563758
0 0.438301282051 0.171140939597 0.0160256410256 0.0402684563758
0 0.471153846154 0.253355704698 0.0224358974359 0.0503355704698
0 0.49358974359 0.213926174497 0.0192307692308 0.0419463087248
0 0.480769230769 0.179530201342 0.0176282051282 0.0436241610738
0 0.467147435897 0.180369127517 0.0144230769231 0.0419463087248
0 0.455528846154 0.172818791946 0.0152243589744 0.0335570469799
0 0.493990384615 0.157718120805 0.0168269230769 0.0335570469799
0 0.519230769231 0.177852348993 0.0208333333333 0.0469798657718
0 0.550480769231 0.221476510067 0.0160256410256 0.0402684563758
0 0.561298076923 0.168624161074 0.0168269230769 0.0419463087248
0 0.55328525641 0.145134228188 0.0136217948718 0.0318791946309
0 0.577724358974 0.138422818792 0.0144230769231 0.0352348993289
0 0.581730769231 0.20889261745 0.0176282051282 0.0453020134228
0 0.580528846154 0.181208053691 0.0152243589744 0.0369127516779
0 0.596554487179 0.135906040268 0.0152243589744 0.0369127516779
0 0.608573717949 0.162751677852 0.0168269230769 0.0402684563758
0 0.604166666667 0.193791946309 0.0144230769231 0.0419463087248
0 0.622996794872 0.206375838926 0.0168269230769 0.0436241610738
0 0.657051282051 0.186241610738 0.0128205128205 0.0335570469799
0 0.656650641026 0.151845637584 0.0136217948718 0.0385906040268
0 0.630208333333 0.138422818792 0.0152243589744 0.0352348993289
0 0.66546474359 0.138422818792 0.0136217948718 0.0318791946309
0 0.689102564103 0.144295302013 0.0144230769231 0.0335570469799
0 0.713541666667 0.161912751678 0.0168269230769 0.0419463087248
0 0.690705128205 0.177852348993 0.0160256410256 0.0369127516779
0 0.697916666667 0.226510067114 0.0192307692308 0.0536912751678
0 0.664262820513 0.237416107383 0.0240384615385 0.0553691275168
0 0.620192307692 0.303691275168 0.025641025641 0.0536912751678
0 0.576522435897 0.336409395973 0.03125 0.0620805369128
0 0.606570512821 0.388422818792 0.0288461538462 0.0654362416107
0 0.656650641026 0.406040268456 0.03125 0.0637583892617
0 0.72516025641 0.403523489933 0.0320512820513 0.0822147651007
0 0.727564102564 0.288590604027 0.0240384615385 0.0536912751678
0 0.752003205128 0.303691275168 0.0200320512821 0.0604026845638
0 0.740384615385 0.24244966443 0.0192307692308 0.0419463087248
0 0.741987179487 0.204697986577 0.0208333333333 0.0402684563758
0 0.770432692308 0.193791946309 0.0168269230769 0.0453020134228
0 0.780849358974 0.217281879195 0.0168269230769 0.0453020134228
0 0.788461538462 0.27432885906 0.0176282051282 0.0553691275168
0 0.814102564103 0.305369127517 0.0192307692308 0.0536912751678
0 0.81891025641 0.232382550336 0.0192307692308 0.0419463087248
0 0.808493589744 0.198825503356 0.0176282051282 0.0520134228188
0 0.844150641026 0.223993288591 0.0152243589744 0.0486577181208
0 0.86858974359 0.237416107383 0.0160256410256 0.0419463087248
0 0.877403846154 0.231543624161 0.0128205128205 0.0335570469799
0 0.862580128205 0.344798657718 0.0184294871795 0.0486577181208
0 0.889423076923 0.405201342282 0.025641025641 0.0553691275168
0 0.867387820513 0.5 0.0296474358974 0.0838926174497
0 0.804086538462 0.431208053691 0.0328525641026 0.0838926174497
0 0.886618589744 0.284395973154 0.0200320512821 0.0520134228188
0 0.898637820513 0.26677852349 0.0152243589744 0.0436241610738
0 0.905448717949 0.241610738255 0.0144230769231 0.0369127516779
0 0.928685897436 0.273489932886 0.0160256410256 0.0503355704698
0 0.923878205128 0.346476510067 0.0176282051282 0.0520134228188
0 0.944310897436 0.388422818792 0.0232371794872 0.0620805369128
0 0.947516025641 0.479026845638 0.0232371794872 0.0721476510067
0 0.972756410256 0.371644295302 0.0176282051282 0.0553691275168
0 0.969951923077 0.331375838926 0.0168269230769 0.0385906040268
0 0.984375 0.275167785235 0.0168269230769 0.0402684563758
0 0.944711538462 0.255872483221 0.0176282051282 0.0553691275168
