0 0.4355 0.228980322004 0.019 0.0322003577818
0 0.466 0.24060822898 0.018 0.0304114490161
0 0.5945 0.116279069767 0.019 0.0500894454383
0 0.686 0.133273703041 0.018 0.0483005366726
0 0.6215 0.192307692308 0.023 0.0447227191413
0 0.6265 0.225402504472 0.027 0.0357781753131
0 0.679 0.203935599284 0.02 0.0429338103757
0 0.7245 0.301431127013 0.023 0.0554561717352
0 0.8135 0.255813953488 0.023 0.0500894454383
0 0.843 0.228980322004 0.022 0.0500894454383
0 0.8445 0.295169946333 0.029 0.0751341681574
0 0.8615 0.264758497317 0.021 0.0393559928444
0 0.9175 0.321109123435 0.033 0.0769230769231
0 0.949 0.305903398927 0.034 0.103756708408
0 0.9815 0.355098389982 0.037 0.0983899821109
