0 0.0450145208132 0.361063464837 0.0203291384318 0.032590051458
0 0.368344627299 0.193825042882 0.0183930300097 0.0377358490566
0 0.386253630203 0.277015437393 0.0193610842207 0.0394511149228
0 0.377057115198 0.225557461407 0.0183930300097 0.032590051458
0 0.454501452081 0.222984562607 0.0222652468538 0.041166380789
0 0.41142303969 0.16295025729 0.0154888673766 0.0377358490566
0 0.479670861568 0.135506003431 0.0145208131655 0.0308747855918
0 0.511616650532 0.122641509434 0.0125847047435 0.0257289879931
0 0.526621490803 0.130360205832 0.0154888673766 0.0274442538593
0 0.560019361084 0.17667238422 0.0164569215876 0.0343053173242
0 0.558083252662 0.132075471698 0.0164569215876 0.0343053173242
0 0.578896418199 0.123499142367 0.0116166505324 0.0308747855918
0 0.468538238141 0.336192109777 0.0329138431752 0.0583190394511
0 0.530977734753 0.326758147513 0.02807357212 0.0600343053173
0 0.610358180058 0.247855917667 0.0242013552759 0.0600343053173
0 0.648596321394 0.218696397942 0.0212971926428 0.0497427101201
0 0.672313649564 0.311320754717 0.0358180058083 0.0668953687822
0 0.70087124879 0.18782161235 0.0329138431752 0.0566037735849
0 0.775895450145 0.309605488851 0.0300096805421 0.0703259005146
0 0.833010648596 0.311320754717 0.0300096805421 0.0634648370497
0 0.891093901258 0.306174957118 0.0300096805421 0.0600343053173
0 0.915295256534 0.216123499142 0.0203291384318 0.0548885077187
0 0.921103581801 0.154373927959 0.0145208131655 0.0308747855918
0 0.895450145208 0.150085763293 0.0116166505324 0.0291595197256
0 0.861084220716 0.131217838765 0.0164569215876 0.0360205831904
