0 0.34795042898 0.225779967159 0.0171591992374 0.0344827586207
0 0.346997140133 0.248768472906 0.0228789323165 0.0279146141215
0 0.41086749285 0.258620689655 0.0209723546235 0.0377668308703
0 0.429933269781 0.225779967159 0.0171591992374 0.0344827586207
0 0.450428979981 0.232348111658 0.0181124880839 0.0377668308703
0 0.498093422307 0.231527093596 0.02192564347 0.0426929392447
0 0.511439466158 0.190476190476 0.0200190657769 0.0361247947455
0 0.529551954242 0.144499178982 0.0162059103908 0.0262725779967
0 0.558627264061 0.211001642036 0.0209723546235 0.0509031198686
0 0.597712106768 0.188834154351 0.0247855100095 0.0459770114943
0 0.637750238322 0.152709359606 0.0171591992374 0.0328407224959
0 0.60676835081 0.247126436782 0.0257387988561 0.0541871921182
0 0.679218303146 0.206896551724 0.023832221163 0.0492610837438
0 0.74118207817 0.192939244663 0.0181124880839 0.0279146141215
0 0.65061963775 0.252873563218 0.02192564347 0.0426929392447
0 0.696377502383 0.264367816092 0.0200190657769 0.0394088669951
0 0.744041944709 0.299671592775 0.0200190657769 0.0541871921182
0 0.7807435653 0.305418719212 0.0305052430887 0.0689655172414
0 0.853670162059 0.247126436782 0.023832221163 0.0509031198686
0 0.860343183985 0.215927750411 0.0200190657769 0.0377668308703
0 0.876549094376 0.320197044335 0.023832221163 0.0591133004926
0 0.91086749285 0.233990147783 0.0181124880839 0.0344827586207
0 0.93422306959 0.248768472906 0.0171591992374 0.0509031198686
0 0.938989513823 0.348932676519 0.0209723546235 0.0574712643678
0 0.952812202097 0.283251231527 0.0200190657769 0.0509031198686
0 0.952812202097 0.244663382594 0.023832221163 0.0394088669951
0 0.782650142993 0.261083743842 0.0305052430887 0.0394088669951
0 0.886081982841 0.287356321839 0.0276453765491 0.0591133004926
