0 0.297405189621 0.213523131673 0.0199600798403 0.0355871886121
0 0.341816367265 0.209964412811 0.0189620758483 0.0355871886121
0 0.357285429142 0.243772241993 0.0159680638723 0.0427046263345
0 0.372255489022 0.197508896797 0.0139720558882 0.0355871886121
0 0.416167664671 0.237544483986 0.0319361277445 0.0551601423488
0 0.387225548902 0.174377224199 0.0179640718563 0.0355871886121
0 0.429640718563 0.154804270463 0.0189620758483 0.0320284697509
0 0.448103792415 0.218861209964 0.0299401197605 0.0498220640569
0 0.445608782435 0.179715302491 0.0129740518962 0.0355871886121
0 0.458582834331 0.151245551601 0.0169660678643 0.0249110320285
0 0.478043912176 0.155693950178 0.0159680638723 0.0302491103203
0 0.4875249501 0.228647686833 0.0289421157685 0.0551601423488
0 0.493013972056 0.179715302491 0.0139720558882 0.0355871886121
0 0.506487025948 0.186832740214 0.0209580838323 0.0355871886121
0 0.517964071856 0.137010676157 0.0179640718563 0.0284697508897
0 0.537924151697 0.20640569395 0.0239520958084 0.0427046263345
0 0.534930139721 0.141459074733 0.0159680638723 0.0302491103203
0 0.557385229541 0.252669039146 0.0289421157685 0.0498220640569
0 0.571856287425 0.289145907473 0.0259481037924 0.0516014234875
0 0.549900199601 0.14590747331 0.0119760479042 0.0355871886121
0 0.555888223553 0.145017793594 0.0199600798403 0.0338078291815
0 0.585329341317 0.130782918149 0.0169660678643 0.0373665480427
0 0.587325349301 0.17615658363 0.0169660678643 0.0355871886121
0 0.61876247505 0.168149466192 0.0159680638723 0.0338078291815
0 0.616766467066 0.138790035587 0.0139720558882 0.0284697508897
0 0.63123752495 0.122775800712 0.0149700598802 0.0284697508897
0 0.637724550898 0.103202846975 0.0139720558882 0.0284697508897
0 0.656686626747 0.108540925267 0.0159680638723 0.0320284697509
0 0.634231536926 0.20462633452 0.0209580838323 0.0391459074733
0 0.626746506986 0.251779359431 0.0259481037924 0.05871886121
0 0.677644710579 0.108540925267 0.0119760479042 0.0284697508897
0 0.690618762475 0.123665480427 0.0119760479042 0.0266903914591
0 0.710578842315 0.122775800712 0.0139720558882 0.0284697508897
0 0.661177644711 0.258896797153 0.0249500998004 0.0480427046263
0 0.668662674651 0.222419928826 0.0219560878244 0.0427046263345
0 0.698602794411 0.171708185053 0.0199600798403 0.0409252669039
0 0.700598802395 0.193950177936 0.0199600798403 0.0427046263345
0 0.709580838323 0.233985765125 0.0199600798403 0.0444839857651
0 0.761976047904 0.126334519573 0.0189620758483 0.0284697508897
0 0.7375249501 0.166370106762 0.0179640718563 0.0338078291815
0 0.725548902196 0.289145907473 0.0259481037924 0.05871886121
0 0.749001996008 0.194839857651 0.0229540918164 0.0373665480427
0 0.760479041916 0.1628113879 0.0159680638723 0.0338078291815
0 0.770459081836 0.259786476868 0.0259481037924 0.0569395017794
0 0.781936127745 0.151245551601 0.0189620758483 0.0427046263345
0 0.792415169661 0.298042704626 0.0319361277445 0.0622775800712
0 0.836327345309 0.313167259786 0.0259481037924 0.067615658363
0 0.806387225549 0.220640569395 0.0179640718563 0.0427046263345
0 0.795908183633 0.154804270463 0.0129740518962 0.0320284697509
0 0.808882235529 0.153024911032 0.0129740518962 0.0462633451957
0 0.837824351297 0.232206405694 0.0229540918164 0.0516014234875
0 0.824850299401 0.178825622776 0.0149700598802 0.0373665480427
0 0.822355289421 0.143238434164 0.0139720558882 0.0338078291815
0 0.840818363273 0.149466192171 0.0149700598802 0.0427046263345
0 0.842814371257 0.190391459075 0.0129740518962 0.0284697508897
0 0.86876247505 0.201067615658 0.0189620758483 0.0391459074733
0 0.884730538922 0.158362989324 0.0229540918164 0.0427046263345
0 0.912674650699 0.16103202847 0.0189620758483 0.0302491103203
0 0.894211576846 0.210854092527 0.0159680638723 0.0266903914591
0 0.882734530938 0.262455516014 0.0249500998004 0.0551601423488
0 0.898203592814 0.345195729537 0.0339321357285 0.0604982206406
0 0.917664670659 0.298932384342 0.0249500998004 0.0533807829181
0 0.925648702595 0.215302491103 0.0149700598802 0.0355871886121
0 0.937624750499 0.181494661922 0.0169660678643 0.0355871886121
0 0.716566866267 0.153024911032 0.0239520958084 0.0391459074733
0 0.657185628743 0.150355871886 0.0269461077844 0.0444839857651
0 0.500499001996 0.138790035587 0.0209580838323 0.0355871886121
0 0.444111776447 0.256227758007 0.0359281437126 0.0462633451957
0 0.398203592814 0.23665480427 0.0139720558882 0.0427046263345
0 0.945608782435 0.22153024911 0.0149700598802 0.0373665480427
0 0.395708582834 0.193060498221 0.0149700598802 0.0338078291815
