0 0.119706840391 0.544303797468 0.0407166123779 0.0731364275668
0 0.215798045603 0.342475386779 0.0195439739414 0.0379746835443
0 0.243892508143 0.376933895921 0.021986970684 0.0450070323488
0 0.275651465798 0.371308016878 0.021986970684 0.0478199718706
0 0.272394136808 0.318565400844 0.0203583061889 0.0351617440225
0 0.324104234528 0.360759493671 0.0244299674267 0.0464135021097
0 0.339983713355 0.336146272855 0.0203583061889 0.0365682137834
0 0.336726384365 0.303094233474 0.0171009771987 0.0351617440225
0 0.368078175896 0.341068917018 0.0179153094463 0.0379746835443
0 0.394543973941 0.338255977496 0.021986970684 0.0407876230661
0 0.39332247557 0.305203938115 0.0179153094463 0.028129395218
0 0.375407166124 0.267932489451 0.014657980456 0.0267229254571
0 0.387622149837 0.284106891702 0.0179153094463 0.028129395218
0 0.410423452769 0.262306610408 0.0162866449511 0.0267229254571
0 0.42996742671 0.264416315049 0.014657980456 0.0309423347398
0 0.44503257329 0.274964838256 0.0187296416938 0.0351617440225
0 0.449918566775 0.244725738397 0.0154723127036 0.0309423347398
0 0.491449511401 0.26511954993 0.0171009771987 0.0351617440225
0 0.504071661238 0.282700421941 0.0179153094463 0.0337552742616
0 0.508143322476 0.254571026723 0.014657980456 0.028129395218
0 0.531758957655 0.284106891702 0.0179153094463 0.0365682137834
0 0.486970684039 0.334036568214 0.0195439739414 0.0379746835443
0 0.446661237785 0.324191279887 0.0236156351792 0.0379746835443
0 0.418973941368 0.315049226442 0.0203583061889 0.0365682137834
0 0.434446254072 0.353727144866 0.0236156351792 0.0379746835443
0 0.516693811075 0.367088607595 0.0252442996743 0.0478199718706
0 0.451140065147 0.430379746835 0.0293159609121 0.0590717299578
0 0.521172638436 0.434599156118 0.0342019543974 0.0618846694796
0 0.538273615635 0.25035161744 0.0162866449511 0.0337552742616
0 0.541123778502 0.222222222222 0.0154723127036 0.028129395218
0 0.555781758958 0.258087201125 0.0154723127036 0.0295358649789
0 0.558631921824 0.23417721519 0.0130293159609 0.0323488045007
0 0.580618892508 0.254571026723 0.0162866449511 0.0253164556962
0 0.58509771987 0.232770745429 0.0154723127036 0.0295358649789
0 0.592833876221 0.213783403657 0.0130293159609 0.028129395218
0 0.613599348534 0.214486638537 0.0138436482085 0.0295358649789
0 0.622149837134 0.229957805907 0.014657980456 0.0267229254571
0 0.647801302932 0.21800281294 0.0138436482085 0.028129395218
0 0.659201954397 0.232770745429 0.0122149837134 0.0295358649789
0 0.667345276873 0.221518987342 0.0171009771987 0.0323488045007
0 0.614413680782 0.260900140647 0.0171009771987 0.0295358649789
0 0.58509771987 0.330520393812 0.0252442996743 0.0478199718706
0 0.565960912052 0.460618846695 0.0374592833876 0.0745428973277
0 0.617263843648 0.475386779184 0.0374592833876 0.0815752461322
0 0.604641693811 0.371308016878 0.0252442996743 0.0450070323488
0 0.637214983713 0.37552742616 0.0252442996743 0.0618846694796
0 0.672231270358 0.377637130802 0.0236156351792 0.0492264416315
0 0.70154723127 0.407876230661 0.0317589576547 0.056258790436
0 0.61848534202 0.310829817159 0.0203583061889 0.042194092827
0 0.65513029316 0.284106891702 0.0203583061889 0.0337552742616
0 0.665716612378 0.319971870605 0.021986970684 0.0492264416315
0 0.686074918567 0.303094233474 0.0187296416938 0.0379746835443
0 0.688110749186 0.253867791842 0.0162866449511 0.0379746835443
0 0.721498371336 0.26511954993 0.0162866449511 0.0323488045007
0 0.718241042345 0.241912798875 0.0130293159609 0.0309423347398
0 0.729234527687 0.232067510549 0.0154723127036 0.0309423347398
0 0.748371335505 0.262306610408 0.014657980456 0.0323488045007
0 0.757328990228 0.288326300985 0.014657980456 0.0337552742616
0 0.765879478827 0.247538677918 0.0171009771987 0.0337552742616
0 0.793566775244 0.246132208158 0.0171009771987 0.0309423347398
0 0.684853420195 0.544303797468 0.0374592833876 0.0787623066104
0 0.759364820847 0.436005625879 0.0301302931596 0.0646976090014
0 0.793159609121 0.366385372714 0.0211726384365 0.0520393811533
0 0.807003257329 0.502812939522 0.0342019543974 0.0801687763713
0 0.822475570033 0.471167369902 0.0342019543974 0.0731364275668
0 0.836726384365 0.398734177215 0.0268729641694 0.0520393811533
0 0.894543973941 0.470464135021 0.0333876221498 0.0717299578059
0 0.919788273616 0.366385372714 0.021986970684 0.0520393811533
0 0.903908794788 0.337552742616 0.0211726384365 0.042194092827
0 0.916938110749 0.317158931083 0.0162866449511 0.0351617440225
0 0.876628664495 0.2805907173 0.0171009771987 0.0379746835443
0 0.873371335505 0.32841068917 0.0171009771987 0.0351617440225
0 0.853013029316 0.342475386779 0.0203583061889 0.0436005625879
0 0.830618892508 0.331926863572 0.0228013029316 0.0450070323488
0 0.79845276873 0.305203938115 0.0187296416938 0.0393811533052
0 0.796824104235 0.274261603376 0.0154723127036 0.028129395218
0 0.824104234528 0.261603375527 0.0162866449511 0.0393811533052
0 0.835912052117 0.28199718706 0.0187296416938 0.0407876230661
0 0.849348534202 0.26582278481 0.0195439739414 0.0393811533052
