0 0.544886363636 0.0614919354839 0.0170454545455 0.0262096774194
0 0.470454545455 0.164314516129 0.0136363636364 0.0383064516129
0 0.485227272727 0.177419354839 0.0181818181818 0.0403225806452
0 0.449431818182 0.234879032258 0.0215909090909 0.0342741935484
0 0.413636363636 0.210685483871 0.0227272727273 0.0342741935484
0 0.550568181818 0.17439516129 0.0170454545455 0.0342741935484
0 0.563636363636 0.184475806452 0.0181818181818 0.0463709677419
0 0.6375 0.120967741935 0.0181818181818 0.0282258064516
0 0.675568181818 0.173387096774 0.0170454545455 0.0443548387097
0 0.634090909091 0.215725806452 0.0227272727273 0.0483870967742
0 0.621590909091 0.278225806452 0.0227272727273 0.0483870967742
0 0.639204545455 0.328629032258 0.0329545454545 0.0645161290323
0 0.680681818182 0.287298387097 0.0227272727273 0.0463709677419
0 0.681818181818 0.217741935484 0.0204545454545 0.0524193548387
0 0.726136363636 0.219758064516 0.0204545454545 0.0604838709677
0 0.940909090909 0.240927419355 0.0204545454545 0.054435483871
