0 0.034126984127 0.53171641791 0.0380952380952 0.111940298507
0 0.217857142857 0.307835820896 0.0198412698413 0.0559701492537
0 0.246031746032 0.295708955224 0.0253968253968 0.0578358208955
0 0.270634920635 0.259328358209 0.0190476190476 0.0597014925373
0 0.315476190476 0.244402985075 0.0198412698413 0.0522388059701
0 0.326587301587 0.208955223881 0.0198412698413 0.0559701492537
0 0.35119047619 0.230410447761 0.0230158730159 0.0578358208955
0 0.363888888889 0.215485074627 0.0166666666667 0.0541044776119
0 0.39126984127 0.267723880597 0.015873015873 0.0466417910448
0 0.414682539683 0.257462686567 0.018253968254 0.0597014925373
0 0.380555555556 0.199626865672 0.018253968254 0.0485074626866
0 0.403968253968 0.194962686567 0.0174603174603 0.0466417910448
0 0.448412698413 0.329291044776 0.0253968253968 0.0615671641791
0 0.446825396825 0.189365671642 0.0174603174603 0.0429104477612
0 0.45 0.166044776119 0.0190476190476 0.0410447761194
0 0.468253968254 0.166044776119 0.015873015873 0.0485074626866
0 0.480158730159 0.1875 0.0174603174603 0.0429104477612
0 0.511111111111 0.206156716418 0.0206349206349 0.0541044776119
0 0.482936507937 0.255597014925 0.0230158730159 0.0634328358209
0 0.563095238095 0.224813432836 0.018253968254 0.0503731343284
0 0.53253968254 0.16697761194 0.0206349206349 0.0503731343284
0 0.509126984127 0.148320895522 0.0166666666667 0.0429104477612
0 0.564285714286 0.128731343284 0.0174603174603 0.0410447761194
0 0.59126984127 0.125932835821 0.0174603174603 0.0391791044776
0 0.572619047619 0.160447761194 0.0198412698413 0.0485074626866
0 0.586904761905 0.210820895522 0.0166666666667 0.0522388059701
0 0.594841269841 0.170708955224 0.018253968254 0.0466417910448
0 0.61746031746 0.189365671642 0.0174603174603 0.0429104477612
0 0.619047619048 0.152052238806 0.0174603174603 0.0429104477612
0 0.611507936508 0.115671641791 0.0166666666667 0.0410447761194
0 0.635714285714 0.19776119403 0.015873015873 0.0559701492537
0 0.642857142857 0.119402985075 0.015873015873 0.044776119403
0 0.664285714286 0.134328358209 0.015873015873 0.0485074626866
0 0.670238095238 0.17723880597 0.0150793650794 0.0410447761194
0 0.678571428571 0.138992537313 0.0142857142857 0.0391791044776
0 0.698412698413 0.129664179104 0.0142857142857 0.035447761194
0 0.699206349206 0.15578358209 0.015873015873 0.0466417910448
0 0.737301587302 0.15671641791 0.015873015873 0.0410447761194
0 0.721031746032 0.211753731343 0.018253968254 0.0541044776119
0 0.67380952381 0.261194029851 0.0238095238095 0.0708955223881
0 0.61746031746 0.298507462687 0.0301587301587 0.0746268656716
0 0.57380952381 0.361940298507 0.0301587301587 0.0746268656716
0 0.603968253968 0.421641791045 0.0285714285714 0.0708955223881
0 0.669841269841 0.452425373134 0.0301587301587 0.0764925373134
0 0.745238095238 0.438432835821 0.0269841269841 0.0932835820896
0 0.73373015873 0.283582089552 0.0230158730159 0.0634328358209
0 0.764682539683 0.308768656716 0.0214285714286 0.0690298507463
0 0.753174603175 0.231343283582 0.0190476190476 0.0597014925373
0 0.771031746032 0.191231343284 0.0134920634921 0.0429104477612
0 0.788888888889 0.20802238806 0.0142857142857 0.0429104477612
0 0.806349206349 0.252798507463 0.015873015873 0.0541044776119
0 0.825396825397 0.308768656716 0.0222222222222 0.0764925373134
0 0.831349206349 0.227611940299 0.0166666666667 0.044776119403
0 0.820238095238 0.190298507463 0.0150793650794 0.0410447761194
0 0.843253968254 0.21921641791 0.0134920634921 0.0466417910448
0 0.875396825397 0.235074626866 0.0142857142857 0.0410447761194
0 0.866666666667 0.359141791045 0.0206349206349 0.0690298507463
0 0.899603174603 0.419776119403 0.0261904761905 0.0708955223881
0 0.86746031746 0.517723880597 0.0285714285714 0.0914179104478
0 0.800793650794 0.477611940299 0.0349206349206 0.0970149253731
0 0.879761904762 0.323694029851 0.018253968254 0.0615671641791
0 0.896428571429 0.286380597015 0.0166666666667 0.0541044776119
0 0.906746031746 0.261194029851 0.0134920634921 0.044776119403
0 0.915476190476 0.237873134328 0.0150793650794 0.0429104477612
0 0.936507936508 0.351679104478 0.0174603174603 0.0615671641791
0 0.940079365079 0.28171641791 0.018253968254 0.0485074626866
0 0.953174603175 0.243470149254 0.015873015873 0.0429104477612
0 0.969047619048 0.491604477612 0.0238095238095 0.0876865671642
0 0.971031746032 0.41697761194 0.0230158730159 0.0727611940299
0 0.979761904762 0.383395522388 0.0198412698413 0.0578358208955
0 0.98373015873 0.332089552239 0.0166666666667 0.0559701492537
0 0.989285714286 0.265858208955 0.0150793650794 0.0503731343284
