0 0.093625498008 0.275438596491 0.0139442231076 0.0315789473684
0 0.120517928287 0.258771929825 0.0219123505976 0.0368421052632
0 0.201195219124 0.308771929825 0.0338645418327 0.0701754385965
0 0.253486055777 0.347368421053 0.0368525896414 0.0736842105263
0 0.341633466135 0.221052631579 0.0159362549801 0.0315789473684
0 0.458167330677 0.206140350877 0.0159362549801 0.0333333333333
0 0.486055776892 0.230701754386 0.0199203187251 0.0438596491228
0 0.517430278884 0.178947368421 0.0149402390438 0.0456140350877
0 0.550298804781 0.199122807018 0.0189243027888 0.040350877193
0 0.591135458167 0.175438596491 0.0169322709163 0.0385964912281
0 0.637450199203 0.250877192982 0.0199203187251 0.0421052631579
0 0.724601593625 0.288596491228 0.0249003984064 0.0543859649123
0 0.83515936255 0.235964912281 0.0189243027888 0.0438596491228
0 0.841633466135 0.34649122807 0.0258964143426 0.0473684210526
0 0.907370517928 0.128947368421 0.0119521912351 0.0298245614035
0 0.936752988048 0.167543859649 0.0129482071713 0.0298245614035
0 0.425796812749 0.227192982456 0.0209163346614 0.0368421052632
0 0.623007968127 0.142105263158 0.0149402390438 0.0350877192982
0 0.926792828685 0.288596491228 0.0189243027888 0.0368421052632
