0 0.0994845360825 0.269724770642 0.0319587628866 0.0403669724771
0 0.215463917526 0.351376146789 0.0494845360825 0.0788990825688
0 0.440206185567 0.22752293578 0.0144329896907 0.0366972477064
0 0.480412371134 0.225688073394 0.0164948453608 0.0403669724771
0 0.533505154639 0.206422018349 0.0175257731959 0.0311926605505
0 0.674742268041 0.177064220183 0.0175257731959 0.0311926605505
0 0.627835051546 0.234862385321 0.0226804123711 0.0477064220183
0 0.674742268041 0.221100917431 0.019587628866 0.0495412844037
0 0.681958762887 0.251376146789 0.0175257731959 0.0440366972477
0 0.727835051546 0.202752293578 0.020618556701 0.0385321100917
0 0.732989690722 0.309174311927 0.0309278350515 0.0715596330275
0 0.75412371134 0.299082568807 0.0340206185567 0.0844036697248
0 0.837628865979 0.261467889908 0.0278350515464 0.056880733945
0 0.875773195876 0.296330275229 0.019587628866 0.045871559633
