0 0.895833333333 0.257686676428 0.0104166666667 0.0292825768668
0 0.865017361111 0.259882869693 0.0130208333333 0.0336749633968
0 0.87890625 0.265739385066 0.0130208333333 0.0278184480234
0 0.877604166667 0.278916544656 0.0138888888889 0.0336749633968
0 0.87109375 0.323572474378 0.0147569444444 0.0380673499268
0 0.894097222222 0.338945827233 0.0173611111111 0.0483162518302
0 0.927083333333 0.298682284041 0.0121527777778 0.0292825768668
0 0.921440972222 0.323572474378 0.0130208333333 0.0351390922401
0 0.9453125 0.324304538799 0.0138888888889 0.0395314787701
0 0.960503472222 0.375549048316 0.0164930555556 0.0453879941435
0 0.967881944444 0.303806734993 0.0121527777778 0.0307467057101
0 0.887152777778 0.401171303075 0.0260416666667 0.0556368960469
0 0.943142361111 0.484626647145 0.0269097222222 0.0673499267936
0 0.87109375 0.467057101025 0.0286458333333 0.0585651537335
0 0.844618055556 0.515373352855 0.0295138888889 0.0702781844802
0 0.797309027778 0.437042459736 0.0234375 0.0629575402635
0 0.834201388889 0.361639824305 0.0190972222222 0.0468521229868
0 0.847222222222 0.344802342606 0.0173611111111 0.0453879941435
0 0.834635416667 0.300146412884 0.0130208333333 0.0351390922401
0 0.828559027778 0.243045387994 0.0130208333333 0.0292825768668
0 0.776909722222 0.232796486091 0.0121527777778 0.0292825768668
0 0.749565972222 0.242313323572 0.0130208333333 0.0307467057101
0 0.759114583333 0.255490483163 0.0147569444444 0.0395314787701
0 0.798177083333 0.244509516837 0.0112847222222 0.0292825768668
0 0.788628472222 0.288433382138 0.0147569444444 0.0351390922401
0 0.718315972222 0.259882869693 0.0130208333333 0.0336749633968
0 0.726128472222 0.300146412884 0.0164930555556 0.0409956076135
0 0.678385416667 0.209370424597 0.0112847222222 0.0263543191801
0 0.6953125 0.218155197657 0.0104166666667 0.0263543191801
0 0.690104166667 0.228404099561 0.0121527777778 0.0292825768668
0 0.680121527778 0.282576866764 0.0164930555556 0.0380673499268
0 0.694444444444 0.316251830161 0.0225694444444 0.0439238653001
0 0.644097222222 0.305270863836 0.0173611111111 0.0395314787701
0 0.653211805556 0.365300146413 0.0199652777778 0.0512445095168
0 0.674913194444 0.378477306003 0.0217013888889 0.0629575402635
0 0.702690972222 0.366764275256 0.0217013888889 0.0541727672035
0 0.605902777778 0.335285505124 0.0208333333333 0.0497803806735
0 0.651475694444 0.254758418741 0.0147569444444 0.0380673499268
0 0.619357638889 0.197657393851 0.0112847222222 0.0204978038067
0 0.617621527778 0.226207906296 0.0112847222222 0.0248901903367
0 0.648003472222 0.222547584187 0.0130208333333 0.0263543191801
0 0.609375 0.250366032211 0.0138888888889 0.0292825768668
0 0.572048611111 0.218155197657 0.0104166666667 0.0234260614934
0 0.578125 0.248169838946 0.0138888888889 0.0307467057101
0 0.560763888889 0.278184480234 0.0190972222222 0.0409956076135
0 0.542534722222 0.254026354319 0.0173611111111 0.0307467057101
0 0.521701388889 0.242313323572 0.0138888888889 0.0336749633968
0 0.508680555556 0.270131771596 0.0121527777778 0.0307467057101
0 0.520833333333 0.278184480234 0.015625 0.0351390922401
0 0.539930555556 0.367496339678 0.0225694444444 0.0497803806735
0 0.542100694444 0.419472913616 0.0286458333333 0.0629575402635
0 0.471788194444 0.411420204978 0.0321180555556 0.0732064421669
0 0.506510416667 0.328696925329 0.0164930555556 0.0336749633968
0 0.466145833333 0.319180087848 0.0208333333333 0.0380673499268
0 0.427083333333 0.260614934114 0.0104166666667 0.0263543191801
0 0.453125 0.262079062958 0.0138888888889 0.0322108345534
0 0.46484375 0.270131771596 0.0130208333333 0.0307467057101
0 0.46484375 0.243045387994 0.0130208333333 0.0292825768668
0 0.38671875 0.262079062958 0.0130208333333 0.0292825768668
0 0.40234375 0.308931185944 0.0147569444444 0.0322108345534
0 0.409722222222 0.330893118594 0.0208333333333 0.0380673499268
0 0.447482638889 0.348462664714 0.0234375 0.0439238653001
0 0.379774305556 0.343338213763 0.0199652777778 0.0424597364568
0 0.345052083333 0.300146412884 0.0147569444444 0.0322108345534
0 0.348524305556 0.333821376281 0.0164930555556 0.0380673499268
0 0.274305555556 0.318448023426 0.0138888888889 0.0336749633968
0 0.273871527778 0.387262079063 0.0199652777778 0.0424597364568
0 0.310329861111 0.393118594436 0.0199652777778 0.0453879941435
0 0.211371527778 0.347730600293 0.0147569444444 0.0366032210835
0 0.243055555556 0.376281112738 0.0190972222222 0.0497803806735
0 0.124565972222 0.55710102489 0.0355902777778 0.0746705710102
0 0.624565972222 0.382869692533 0.0199652777778 0.0453879941435
0 0.596788194444 0.461932650073 0.0286458333333 0.0688140556369
0 0.641493055556 0.485358711567 0.0295138888889 0.0629575402635
0 0.717447916667 0.542459736457 0.0321180555556 0.0775988286969
0 0.734375 0.412884333821 0.0260416666667 0.0585651537335
0 0.582465277778 0.217423133236 0.0121527777778 0.0219619326501
