0 0.238022426096 0.44262295082 0.0601427115189 0.116575591985
0 0.34505606524 0.274134790528 0.0193679918451 0.0418943533698
0 0.412334352701 0.254098360656 0.0214067278287 0.0491803278689
0 0.434760448522 0.262295081967 0.0234454638124 0.0510018214936
0 0.377675840979 0.207650273224 0.0173292558614 0.0437158469945
0 0.426095820591 0.211293260474 0.0163098878695 0.0327868852459
0 0.445463812436 0.211293260474 0.0163098878695 0.040072859745
0 0.4750254842 0.245901639344 0.0224260958206 0.0510018214936
0 0.410805300714 0.184881602914 0.0163098878695 0.0382513661202
0 0.41997961264 0.176684881603 0.0101936799185 0.0255009107468
0 0.437308868502 0.186703096539 0.0163098878695 0.0382513661202
0 0.458205912334 0.183970856102 0.0152905198777 0.040072859745
0 0.471967380224 0.218579234973 0.0163098878695 0.0364298724954
0 0.478593272171 0.196721311475 0.0173292558614 0.0327868852459
0 0.479102956167 0.172131147541 0.0163098878695 0.0273224043716
0 0.476044852192 0.149362477231 0.0163098878695 0.0255009107468
0 0.511722731906 0.204918032787 0.0203873598369 0.0382513661202
0 0.546381243629 0.204918032787 0.0183486238532 0.0418943533698
0 0.505606523955 0.146630236794 0.0142711518858 0.023679417122
0 0.506116207951 0.128415300546 0.0112130479103 0.0273224043716
0 0.539245667686 0.148451730419 0.0142711518858 0.0346083788707
0 0.5499490316 0.144808743169 0.0112130479103 0.023679417122
0 0.559633027523 0.174863387978 0.0142711518858 0.0364298724954
0 0.581549439348 0.147540983607 0.0152905198777 0.0327868852459
0 0.594291539246 0.173952641166 0.0142711518858 0.0309653916211
0 0.583588175331 0.122950819672 0.013251783894 0.023679417122
0 0.610601427115 0.134790528233 0.0122324159021 0.0255009107468
0 0.620285423038 0.112021857923 0.0112130479103 0.0273224043716
0 0.642711518858 0.138433515483 0.013251783894 0.0327868852459
0 0.668195718654 0.119307832423 0.0152905198777 0.0309653916211
0 0.669215086646 0.147540983607 0.0152905198777 0.0364298724954
0 0.690621814475 0.138433515483 0.0152905198777 0.0327868852459
0 0.713047910296 0.122950819672 0.013251783894 0.0309653916211
0 0.572375127421 0.272313296903 0.0254841997961 0.0491803278689
0 0.619775739042 0.262295081967 0.0244648318043 0.0619307832423
0 0.535677879715 0.182149362477 0.0152905198777 0.0291438979964
0 0.648318042813 0.244990892532 0.0203873598369 0.0418943533698
0 0.633027522936 0.302367941712 0.0285423037717 0.0655737704918
0 0.687054026504 0.357923497268 0.0305810397554 0.063752276867
0 0.730377166157 0.306921675774 0.0254841997961 0.0601092896175
0 0.767584097859 0.246812386157 0.0203873598369 0.0564663023679
0 0.805810397554 0.274134790528 0.0275229357798 0.0601092896175
0 0.680937818552 0.204007285974 0.0203873598369 0.0473588342441
0 0.706931702345 0.182149362477 0.0152905198777 0.0364298724954
0 0.719164118247 0.196721311475 0.0173292558614 0.0437158469945
0 0.73496432212 0.16393442623 0.0142711518858 0.0364298724954
0 0.742609582059 0.186703096539 0.0152905198777 0.0418943533698
0 0.758919469929 0.214025500911 0.0193679918451 0.0491803278689
0 0.756880733945 0.147540983607 0.013251783894 0.0327868852459
0 0.765545361876 0.16393442623 0.0163098878695 0.0327868852459
0 0.799184505607 0.140255009107 0.0122324159021 0.0327868852459
0 0.801732925586 0.167577413479 0.013251783894 0.0327868852459
0 0.789500509684 0.20218579235 0.013251783894 0.040072859745
0 0.804791029562 0.22131147541 0.0173292558614 0.0418943533698
0 0.835881753313 0.188524590164 0.0142711518858 0.0382513661202
0 0.848114169215 0.170309653916 0.0142711518858 0.0382513661202
0 0.850662589195 0.233151183971 0.0152905198777 0.0473588342441
0 0.870540265036 0.204007285974 0.0142711518858 0.0327868852459
0 0.886850152905 0.187613843352 0.0122324159021 0.0364298724954
0 0.899082568807 0.224043715847 0.0163098878695 0.0473588342441
0 0.889908256881 0.255919854281 0.0183486238532 0.0491803278689
0 0.901630988787 0.298724954463 0.0193679918451 0.0619307832423
0 0.933231396534 0.314207650273 0.0193679918451 0.0564663023679
0 0.863914373089 0.31693989071 0.0254841997961 0.0619307832423
0 0.917940876656 0.193989071038 0.0152905198777 0.0455373406193
0 0.950560652396 0.177595628415 0.0112130479103 0.0309653916211
0 0.961773700306 0.213114754098 0.0152905198777 0.0364298724954
0 0.941386340469 0.243169398907 0.0152905198777 0.0418943533698
0 0.953618756371 0.199453551913 0.0112130479103 0.0309653916211
