0 0.0797764227642 0.267950963222 0.0193089430894 0.0385288966725
0 0.378048780488 0.199649737303 0.0182926829268 0.031523642732
0 0.425304878049 0.205779334501 0.0172764227642 0.0332749562172
0 0.460365853659 0.22591943958 0.020325203252 0.031523642732
0 0.573678861789 0.186514886165 0.015243902439 0.0332749562172
0 0.580792682927 0.156742556918 0.0132113821138 0.0332749562172
0 0.645833333333 0.119089316988 0.015243902439 0.0280210157618
0 0.652947154472 0.31173380035 0.025406504065 0.0525394045534
0 0.638211382114 0.264448336252 0.0162601626016 0.0385288966725
0 0.636178861789 0.221541155867 0.0162601626016 0.0367775831874
0 0.692581300813 0.255691768827 0.0213414634146 0.045534150613
0 0.698678861789 0.213660245184 0.0172764227642 0.0385288966725
0 0.685975609756 0.176882661996 0.0142276422764 0.031523642732
0 0.956808943089 0.241681260946 0.015243902439 0.0350262697023
