0 0.322320709106 0.208452722063 0.0177276390008 0.0300859598854
0 0.366639806608 0.207020057307 0.0145044319098 0.0300859598854
0 0.37751813054 0.191260744986 0.013698630137 0.0272206303725
0 0.41095890411 0.181948424069 0.0128928283642 0.025787965616
0 0.435938759065 0.177650429799 0.0145044319098 0.0286532951289
0 0.433521353747 0.154727793696 0.0112812248187 0.0229226361032
0 0.448428686543 0.155444126074 0.013698630137 0.0243553008596
0 0.459307010475 0.178366762178 0.0128928283642 0.0272206303725
0 0.475423045931 0.186246418338 0.0128928283642 0.0315186246418
0 0.458098307816 0.231375358166 0.0185334407736 0.0358166189112
0 0.507655116841 0.192693409742 0.0145044319098 0.0329512893983
0 0.485898468977 0.154727793696 0.0145044319098 0.0200573065903
0 0.473408541499 0.164756446991 0.013698630137 0.0229226361032
0 0.479049153908 0.138968481375 0.0120870265915 0.0286532951289
0 0.497179693795 0.14111747851 0.0112812248187 0.0214899713467
0 0.513295729251 0.147564469914 0.0128928283642 0.0286532951289
0 0.521353746978 0.17335243553 0.0128928283642 0.0343839541547
0 0.555600322321 0.196991404011 0.0185334407736 0.0329512893983
0 0.545930701048 0.150429799427 0.0120870265915 0.0229226361032
0 0.54230459307 0.135386819484 0.0112812248187 0.0214899713467
0 0.574939564867 0.156160458453 0.0153102336825 0.0315186246418
0 0.58017727639 0.132521489971 0.0128928283642 0.0272206303725
0 0.597099113618 0.138252148997 0.0145044319098 0.0329512893983
0 0.59911361805 0.169770773639 0.0153102336825 0.0272206303725
0 0.640209508461 0.163323782235 0.0120870265915 0.0315186246418
0 0.630136986301 0.147564469914 0.0112812248187 0.025787965616
0 0.620467365028 0.118194842407 0.00966962127317 0.0214899713467
0 0.657937147462 0.131805157593 0.0104754230459 0.0200573065903
0 0.659145850121 0.116045845272 0.00805801772764 0.0200573065903
0 0.678485092667 0.123925501433 0.0112812248187 0.0214899713467
0 0.685334407736 0.14111747851 0.0104754230459 0.0272206303725
0 0.710314262691 0.12893982808 0.0104754230459 0.0286532951289
0 0.626107977438 0.214899713467 0.0193392425463 0.0401146131805
0 0.570507655117 0.252865329513 0.0209508460919 0.041547277937
0 0.662771958098 0.232091690544 0.016921837228 0.0429799426934
0 0.663577759871 0.196275071633 0.0201450443191 0.0315186246418
0 0.697421434327 0.188395415473 0.013698630137 0.0329512893983
0 0.713537469782 0.20558739255 0.016921837228 0.0329512893983
0 0.737711522965 0.18553008596 0.013698630137 0.0386819484241
0 0.734085414988 0.156160458453 0.0112812248187 0.0286532951289
0 0.76390008058 0.146131805158 0.0145044319098 0.025787965616
0 0.777598710717 0.183381088825 0.0145044319098 0.0315186246418
0 0.719983883965 0.250716332378 0.0201450443191 0.0458452722063
0 0.691377921031 0.312320916905 0.0354552780016 0.0659025787966
0 0.804995970991 0.216332378223 0.0161160354553 0.0372492836676
0 0.798146655923 0.176934097421 0.0120870265915 0.0329512893983
0 0.815471394037 0.192693409742 0.0128928283642 0.0300859598854
0 0.815874294923 0.166189111748 0.0104754230459 0.0286532951289
0 0.83078162772 0.144699140401 0.0128928283642 0.0286532951289
0 0.835616438356 0.18553008596 0.0112812248187 0.0300859598854
0 0.866639806608 0.206303724928 0.016921837228 0.0401146131805
0 0.86301369863 0.14899713467 0.0112812248187 0.0286532951289
0 0.889202256245 0.1611747851 0.0120870265915 0.0243553008596
0 0.916196615633 0.192693409742 0.0128928283642 0.0386819484241
0 0.888799355359 0.252148997135 0.0145044319098 0.0343839541547
0 0.880338436745 0.283667621777 0.0185334407736 0.0487106017192
0 0.943996776793 0.237106017192 0.0153102336825 0.041547277937
0 0.935535858179 0.20558739255 0.0128928283642 0.0272206303725
0 0.945608380338 0.186246418338 0.0104754230459 0.0229226361032
