0 0.201612903226 0.422425952045 0.0435483870968 0.0860366713681
0 0.286290322581 0.258815232722 0.0161290322581 0.0324400564175
0 0.3 0.242595204513 0.0177419354839 0.0423131170663
0 0.331451612903 0.263046544429 0.0225806451613 0.0380818053597
0 0.324596774194 0.212270803949 0.0137096774194 0.0324400564175
0 0.336693548387 0.214386459803 0.0153225806452 0.0366713681241
0 0.404032258065 0.252468265162 0.0193548387097 0.0423131170663
0 0.401612903226 0.231311706629 0.0193548387097 0.0423131170663
0 0.432661290323 0.245416078984 0.0201612903226 0.0394922425952
0 0.428225806452 0.260930888575 0.0225806451613 0.0507757404795
0 0.414919354839 0.185472496474 0.0153225806452 0.0296191819464
0 0.431451612903 0.179830747532 0.0145161290323 0.0324400564175
0 0.410887096774 0.168547249647 0.0137096774194 0.0324400564175
0 0.429838709677 0.157968970381 0.0145161290323 0.033850493653
0 0.469758064516 0.138222849083 0.0120967741935 0.0282087447109
0 0.473387096774 0.149506346968 0.0129032258065 0.0310296191819
0 0.482258064516 0.185472496474 0.0161290322581 0.0409026798307
0 0.480241935484 0.222143864598 0.016935483871 0.0465444287729
0 0.53064516129 0.190409026798 0.0177419354839 0.0423131170663
0 0.515725806452 0.178420310296 0.0153225806452 0.0352609308886
0 0.490725806452 0.132581100141 0.0104838709677 0.0253878702398
0 0.498790322581 0.120592383639 0.00887096774194 0.0239774330042
0 0.522580645161 0.12341325811 0.0129032258065 0.0296191819464
0 0.538306451613 0.132581100141 0.0153225806452 0.0310296191819
0 0.562903225806 0.154442877292 0.0145161290323 0.0352609308886
0 0.567338709677 0.132581100141 0.0137096774194 0.0282087447109
0 0.471774193548 0.320874471086 0.0225806451613 0.0521861777151
0 0.546774193548 0.296191819464 0.0338709677419 0.0535966149506
0 0.591532258065 0.233427362482 0.0185483870968 0.0465444287729
0 0.600403225806 0.158674188999 0.0153225806452 0.0324400564175
0 0.59435483871 0.134696755994 0.0129032258065 0.0296191819464
0 0.590725806452 0.100846262341 0.0137096774194 0.0239774330042
0 0.601209677419 0.103667136812 0.0120967741935 0.0296191819464
0 0.616935483871 0.138928067701 0.0129032258065 0.0324400564175
0 0.614919354839 0.118476727786 0.0104838709677 0.0253878702398
0 0.628225806452 0.126234132581 0.0112903225806 0.0296191819464
0 0.661693548387 0.106488011283 0.0137096774194 0.0239774330042
0 0.679032258065 0.107193229901 0.0112903225806 0.0282087447109
0 0.657258064516 0.162200282087 0.0161290322581 0.0451339915374
0 0.620967741935 0.200282087447 0.0177419354839 0.0394922425952
0 0.64314516129 0.232016925247 0.0233870967742 0.0465444287729
0 0.659274193548 0.258110014104 0.0201612903226 0.0451339915374
0 0.670161290323 0.299012693935 0.0306451612903 0.064880112835
0 0.662096774194 0.204513399154 0.0225806451613 0.0479548660085
0 0.685080645161 0.150916784203 0.0153225806452 0.0310296191819
0 0.713709677419 0.172778561354 0.0145161290323 0.0324400564175
0 0.725403225806 0.15514809591 0.0137096774194 0.0310296191819
0 0.741935483871 0.186177715092 0.0193548387097 0.0423131170663
0 0.720161290323 0.211565585331 0.0225806451613 0.0394922425952
0 0.729435483871 0.260225669958 0.0266129032258 0.0578279266573
0 0.770161290323 0.324400564175 0.0322580645161 0.0592383638928
0 0.766532258065 0.214386459803 0.0201612903226 0.0394922425952
0 0.770564516129 0.169957686883 0.0153225806452 0.0380818053597
0 0.765725806452 0.141748942172 0.0153225806452 0.0324400564175
0 0.781451612903 0.126939351199 0.0145161290323 0.0366713681241
0 0.810483870968 0.124823695346 0.0145161290323 0.0409026798307
0 0.79435483871 0.160084626234 0.0129032258065 0.0324400564175
0 0.804838709677 0.196755994358 0.0177419354839 0.0409026798307
0 0.818951612903 0.16784203103 0.016935483871 0.0479548660085
0 0.834677419355 0.153737658674 0.0145161290323 0.0310296191819
0 0.844758064516 0.128349788434 0.0120967741935 0.0310296191819
0 0.876612903226 0.137517630465 0.0129032258065 0.0324400564175
0 0.85685483871 0.177715091678 0.0137096774194 0.0310296191819
0 0.850806451613 0.2023977433 0.0161290322581 0.0380818053597
0 0.836290322581 0.220028208745 0.0225806451613 0.0451339915374
0 0.803629032258 0.27221438646 0.025 0.0564174894217
0 0.864516129032 0.282087447109 0.0241935483871 0.0535966149506
0 0.896774193548 0.203808180536 0.0161290322581 0.0409026798307
0 0.922983870968 0.25317348378 0.0201612903226 0.0521861777151
0 0.895564516129 0.184767277856 0.0137096774194 0.033850493653
