0 0.917668825162 0.293585526316 0.0185013876041 0.0542763157895
0 0.858001850139 0.226151315789 0.0138760407031 0.0411184210526
0 0.877890841813 0.196546052632 0.0148011100833 0.0378289473684
0 0.914893617021 0.203947368421 0.0148011100833 0.0394736842105
0 0.886216466235 0.166118421053 0.0111008325624 0.0230263157895
0 0.888991674376 0.138157894737 0.00925069380204 0.0263157894737
0 0.918131359852 0.157072368421 0.00832562442183 0.0213815789474
0 0.920444033302 0.179276315789 0.0129509713228 0.0296052631579
0 0.858001850139 0.147203947368 0.0138760407031 0.0378289473684
0 0.844125809436 0.157072368421 0.0138760407031 0.0411184210526
0 0.841350601295 0.188322368421 0.0157261794635 0.0378289473684
0 0.827012025902 0.143092105263 0.0129509713228 0.0361842105263
0 0.794172062905 0.134046052632 0.0120259019426 0.0279605263158
0 0.804810360777 0.133223684211 0.0111008325624 0.0263157894737
0 0.808048103608 0.174342105263 0.0120259019426 0.0328947368421
0 0.796022201665 0.181743421053 0.0157261794635 0.0411184210526
0 0.812210915819 0.253289473684 0.0166512488437 0.0526315789474
0 0.775208140611 0.296875 0.0203515263645 0.0575657894737
0 0.747918593895 0.228618421053 0.0194264569843 0.0460526315789
0 0.723404255319 0.314144736842 0.0240518038853 0.0559210526316
0 0.671137835338 0.358552631579 0.0249768732655 0.0592105263158
0 0.659574468085 0.269736842105 0.0185013876041 0.0526315789474
0 0.694727104533 0.228618421053 0.0185013876041 0.0427631578947
0 0.697039777983 0.185032894737 0.0138760407031 0.0345394736842
0 0.757631822387 0.132401315789 0.0111008325624 0.03125
0 0.77197039778 0.125822368421 0.0101757631822 0.03125
0 0.743293246994 0.111019736842 0.0101757631822 0.0279605263158
0 0.722941720629 0.125822368421 0.0120259019426 0.0246710526316
0 0.703977798335 0.148026315789 0.0129509713228 0.0296052631579
0 0.751618871415 0.185855263158 0.0175763182239 0.0296052631579
0 0.675300647549 0.162006578947 0.0166512488437 0.0378289473684
0 0.657261794635 0.204769736842 0.0157261794635 0.0444078947368
0 0.72756706753 0.207236842105 0.0138760407031 0.0328947368421
0 0.660962072155 0.124177631579 0.00832562442183 0.0279605263158
0 0.68177613321 0.114309210526 0.00925069380204 0.0279605263158
0 0.594819611471 0.101973684211 0.00925069380204 0.0164473684211
0 0.621184088807 0.101973684211 0.00832562442183 0.0164473684211
0 0.63737280296 0.105263157895 0.0111008325624 0.0197368421053
0 0.631359851989 0.124177631579 0.0101757631822 0.0213815789474
0 0.607770582794 0.124177631579 0.0111008325624 0.0213815789474
0 0.614708603145 0.143914473684 0.0138760407031 0.03125
0 0.644310823312 0.172697368421 0.0157261794635 0.0263157894737
0 0.598057354302 0.222039473684 0.0175763182239 0.0328947368421
0 0.582331174838 0.127467105263 0.0101757631822 0.0213815789474
0 0.574005550416 0.153782894737 0.0138760407031 0.0279605263158
0 0.610083256244 0.260690789474 0.0194264569843 0.0476973684211
0 0.571230342276 0.246710526316 0.0175763182239 0.0427631578947
0 0.555966697502 0.118421052632 0.00925069380204 0.0197368421053
0 0.562904717854 0.177631578947 0.0120259019426 0.0361842105263
0 0.538390379278 0.134046052632 0.0111008325624 0.0213815789474
0 0.54486586494 0.166118421053 0.0129509713228 0.0328947368421
0 0.526827012026 0.206414473684 0.0157261794635 0.0345394736842
0 0.519888991674 0.169407894737 0.0129509713228 0.0296052631579
0 0.504625346901 0.194901315789 0.0120259019426 0.0279605263158
0 0.507863089732 0.152960526316 0.0111008325624 0.0263157894737
0 0.487511563367 0.135690789474 0.00740055504163 0.0180921052632
0 0.479648473636 0.223684210526 0.0157261794635 0.0394736842105
0 0.451433857539 0.148026315789 0.00925069380204 0.0164473684211
0 0.445883441258 0.195723684211 0.0111008325624 0.0296052631579
0 0.443108233117 0.241776315789 0.0166512488437 0.0394736842105
0 0.476873265495 0.314144736842 0.0194264569843 0.0493421052632
0 0.533302497687 0.319901315789 0.0249768732655 0.0608552631579
0 0.458371877891 0.175986842105 0.00832562442183 0.0263157894737
0 0.475023126735 0.188322368421 0.0101757631822 0.0279605263158
0 0.483348751156 0.171875 0.0138760407031 0.0345394736842
0 0.465309898242 0.157894736842 0.0111008325624 0.0230263157895
0 0.386679000925 0.203947368421 0.0148011100833 0.0328947368421
0 0.414431082331 0.228618421053 0.0148011100833 0.0361842105263
0 0.383441258094 0.235197368421 0.0157261794635 0.0296052631579
0 0.352451433858 0.233552631579 0.0148011100833 0.0328947368421
0 0.344588344126 0.273848684211 0.0157261794635 0.0378289473684
0 0.308048103608 0.240131578947 0.0111008325624 0.0263157894737
0 0.257631822387 0.285361842105 0.0138760407031 0.0279605263158
0 0.290009250694 0.268914473684 0.0157261794635 0.0378289473684
0 0.298797409806 0.265625 0.0185013876041 0.0411184210526
0 0.327474560592 0.263980263158 0.0148011100833 0.0345394736842
0 0.596669750231 0.337993421053 0.0240518038853 0.0542763157895
0 0.422294172063 0.274671052632 0.0212765957447 0.0460526315789
0 0.203977798335 0.365131578947 0.0416281221092 0.0888157894737
