0 0.41291810842 0.210101010101 0.0207612456747 0.0363636363636
0 0.444636678201 0.236363636364 0.0196078431373 0.0323232323232
0 0.463667820069 0.171717171717 0.0161476355248 0.0282828282828
0 0.483275663206 0.176767676768 0.0138408304498 0.030303030303
0 0.479815455594 0.134343434343 0.0161476355248 0.0262626262626
0 0.546712802768 0.178787878788 0.0115340253749 0.0262626262626
0 0.562283737024 0.187878787879 0.0126874279123 0.0323232323232
0 0.637254901961 0.337373737374 0.0196078431373 0.0444444444444
0 0.618223760092 0.284848484848 0.0207612456747 0.0363636363636
0 0.633794694348 0.227272727273 0.0219146482122 0.0343434343434
0 0.679930795848 0.224242424242 0.0196078431373 0.0323232323232
0 0.694925028835 0.294949494949 0.0242214532872 0.040404040404
0 0.73875432526 0.235353535354 0.0173010380623 0.0424242424242
0 0.675893886967 0.176767676768 0.0184544405998 0.0343434343434
0 0.63783160323 0.132323232323 0.0138408304498 0.0343434343434
0 0.942906574394 0.244444444444 0.0173010380623 0.040404040404
