0 0.205673758865 0.357710651828 0.0443262411348 0.0858505564388
0 0.290780141844 0.220985691574 0.0177304964539 0.0413354531002
0 0.304521276596 0.248012718601 0.020390070922 0.0445151033386
0 0.333776595745 0.185214626391 0.0168439716312 0.0397456279809
0 0.353723404255 0.18839427663 0.0195035460993 0.0365659777424
0 0.350177304965 0.22893481717 0.0177304964539 0.0413354531002
0 0.368794326241 0.24960254372 0.0195035460993 0.0413354531002
0 0.374556737589 0.232909379968 0.0168439716312 0.0397456279809
0 0.385638297872 0.192368839428 0.0159574468085 0.0349761526232
0 0.408687943262 0.194753577107 0.0159574468085 0.0365659777424
0 0.420212765957 0.206677265501 0.0195035460993 0.0349761526232
0 0.417109929078 0.231319554849 0.020390070922 0.0429252782194
0 0.420212765957 0.151033386328 0.0141843971631 0.0317965023847
0 0.441489361702 0.171701112878 0.0177304964539 0.0349761526232
0 0.442819148936 0.214626391097 0.0186170212766 0.0381558028617
0 0.463209219858 0.241653418124 0.0221631205674 0.0413354531002
0 0.467641843972 0.191573926868 0.020390070922 0.0461049284579
0 0.472517730496 0.155007949126 0.0141843971631 0.0302066772655
0 0.458333333333 0.141494435612 0.0141843971631 0.0317965023847
0 0.493794326241 0.157392686804 0.0159574468085 0.0317965023847
0 0.505762411348 0.139904610493 0.0132978723404 0.0286168521463
0 0.488031914894 0.138314785374 0.0132978723404 0.0254372019078
0 0.520390070922 0.132750397456 0.0159574468085 0.0302066772655
0 0.512411347518 0.183624801272 0.0141843971631 0.033386327504
0 0.519503546099 0.171701112878 0.0141843971631 0.0317965023847
0 0.54920212766 0.183624801272 0.0168439716312 0.0365659777424
0 0.543439716312 0.143879173291 0.0141843971631 0.027027027027
0 0.551861702128 0.130365659777 0.0132978723404 0.0254372019078
0 0.556737588652 0.152623211447 0.0124113475177 0.0317965023847
0 0.583776595745 0.173290937997 0.0186170212766 0.0381558028617
0 0.56914893617 0.130365659777 0.0177304964539 0.0349761526232
0 0.583776595745 0.116057233704 0.0132978723404 0.0286168521463
0 0.598404255319 0.127980922099 0.0141843971631 0.033386327504
0 0.610372340426 0.161367249603 0.0168439716312 0.0365659777424
0 0.624113475177 0.133545310016 0.0159574468085 0.0349761526232
0 0.650265957447 0.142289348172 0.0168439716312 0.0302066772655
0 0.653368794326 0.112082670906 0.0159574468085 0.027027027027
0 0.673315602837 0.10492845787 0.0186170212766 0.0349761526232
0 0.673758865248 0.128775834658 0.0159574468085 0.0317965023847
0 0.709219858156 0.113672496025 0.0159574468085 0.033386327504
0 0.519946808511 0.265500794913 0.0257092198582 0.0540540540541
0 0.554078014184 0.29252782194 0.0283687943262 0.060413354531
0 0.568705673759 0.251987281399 0.0239361702128 0.0461049284579
0 0.600620567376 0.313990461049 0.0310283687943 0.0683624801272
0 0.622783687943 0.255166931638 0.0274822695035 0.0524642289348
0 0.629875886525 0.213036565978 0.0186170212766 0.0413354531002
0 0.663120567376 0.192368839428 0.0195035460993 0.0381558028617
0 0.698138297872 0.173290937997 0.0186170212766 0.0445151033386
0 0.71365248227 0.182034976153 0.0195035460993 0.0429252782194
0 0.676861702128 0.255166931638 0.0328014184397 0.0651828298887
0 0.695921985816 0.309220985692 0.0336879432624 0.0620031796502
0 0.72384751773 0.303656597774 0.0221631205674 0.0540540540541
0 0.726507092199 0.241653418124 0.0221631205674 0.0476947535771
0 0.741134751773 0.20826709062 0.0195035460993 0.0381558028617
0 0.744237588652 0.174085850556 0.0186170212766 0.0365659777424
0 0.749113475177 0.132750397456 0.0177304964539 0.0365659777424
0 0.769060283688 0.139904610493 0.0150709219858 0.0349761526232
0 0.786790780142 0.156597774245 0.020390070922 0.0365659777424
0 0.764184397163 0.22893481717 0.0248226950355 0.0476947535771
0 0.752659574468 0.358505564388 0.0301418439716 0.0651828298887
0 0.789893617021 0.234499205087 0.0230496453901 0.0461049284579
0 0.781914893617 0.296502384738 0.0283687943262 0.0651828298887
0 0.8125 0.400635930048 0.0310283687943 0.0699523052464
0 0.826684397163 0.306041335453 0.0292553191489 0.0651828298887
0 0.815602836879 0.258346581876 0.0230496453901 0.0524642289348
0 0.862588652482 0.275039745628 0.0265957446809 0.0508744038156
0 0.871010638298 0.227344992051 0.0239361702128 0.0508744038156
0 0.902039007092 0.335453100159 0.0274822695035 0.0572337042925
0 0.878989361702 0.424483306836 0.0452127659574 0.0858505564388
0 0.908687943262 0.289348171701 0.0212765957447 0.0476947535771
0 0.915780141844 0.244833068362 0.0212765957447 0.0445151033386
0 0.805407801418 0.168521462639 0.0150709219858 0.0317965023847
