0 0.209381044487 0.37091222031 0.0473887814313 0.0843373493976
0 0.308027079304 0.213425129088 0.0164410058027 0.0344234079174
0 0.329787234043 0.222030981067 0.0174081237911 0.0344234079174
0 0.340909090909 0.202237521515 0.0145067698259 0.0327022375215
0 0.351547388781 0.224612736661 0.0183752417795 0.0327022375215
0 0.364603481625 0.254733218589 0.0193423597679 0.0344234079174
0 0.378143133462 0.240103270224 0.0135396518375 0.0361445783133
0 0.368471953578 0.198795180723 0.0174081237911 0.039586919105
0 0.386363636364 0.2082616179 0.0164410058027 0.0344234079174
0 0.405705996132 0.25817555938 0.0241779497099 0.0481927710843
0 0.412959381044 0.174698795181 0.0174081237911 0.0361445783133
0 0.418762088975 0.145438898451 0.0135396518375 0.0327022375215
0 0.44584139265 0.222030981067 0.0232108317215 0.0344234079174
0 0.440522243714 0.169535283993 0.0164410058027 0.0361445783133
0 0.456963249516 0.154905335628 0.0145067698259 0.0240963855422
0 0.469535783366 0.149741824441 0.0125725338491 0.0275387263339
0 0.477272727273 0.231497418244 0.0203094777563 0.039586919105
0 0.483075435203 0.173838209983 0.0183752417795 0.0344234079174
0 0.487911025145 0.135111876076 0.0125725338491 0.0292598967298
0 0.501934235977 0.185025817556 0.0135396518375 0.0361445783133
0 0.506769825919 0.120481927711 0.0154738878143 0.0240963855422
0 0.510154738878 0.147160068847 0.0145067698259 0.0292598967298
0 0.527562862669 0.124784853701 0.0164410058027 0.0292598967298
0 0.54497098646 0.197074010327 0.0183752417795 0.0327022375215
0 0.54497098646 0.172117039587 0.0125725338491 0.0344234079174
0 0.558994197292 0.150602409639 0.0135396518375 0.0292598967298
0 0.541102514507 0.131669535284 0.0125725338491 0.0292598967298
0 0.580754352031 0.169535283993 0.0164410058027 0.039586919105
0 0.575435203095 0.129948364888 0.0116054158607 0.0292598967298
0 0.582205029014 0.114457831325 0.0135396518375 0.0292598967298
0 0.60251450677 0.122203098107 0.0154738878143 0.0309810671256
0 0.613636363636 0.110154905336 0.0145067698259 0.0275387263339
0 0.622340425532 0.127366609294 0.0145067698259 0.0240963855422
0 0.635396518375 0.115318416523 0.0154738878143 0.0275387263339
0 0.659574468085 0.0981067125645 0.00967117988395 0.0275387263339
0 0.692940038685 0.10413080895 0.00870406189555 0.0189328743546
0 0.683268858801 0.117900172117 0.0125725338491 0.025817555938
0 0.667794970986 0.129948364888 0.0164410058027 0.0292598967298
0 0.719052224371 0.110154905336 0.0106382978723 0.0275387263339
0 0.492263056093 0.280550774527 0.0232108317215 0.0619621342513
0 0.542553191489 0.286574870912 0.027079303675 0.0567986230637
0 0.565280464217 0.249569707401 0.0203094777563 0.0516351118761
0 0.599613152805 0.338209982788 0.027079303675 0.0602409638554
0 0.618471953578 0.214285714286 0.0222437137331 0.039586919105
0 0.632011605416 0.23752151463 0.0203094777563 0.0516351118761
0 0.663442940039 0.180722891566 0.0174081237911 0.0413080895009
0 0.682785299807 0.260757314974 0.0174081237911 0.0430292598967
0 0.688588007737 0.307228915663 0.0212765957447 0.0636833046472
0 0.730174081238 0.289156626506 0.0174081237911 0.0516351118761
0 0.703578336557 0.156626506024 0.0183752417795 0.0344234079174
0 0.726789168279 0.144578313253 0.0125725338491 0.0344234079174
0 0.747098646035 0.132530120482 0.0125725338491 0.0344234079174
0 0.713733075435 0.188468158348 0.0154738878143 0.0327022375215
0 0.723404255319 0.234079173838 0.0154738878143 0.0447504302926
0 0.75 0.177280550775 0.0183752417795 0.0378657487091
0 0.759671179884 0.185025817556 0.0183752417795 0.039586919105
0 0.753868471954 0.260757314974 0.0164410058027 0.0499139414802
0 0.775628626692 0.136833046472 0.0116054158607 0.0223752151463
0 0.78916827853 0.15834767642 0.0135396518375 0.0378657487091
0 0.808510638298 0.15404475043 0.0154738878143 0.0361445783133
0 0.804642166344 0.203098106713 0.0193423597679 0.0447504302926
0 0.803191489362 0.24182444062 0.0183752417795 0.0430292598967
0 0.780464216634 0.314974182444 0.0193423597679 0.0550774526678
0 0.737427466151 0.388123924269 0.031914893617 0.0705679862306
0 0.808994197292 0.409638554217 0.0299806576402 0.0688468158348
0 0.836073500967 0.34595524957 0.0222437137331 0.0550774526678
0 0.870889748549 0.257314974182 0.0164410058027 0.0499139414802
0 0.884912959381 0.229776247849 0.0174081237911 0.0430292598967
0 0.926499032882 0.218588640275 0.0154738878143 0.0413080895009
0 0.918762088975 0.285714285714 0.0193423597679 0.0481927710843
0 0.913442940039 0.344234079174 0.0203094777563 0.0550774526678
0 0.892166344294 0.426850258176 0.0280464216634 0.07917383821
0 0.620406189555 0.153184165232 0.0164410058027 0.0309810671256
0 0.469052224371 0.139414802065 0.0116054158607 0.0275387263339
