0 0.084013050571 0.577192982456 0.0587275693312 0.133333333333
0 0.246329526917 0.261403508772 0.0244698205546 0.059649122807
0 0.298531810767 0.248245614035 0.0179445350734 0.0473684210526
0 0.307096247961 0.222807017544 0.0203915171289 0.0456140350877
0 0.328711256117 0.241228070175 0.0228384991843 0.0543859649123
0 0.345840130506 0.229824561404 0.0195758564437 0.0491228070175
0 0.356851549755 0.291228070175 0.0220228384992 0.0526315789474
0 0.393556280587 0.24649122807 0.0203915171289 0.0438596491228
0 0.425774877651 0.322807017544 0.0228384991843 0.0561403508772
0 0.360929853181 0.199122807018 0.0171288743883 0.0368421052632
0 0.386215334421 0.2 0.0187601957586 0.0385964912281
0 0.425774877651 0.197368421053 0.0163132137031 0.0368421052632
0 0.436378466558 0.167543859649 0.0163132137031 0.040350877193
0 0.472267536705 0.25 0.021207177814 0.0473684210526
0 0.452691680261 0.169298245614 0.0130505709625 0.0333333333333
0 0.470228384992 0.177192982456 0.0187601957586 0.0491228070175
0 0.493882544861 0.213157894737 0.0187601957586 0.0438596491228
0 0.493066884176 0.156140350877 0.0138662316476 0.0385964912281
0 0.525693311582 0.164035087719 0.0138662316476 0.0438596491228
0 0.545269168026 0.214035087719 0.0154975530179 0.0421052631579
0 0.571778140294 0.212280701754 0.0179445350734 0.0491228070175
0 0.548939641109 0.14298245614 0.0163132137031 0.0263157894737
0 0.547716150082 0.165789473684 0.0138662316476 0.0333333333333
0 0.570962479608 0.142105263158 0.0146818923328 0.0385964912281
0 0.595024469821 0.135964912281 0.0154975530179 0.040350877193
0 0.600734094617 0.182456140351 0.0154975530179 0.0421052631579
0 0.612969004894 0.208771929825 0.0203915171289 0.0491228070175
0 0.616231647635 0.165789473684 0.0138662316476 0.0368421052632
0 0.62969004894 0.128947368421 0.0179445350734 0.0438596491228
0 0.64722675367 0.139473684211 0.0138662316476 0.040350877193
0 0.650081566069 0.192105263158 0.0163132137031 0.0438596491228
0 0.682707993475 0.157894736842 0.0179445350734 0.0421052631579
0 0.691680261011 0.141228070175 0.0163132137031 0.040350877193
0 0.711256117455 0.162280701754 0.0163132137031 0.0438596491228
0 0.550163132137 0.354385964912 0.0301794453507 0.0701754385965
0 0.60766721044 0.390350877193 0.026101141925 0.0578947368421
0 0.618270799347 0.304385964912 0.0244698205546 0.0578947368421
0 0.665986949429 0.249122807018 0.0203915171289 0.0561403508772
0 0.657014681892 0.426315789474 0.0301794453507 0.080701754386
0 0.711663947798 0.216666666667 0.0171288743883 0.0438596491228
0 0.711663947798 0.287719298246 0.0269168026101 0.0631578947368
0 0.746737357259 0.236842105263 0.0171288743883 0.0421052631579
0 0.73572593801 0.207894736842 0.0179445350734 0.0473684210526
0 0.750407830343 0.198245614035 0.0130505709625 0.0421052631579
0 0.780179445351 0.176315789474 0.0171288743883 0.0438596491228
0 0.778140293638 0.217543859649 0.0179445350734 0.0421052631579
0 0.765497553018 0.29298245614 0.0187601957586 0.0561403508772
0 0.792006525285 0.266666666667 0.0195758564437 0.0456140350877
0 0.814437194127 0.306140350877 0.0220228384992 0.0614035087719
0 0.8132137031 0.248245614035 0.021207177814 0.0508771929825
0 0.821370309951 0.217543859649 0.0146818923328 0.0421052631579
0 0.811174551387 0.197368421053 0.0154975530179 0.0438596491228
0 0.873572593801 0.241228070175 0.0163132137031 0.0473684210526
0 0.890293637847 0.270175438596 0.0187601957586 0.0526315789474
0 0.907422512235 0.231578947368 0.0154975530179 0.0315789473684
0 0.900081566069 0.251754385965 0.0154975530179 0.0438596491228
0 0.936378466558 0.282456140351 0.0179445350734 0.0491228070175
0 0.955138662316 0.25350877193 0.0146818923328 0.0473684210526
0 0.979200652529 0.307894736842 0.0187601957586 0.0438596491228
0 0.983278955954 0.271052631579 0.0138662316476 0.0368421052632
0 0.97471451876 0.344736842105 0.0146818923328 0.0473684210526
0 0.981647634584 0.383333333333 0.0171288743883 0.0578947368421
0 0.922920065253 0.337719298246 0.0203915171289 0.0614035087719
0 0.959216965742 0.448245614035 0.0244698205546 0.0754385964912
0 0.954730831974 0.400877192982 0.0236541598695 0.0649122807018
0 0.882137030995 0.430701754386 0.0269168026101 0.0684210526316
0 0.860522022838 0.376315789474 0.026101141925 0.0684210526316
0 0.872756933116 0.535087719298 0.0407830342577 0.0877192982456
0 0.786296900489 0.462280701754 0.0342577487765 0.0929824561404
0 0.725938009788 0.425438596491 0.0293637846656 0.0824561403509
