0 0.192651439921 0.339539007092 0.0417080436941 0.0762411347518
0 0.270605759682 0.226063829787 0.0168818272095 0.0372340425532
0 0.320754716981 0.247340425532 0.0198609731877 0.040780141844
0 0.337140019861 0.201241134752 0.0168818272095 0.0336879432624
0 0.353028798411 0.201241134752 0.0148957298908 0.0265957446809
0 0.366931479643 0.206560283688 0.0148957298908 0.0336879432624
0 0.376861966236 0.185283687943 0.012909632572 0.0301418439716
0 0.398212512413 0.176418439716 0.0178748758689 0.0301418439716
0 0.424528301887 0.153368794326 0.0148957298908 0.0301418439716
0 0.41956305859 0.192375886525 0.0148957298908 0.0265957446809
0 0.41857000993 0.222517730496 0.0188679245283 0.0372340425532
0 0.408639523337 0.273936170213 0.0188679245283 0.0372340425532
0 0.441906653426 0.219858156028 0.0178748758689 0.0390070921986
0 0.459285004965 0.139184397163 0.0109235352532 0.0230496453901
0 0.479642502483 0.151595744681 0.0139026812314 0.0265957446809
0 0.470705064548 0.186170212766 0.0178748758689 0.0354609929078
0 0.482621648461 0.239361702128 0.0198609731877 0.0425531914894
0 0.5 0.199468085106 0.0168818272095 0.0336879432624
0 0.514399205561 0.175531914894 0.0139026812314 0.0283687943262
0 0.534260178749 0.207446808511 0.0198609731877 0.0390070921986
0 0.503475670308 0.149822695035 0.0119165839126 0.0230496453901
0 0.492055610725 0.132978723404 0.00893743793446 0.0141843971631
0 0.503475670308 0.132092198582 0.00794438927507 0.0159574468085
0 0.51588877855 0.13475177305 0.0109235352532 0.0212765957447
0 0.530784508441 0.140957446809 0.012909632572 0.0230496453901
0 0.546176762661 0.144503546099 0.0119165839126 0.0301418439716
0 0.556107249255 0.141843971631 0.00993048659384 0.0212765957447
0 0.579443892751 0.186170212766 0.0168818272095 0.031914893617
0 0.574975173784 0.13829787234 0.0119165839126 0.0248226950355
0 0.582919563059 0.121453900709 0.0119165839126 0.0195035460993
0 0.592353525323 0.139184397163 0.0148957298908 0.0301418439716
0 0.606752730884 0.11524822695 0.0119165839126 0.0212765957447
0 0.614200595829 0.109929078014 0.0109235352532 0.0177304964539
0 0.631578947368 0.103723404255 0.0119165839126 0.0195035460993
0 0.626613704071 0.11524822695 0.00993048659384 0.0212765957447
0 0.617676266137 0.137411347518 0.0119165839126 0.0265957446809
0 0.616186693148 0.169326241135 0.0148957298908 0.0301418439716
0 0.649950347567 0.140957446809 0.012909632572 0.0301418439716
0 0.650943396226 0.107269503546 0.0109235352532 0.0195035460993
0 0.663356504469 0.116134751773 0.0119165839126 0.0301418439716
0 0.683217477656 0.123226950355 0.0119165839126 0.0301418439716
0 0.707547169811 0.114361702128 0.0109235352532 0.0230496453901
0 0.722939424032 0.140070921986 0.0119165839126 0.0248226950355
0 0.701588877855 0.168439716312 0.0109235352532 0.0212765957447
0 0.698113207547 0.195035460993 0.0158887785501 0.0390070921986
0 0.658391261172 0.182624113475 0.0139026812314 0.0283687943262
0 0.667328699106 0.21719858156 0.0198609731877 0.0336879432624
0 0.622641509434 0.212765957447 0.0158887785501 0.0354609929078
0 0.628103277061 0.262411347518 0.0188679245283 0.0460992907801
0 0.662859980139 0.271276595745 0.0188679245283 0.0496453900709
0 0.571996027805 0.280141843972 0.0218470705065 0.0496453900709
0 0.56504468719 0.265070921986 0.0178748758689 0.0336879432624
0 0.722939424032 0.28280141844 0.0218470705065 0.0478723404255
0 0.759185700099 0.260638297872 0.0168818272095 0.0425531914894
0 0.792949354518 0.28634751773 0.0208540218471 0.0549645390071
0 0.842601787488 0.301418439716 0.0208540218471 0.0496453900709
0 0.88728897716 0.321808510638 0.0228401191658 0.0549645390071
0 0.910625620655 0.279255319149 0.0178748758689 0.0478723404255
0 0.85551142006 0.257978723404 0.0208540218471 0.0443262411348
0 0.837636544191 0.234929078014 0.012909632572 0.0372340425532
0 0.783515392254 0.212765957447 0.0158887785501 0.031914893617
0 0.749255213505 0.219858156028 0.0168818272095 0.031914893617
0 0.74131082423 0.182624113475 0.012909632572 0.0248226950355
0 0.756206554121 0.15780141844 0.0148957298908 0.0283687943262
0 0.771102284012 0.132978723404 0.012909632572 0.0283687943262
0 0.7909632572 0.155141843972 0.012909632572 0.0301418439716
0 0.801886792453 0.150709219858 0.00893743793446 0.0177304964539
0 0.813803376365 0.143617021277 0.012909632572 0.0248226950355
0 0.820754716981 0.171985815603 0.0109235352532 0.0283687943262
0 0.832174776564 0.156914893617 0.0139026812314 0.0301418439716
0 0.846573982125 0.154255319149 0.0109235352532 0.0248226950355
0 0.836146971202 0.192375886525 0.0139026812314 0.0301418439716
0 0.853028798411 0.193262411348 0.0119165839126 0.0283687943262
0 0.864945382324 0.174645390071 0.0139026812314 0.0336879432624
0 0.879344587885 0.152482269504 0.0109235352532 0.0248226950355
0 0.904667328699 0.163120567376 0.00993048659384 0.0248226950355
0 0.892254220457 0.203014184397 0.012909632572 0.0336879432624
0 0.899205561072 0.183510638298 0.0109235352532 0.0265957446809
0 0.93495531281 0.176418439716 0.0109235352532 0.0265957446809
0 0.928003972195 0.206560283688 0.0109235352532 0.0230496453901
0 0.941410129096 0.210106382979 0.0119165839126 0.0230496453901
0 0.920556107249 0.234929078014 0.0119165839126 0.0301418439716
0 0.940913604767 0.258865248227 0.0168818272095 0.0496453900709
