0 0.130469371519 0.547983310153 0.0365950676213 0.0667593880389
0 0.217581543357 0.346314325452 0.0167064439141 0.0333796940195
0 0.252983293556 0.351182197497 0.0190930787589 0.0375521557719
0 0.284407319014 0.359527121001 0.0167064439141 0.0375521557719
0 0.311455847255 0.386648122392 0.0198886237072 0.0389429763561
0 0.28122513922 0.296244784423 0.0151153540175 0.0333796940195
0 0.345664280032 0.333101529903 0.0135242641209 0.0319888734353
0 0.348448687351 0.29207232267 0.0127287191726 0.0278164116829
0 0.387430389817 0.323365785814 0.0127287191726 0.0319888734353
0 0.381066030231 0.259388038943 0.0143198090692 0.0236439499305
0 0.401352426412 0.261474269819 0.0119331742243 0.019471488178
0 0.404136833731 0.287204450626 0.0143198090692 0.0236439499305
0 0.405727923628 0.322670375522 0.0175019888624 0.0361613351878
0 0.42800318218 0.348400556328 0.0175019888624 0.0347705146036
0 0.420843277645 0.271210013908 0.0127287191726 0.0250347705146
0 0.428798727128 0.296940194715 0.0143198090692 0.029207232267
0 0.459824980111 0.303198887344 0.0143198090692 0.0250347705146
0 0.419252187749 0.244089012517 0.0127287191726 0.0236439499305
0 0.442720763723 0.243393602225 0.0103420843278 0.0222531293463
0 0.462211614956 0.226008344924 0.00954653937947 0.0208623087622
0 0.485680190931 0.260083449235 0.0135242641209 0.0250347705146
0 0.514319809069 0.265646731572 0.0151153540175 0.0278164116829
0 0.505568814638 0.246870653686 0.00875099443119 0.0208623087622
0 0.507159904535 0.230180806676 0.0119331742243 0.0180806675939
0 0.525059665871 0.25173852573 0.0143198090692 0.0305980528512
0 0.542561654733 0.276773296245 0.0127287191726 0.0278164116829
0 0.498806682578 0.321279554937 0.0159108989658 0.0333796940195
0 0.558074781225 0.261474269819 0.0151153540175 0.0305980528512
0 0.538981702466 0.222531293463 0.0135242641209 0.0278164116829
0 0.562052505967 0.235744089013 0.0103420843278 0.0208623087622
0 0.561654733492 0.214186369958 0.0111376292761 0.019471488178
0 0.582736674622 0.239221140473 0.0135242641209 0.0250347705146
0 0.589101034208 0.217663421419 0.0103420843278 0.0236439499305
0 0.598249801114 0.199582753825 0.00954653937947 0.0236439499305
0 0.609785202864 0.215577190542 0.0119331742243 0.0222531293463
0 0.613762927605 0.248956884562 0.0135242641209 0.0222531293463
0 0.65354017502 0.198191933241 0.0103420843278 0.0236439499305
0 0.657120127287 0.227399165508 0.00954653937947 0.0236439499305
0 0.665871121718 0.218358831711 0.00954653937947 0.0250347705146
0 0.46260938743 0.394993045897 0.0214797136038 0.0445062586926
0 0.512728719173 0.410987482615 0.0230708035004 0.0458970792768
0 0.52108194113 0.36578581363 0.0190930787589 0.0361613351878
0 0.574383452665 0.363004172462 0.0206841686555 0.0500695410292
0 0.580350039777 0.318497913769 0.0167064439141 0.0333796940195
0 0.619331742243 0.289290681502 0.0135242641209 0.0305980528512
0 0.655131264916 0.278859527121 0.0151153540175 0.029207232267
0 0.629276054097 0.332406119611 0.0159108989658 0.0361613351878
0 0.560859188544 0.429068150209 0.0254574383453 0.0598052851182
0 0.629276054097 0.458275382476 0.0270485282418 0.0625869262865
0 0.683373110581 0.482614742698 0.030230708035 0.0639777468707
0 0.791567223548 0.535465924896 0.0254574383453 0.0667593880389
0 0.651153540175 0.365090403338 0.0214797136038 0.0486787204451
0 0.674224343675 0.346314325452 0.0182975338107 0.0445062586926
0 0.678599840891 0.290681502086 0.0143198090692 0.0333796940195
0 0.693715194909 0.279554937413 0.0143198090692 0.0333796940195
0 0.687350835322 0.248956884562 0.0111376292761 0.0250347705146
0 0.720365950676 0.243393602225 0.0119331742243 0.0305980528512
0 0.728719172633 0.226008344924 0.0111376292761 0.0236439499305
0 0.755369928401 0.257997218359 0.0151153540175 0.0319888734353
0 0.761734287987 0.234353268428 0.0151153540175 0.0264255910987
0 0.743038981702 0.289290681502 0.0159108989658 0.0361613351878
0 0.713206046142 0.387343532684 0.0214797136038 0.0458970792768
0 0.794351630867 0.291376912378 0.0119331742243 0.0236439499305
0 0.816626889419 0.256606397775 0.0135242641209 0.029207232267
0 0.836913285601 0.264255910987 0.0159108989658 0.0333796940195
0 0.848448687351 0.250347705146 0.0103420843278 0.0278164116829
0 0.824980111376 0.301808066759 0.0159108989658 0.0361613351878
0 0.7907716786 0.353268428373 0.0175019888624 0.0389429763561
0 0.801113762928 0.340751043115 0.0159108989658 0.0361613351878
0 0.759745425617 0.408205841446 0.0206841686555 0.0570236439499
0 0.821002386635 0.449235048679 0.0254574383453 0.0584144645341
0 0.882657120127 0.465924895688 0.0230708035004 0.0584144645341
0 0.868735083532 0.397079276773 0.0206841686555 0.0458970792768
0 0.830548926014 0.389429763561 0.0190930787589 0.0500695410292
0 0.850437549722 0.375521557719 0.0159108989658 0.0361613351878
0 0.863961813842 0.324061196106 0.0159108989658 0.0389429763561
0 0.891408114558 0.310848400556 0.0119331742243 0.0319888734353
0 0.906125696102 0.338664812239 0.0159108989658 0.0403337969402
0 0.913683373111 0.36926286509 0.0167064439141 0.0347705146036
0 0.908910103421 0.301808066759 0.0119331742243 0.0305980528512
0 0.910501193317 0.260778859527 0.0119331742243 0.0319888734353
0 0.87430389817 0.2719054242 0.0175019888624 0.0319888734353
