0 0.230492196879 0.395474137931 0.0528211284514 0.0926724137931
0 0.367346938776 0.206896551724 0.0264105642257 0.0560344827586
0 0.536014405762 0.195043103448 0.0180072028812 0.0409482758621
0 0.622448979592 0.224137931034 0.0228091236495 0.0431034482759
0 0.666866746699 0.200431034483 0.0180072028812 0.0344827586207
0 0.704681872749 0.206896551724 0.0192076830732 0.0387931034483
0 0.744897959184 0.217672413793 0.0204081632653 0.0387931034483
0 0.66206482593 0.253232758621 0.0228091236495 0.0538793103448
0 0.673469387755 0.23275862069 0.0192076830732 0.0431034482759
0 0.750900360144 0.282327586207 0.0228091236495 0.0474137931034
0 0.759303721489 0.268318965517 0.0204081632653 0.0409482758621
0 0.750900360144 0.365301724138 0.0300120048019 0.0797413793103
0 0.823529411765 0.266163793103 0.0216086434574 0.0538793103448
0 0.810924369748 0.407327586207 0.0300120048019 0.0775862068966
0 0.908163265306 0.397629310345 0.0324129651861 0.0711206896552
