0 0.391891891892 0.188153310105 0.017017017017 0.0383275261324
0 0.416416416416 0.222996515679 0.022022022022 0.0383275261324
0 0.454954954955 0.230836236934 0.023023023023 0.0435540069686
0 0.567067067067 0.189024390244 0.017017017017 0.0331010452962
0 0.568068068068 0.163763066202 0.017017017017 0.0313588850174
0 0.627127127127 0.261324041812 0.023023023023 0.0557491289199
0 0.642642642643 0.288327526132 0.028028028028 0.0644599303136
0 0.637137137137 0.205574912892 0.019019019019 0.0452961672474
0 0.681181181181 0.174216027875 0.017017017017 0.0383275261324
0 0.686686686687 0.220383275261 0.024024024024 0.0435540069686
0 0.663663663664 0.0905923344948 0.018018018018 0.0383275261324
0 0.937937937938 0.224738675958 0.016016016016 0.0383275261324
