0 0.166666666667 0.278940027894 0.0268562401264 0.0418410041841
0 0.271721958926 0.261506276151 0.0205371248025 0.0376569037657
0 0.283570300158 0.253835425384 0.0189573459716 0.0334728033473
0 0.310426540284 0.221757322176 0.0189573459716 0.0362622036262
0 0.337677725118 0.215481171548 0.0181674565561 0.0348675034868
0 0.323854660348 0.257322175732 0.0252764612954 0.0376569037657
0 0.317140600316 0.294281729428 0.021327014218 0.0390516039052
0 0.311611374408 0.261506276151 0.0181674565561 0.0348675034868
0 0.362559241706 0.274755927476 0.0236966824645 0.044630404463
0 0.380331753555 0.303347280335 0.0244865718799 0.0460251046025
0 0.394944707741 0.201534170153 0.0221169036335 0.0404463040446
0 0.411927330174 0.181311018131 0.0150078988942 0.0390516039052
0 0.415086887836 0.223849372385 0.0244865718799 0.0404463040446
0 0.440758293839 0.21129707113 0.0221169036335 0.0460251046025
0 0.478672985782 0.223152022315 0.0252764612954 0.0418410041841
0 0.465639810427 0.163179916318 0.0150078988942 0.0362622036262
0 0.458135860979 0.151324965132 0.0173775671406 0.0292887029289
0 0.475118483412 0.140167364017 0.0134281200632 0.0320781032078
0 0.533965244866 0.193863319386 0.0205371248025 0.0418410041841
0 0.527646129542 0.149930264993 0.0205371248025 0.0376569037657
0 0.562401263823 0.144351464435 0.0157977883096 0.0320781032078
0 0.584518167457 0.163179916318 0.0189573459716 0.0362622036262
0 0.614928909953 0.150627615063 0.0165876777251 0.0334728033473
0 0.617298578199 0.136680613668 0.0165876777251 0.0278940027894
0 0.584123222749 0.1059972106 0.0165876777251 0.0278940027894
0 0.493680884676 0.300557880056 0.0221169036335 0.0460251046025
0 0.539889415482 0.305439330544 0.0292259083728 0.0529986052999
0 0.57859399684 0.239888423989 0.0276461295419 0.044630404463
0 0.605450236967 0.219665271967 0.0244865718799 0.0460251046025
0 0.617298578199 0.227336122734 0.0244865718799 0.0529986052999
0 0.646524486572 0.267085076709 0.022906793049 0.0516039051604
0 0.656398104265 0.206415620642 0.0189573459716 0.0390516039052
0 0.639415481833 0.177824267782 0.019747235387 0.0404463040446
0 0.629541864139 0.375871687587 0.0315955766193 0.071129707113
0 0.744470774092 0.280334728033 0.0308056872038 0.0613668061367
0 0.763033175355 0.336820083682 0.0315955766193 0.068340306834
0 0.794628751975 0.278940027894 0.0284360189573 0.0641562064156
0 0.803317535545 0.254532775453 0.0236966824645 0.0516039051604
0 0.845971563981 0.297071129707 0.0300157977883 0.0669456066946
0 0.857030015798 0.254532775453 0.0300157977883 0.0543933054393
0 0.903238546603 0.291492329149 0.0244865718799 0.0613668061367
0 0.702606635071 0.224546722455 0.021327014218 0.0418410041841
0 0.678515007899 0.167364016736 0.0173775671406 0.0334728033473
0 0.717219589258 0.1589958159 0.0205371248025 0.0362622036262
0 0.732227488152 0.188981868898 0.0205371248025 0.0376569037657
0 0.74131121643 0.229428172943 0.019747235387 0.0376569037657
0 0.768562401264 0.203626220363 0.0173775671406 0.0390516039052
0 0.817930489731 0.219665271967 0.021327014218 0.0432357043236
0 0.838072669826 0.18340306834 0.0157977883096 0.0404463040446
0 0.876777251185 0.201534170153 0.0189573459716 0.0404463040446
0 0.857424960506 0.147838214784 0.0134281200632 0.0334728033473
0 0.813981042654 0.159693165969 0.0150078988942 0.0320781032078
0 0.800157977883 0.174337517434 0.0173775671406 0.0390516039052
0 0.791074249605 0.143654114365 0.0150078988942 0.0362622036262
0 0.77448657188 0.153417015342 0.0165876777251 0.0306834030683
0 0.763823064771 0.172245467225 0.0173775671406 0.0348675034868
0 0.75355450237 0.135983263598 0.0173775671406 0.0320781032078
