0 0.197041984733 0.446037099494 0.0486641221374 0.0927487352445
0 0.434160305344 0.157672849916 0.013358778626 0.0286677908938
0 0.456106870229 0.160202360877 0.0171755725191 0.0303541315346
0 0.484732824427 0.180438448567 0.0209923664122 0.0370994940978
0 0.508110687023 0.188870151771 0.0181297709924 0.0337268128162
0 0.486164122137 0.135750421585 0.0124045801527 0.0320404721754
0 0.506202290076 0.144182124789 0.0181297709924 0.0286677908938
0 0.529580152672 0.14586846543 0.0171755725191 0.0320404721754
0 0.702290076336 0.185497470489 0.0190839694656 0.0370994940978
0 0.721374045802 0.193929173693 0.0190839694656 0.0404721753794
0 0.743797709924 0.18802698145 0.0181297709924 0.035413153457
0 0.761927480916 0.183811129848 0.0181297709924 0.0337268128162
0 0.801526717557 0.180438448567 0.0171755725191 0.0370994940978
0 0.839217557252 0.194772344013 0.0162213740458 0.0421585160202
0 0.882633587786 0.293423271501 0.0209923664122 0.0573355817875
0 0.909351145038 0.170320404722 0.0171755725191 0.0370994940978
0 0.946564885496 0.175379426644 0.0152671755725 0.0337268128162
0 0.93893129771 0.231871838111 0.0152671755725 0.0387858347386
