0 0.192656391659 0.36858974359 0.0444242973708 0.0897435897436
0 0.284224841342 0.213942307692 0.0172257479601 0.036858974359
0 0.3046237534 0.226762820513 0.0181323662738 0.036858974359
0 0.322302810517 0.221955128205 0.0190389845875 0.0432692307692
0 0.3476881233 0.233173076923 0.0190389845875 0.0464743589744
0 0.370806890299 0.246794871795 0.0199456029012 0.0448717948718
0 0.415684496827 0.249198717949 0.0208522212149 0.0464743589744
0 0.329102447869 0.177884615385 0.0181323662738 0.0384615384615
0 0.351767905712 0.188301282051 0.0181323662738 0.036858974359
0 0.369446962829 0.183493589744 0.0190389845875 0.0400641025641
0 0.385312783318 0.196314102564 0.0199456029012 0.0400641025641
0 0.418404351768 0.194711538462 0.0190389845875 0.036858974359
0 0.447869446963 0.232371794872 0.0235720761559 0.0416666666667
0 0.417497733454 0.158653846154 0.0172257479601 0.0352564102564
0 0.432910244787 0.170673076923 0.0190389845875 0.036858974359
0 0.453762466002 0.145032051282 0.0172257479601 0.0304487179487
0 0.468721668178 0.175480769231 0.0217588395286 0.0400641025641
0 0.496826835902 0.216346153846 0.0235720761559 0.0448717948718
0 0.5 0.177083333333 0.0190389845875 0.036858974359
0 0.486400725295 0.157051282051 0.0190389845875 0.0352564102564
0 0.468268359021 0.129006410256 0.0135992747053 0.0272435897436
0 0.485494106981 0.130608974359 0.0135992747053 0.0240384615385
0 0.537171350861 0.177884615385 0.0172257479601 0.0384615384615
0 0.525385312783 0.15625 0.0154125113327 0.036858974359
0 0.505893019039 0.141025641026 0.0126926563917 0.0320512820513
0 0.502266545784 0.120993589744 0.0126926563917 0.0304487179487
0 0.524932003626 0.120993589744 0.014505893019 0.0304487179487
0 0.547144152312 0.164262820513 0.0172257479601 0.0304487179487
0 0.545330915684 0.140224358974 0.0135992747053 0.0272435897436
0 0.548050770626 0.114583333333 0.0135992747053 0.0304487179487
0 0.562556663645 0.145833333333 0.011786038078 0.0288461538462
0 0.573889392566 0.130608974359 0.0126926563917 0.0304487179487
0 0.579329102448 0.179487179487 0.0217588395286 0.0352564102564
0 0.581595648232 0.110576923077 0.011786038078 0.0288461538462
0 0.59338168631 0.129807692308 0.0135992747053 0.0320512820513
0 0.603354487761 0.148237179487 0.0135992747053 0.0272435897436
0 0.599274705349 0.109775641026 0.0126926563917 0.0304487179487
0 0.620126926564 0.149038461538 0.014505893019 0.0320512820513
0 0.622393472348 0.120993589744 0.0154125113327 0.0272435897436
0 0.629193109701 0.108974358974 0.0126926563917 0.0288461538462
0 0.644605621034 0.099358974359 0.014505893019 0.025641025641
0 0.655031731641 0.127403846154 0.0154125113327 0.0304487179487
0 0.658658204896 0.111378205128 0.011786038078 0.0240384615385
0 0.679963735267 0.119391025641 0.0126926563917 0.0304487179487
0 0.677243880326 0.103365384615 0.0126926563917 0.0240384615385
0 0.702175883953 0.110576923077 0.0135992747053 0.0320512820513
0 0.499546690843 0.273237179487 0.0253853127833 0.0625
0 0.572982774252 0.28125 0.0253853127833 0.0592948717949
0 0.603354487761 0.311698717949 0.0299184043518 0.0753205128205
0 0.586128739801 0.236378205128 0.026291931097 0.0528846153846
0 0.619673617407 0.246794871795 0.0244786944696 0.0544871794872
0 0.622846781505 0.199519230769 0.0181323662738 0.0400641025641
0 0.663644605621 0.263621794872 0.0217588395286 0.0496794871795
0 0.674070716228 0.346153846154 0.0317316409791 0.0737179487179
0 0.668177697189 0.190705128205 0.0181323662738 0.0416666666667
0 0.698549410698 0.157852564103 0.0172257479601 0.0432692307692
0 0.711695376247 0.1875 0.0163191296464 0.0416666666667
0 0.726201269266 0.284455128205 0.0253853127833 0.0560897435897
0 0.728014505893 0.215544871795 0.0235720761559 0.0464743589744
0 0.756119673617 0.199519230769 0.0199456029012 0.0464743589744
0 0.737533998187 0.143429487179 0.0154125113327 0.0304487179487
0 0.746600181324 0.154647435897 0.0172257479601 0.036858974359
0 0.752039891206 0.132211538462 0.0172257479601 0.0336538461538
0 0.763825929284 0.154647435897 0.0135992747053 0.036858974359
0 0.779238440617 0.132211538462 0.0135992747053 0.0272435897436
0 0.805530371714 0.153846153846 0.0154125113327 0.0288461538462
0 0.78875793291 0.216346153846 0.0199456029012 0.0448717948718
0 0.773798730734 0.238782051282 0.0208522212149 0.0512820512821
0 0.786038077969 0.28766025641 0.0217588395286 0.0625
0 0.773798730734 0.356570512821 0.0299184043518 0.0657051282051
0 0.822756119674 0.383814102564 0.0335448776065 0.0785256410256
0 0.829102447869 0.302884615385 0.0226654578422 0.0641025641026
0 0.832275611967 0.241185897436 0.0217588395286 0.0528846153846
0 0.85630099728 0.269230769231 0.0190389845875 0.0448717948718
0 0.883499546691 0.230769230769 0.0190389845875 0.0448717948718
0 0.917044424297 0.330929487179 0.026291931097 0.0625
0 0.869900271985 0.422275641026 0.0335448776065 0.0785256410256
0 0.922937443336 0.286057692308 0.0235720761559 0.0400641025641
0 0.927017225748 0.233173076923 0.0172257479601 0.0400641025641
