0 0.109082397004 0.25884244373 0.0252808988764 0.0546623794212
0 0.295411985019 0.23231511254 0.0159176029963 0.0369774919614
0 0.299625468165 0.208199356913 0.0168539325843 0.0337620578778
0 0.319288389513 0.225884244373 0.0187265917603 0.0369774919614
0 0.335674157303 0.230707395498 0.0196629213483 0.040192926045
0 0.350187265918 0.176848874598 0.0149812734082 0.0353697749196
0 0.36095505618 0.199356913183 0.0177902621723 0.0385852090032
0 0.383426966292 0.199356913183 0.0159176029963 0.0353697749196
0 0.38670411985 0.233118971061 0.0187265917603 0.0450160771704
0 0.400280898876 0.206591639871 0.0159176029963 0.0369774919614
0 0.415262172285 0.25884244373 0.0196629213483 0.0450160771704
0 0.419475655431 0.23231511254 0.0205992509363 0.040192926045
0 0.454119850187 0.1961414791 0.0168539325843 0.0385852090032
0 0.477059925094 0.200964630225 0.0196629213483 0.048231511254
0 0.409644194757 0.161575562701 0.0121722846442 0.024115755627
0 0.433052434457 0.163183279743 0.0159176029963 0.0337620578778
0 0.451779026217 0.16077170418 0.0140449438202 0.032154340836
0 0.496722846442 0.137459807074 0.0140449438202 0.0273311897106
0 0.503745318352 0.152733118971 0.0149812734082 0.0257234726688
0 0.508895131086 0.176848874598 0.0177902621723 0.032154340836
0 0.535112359551 0.172025723473 0.0159176029963 0.0353697749196
0 0.568352059925 0.181672025723 0.0187265917603 0.0385852090032
0 0.580056179775 0.158360128617 0.0159176029963 0.0337620578778
0 0.580992509363 0.139871382637 0.0177902621723 0.0289389067524
0 0.562265917603 0.139871382637 0.0121722846442 0.0257234726688
0 0.562734082397 0.122990353698 0.0131086142322 0.0176848874598
0 0.549625468165 0.151125401929 0.0149812734082 0.032154340836
0 0.540262172285 0.131028938907 0.0149812734082 0.0273311897106
0 0.511235955056 0.122186495177 0.0112359550562 0.0225080385852
0 0.609082397004 0.153536977492 0.0140449438202 0.0305466237942
0 0.626872659176 0.116559485531 0.0121722846442 0.0273311897106
0 0.63670411985 0.132636655949 0.0149812734082 0.0305466237942
0 0.628277153558 0.159163987138 0.0149812734082 0.0289389067524
0 0.653558052434 0.156752411576 0.0149812734082 0.0305466237942
0 0.671348314607 0.14308681672 0.0131086142322 0.0353697749196
0 0.661048689139 0.114147909968 0.0131086142322 0.0257234726688
0 0.672284644195 0.110932475884 0.00936329588015 0.0289389067524
0 0.700842696629 0.110128617363 0.0102996254682 0.024115755627
0 0.693820224719 0.131832797428 0.0168539325843 0.0289389067524
0 0.72425093633 0.117363344051 0.0140449438202 0.0289389067524
0 0.676498127341 0.179260450161 0.0196629213483 0.0337620578778
0 0.640917602996 0.211414790997 0.0177902621723 0.040192926045
0 0.607209737828 0.227491961415 0.0271535580524 0.0434083601286
0 0.612827715356 0.122990353698 0.0102996254682 0.0176848874598
0 0.654962546816 0.247588424437 0.0271535580524 0.048231511254
0 0.698033707865 0.22347266881 0.0215355805243 0.0418006430868
0 0.708333333333 0.251607717042 0.0234082397004 0.0466237942122
0 0.713483146067 0.315112540193 0.0355805243446 0.0707395498392
0 0.757958801498 0.369774919614 0.0290262172285 0.0707395498392
0 0.716760299625 0.17845659164 0.0159176029963 0.032154340836
0 0.73361423221 0.181672025723 0.0159176029963 0.0385852090032
0 0.753277153558 0.174437299035 0.0159176029963 0.040192926045
0 0.750936329588 0.147106109325 0.0149812734082 0.040192926045
0 0.7734082397 0.196945337621 0.0187265917603 0.040192926045
0 0.749531835206 0.237942122186 0.0252808988764 0.0514469453376
0 0.781367041199 0.246784565916 0.0234082397004 0.0530546623794
0 0.776685393258 0.133440514469 0.0140449438202 0.0353697749196
0 0.801966292135 0.131832797428 0.0102996254682 0.0289389067524
0 0.803838951311 0.151125401929 0.0140449438202 0.032154340836
0 0.813670411985 0.166398713826 0.0168539325843 0.0337620578778
0 0.823033707865 0.141479099678 0.0112359550562 0.0289389067524
0 0.816947565543 0.283762057878 0.0271535580524 0.0530546623794
0 0.854400749064 0.254823151125 0.0234082397004 0.0498392282958
0 0.818352059925 0.202572347267 0.0187265917603 0.0385852090032
0 0.838014981273 0.203376205788 0.0149812734082 0.0337620578778
0 0.850655430712 0.172829581994 0.0140449438202 0.0337620578778
0 0.859550561798 0.16077170418 0.0131086142322 0.0289389067524
0 0.853464419476 0.135852090032 0.0121722846442 0.0273311897106
0 0.874063670412 0.15192926045 0.0121722846442 0.0305466237942
0 0.890449438202 0.184887459807 0.0187265917603 0.0418006430868
0 0.89372659176 0.163183279743 0.0159176029963 0.0273311897106
0 0.90074906367 0.229099678457 0.0187265917603 0.040192926045
0 0.860486891386 0.216237942122 0.0149812734082 0.0305466237942
0 0.915262172285 0.21463022508 0.0177902621723 0.0434083601286
0 0.930711610487 0.18729903537 0.0131086142322 0.0305466237942
0 0.935393258427 0.159163987138 0.0149812734082 0.0289389067524
0 0.955992509363 0.207395498392 0.0149812734082 0.0385852090032
0 0.947565543071 0.25 0.0187265917603 0.0434083601286
0 0.921348314607 0.350482315113 0.0280898876404 0.0610932475884
0 0.970973782772 0.192122186495 0.0131086142322 0.0369774919614
