0 0.20498474059 0.355454545455 0.0478128179044 0.0890909090909
0 0.303153611394 0.243636363636 0.0223804679552 0.0436363636364
0 0.309257375381 0.216363636364 0.0223804679552 0.0363636363636
0 0.330620549339 0.235454545455 0.0183112919634 0.0418181818182
0 0.351475076297 0.246363636364 0.0233977619532 0.0490909090909
0 0.371820956256 0.245454545455 0.0233977619532 0.0472727272727
0 0.406917599186 0.267272727273 0.0264496439471 0.0509090909091
0 0.348423194303 0.177272727273 0.0172939979654 0.0345454545455
0 0.358087487284 0.189090909091 0.0162767039674 0.0327272727273
0 0.383011190234 0.182727272727 0.0172939979654 0.0345454545455
0 0.418107833164 0.208181818182 0.0203458799593 0.0381818181818
0 0.416581892167 0.185454545455 0.0172939979654 0.0327272727273
0 0.446083418108 0.215454545455 0.0213631739573 0.0418181818182
0 0.474567650051 0.22 0.0254323499491 0.0472727272727
0 0.417599186165 0.144545454545 0.0152594099695 0.0309090909091
0 0.442014242116 0.170909090909 0.0213631739573 0.0363636363636
0 0.464394710071 0.142727272727 0.0152594099695 0.0381818181818
0 0.474059003052 0.137272727273 0.0162767039674 0.0345454545455
0 0.489318413021 0.168181818182 0.0203458799593 0.0345454545455
0 0.490335707019 0.132727272727 0.0122075279756 0.0327272727273
0 0.502034587996 0.148181818182 0.0152594099695 0.0345454545455
0 0.5 0.118181818182 0.0132248219736 0.0254545454545
0 0.515768056968 0.135454545455 0.0142421159715 0.0309090909091
0 0.529501525941 0.125454545455 0.0132248219736 0.0290909090909
0 0.53509664293 0.161818181818 0.0142421159715 0.0290909090909
0 0.51983723296 0.173636363636 0.0183112919634 0.0345454545455
0 0.555442522889 0.18 0.0162767039674 0.0327272727273
0 0.561546286877 0.157272727273 0.0183112919634 0.0272727272727
0 0.59003051882 0.164545454545 0.0162767039674 0.0309090909091
0 0.557477110885 0.119090909091 0.0142421159715 0.0236363636364
0 0.573753814852 0.119090909091 0.0122075279756 0.0236363636364
0 0.581892166836 0.110909090909 0.0142421159715 0.0218181818182
0 0.589521871821 0.133636363636 0.0152594099695 0.0309090909091
0 0.596642929807 0.12 0.0111902339776 0.0218181818182
0 0.617497456765 0.137272727273 0.0142421159715 0.0309090909091
0 0.613936927772 0.103636363636 0.0152594099695 0.0290909090909
0 0.633774160732 0.111818181818 0.0122075279756 0.0272727272727
0 0.657680569685 0.0972727272727 0.0172939979654 0.0345454545455
0 0.68006103764 0.0972727272727 0.0152594099695 0.0272727272727
0 0.685656154629 0.114545454545 0.0162767039674 0.0290909090909
0 0.713631739573 0.0981818181818 0.0132248219736 0.0290909090909
0 0.66022380468 0.132727272727 0.0142421159715 0.0327272727273
0 0.582909460834 0.239090909091 0.0223804679552 0.0527272727273
0 0.546286876907 0.317272727273 0.0325534079349 0.0709090909091
0 0.493387589013 0.292727272727 0.030518819939 0.0581818181818
0 0.598168870804 0.334545454545 0.028484231943 0.0727272727273
0 0.630722278739 0.234545454545 0.0244150559512 0.0545454545455
0 0.677009155646 0.249090909091 0.0233977619532 0.0545454545455
0 0.689725330621 0.309090909091 0.028484231943 0.0654545454545
0 0.732451678535 0.288181818182 0.0223804679552 0.0490909090909
0 0.744659206511 0.397272727273 0.0366225839268 0.0781818181818
0 0.817395727365 0.385454545455 0.0376398779247 0.0836363636364
0 0.784333672431 0.293636363636 0.028484231943 0.06
0 0.769074262462 0.226363636364 0.0203458799593 0.0454545454545
0 0.733468972533 0.227272727273 0.0244150559512 0.0472727272727
0 0.702950152594 0.191818181818 0.0203458799593 0.0418181818182
0 0.670396744659 0.177272727273 0.0244150559512 0.0381818181818
0 0.697355035605 0.153636363636 0.0172939979654 0.0345454545455
0 0.729399796541 0.147272727273 0.0162767039674 0.04
0 0.746693794507 0.127272727273 0.0183112919634 0.04
0 0.758901322482 0.169090909091 0.0183112919634 0.04
0 0.78992878942 0.135454545455 0.0152594099695 0.0309090909091
0 0.801627670397 0.152727272727 0.0203458799593 0.0363636363636
0 0.797049847406 0.218181818182 0.0193285859613 0.04
0 0.816887080366 0.249090909091 0.0244150559512 0.0545454545455
0 0.827060020346 0.334545454545 0.028484231943 0.0545454545455
0 0.864191251272 0.251818181818 0.0213631739573 0.0454545454545
0 0.886063072228 0.221818181818 0.0203458799593 0.0436363636364
0 0.923194303154 0.223636363636 0.0172939979654 0.0472727272727
0 0.919125127162 0.277272727273 0.0254323499491 0.0527272727273
0 0.908443540183 0.325454545455 0.0244150559512 0.0618181818182
0 0.875381485249 0.395454545455 0.0356052899288 0.0781818181818
