0 0.260019083969 0.198003327787 0.0200381679389 0.0366056572379
0 0.361164122137 0.144758735441 0.0181297709924 0.0332778702163
0 0.405057251908 0.13227953411 0.0162213740458 0.0316139767055
0 0.353530534351 0.256239600666 0.0200381679389 0.0399334442596
0 0.375954198473 0.269550748752 0.0229007633588 0.0499168053245
0 0.403625954198 0.279534109817 0.0267175572519 0.0532445923461
0 0.463740458015 0.176372712146 0.0152671755725 0.0399334442596
0 0.475190839695 0.193011647255 0.0152671755725 0.0332778702163
0 0.484255725191 0.180532445923 0.0143129770992 0.0316139767055
0 0.49856870229 0.199667221298 0.0200381679389 0.0399334442596
0 0.49427480916 0.232945091514 0.0190839694656 0.0432612312812
0 0.467080152672 0.231281198003 0.0219465648855 0.0465890183028
0 0.5 0.302828618968 0.030534351145 0.0499168053245
0 0.61784351145 0.258735440932 0.0238549618321 0.0515806988353
0 0.586354961832 0.134775374376 0.0162213740458 0.0299500831947
0 0.725190839695 0.187188019967 0.0229007633588 0.0415973377704
0 0.767175572519 0.229617304493 0.0267175572519 0.0599001663894
