0 0.0454115421003 0.412790697674 0.0378429517502 0.0714285714286
0 0.259224219489 0.286544850498 0.0189214758751 0.031561461794
0 0.30605487228 0.266611295681 0.0179754020814 0.0415282392027
0 0.297067171239 0.250830564784 0.0189214758751 0.0299003322259
0 0.310785241249 0.234219269103 0.0160832544939 0.0299003322259
0 0.326395458846 0.281561461794 0.0189214758751 0.0382059800664
0 0.347209082308 0.274916943522 0.0170293282876 0.0448504983389
0 0.331125827815 0.25 0.0151371807001 0.0282392026578
0 0.377483443709 0.214285714286 0.0132450331126 0.0299003322259
0 0.385052034059 0.216777408638 0.0132450331126 0.0348837209302
0 0.407757805109 0.299833887043 0.0245979186377 0.0448504983389
0 0.389309366131 0.199335548173 0.0122989593188 0.0299003322259
0 0.415326395459 0.225083056478 0.0151371807001 0.0348837209302
0 0.415326395459 0.173588039867 0.0151371807001 0.0282392026578
0 0.436140018921 0.191860465116 0.0151371807001 0.031561461794
0 0.449858088931 0.194352159468 0.0160832544939 0.0332225913621
0 0.453642384106 0.227574750831 0.0160832544939 0.0398671096346
0 0.471617786187 0.230066445183 0.0198675496689 0.0448504983389
0 0.466887417219 0.1926910299 0.0141911069063 0.0299003322259
0 0.464049195837 0.167774086379 0.0141911069063 0.0265780730897
0 0.476348155156 0.156146179402 0.0141911069063 0.0265780730897
0 0.492904446547 0.195182724252 0.0151371807001 0.0282392026578
0 0.491012298959 0.162790697674 0.0151371807001 0.0299003322259
0 0.488647114475 0.138704318937 0.0104068117313 0.0215946843854
0 0.529801324503 0.135382059801 0.0151371807001 0.0282392026578
0 0.524597918638 0.162790697674 0.0141911069063 0.0265780730897
0 0.548722800378 0.158637873754 0.0170293282876 0.0382059800664
0 0.541627246925 0.200996677741 0.0179754020814 0.0431893687708
0 0.560075685904 0.142857142857 0.0132450331126 0.0265780730897
0 0.564806054872 0.110465116279 0.0132450331126 0.0215946843854
0 0.581362346263 0.164451827243 0.0198675496689 0.0398671096346
0 0.596026490066 0.115448504983 0.0151371807001 0.0282392026578
0 0.607379375591 0.102159468439 0.0132450331126 0.0282392026578
0 0.63339640492 0.10049833887 0.0122989593188 0.0249169435216
0 0.658467360454 0.0980066445183 0.0132450331126 0.0265780730897
0 0.692526017029 0.103820598007 0.0132450331126 0.0348837209302
0 0.67880794702 0.126245847176 0.0141911069063 0.0332225913621
0 0.644276253548 0.126245847176 0.0132450331126 0.0232558139535
0 0.617313150426 0.124584717608 0.0141911069063 0.0199335548173
0 0.613528855251 0.15365448505 0.0160832544939 0.0348837209302
0 0.599337748344 0.147009966777 0.0141911069063 0.0348837209302
0 0.697256385998 0.148671096346 0.0151371807001 0.0348837209302
0 0.720435193945 0.144518272425 0.0141911069063 0.0332225913621
0 0.74692526017 0.126245847176 0.0122989593188 0.0299003322259
0 0.761116367077 0.108803986711 0.0122989593188 0.0348837209302
0 0.779091769158 0.133720930233 0.0122989593188 0.031561461794
0 0.786187322611 0.121262458472 0.0113528855251 0.0299003322259
0 0.800851466414 0.138704318937 0.0141911069063 0.031561461794
0 0.815515610218 0.137873754153 0.0132450331126 0.0232558139535
0 0.842005676443 0.145348837209 0.0151371807001 0.031561461794
0 0.844843897824 0.166112956811 0.0132450331126 0.0365448504983
0 0.861873226112 0.15365448505 0.0132450331126 0.0382059800664
0 0.876064333018 0.133720930233 0.0132450331126 0.0282392026578
0 0.879375591296 0.156976744186 0.0141911069063 0.031561461794
0 0.888363292337 0.173588039867 0.0132450331126 0.0348837209302
0 0.905865657521 0.13122923588 0.0122989593188 0.0299003322259
0 0.906811731315 0.168604651163 0.0122989593188 0.0282392026578
0 0.936140018921 0.15780730897 0.0104068117313 0.0265780730897
0 0.940397350993 0.179401993355 0.0132450331126 0.0299003322259
0 0.935666982025 0.211794019934 0.0151371807001 0.0348837209302
0 0.894985808893 0.201827242525 0.0132450331126 0.0348837209302
0 0.878429517502 0.220930232558 0.0160832544939 0.0498338870432
0 0.853831598865 0.190199335548 0.0160832544939 0.0415282392027
0 0.811731315043 0.185215946844 0.0151371807001 0.031561461794
0 0.773415326395 0.174418604651 0.0141911069063 0.0299003322259
0 0.755912961211 0.15780730897 0.0132450331126 0.0332225913621
0 0.748344370861 0.174418604651 0.0170293282876 0.0365448504983
0 0.743614001892 0.204318936877 0.0151371807001 0.046511627907
0 0.712393566698 0.18438538206 0.0208136234626 0.0398671096346
0 0.655156102176 0.182724252492 0.0160832544939 0.0332225913621
0 0.662724692526 0.211794019934 0.0236518448439 0.0481727574751
0 0.70151371807 0.222591362126 0.0198675496689 0.046511627907
0 0.759697256386 0.247508305648 0.0208136234626 0.046511627907
0 0.829233680227 0.252491694352 0.0217596972564 0.0564784053156
0 0.933774834437 0.285714285714 0.0208136234626 0.0564784053156
0 0.791863765374 0.291528239203 0.0245979186377 0.0614617940199
0 0.73178807947 0.281561461794 0.0293282876064 0.0548172757475
0 0.670293282876 0.258305647841 0.0236518448439 0.0514950166113
0 0.611163670766 0.206810631229 0.0208136234626 0.0382059800664
0 0.587038789026 0.240033222591 0.0236518448439 0.0415282392027
0 0.617786187323 0.259966777409 0.0264900662252 0.0514950166113
0 0.617786187323 0.329734219269 0.0283822138127 0.0681063122924
0 0.693472090823 0.323920265781 0.0302743614002 0.063122923588
0 0.491958372753 0.308139534884 0.0264900662252 0.0514950166113
0 0.561021759697 0.290697674419 0.0245979186377 0.0598006644518
