0 0.194444444444 0.409688013136 0.05 0.0935960591133
0 0.257407407407 0.271756978654 0.0166666666667 0.0311986863711
0 0.287962962963 0.275041050903 0.0240740740741 0.0377668308703
0 0.314814814815 0.284893267652 0.0203703703704 0.0443349753695
0 0.391666666667 0.267651888342 0.0185185185185 0.0361247947455
0 0.365277777778 0.193760262726 0.0138888888889 0.0295566502463
0 0.409259259259 0.200328407225 0.0240740740741 0.0361247947455
0 0.4125 0.168308702791 0.0175925925926 0.0279146141215
0 0.441203703704 0.15763546798 0.0101851851852 0.0229885057471
0 0.442592592593 0.233990147783 0.0166666666667 0.0279146141215
0 0.387962962963 0.220853858785 0.0203703703704 0.0377668308703
0 0.484722222222 0.213464696223 0.025 0.0394088669951
0 0.464814814815 0.169129720854 0.0166666666667 0.0328407224959
0 0.441203703704 0.205254515599 0.0231481481481 0.0295566502463
0 0.486574074074 0.159277504105 0.0212962962963 0.0426929392447
0 0.500462962963 0.136288998358 0.00833333333333 0.0164203612479
0 0.506944444444 0.201149425287 0.0175925925926 0.0410509031199
0 0.523148148148 0.165845648604 0.0166666666667 0.0394088669951
0 0.54212962963 0.175697865353 0.012037037037 0.0295566502463
0 0.489814814815 0.346469622332 0.0277777777778 0.0394088669951
0 0.5625 0.254515599343 0.0212962962963 0.0492610837438
0 0.552314814815 0.120689655172 0.012037037037 0.0246305418719
0 0.591203703704 0.109195402299 0.0101851851852 0.0213464696223
0 0.584259259259 0.122331691297 0.00740740740741 0.0213464696223
0 0.569444444444 0.177339901478 0.0185185185185 0.0328407224959
0 0.603703703704 0.155172413793 0.0148148148148 0.0344827586207
0 0.628240740741 0.108374384236 0.0175925925926 0.0262725779967
0 0.61712962963 0.316912972085 0.0305555555556 0.0492610837438
0 0.626388888889 0.238916256158 0.0194444444444 0.0443349753695
0 0.653703703704 0.188013136289 0.0240740740741 0.0443349753695
0 0.666666666667 0.119047619048 0.0111111111111 0.0246305418719
0 0.639351851852 0.142857142857 0.0194444444444 0.0328407224959
0 0.691666666667 0.114942528736 0.0148148148148 0.0328407224959
0 0.681944444444 0.328407224959 0.0287037037037 0.0591133004926
0 0.660648148148 0.220032840722 0.0194444444444 0.0361247947455
0 0.682407407407 0.188013136289 0.0222222222222 0.0443349753695
0 0.700462962963 0.191297208539 0.0231481481481 0.0541871921182
0 0.688888888889 0.247947454844 0.0203703703704 0.055829228243
0 0.713425925926 0.250410509031 0.0231481481481 0.0574712643678
0 0.720833333333 0.188834154351 0.0212962962963 0.0492610837438
0 0.746296296296 0.11658456486 0.0111111111111 0.0295566502463
0 0.77037037037 0.128078817734 0.0148148148148 0.0328407224959
0 0.776388888889 0.151888341544 0.0231481481481 0.0410509031199
0 0.762962962963 0.207717569787 0.0222222222222 0.0410509031199
0 0.747685185185 0.234811165846 0.0212962962963 0.0525451559934
0 0.747685185185 0.327586206897 0.0324074074074 0.0574712643678
0 0.7875 0.290640394089 0.0194444444444 0.0591133004926
0 0.8 0.250410509031 0.0203703703704 0.0541871921182
0 0.780555555556 0.384236453202 0.0388888888889 0.0821018062397
0 0.8375 0.394088669951 0.0435185185185 0.0821018062397
0 0.826851851852 0.146962233169 0.0185185185185 0.0377668308703
0 0.823148148148 0.215106732348 0.0185185185185 0.0426929392447
0 0.844444444444 0.165845648604 0.0185185185185 0.055829228243
0 0.863888888889 0.13711001642 0.012962962963 0.0246305418719
0 0.873611111111 0.209359605911 0.0175925925926 0.0443349753695
0 0.870833333333 0.270114942529 0.0212962962963 0.0509031198686
0 0.892592592593 0.282430213465 0.0185185185185 0.0492610837438
0 0.883333333333 0.329228243021 0.0222222222222 0.0574712643678
0 0.915277777778 0.305418719212 0.025 0.0591133004926
0 0.916666666667 0.23973727422 0.0166666666667 0.0394088669951
0 0.914814814815 0.216748768473 0.0148148148148 0.0328407224959
0 0.924537037037 0.16091954023 0.012037037037 0.0229885057471
0 0.893055555556 0.15763546798 0.0175925925926 0.0328407224959
0 0.891203703704 0.183908045977 0.0212962962963 0.0459770114943
0 0.753703703704 0.159277504105 0.0240740740741 0.0426929392447
0 0.511574074074 0.155172413793 0.0138888888889 0.0279146141215
