0 0.212138084633 0.360671936759 0.0501113585746 0.096837944664
0 0.329064587973 0.199604743083 0.0189309576837 0.0355731225296
0 0.368040089087 0.122529644269 0.0189309576837 0.0316205533597
0 0.411469933185 0.185770750988 0.0144766146993 0.0276679841897
0 0.430400890869 0.171936758893 0.0167037861915 0.0355731225296
0 0.440423162584 0.143280632411 0.0122494432071 0.0335968379447
0 0.452672605791 0.144268774704 0.0100222717149 0.0237154150198
0 0.471603563474 0.155138339921 0.0144766146993 0.0335968379447
0 0.461581291759 0.170948616601 0.0167037861915 0.0296442687747
0 0.464922048998 0.201581027668 0.0189309576837 0.0316205533597
0 0.463808463252 0.140316205534 0.0144766146993 0.0237154150198
0 0.486636971047 0.146245059289 0.0155902004454 0.0276679841897
0 0.509465478842 0.144268774704 0.0122494432071 0.0237154150198
0 0.497216035635 0.136363636364 0.0100222717149 0.0197628458498
0 0.522271714922 0.130434782609 0.0133630289532 0.0276679841897
0 0.522271714922 0.186758893281 0.0155902004454 0.0335968379447
0 0.543429844098 0.195652173913 0.0200445434298 0.0355731225296
0 0.543986636971 0.157114624506 0.0122494432071 0.0296442687747
0 0.570155902004 0.134387351779 0.0133630289532 0.0316205533597
0 0.579621380846 0.128458498024 0.0167037861915 0.0316205533597
0 0.599109131403 0.138339920949 0.0178173719376 0.0316205533597
0 0.585189309577 0.162055335968 0.0167037861915 0.0355731225296
0 0.620824053452 0.170948616601 0.0189309576837 0.0335968379447
0 0.616926503341 0.106719367589 0.011135857461 0.0237154150198
0 0.642538975501 0.122529644269 0.0133630289532 0.0276679841897
0 0.652004454343 0.141304347826 0.0144766146993 0.0256916996047
0 0.65868596882 0.114624505929 0.0100222717149 0.0237154150198
0 0.669265033408 0.117588932806 0.011135857461 0.0217391304348
0 0.690423162584 0.112648221344 0.0133630289532 0.0316205533597
0 0.711024498886 0.121541501976 0.0122494432071 0.0256916996047
0 0.595768374165 0.243083003953 0.022271714922 0.0513833992095
0 0.633073496659 0.211462450593 0.0233853006682 0.0513833992095
0 0.660913140312 0.220355731225 0.0211581291759 0.0533596837945
0 0.667594654788 0.20652173913 0.0189309576837 0.0335968379447
0 0.688752783964 0.172924901186 0.0189309576837 0.0335968379447
0 0.70991091314 0.181818181818 0.0167037861915 0.0316205533597
0 0.741648106904 0.20652173913 0.0244988864143 0.0454545454545
0 0.740534521158 0.174901185771 0.0155902004454 0.0375494071146
0 0.755011135857 0.143280632411 0.0133630289532 0.0256916996047
0 0.759465478842 0.133399209486 0.011135857461 0.0217391304348
0 0.768930957684 0.179841897233 0.0167037861915 0.0395256916996
0 0.780066815145 0.144268774704 0.0144766146993 0.0355731225296
0 0.797884187082 0.166996047431 0.0144766146993 0.0335968379447
0 0.807349665924 0.158102766798 0.0133630289532 0.0316205533597
0 0.827394209354 0.133399209486 0.0133630289532 0.0296442687747
0 0.826280623608 0.180830039526 0.0155902004454 0.0375494071146
0 0.840757238307 0.187747035573 0.0155902004454 0.0316205533597
0 0.809576837416 0.203557312253 0.0178173719376 0.0355731225296
0 0.788975501114 0.21837944664 0.0189309576837 0.0415019762846
0 0.715478841871 0.167984189723 0.0167037861915 0.0276679841897
0 0.869710467706 0.290513833992 0.0200445434298 0.0513833992095
0 0.885300668151 0.23023715415 0.0178173719376 0.0415019762846
0 0.892538975501 0.205533596838 0.0211581291759 0.0395256916996
0 0.873608017817 0.157114624506 0.0100222717149 0.0296442687747
0 0.850222717149 0.152173913043 0.0122494432071 0.0316205533597
0 0.917037861915 0.178853754941 0.0144766146993 0.0335968379447
0 0.938195991091 0.194664031621 0.0122494432071 0.0296442687747
0 0.937639198218 0.171936758893 0.011135857461 0.0197628458498
0 0.917594654788 0.266798418972 0.0178173719376 0.0474308300395
