0 0.13698630137 0.566079295154 0.0402900886382 0.086637298091
0 0.234891216761 0.345080763583 0.0185334407736 0.0381791483113
0 0.261482675262 0.352422907489 0.0217566478646 0.0440528634361
0 0.286865431104 0.376651982379 0.0209508460919 0.0455212922173
0 0.290088638195 0.309104258443 0.0177276390008 0.0396475770925
0 0.356970185334 0.35389133627 0.0225624496374 0.0469897209985
0 0.351329572925 0.326725403818 0.0145044319098 0.0337738619677
0 0.354955680902 0.298825256975 0.0185334407736 0.0337738619677
0 0.38638195004 0.337004405286 0.016921837228 0.0367107195301
0 0.407332796132 0.335535976505 0.0201450443191 0.0396475770925
0 0.406124093473 0.306167400881 0.0177276390008 0.0279001468429
0 0.406526994359 0.28046989721 0.016921837228 0.0264317180617
0 0.396857373086 0.262848751836 0.0153102336825 0.0293685756241
0 0.422643029815 0.263582966226 0.0185334407736 0.0337738619677
0 0.44319097502 0.269456681351 0.0145044319098 0.0308370044053
0 0.43432715552 0.309838472834 0.0161160354553 0.0381791483113
0 0.444399677679 0.34140969163 0.0201450443191 0.0396475770925
0 0.473005640612 0.312041116006 0.0209508460919 0.0337738619677
0 0.45769540693 0.250367107195 0.0177276390008 0.0337738619677
0 0.469379532635 0.273127753304 0.016921837228 0.0323054331865
0 0.465753424658 0.239353891336 0.0145044319098 0.0293685756241
0 0.489121676068 0.269456681351 0.0161160354553 0.0308370044053
0 0.501611603546 0.264317180617 0.0153102336825 0.0264317180617
0 0.518130539887 0.245227606461 0.0145044319098 0.0293685756241
0 0.51893634166 0.279735682819 0.0161160354553 0.0308370044053
0 0.539484286865 0.251101321586 0.016921837228 0.0293685756241
0 0.55237711523 0.288546255507 0.0153102336825 0.0396475770925
0 0.502014504432 0.331864904552 0.0209508460919 0.0440528634361
0 0.486301369863 0.395741556535 0.0346494762288 0.057268722467
0 0.562046736503 0.221732745962 0.0088638195004 0.0234948604993
0 0.569298952458 0.237151248164 0.0120870265915 0.0279001468429
0 0.58017727639 0.242290748899 0.0128928283642 0.0293685756241
0 0.566881547139 0.275330396476 0.0153102336825 0.0367107195301
0 0.592667203868 0.25550660793 0.0153102336825 0.0293685756241
0 0.598710717164 0.222466960352 0.00966962127317 0.0308370044053
0 0.593070104754 0.214390602056 0.00966962127317 0.0264317180617
0 0.620064464142 0.221732745962 0.013698630137 0.0323054331865
0 0.634165995165 0.228340675477 0.0112812248187 0.0249632892805
0 0.636180499597 0.249632892805 0.0153102336825 0.0264317180617
0 0.66478646253 0.235682819383 0.0128928283642 0.0279001468429
0 0.680902497985 0.232745961821 0.0145044319098 0.0337738619677
0 0.661563255439 0.210719530103 0.0128928283642 0.0249632892805
0 0.595084609186 0.331130690162 0.0217566478646 0.0513950073421
0 0.589846897663 0.37812041116 0.0241740531829 0.0543318649046
0 0.545124899275 0.408957415565 0.0249798549557 0.057268722467
0 0.526188557615 0.361233480176 0.0225624496374 0.0440528634361
0 0.606365834005 0.433920704846 0.0298146655923 0.0602055800294
0 0.627719580983 0.476505139501 0.0290088638195 0.0690161527166
0 0.693392425463 0.552863436123 0.0362610797744 0.0778267254038
0 0.642626913779 0.342878120411 0.0233682514102 0.0455212922173
0 0.627719580983 0.309104258443 0.0209508460919 0.0396475770925
0 0.661966156326 0.281204111601 0.0185334407736 0.0425844346549
0 0.686946011281 0.306901615272 0.0185334407736 0.0440528634361
0 0.699033037873 0.309104258443 0.016921837228 0.0396475770925
0 0.699033037873 0.254772393539 0.013698630137 0.0337738619677
0 0.722804190169 0.25624082232 0.0161160354553 0.0367107195301
0 0.726833199033 0.240822320117 0.0128928283642 0.0264317180617
0 0.741740531829 0.232745961821 0.016921837228 0.0308370044053
0 0.773569701853 0.243024963289 0.0128928283642 0.0308370044053
0 0.770346494762 0.297356828194 0.0209508460919 0.0367107195301
0 0.767526188558 0.269456681351 0.0153102336825 0.0308370044053
0 0.680902497985 0.370778267254 0.0225624496374 0.0484581497797
0 0.656325543916 0.388399412628 0.0265914585012 0.0631424375918
0 0.718775181305 0.411894273128 0.0257856567284 0.0484581497797
0 0.776390008058 0.437591776799 0.0282030620467 0.064610866373
0 0.805398871878 0.36637298091 0.0233682514102 0.0543318649046
0 0.807010475423 0.30543318649 0.0153102336825 0.0352422907489
0 0.809427880741 0.276064610866 0.016921837228 0.0352422907489
0 0.800564061241 0.249632892805 0.016921837228 0.0381791483113
0 0.831587429492 0.261380323054 0.0128928283642 0.0352422907489
0 0.838839645447 0.276798825257 0.0161160354553 0.0367107195301
0 0.848912167607 0.283406754772 0.013698630137 0.0323054331865
0 0.862610797744 0.264317180617 0.0153102336825 0.0352422907489
0 0.884367445608 0.279735682819 0.013698630137 0.0367107195301
0 0.878726833199 0.323788546256 0.016921837228 0.0396475770925
0 0.856567284448 0.343612334802 0.0209508460919 0.0469897209985
0 0.83521353747 0.318649045521 0.0201450443191 0.0411160058737
0 0.850523771152 0.381791483113 0.0265914585012 0.064610866373
0 0.818291700242 0.497797356828 0.0314262691378 0.0734214390602
0 0.837228041902 0.461820851689 0.0257856567284 0.0660792951542
0 0.91095890411 0.474302496329 0.0330378726833 0.0734214390602
0 0.904915390814 0.40234948605 0.0241740531829 0.0558002936858
0 0.91982272361 0.361233480176 0.016921837228 0.0469897209985
0 0.898871877518 0.311306901615 0.0153102336825 0.0352422907489
0 0.922643029815 0.314243759178 0.0145044319098 0.0381791483113
0 0.927880741338 0.276798825257 0.013698630137 0.0308370044053
