0 0.107680126683 0.329875518672 0.0205859065717 0.0318118948824
0 0.187252573238 0.298755186722 0.0245447347585 0.0442600276625
0 0.324623911322 0.221991701245 0.0174188440222 0.0318118948824
0 0.339271575614 0.238589211618 0.0166270783848 0.0318118948824
0 0.422406967538 0.276625172891 0.0229612034838 0.0470262793914
0 0.38242280285 0.207468879668 0.0174188440222 0.0359612724758
0 0.459224069675 0.264868603043 0.0190023752969 0.0345781466113
0 0.524940617577 0.213692946058 0.0205859065717 0.0373443983402
0 0.564133016627 0.179806362379 0.0166270783848 0.0359612724758
0 0.645288994458 0.20193637621 0.0221694378464 0.0414937759336
