0 0.142618849041 0.557971014493 0.04670558799 0.0782608695652
0 0.229774812344 0.342028985507 0.0175145954962 0.031884057971
0 0.284820683903 0.321739130435 0.0191826522102 0.0347826086957
0 0.260633861551 0.368115942029 0.0208507089241 0.0405797101449
0 0.296914095079 0.36884057971 0.0183486238532 0.0420289855072
0 0.350291909925 0.35652173913 0.0183486238532 0.0376811594203
0 0.353628023353 0.301449275362 0.0150125104254 0.0260869565217
0 0.394078398666 0.265217391304 0.0141784820684 0.0260869565217
0 0.434528773978 0.263043478261 0.0133444537114 0.0217391304348
0 0.465804837364 0.251449275362 0.0141784820684 0.036231884058
0 0.473728106756 0.242753623188 0.0183486238532 0.0304347826087
0 0.38448707256 0.354347826087 0.0183486238532 0.036231884058
0 0.412844036697 0.307246376812 0.0183486238532 0.0347826086957
0 0.414095079233 0.338405797101 0.0158465387823 0.0391304347826
0 0.439115929942 0.321014492754 0.024186822352 0.0449275362319
0 0.464136780651 0.292028985507 0.0191826522102 0.0304347826087
0 0.469557964971 0.325362318841 0.0250208507089 0.036231884058
0 0.510425354462 0.269565217391 0.0166805671393 0.0347826086957
0 0.529190992494 0.292753623188 0.0208507089241 0.0405797101449
0 0.557130942452 0.251449275362 0.0166805671393 0.0333333333333
0 0.572977481234 0.227536231884 0.0183486238532 0.0347826086957
0 0.511676396997 0.336231884058 0.0258548790659 0.0376811594203
0 0.445371142619 0.366666666667 0.0350291909925 0.0463768115942
0 0.552960800667 0.300724637681 0.0200166805671 0.0333333333333
0 0.583819849875 0.250724637681 0.0150125104254 0.0463768115942
0 0.610091743119 0.253623188406 0.0141784820684 0.031884057971
0 0.620100083403 0.209420289855 0.0125104253545 0.0246376811594
0 0.6317764804 0.228985507246 0.0158465387823 0.0376811594203
0 0.643452877398 0.23115942029 0.0141784820684 0.0304347826087
0 0.670141784821 0.228985507246 0.0125104253545 0.0376811594203
0 0.68682235196 0.233333333333 0.0158465387823 0.0289855072464
0 0.716013344454 0.228260869565 0.0158465387823 0.0275362318841
0 0.713511259383 0.259420289855 0.0158465387823 0.0289855072464
0 0.679316096747 0.284782608696 0.0191826522102 0.036231884058
0 0.479983319433 0.410869565217 0.0258548790659 0.0536231884058
0 0.537948290242 0.389130434783 0.0250208507089 0.0507246376812
0 0.605087572977 0.344202898551 0.0208507089241 0.0449275362319
0 0.526688907423 0.460869565217 0.0308590492077 0.0521739130435
0 0.596747289408 0.41231884058 0.0275229357798 0.0478260869565
0 0.591743119266 0.463768115942 0.0291909924937 0.063768115942
0 0.64845704754 0.364492753623 0.0191826522102 0.0449275362319
0 0.675562969141 0.372463768116 0.0283569641368 0.0405797101449
0 0.641784820684 0.485507246377 0.0358632193495 0.0666666666667
0 0.697247706422 0.379710144928 0.0200166805671 0.0434782608696
0 0.69224353628 0.328260869565 0.023352793995 0.0391304347826
0 0.720600500417 0.303623188406 0.0200166805671 0.0391304347826
0 0.730191826522 0.41884057971 0.0291909924937 0.0579710144928
0 0.703085904921 0.564492753623 0.0483736447039 0.0768115942029
0 0.744787322769 0.250724637681 0.0150125104254 0.0347826086957
0 0.758548790659 0.239130434783 0.0125104253545 0.0289855072464
0 0.774395329441 0.26884057971 0.0125104253545 0.036231884058
0 0.791492910759 0.245652173913 0.0133444537114 0.0246376811594
0 0.784403669725 0.294927536232 0.0158465387823 0.0304347826087
0 0.820266889074 0.248550724638 0.0141784820684 0.0333333333333
0 0.852376980817 0.261594202899 0.0200166805671 0.036231884058
0 0.829024186822 0.308695652174 0.0150125104254 0.0405797101449
0 0.783986655546 0.442028985507 0.0266889074229 0.0579710144928
0 0.823603002502 0.526086956522 0.0325271059216 0.0666666666667
0 0.866555462886 0.278260869565 0.0150125104254 0.0376811594203
0 0.889074228524 0.267391304348 0.0150125104254 0.0333333333333
0 0.907005838198 0.283333333333 0.0141784820684 0.0304347826087
0 0.936196830692 0.320289855072 0.0141784820684 0.0289855072464
0 0.951209341118 0.289130434783 0.0158465387823 0.0304347826087
0 0.825688073394 0.368115942029 0.0250208507089 0.0492753623188
0 0.839032527106 0.347101449275 0.0133444537114 0.0507246376812
0 0.863219349458 0.331884057971 0.0133444537114 0.0434782608696
0 0.884070058382 0.350724637681 0.0250208507089 0.0434782608696
0 0.870308590492 0.370289855072 0.0208507089241 0.0536231884058
0 0.909507923269 0.353623188406 0.0158465387823 0.0405797101449
0 0.944537114262 0.373913043478 0.0175145954962 0.0405797101449
0 0.857798165138 0.468115942029 0.0275229357798 0.0579710144928
0 0.927022518766 0.484782608696 0.0325271059216 0.0594202898551
0 0.639282735613 0.311594202899 0.0175145954962 0.0376811594203
