0 0.122466216216 0.561505065123 0.0405405405405 0.0752532561505
0 0.837837837838 0.522431259045 0.0287162162162 0.0752532561505
0 0.722128378378 0.526772793054 0.0405405405405 0.0752532561505
0 0.554054054054 0.431982633864 0.0219594594595 0.0448625180897
0 0.604307432432 0.468162083936 0.0329391891892 0.0651230101302
0 0.652449324324 0.485528219971 0.0380067567568 0.0795947901592
0 0.959459459459 0.286541244573 0.0152027027027 0.0318379160637
0 0.899070945946 0.268451519537 0.0126689189189 0.0332850940666
0 0.860219594595 0.26483357453 0.0160472972973 0.0260492040521
0 0.827280405405 0.254703328509 0.0126689189189 0.0318379160637
0 0.798564189189 0.248191027496 0.0160472972973 0.0303907380608
0 0.761402027027 0.245296671491 0.0143581081081 0.0303907380608
0 0.688766891892 0.220694645441 0.0109797297297 0.0246020260492
0 0.612331081081 0.217076700434 0.0101351351351 0.0260492040521
0 0.566300675676 0.236613603473 0.0109797297297 0.0332850940666
0 0.580236486486 0.232995658466 0.0135135135135 0.0260492040521
0 0.642314189189 0.222865412446 0.0126689189189 0.0260492040521
0 0.65160472973 0.235890014472 0.0177364864865 0.0289435600579
0 0.720016891892 0.261939218524 0.0194256756757 0.0318379160637
0 0.747466216216 0.263386396527 0.0135135135135 0.0347322720695
0 0.654560810811 0.268451519537 0.0168918918919 0.0303907380608
0 0.595016891892 0.247467438495 0.0143581081081 0.0260492040521
0 0.800253378378 0.298842257598 0.0160472972973 0.0419681620839
0 0.831925675676 0.31476121563 0.0219594594595 0.0390738060781
0 0.862331081081 0.332127351664 0.0152027027027 0.0419681620839
0 0.889780405405 0.3502170767 0.0126689189189 0.040520984081
0 0.882179054054 0.282199710564 0.0143581081081 0.0260492040521
0 0.913429054054 0.29015918958 0.0177364864865 0.0390738060781
0 0.90625 0.332127351664 0.0185810810811 0.0448625180897
0 0.934121621622 0.343704775687 0.0168918918919 0.0303907380608
0 0.953547297297 0.324167872648 0.0152027027027 0.0318379160637
0 0.933277027027 0.313314037627 0.0202702702703 0.0361794500724
0 0.952702702703 0.371924746744 0.0185810810811 0.0376266280753
0 0.709881756757 0.310419681621 0.0211148648649 0.0390738060781
0 0.682432432432 0.306078147612 0.0152027027027 0.0361794500724
0 0.649915540541 0.314037626628 0.0278716216216 0.0376266280753
0 0.59375 0.28509406657 0.0168918918919 0.0289435600579
0 0.618665540541 0.25976845152 0.0143581081081 0.027496382055
0 0.517736486486 0.272793053546 0.0118243243243 0.0246020260492
0 0.474662162162 0.251808972504 0.0202702702703 0.0260492040521
0 0.555743243243 0.261215629522 0.0185810810811 0.0332850940666
0 0.554898648649 0.297395079595 0.0185810810811 0.0332850940666
0 0.399070945946 0.270622286541 0.0143581081081 0.0347322720695
0 0.434121621622 0.272793053546 0.0152027027027 0.0246020260492
0 0.470439189189 0.290882778582 0.0185810810811 0.0260492040521
0 0.483108108108 0.321997105644 0.0236486486486 0.027496382055
0 0.518581081081 0.33502170767 0.0202702702703 0.0303907380608
0 0.358952702703 0.306801736614 0.0219594594595 0.0260492040521
0 0.289273648649 0.321273516643 0.0194256756757 0.0260492040521
0 0.230574324324 0.349493487699 0.0185810810811 0.0303907380608
0 0.265625 0.356729377713 0.0194256756757 0.0419681620839
0 0.338682432432 0.366859623734 0.027027027027 0.0564399421129
0 0.413851351351 0.346599131693 0.0219594594595 0.0477568740955
0 0.448902027027 0.348769898698 0.0194256756757 0.040520984081
0 0.552364864865 0.374095513748 0.0219594594595 0.0419681620839
0 0.487753378378 0.419681620839 0.0261824324324 0.0492040520984
0 0.609797297297 0.394356005789 0.027027027027 0.0506512301013
0 0.611486486486 0.342981186686 0.0236486486486 0.0347322720695
0 0.663429054054 0.38494934877 0.0278716216216 0.040520984081
0 0.702702702703 0.381331403763 0.0202702702703 0.0361794500724
0 0.73902027027 0.413892908828 0.0287162162162 0.0492040520984
0 0.803209459459 0.443560057887 0.0304054054054 0.0622286541245
0 0.829814189189 0.374095513748 0.0295608108108 0.0477568740955
0 0.877111486486 0.405933429812 0.0278716216216 0.0651230101302
0 0.942567567568 0.478292329957 0.0304054054054 0.0622286541245
0 0.412584459459 0.315484804631 0.0244932432432 0.0434153400868
0 0.428631756757 0.309696092619 0.0211148648649 0.040520984081
0 0.533783783784 0.293053545586 0.0253378378378 0.0477568740955
0 0.688344594595 0.243849493488 0.0168918918919 0.0303907380608
0 0.358108108108 0.346599131693 0.0168918918919 0.0419681620839
0 0.53125 0.26483357453 0.0168918918919 0.0318379160637
