0 0.176441837732 0.494897959184 0.0459433040078 0.0952380952381
0 0.258064516129 0.180272108844 0.0156402737048 0.030612244898
0 0.391984359726 0.268707482993 0.0234604105572 0.0374149659864
0 0.365591397849 0.196428571429 0.0175953079179 0.0323129251701
0 0.378787878788 0.216836734694 0.0205278592375 0.0323129251701
0 0.410068426197 0.225340136054 0.0224828934506 0.0323129251701
0 0.442326490714 0.219387755102 0.0205278592375 0.0374149659864
0 0.419843597263 0.16156462585 0.0146627565982 0.0272108843537
0 0.510752688172 0.128401360544 0.0127077223851 0.0255102040816
0 0.527370478983 0.130102040816 0.0146627565982 0.0289115646259
0 0.554740957967 0.130952380952 0.0146627565982 0.0272108843537
0 0.565493646139 0.109693877551 0.0127077223851 0.0289115646259
0 0.585532746823 0.121598639456 0.0136852394917 0.0289115646259
0 0.616324535679 0.152210884354 0.0185728250244 0.0391156462585
0 0.516617790811 0.150510204082 0.0263929618768 0.0425170068027
0 0.564027370479 0.192176870748 0.0234604105572 0.047619047619
0 0.66862170088 0.123299319728 0.0215053763441 0.0425170068027
0 0.659335288368 0.222789115646 0.0244379276637 0.0442176870748
0 0.616324535679 0.256802721088 0.0263929618768 0.0442176870748
0 0.542521994135 0.326530612245 0.0293255131965 0.0578231292517
0 0.490224828935 0.312074829932 0.0283479960899 0.0527210884354
0 0.680840664712 0.322278911565 0.0263929618768 0.062925170068
0 0.717986314761 0.28656462585 0.0263929618768 0.0493197278912
0 0.732649071359 0.115646258503 0.0224828934506 0.0442176870748
0 0.760997067449 0.219387755102 0.0205278592375 0.047619047619
0 0.783968719453 0.123299319728 0.0215053763441 0.0459183673469
0 0.804985337243 0.12925170068 0.0185728250244 0.030612244898
0 0.836265884653 0.141156462585 0.0146627565982 0.0238095238095
0 0.843108504399 0.125850340136 0.0127077223851 0.030612244898
0 0.872434017595 0.12074829932 0.0146627565982 0.0272108843537
0 0.86412512219 0.140306122449 0.0136852394917 0.0289115646259
0 0.917399804497 0.151360544218 0.0166177908113 0.0340136054422
0 0.932551319648 0.158163265306 0.0117302052786 0.030612244898
0 0.907135874878 0.244047619048 0.0430107526882 0.0901360544218
0 0.817693059629 0.256802721088 0.0244379276637 0.047619047619
0 0.822580645161 0.298469387755 0.0283479960899 0.0561224489796
0 0.815738025415 0.352040816327 0.0361681329423 0.0680272108844
0 0.725806451613 0.348639455782 0.0322580645161 0.0816326530612
0 0.777126099707 0.287414965986 0.0293255131965 0.0612244897959
