0 0.0481304693715 0.226804123711 0.0151153540175 0.0378006872852
0 0.0369928400955 0.244845360825 0.0182975338107 0.0429553264605
0 0.0767700875099 0.426975945017 0.0230708035004 0.0601374570447
0 0.0831344470963 0.491408934708 0.0182975338107 0.0584192439863
0 0.134447096261 0.604810996564 0.0334128878282 0.0721649484536
0 0.205648369133 0.451890034364 0.0262529832936 0.0549828178694
0 0.24184566428 0.371993127148 0.0254574383453 0.0463917525773
0 0.24661893397 0.30412371134 0.0222752585521 0.0481099656357
0 0.173031026253 0.267182130584 0.0167064439141 0.0395189003436
0 0.187350835322 0.208762886598 0.0198886237072 0.0360824742268
0 0.122911694511 0.225085910653 0.0182975338107 0.0481099656357
0 0.147971360382 0.162371134021 0.0143198090692 0.0360824742268
0 0.166268894193 0.191580756014 0.0159108989658 0.0292096219931
0 0.215592680986 0.134879725086 0.0143198090692 0.0257731958763
0 0.225934765314 0.151202749141 0.0127287191726 0.0240549828179
0 0.24661893397 0.132302405498 0.0127287191726 0.0309278350515
0 0.300318217979 0.164089347079 0.0151153540175 0.03264604811
0 0.290373906126 0.204467353952 0.0159108989658 0.0412371134021
0 0.310262529833 0.219072164948 0.0143198090692 0.0429553264605
0 0.350437549722 0.213917525773 0.0182975338107 0.0395189003436
0 0.379474940334 0.188144329897 0.0175019888624 0.03264604811
0 0.361575178998 0.0979381443299 0.0135242641209 0.0309278350515
0 0.402545743835 0.0996563573883 0.0143198090692 0.0343642611684
0 0.416865552904 0.0953608247423 0.0111376292761 0.0292096219931
0 0.453460620525 0.134879725086 0.0127287191726 0.0360824742268
0 0.466189339698 0.126288659794 0.0127287191726 0.0395189003436
0 0.414081145585 0.170962199313 0.0167064439141 0.0395189003436
0 0.465393794749 0.167525773196 0.0159108989658 0.0292096219931
0 0.504375497216 0.183848797251 0.0143198090692 0.0309278350515
0 0.475338106603 0.218213058419 0.0151153540175 0.0481099656357
0 0.466189339698 0.278350515464 0.0206841686555 0.0412371134021
0 0.53739061257 0.303264604811 0.0198886237072 0.0463917525773
0 0.551312649165 0.481099656357 0.030230708035 0.0584192439863
0 0.64876690533 0.335910652921 0.0182975338107 0.0498281786942
0 0.610978520286 0.244845360825 0.0175019888624 0.0360824742268
0 0.573985680191 0.208762886598 0.0151153540175 0.0395189003436
0 0.550914876691 0.179553264605 0.0151153540175 0.0360824742268
0 0.477724741448 0.0807560137457 0.0103420843278 0.0240549828179
0 0.494431185362 0.113402061856 0.0119331742243 0.0274914089347
0 0.529435163087 0.0816151202749 0.0119331742243 0.0257731958763
0 0.565632458234 0.138316151203 0.0127287191726 0.0292096219931
0 0.574781225139 0.107388316151 0.0119331742243 0.0257731958763
0 0.591487669053 0.143470790378 0.0119331742243 0.0257731958763
0 0.614558472554 0.11941580756 0.0135242641209 0.0257731958763
0 0.643198090692 0.153780068729 0.0135242641209 0.0292096219931
0 0.699284009547 0.20704467354 0.0143198090692 0.0395189003436
0 0.719968178202 0.222508591065 0.0127287191726 0.03264604811
0 0.696897374702 0.252577319588 0.0190930787589 0.0481099656357
0 0.770485282418 0.213058419244 0.0151153540175 0.0309278350515
0 0.80708035004 0.242268041237 0.0167064439141 0.0378006872852
0 0.843277645187 0.278350515464 0.0127287191726 0.0378006872852
0 0.863166268894 0.314432989691 0.0175019888624 0.0412371134021
0 0.779634049324 0.372852233677 0.0190930787589 0.0549828178694
0 0.917661097852 0.365979381443 0.0167064439141 0.0446735395189
