0 0.0978363123236 0.412006578947 0.035747883349 0.0707236842105
0 0.261994355597 0.283717105263 0.0197554092192 0.0246710526316
0 0.283631232361 0.277138157895 0.0178739416745 0.0345394736842
0 0.302445907808 0.261513157895 0.0159924741298 0.0361842105263
0 0.326434619003 0.265625 0.0150517403575 0.03125
0 0.346660395108 0.286184210526 0.0197554092192 0.0361842105263
0 0.397460018815 0.304276315789 0.0216368767639 0.0394736842105
0 0.324553151458 0.224506578947 0.0150517403575 0.03125
0 0.349952963311 0.212993421053 0.0131702728128 0.0279605263158
0 0.356538099718 0.242598684211 0.0169332079022 0.03125
0 0.377234242709 0.228618421053 0.0169332079022 0.0296052631579
0 0.420978363123 0.222861842105 0.0141110065851 0.03125
0 0.452022577611 0.226973684211 0.0159924741298 0.0328947368421
0 0.499059266228 0.233552631579 0.0216368767639 0.0361842105263
0 0.491533396049 0.194901315789 0.0178739416745 0.0279605263158
0 0.469426152399 0.196546052632 0.0150517403575 0.0279605263158
0 0.453433678269 0.191611842105 0.0169332079022 0.0279605263158
0 0.428974600188 0.185855263158 0.0150517403575 0.0263157894737
0 0.410159924741 0.175986842105 0.0131702728128 0.0230263157895
0 0.46190028222 0.167763157895 0.0131702728128 0.0230263157895
0 0.453904045155 0.148026315789 0.0122295390405 0.0230263157895
0 0.482596425212 0.167763157895 0.0150517403575 0.0296052631579
0 0.477422389464 0.148848684211 0.0122295390405 0.0213815789474
0 0.488711194732 0.139802631579 0.0103480714958 0.0230263157895
0 0.507055503293 0.171875 0.0150517403575 0.0246710526316
0 0.534807149577 0.170230263158 0.0178739416745 0.0279605263158
0 0.544684854186 0.204769736842 0.0206961429915 0.03125
0 0.574317968015 0.166940789474 0.0159924741298 0.03125
0 0.581843838194 0.153782894737 0.0141110065851 0.0279605263158
0 0.555973659454 0.139802631579 0.0112888052681 0.0230263157895
0 0.529633113829 0.137335526316 0.0131702728128 0.0246710526316
0 0.57243650047 0.114309210526 0.0103480714958 0.0213815789474
0 0.589840075259 0.133223684211 0.0112888052681 0.0230263157895
0 0.624647224835 0.145559210526 0.0150517403575 0.0246710526316
0 0.600188146754 0.106907894737 0.0112888052681 0.0230263157895
0 0.621354656632 0.105263157895 0.0122295390405 0.0230263157895
0 0.641580432738 0.110197368421 0.0131702728128 0.0263157894737
0 0.635936030103 0.129111842105 0.0112888052681 0.0246710526316
0 0.67450611477 0.126644736842 0.0131702728128 0.0263157894737
0 0.688146754468 0.139802631579 0.0122295390405 0.0230263157895
0 0.69285042333 0.107730263158 0.0122295390405 0.0279605263158
0 0.493414863594 0.295230263158 0.0253998118532 0.0411184210526
0 0.564440263405 0.292763157895 0.0282220131703 0.0460526315789
0 0.569143932267 0.240131578947 0.0206961429915 0.0394736842105
0 0.609595484478 0.256578947368 0.0244590780809 0.0460526315789
0 0.608654750706 0.333881578947 0.0244590780809 0.0526315789474
0 0.6768579492 0.333881578947 0.0272812793979 0.0526315789474
0 0.711665098777 0.291940789474 0.0216368767639 0.0476973684211
0 0.682031984948 0.249177631579 0.0225776105362 0.0411184210526
0 0.666509877705 0.215460526316 0.0178739416745 0.0361842105263
0 0.62652869238 0.194901315789 0.0169332079022 0.0345394736842
0 0.652869238006 0.181743421053 0.0150517403575 0.0345394736842
0 0.699435559737 0.221217105263 0.0216368767639 0.0378289473684
0 0.695202257761 0.177631578947 0.0188146754468 0.0328947368421
0 0.71495766698 0.146381578947 0.0131702728128 0.0263157894737
0 0.734242709313 0.15625 0.0141110065851 0.0328947368421
0 0.776575729069 0.282072368421 0.0272812793979 0.0542763157895
0 0.764346190028 0.231085526316 0.0197554092192 0.0411184210526
0 0.743650047037 0.208059210526 0.0216368767639 0.0378289473684
0 0.742238946378 0.125 0.0112888052681 0.0263157894737
0 0.751646284102 0.113486842105 0.0150517403575 0.0230263157895
0 0.771872060207 0.138157894737 0.0141110065851 0.0263157894737
0 0.759642521167 0.162828947368 0.0178739416745 0.0328947368421
0 0.799623706491 0.189144736842 0.0169332079022 0.0263157894737
0 0.824082784572 0.169407894737 0.0131702728128 0.0263157894737
0 0.830667920978 0.138157894737 0.0131702728128 0.0328947368421
0 0.812793979304 0.123355263158 0.0150517403575 0.0296052631579
0 0.79727187206 0.133223684211 0.0141110065851 0.0230263157895
0 0.793038570085 0.120888157895 0.0150517403575 0.03125
0 0.856538099718 0.147203947368 0.0122295390405 0.03125
0 0.871589840075 0.152138157895 0.0103480714958 0.0246710526316
0 0.873941674506 0.129111842105 0.0112888052681 0.0213815789474
0 0.90169332079 0.133223684211 0.0103480714958 0.0263157894737
0 0.938852304798 0.170230263158 0.0131702728128 0.0279605263158
0 0.932737535278 0.273026315789 0.0197554092192 0.0427631578947
0 0.878174976482 0.226151315789 0.0159924741298 0.0411184210526
0 0.881937911571 0.201480263158 0.0159924741298 0.0345394736842
0 0.880056444026 0.178453947368 0.0141110065851 0.0246710526316
0 0.895108184384 0.177631578947 0.0159924741298 0.0230263157895
0 0.849012229539 0.192434210526 0.0178739416745 0.0361842105263
0 0.896989651929 0.157894736842 0.0141110065851 0.0230263157895
