0 0.114700374532 0.465890183028 0.0496254681648 0.113144758735
0 0.262172284644 0.282029950083 0.0187265917603 0.0316139767055
0 0.281835205993 0.262063227953 0.0187265917603 0.0349417637271
0 0.300561797753 0.269550748752 0.0224719101124 0.0432612312812
0 0.318352059925 0.214642262895 0.0131086142322 0.026622296173
0 0.347846441948 0.217138103161 0.0159176029963 0.0349417637271
0 0.345973782772 0.271214642263 0.0177902621723 0.0366056572379
0 0.37968164794 0.197171381032 0.0177902621723 0.0316139767055
0 0.376872659176 0.23377703827 0.0215355805243 0.044925124792
0 0.419943820225 0.254575707155 0.0252808988764 0.0432612312812
0 0.411985018727 0.221297836938 0.0149812734082 0.0366056572379
0 0.416666666667 0.169717138103 0.0131086142322 0.0299500831947
0 0.433520599251 0.167221297837 0.0149812734082 0.0249584026622
0 0.447565543071 0.170549084859 0.0131086142322 0.0216306156406
0 0.455056179775 0.188019966722 0.0224719101124 0.0232945091514
0 0.475655430712 0.188851913478 0.0168539325843 0.0316139767055
0 0.484082397004 0.159733777038 0.0187265917603 0.0232945091514
0 0.478464419476 0.138103161398 0.0131086142322 0.0232945091514
0 0.460205992509 0.140599001664 0.0121722846442 0.0249584026622
0 0.490168539326 0.126455906822 0.0121722846442 0.0299500831947
0 0.533239700375 0.128951747088 0.0177902621723 0.0316139767055
0 0.552902621723 0.144758735441 0.0140449438202 0.0332778702163
0 0.561329588015 0.104825291181 0.0121722846442 0.0232945091514
0 0.598314606742 0.0931780366057 0.0131086142322 0.0232945091514
0 0.595973782772 0.11231281198 0.0121722846442 0.0216306156406
0 0.616104868914 0.103161397671 0.0112359550562 0.026622296173
0 0.625936329588 0.0940099833611 0.0102996254682 0.0216306156406
0 0.64138576779 0.0956738768719 0.0131086142322 0.0249584026622
0 0.646535580524 0.110648918469 0.0140449438202 0.0249584026622
0 0.627808988764 0.134775374376 0.0140449438202 0.0299500831947
0 0.595505617978 0.143926788686 0.0149812734082 0.0316139767055
0 0.582397003745 0.160565723794 0.0168539325843 0.0316139767055
0 0.550093632959 0.193011647255 0.0196629213483 0.0399334442596
0 0.493445692884 0.216306156406 0.0224719101124 0.0366056572379
0 0.489700374532 0.287021630616 0.0187265917603 0.0482529118136
0 0.555711610487 0.283693843594 0.0271535580524 0.0549084858569
0 0.566011235955 0.243760399334 0.0196629213483 0.0349417637271
0 0.614700374532 0.247920133111 0.0215355805243 0.0432612312812
0 0.622191011236 0.203826955075 0.0177902621723 0.044925124792
0 0.656835205993 0.166389351082 0.0196629213483 0.0366056572379
0 0.669007490637 0.115640599002 0.0159176029963 0.0316139767055
0 0.699438202247 0.0915141430948 0.0149812734082 0.0299500831947
0 0.705992509363 0.130615640599 0.0131086142322 0.0316139767055
0 0.689606741573 0.141430948419 0.0140449438202 0.0366056572379
0 0.700842696629 0.211314475874 0.0234082397004 0.0499168053245
0 0.662921348315 0.202163061564 0.0205992509363 0.044925124792
0 0.675093632959 0.25540765391 0.0187265917603 0.0415973377704
0 0.677902621723 0.328618968386 0.0262172284644 0.0549084858569
0 0.609550561798 0.334442595674 0.0224719101124 0.0499168053245
0 0.723782771536 0.289517470882 0.0280898876404 0.0565723793677
0 0.762172284644 0.242096505824 0.0224719101124 0.0415973377704
0 0.785112359551 0.290349417637 0.0252808988764 0.0482529118136
0 0.753277153558 0.178868552413 0.0159176029963 0.0316139767055
0 0.732209737828 0.147254575707 0.0187265917603 0.0349417637271
0 0.736891385768 0.113976705491 0.0131086142322 0.0316139767055
0 0.74765917603 0.128119800333 0.0140449438202 0.0332778702163
0 0.756086142322 0.102329450915 0.0121722846442 0.0249584026622
0 0.770131086142 0.129783693844 0.0140449438202 0.0332778702163
0 0.779962546816 0.120632279534 0.0149812734082 0.0282861896839
0 0.795880149813 0.127287853577 0.0149812734082 0.0349417637271
0 0.813670411985 0.126455906822 0.0131086142322 0.026622296173
0 0.835205992509 0.137271214642 0.0168539325843 0.0349417637271
0 0.816479400749 0.165557404326 0.0168539325843 0.0349417637271
0 0.803370786517 0.178868552413 0.0168539325843 0.0316139767055
0 0.873595505618 0.226289517471 0.0168539325843 0.0532445923461
0 0.892322097378 0.191347753744 0.0168539325843 0.0432612312812
0 0.896535580524 0.16306156406 0.0140449438202 0.0366056572379
0 0.90543071161 0.128951747088 0.0112359550562 0.0316139767055
0 0.874063670412 0.12146422629 0.0140449438202 0.0299500831947
0 0.86329588015 0.153078202995 0.0168539325843 0.0332778702163
0 0.930711610487 0.150582362729 0.0149812734082 0.0282861896839
0 0.927902621723 0.188019966722 0.0149812734082 0.0399334442596
0 0.934456928839 0.26622296173 0.0187265917603 0.0532445923461
