0 0.170377541142 0.497427101201 0.0522749273959 0.0994854202401
0 0.27541142304 0.266723842196 0.0203291384318 0.0394511149228
0 0.344143272023 0.247855917667 0.0203291384318 0.0360205831904
0 0.375605033882 0.265866209262 0.0232333010649 0.0445969125214
0 0.352371732817 0.20154373928 0.0174249757986 0.0360205831904
0 0.379477250726 0.20154373928 0.0174249757986 0.0394511149228
0 0.395450145208 0.219554030875 0.0183930300097 0.0377358490566
0 0.428363988383 0.225557461407 0.0242013552759 0.0497427101201
0 0.404646660213 0.181818181818 0.0174249757986 0.0308747855918
0 0.446757018393 0.188679245283 0.0183930300097 0.0377358490566
0 0.461277831559 0.181818181818 0.0164569215876 0.0377358490566
0 0.488383349468 0.181818181818 0.0183930300097 0.041166380789
0 0.465634075508 0.155231560892 0.0174249757986 0.0291595197256
0 0.444336882865 0.15180102916 0.0154888673766 0.032590051458
0 0.537270087125 0.197255574614 0.0212971926428 0.041166380789
0 0.555663117135 0.186963979417 0.0154888673766 0.0377358490566
0 0.502420135528 0.126929674099 0.0116166505324 0.0240137221269
0 0.524685382381 0.127787307033 0.0174249757986 0.032590051458
0 0.559535333979 0.106346483705 0.0174249757986 0.0274442538593
0 0.560019361084 0.137221269297 0.0145208131655 0.0274442538593
0 0.576476282672 0.142367066895 0.0145208131655 0.0343053173242
0 0.579380445305 0.121783876501 0.0164569215876 0.0308747855918
0 0.60793804453 0.15180102916 0.0174249757986 0.0360205831904
0 0.643756050339 0.141509433962 0.0154888673766 0.0291595197256
0 0.656340755082 0.169811320755 0.0193610842207 0.041166380789
0 0.641335914811 0.159519725557 0.0164569215876 0.0274442538593
0 0.550338818974 0.26243567753 0.0242013552759 0.0480274442539
0 0.529041626331 0.331046312178 0.0338818973863 0.0686106346484
0 0.479670861568 0.313893653516 0.0358180058083 0.065180102916
0 0.601161665053 0.268439108062 0.0290416263311 0.0463121783877
0 0.652468538238 0.21269296741 0.0193610842207 0.0445969125214
0 0.696999031946 0.169811320755 0.0174249757986 0.0445969125214
0 0.722168441433 0.182675814751 0.0232333010649 0.0531732418525
0 0.697483059051 0.282161234991 0.02807357212 0.0634648370497
0 0.665053242982 0.349914236707 0.0329138431752 0.0754716981132
0 0.747821878025 0.337907375643 0.0319457889642 0.0789022298456
0 0.787512100678 0.404802744425 0.0377541142304 0.0891938250429
0 0.739109390126 0.228987993139 0.0222652468538 0.0531732418525
0 0.771539206196 0.204974271012 0.0232333010649 0.0428816466552
0 0.786060019361 0.274442538593 0.0251694094869 0.0548885077187
0 0.802516940949 0.243567753002 0.0212971926428 0.0480274442539
0 0.829622458858 0.314751286449 0.0290416263311 0.0703259005146
0 0.857212003872 0.26243567753 0.0222652468538 0.0514579759863
0 0.887221684414 0.409948542024 0.0416263310745 0.0891938250429
0 0.900774443369 0.321612349914 0.02807357212 0.0600343053173
0 0.908518877057 0.278730703259 0.0203291384318 0.0531732418525
0 0.788964181994 0.133790737564 0.0135527589545 0.0343053173242
0 0.824298160697 0.142367066895 0.0145208131655 0.0343053173242
0 0.834946757018 0.130360205832 0.0125847047435 0.0308747855918
0 0.852855759923 0.154373927959 0.0154888673766 0.0343053173242
0 0.861084220716 0.130360205832 0.0106485963214 0.0274442538593
0 0.895450145208 0.144939965695 0.0154888673766 0.0291595197256
0 0.922071636012 0.156946826758 0.0145208131655 0.0291595197256
