0 0.279926335175 0.191506410256 0.0202578268877 0.036858974359
0 0.305709023941 0.191506410256 0.0184162062615 0.0336538461538
0 0.302486187845 0.220352564103 0.0193370165746 0.036858974359
0 0.331491712707 0.302884615385 0.036832412523 0.0705128205128
0 0.520718232044 0.166666666667 0.0211786372007 0.0512820512821
0 0.572283609576 0.134615384615 0.024861878453 0.0448717948718
0 0.58241252302 0.298878205128 0.0395948434622 0.0849358974359
0 0.659760589319 0.252403846154 0.0285451197053 0.0592948717949
0 0.645948434622 0.25 0.0211786372007 0.0576923076923
0 0.617863720074 0.150641025641 0.0220994475138 0.0448717948718
0 0.63167587477 0.127403846154 0.0165745856354 0.036858974359
0 0.696132596685 0.217147435897 0.0276243093923 0.0496794871795
0 0.758287292818 0.28125 0.0230202578269 0.0496794871795
0 0.751841620626 0.238782051282 0.0193370165746 0.0416666666667
