0 0.422790697674 0.216260162602 0.0195348837209 0.0357723577236
0 0.652558139535 0.145528455285 0.0139534883721 0.0243902439024
0 0.633023255814 0.141463414634 0.0139534883721 0.0260162601626
0 0.65488372093 0.118699186992 0.0148837209302 0.0292682926829
0 0.76511627907 0.149593495935 0.0139534883721 0.0325203252033
0 0.78 0.156097560976 0.0139534883721 0.0292682926829
0 0.837209302326 0.265853658537 0.0186046511628 0.0406504065041
0 0.904186046512 0.253658536585 0.013023255814 0.0390243902439
0 0.906046511628 0.219512195122 0.0148837209302 0.0325203252033
0 0.882325581395 0.19593495935 0.0120930232558 0.0308943089431
0 0.933023255814 0.259349593496 0.0167441860465 0.0373983739837
