0 0.0506091846298 0.40464344942 0.0299906279288 0.0663349917081
0 0.255857544517 0.285240464345 0.0168697282099 0.0298507462687
0 0.289128397376 0.261194029851 0.0140581068416 0.028192371476
0 0.295688847235 0.258706467662 0.0196813495783 0.0331674958541
0 0.313027179007 0.223051409619 0.0149953139644 0.0248756218905
0 0.349109653233 0.217247097844 0.0140581068416 0.0298507462687
0 0.344892221181 0.266998341625 0.0168697282099 0.0331674958541
0 0.37160262418 0.213930348259 0.0140581068416 0.0298507462687
0 0.382380506092 0.201492537313 0.0149953139644 0.0248756218905
0 0.410496719775 0.174129353234 0.0131208997188 0.0265339966833
0 0.428303655108 0.172470978441 0.0131208997188 0.0265339966833
0 0.438144329897 0.203150912106 0.0196813495783 0.0381426202322
0 0.4053420806 0.291044776119 0.0196813495783 0.0514096185738
0 0.426429240862 0.21807628524 0.0149953139644 0.0248756218905
0 0.453139643861 0.142620232172 0.0103092783505 0.0199004975124
0 0.456888472352 0.167495854063 0.0159325210872 0.0331674958541
0 0.470946579194 0.190713101161 0.0140581068416 0.0298507462687
0 0.459231490159 0.218905472637 0.0168697282099 0.0398009950249
0 0.484536082474 0.226368159204 0.0187441424555 0.0348258706468
0 0.474226804124 0.155887230514 0.0131208997188 0.0298507462687
0 0.487347703843 0.133499170813 0.00937207122774 0.0248756218905
0 0.499531396439 0.145936981758 0.0112464854733 0.0199004975124
0 0.535145267104 0.139303482587 0.0168697282099 0.0331674958541
0 0.540299906279 0.165008291874 0.0196813495783 0.0315091210614
0 0.550140581068 0.194029850746 0.0187441424555 0.0398009950249
0 0.492502343018 0.196517412935 0.0178069353327 0.0381426202322
0 0.478444236176 0.303482587065 0.0234301780694 0.0497512437811
0 0.570290534208 0.111111111111 0.0121836925961 0.0232172470978
0 0.583880037488 0.154228855721 0.0149953139644 0.0298507462687
0 0.586223055295 0.130182421227 0.0121836925961 0.0182421227197
0 0.5946579194 0.106135986733 0.0121836925961 0.0232172470978
0 0.610590440487 0.114427860697 0.0121836925961 0.0232172470978
0 0.628865979381 0.0978441127695 0.00937207122774 0.0199004975124
0 0.639643861293 0.103648424544 0.0103092783505 0.0215588723051
0 0.650890346767 0.109452736318 0.0103092783505 0.0232172470978
0 0.625585754452 0.140132669983 0.0121836925961 0.0315091210614
0 0.615745079663 0.196517412935 0.0168697282099 0.0414593698176
0 0.610590440487 0.251243781095 0.0196813495783 0.044776119403
0 0.568416119963 0.248756218905 0.0196813495783 0.0398009950249
0 0.561855670103 0.290215588723 0.0215557638238 0.0497512437811
0 0.611059044049 0.325870646766 0.0299906279288 0.0514096185738
0 0.677132146204 0.323383084577 0.0309278350515 0.0563847429519
0 0.664011246485 0.208955223881 0.0196813495783 0.0464344941957
0 0.654170571696 0.180762852405 0.0168697282099 0.0298507462687
0 0.671040299906 0.12271973466 0.0131208997188 0.0232172470978
0 0.67900656045 0.147595356551 0.0140581068416 0.0298507462687
0 0.702436738519 0.0970149253731 0.0140581068416 0.0315091210614
0 0.70946579194 0.142620232172 0.0131208997188 0.0298507462687
0 0.704779756326 0.176616915423 0.0149953139644 0.0348258706468
0 0.707122774133 0.2271973466 0.0178069353327 0.0331674958541
0 0.719306466729 0.295190713101 0.0234301780694 0.0497512437811
0 0.782099343955 0.286069651741 0.0253045923149 0.0480928689884
0 0.776476101218 0.21807628524 0.0196813495783 0.0414593698176
0 0.748359887535 0.183250414594 0.0159325210872 0.0315091210614
0 0.736176194939 0.155058043118 0.0140581068416 0.0315091210614
0 0.738050609185 0.121061359867 0.0121836925961 0.0265339966833
0 0.747891283974 0.133499170813 0.0131208997188 0.028192371476
0 0.746954076851 0.118573797678 0.0112464854733 0.0182421227197
0 0.762417994377 0.158374792703 0.0159325210872 0.028192371476
0 0.770852858482 0.126865671642 0.0140581068416 0.0248756218905
0 0.787722586692 0.120232172471 0.0103092783505 0.0248756218905
0 0.796157450797 0.13184079602 0.0103092783505 0.028192371476
0 0.798969072165 0.175787728027 0.0159325210872 0.0331674958541
0 0.811152764761 0.163349917081 0.0121836925961 0.0315091210614
0 0.812089971884 0.13184079602 0.0121836925961 0.0315091210614
0 0.829428303655 0.139303482587 0.0131208997188 0.0331674958541
0 0.843955014058 0.17495854063 0.0140581068416 0.0348258706468
0 0.853795688847 0.152570480929 0.0131208997188 0.0364842454395
0 0.864104967198 0.144278606965 0.0131208997188 0.0265339966833
0 0.871134020619 0.125207296849 0.0103092783505 0.0215588723051
0 0.899250234302 0.131011608624 0.0121836925961 0.0265339966833
0 0.888003748828 0.161691542289 0.0121836925961 0.028192371476
0 0.885660731022 0.195688225539 0.0168697282099 0.0331674958541
0 0.871134020619 0.223051409619 0.0178069353327 0.0381426202322
0 0.931583880037 0.155058043118 0.0112464854733 0.028192371476
0 0.926429240862 0.191542288557 0.0121836925961 0.0315091210614
0 0.921743205248 0.27943615257 0.0196813495783 0.0547263681592
0 0.691190253046 0.251243781095 0.0215557638238 0.0514096185738
0 0.390346766635 0.224709784411 0.0178069353327 0.0315091210614
0 0.512183692596 0.168325041459 0.0159325210872 0.0315091210614
