0 0.205452775073 0.327426810478 0.0428432327167 0.0693374422188
0 0.296494644596 0.196456086287 0.0126582278481 0.0323574730354
0 0.314508276534 0.201078582435 0.0155793573515 0.0323574730354
0 0.333008763389 0.197996918336 0.0155793573515 0.0261941448382
0 0.358325219085 0.158705701079 0.0116845180136 0.0215716486903
0 0.356377799416 0.182588597843 0.0175267770204 0.0261941448382
0 0.384128529698 0.205701078582 0.016553067186 0.0323574730354
0 0.38558909445 0.17719568567 0.0155793573515 0.0277349768875
0 0.409931840312 0.208782742681 0.0175267770204 0.0323574730354
0 0.413339824732 0.171032357473 0.016553067186 0.0338983050847
0 0.422103213242 0.149460708783 0.014605647517 0.0277349768875
0 0.443524829601 0.203389830508 0.0204479065239 0.0369799691834
0 0.432327166504 0.123266563945 0.0116845180136 0.0277349768875
0 0.455696202532 0.133281972265 0.0116845180136 0.0231124807396
0 0.481499513145 0.147919876733 0.014605647517 0.0277349768875
0 0.481012658228 0.114791987673 0.00973709834469 0.020030816641
0 0.497078870497 0.120184899846 0.0107108081792 0.0215716486903
0 0.502434274586 0.152542372881 0.0116845180136 0.0246533127889
0 0.511684518014 0.182588597843 0.016553067186 0.0323574730354
0 0.526777020448 0.117873651772 0.0116845180136 0.0231124807396
0 0.533106134372 0.158705701079 0.016553067186 0.0308166409861
0 0.552580331061 0.108628659476 0.0126582278481 0.0231124807396
0 0.566212268744 0.134822804314 0.016553067186 0.0292758089368
0 0.56864654333 0.162557781202 0.0175267770204 0.0292758089368
0 0.598831548199 0.140215716487 0.0155793573515 0.0308166409861
0 0.579844206426 0.108628659476 0.0107108081792 0.0261941448382
0 0.591041869523 0.0986132511556 0.00973709834469 0.0184899845917
0 0.606134371957 0.114021571649 0.0126582278481 0.0246533127889
0 0.622687439143 0.10092449923 0.0107108081792 0.0261941448382
0 0.635832521908 0.112480739599 0.0136319376826 0.0246533127889
0 0.704479065239 0.0901386748844 0.0107108081792 0.020030816641
0 0.695228821811 0.109399075501 0.0116845180136 0.0277349768875
0 0.720545277507 0.0916795069337 0.00973709834469 0.020030816641
0 0.498539435248 0.244221879815 0.0233690360273 0.0539291217257
0 0.549659201558 0.251155624037 0.0243427458617 0.055469953775
0 0.571080817916 0.216486902928 0.0204479065239 0.0446841294299
0 0.610029211295 0.227272727273 0.0243427458617 0.0539291217257
0 0.609542356378 0.305855161787 0.0253164556962 0.0539291217257
0 0.643622200584 0.194144838213 0.0175267770204 0.040061633282
0 0.674780915287 0.16718027735 0.0175267770204 0.0354391371341
0 0.694255111977 0.213405238829 0.0233690360273 0.0446841294299
0 0.690360272639 0.269645608629 0.0272638753651 0.0493066255778
0 0.720545277507 0.202619414484 0.0233690360273 0.0385208012327
0 0.740993184031 0.254237288136 0.0194741966894 0.0431432973806
0 0.723953261928 0.158705701079 0.0185004868549 0.0369799691834
0 0.749756572541 0.14406779661 0.0175267770204 0.0292758089368
0 0.76582278481 0.121725731895 0.0126582278481 0.0277349768875
0 0.782862706913 0.131741140216 0.0136319376826 0.0231124807396
0 0.805744888023 0.133281972265 0.014605647517 0.0354391371341
0 0.766796494645 0.209553158706 0.0185004868549 0.0431432973806
0 0.798928919182 0.191833590139 0.0204479065239 0.0354391371341
0 0.791139240506 0.263482280431 0.0223953261928 0.055469953775
0 0.759493670886 0.325115562404 0.033106134372 0.0585516178737
0 0.825219084713 0.230354391371 0.0223953261928 0.0446841294299
0 0.843719571568 0.269645608629 0.0282375851996 0.0462249614792
0 0.841285296981 0.316640986133 0.033106134372 0.0570107858243
0 0.877312560857 0.236517719569 0.0214216163583 0.0446841294299
0 0.895813047712 0.201078582435 0.0175267770204 0.0385208012327
0 0.944011684518 0.201848998459 0.0185004868549 0.0369799691834
0 0.933787731256 0.250385208012 0.0214216163583 0.0416024653313
0 0.930379746835 0.293528505393 0.0262901655307 0.0477657935285
0 0.913339824732 0.375192604006 0.0350535540409 0.0724191063174
0 0.740506329114 0.124807395994 0.0126582278481 0.0277349768875
0 0.669912366115 0.127889060092 0.0155793573515 0.0277349768875
0 0.666504381694 0.0939907550077 0.0107108081792 0.0246533127889
0 0.662609542356 0.105546995378 0.0107108081792 0.0231124807396
0 0.62852969815 0.136363636364 0.014605647517 0.0292758089368
0 0.449853943525 0.173343605547 0.0155793573515 0.0323574730354
0 0.457156767283 0.191833590139 0.014605647517 0.0354391371341
0 0.509737098345 0.131741140216 0.0126582278481 0.0231124807396
0 0.511197663096 0.107087827427 0.0116845180136 0.0231124807396
0 0.533592989289 0.109399075501 0.00973709834469 0.0215716486903
