0 0.53810835629 0.0701320132013 0.0128558310376 0.0247524752475
0 0.646005509642 0.121287128713 0.0174471992654 0.0313531353135
0 0.75160697888 0.129537953795 0.0137741046832 0.0313531353135
0 0.763544536272 0.141089108911 0.0137741046832 0.0379537953795
0 0.584022038567 0.229372937294 0.020202020202 0.046204620462
0 0.810835629017 0.253300330033 0.0257116620753 0.0544554455446
0 0.88246097337 0.239273927393 0.020202020202 0.039603960396
0 0.914141414141 0.248349834983 0.0192837465565 0.0412541254125
0 0.408172635445 0.214521452145 0.0192837465565 0.036303630363
0 0.618916437098 0.130363036304 0.020202020202 0.036303630363
0 0.637281910009 0.141089108911 0.0146923783287 0.0280528052805
0 0.886134067952 0.212871287129 0.0165289256198 0.036303630363
