0 0.206161137441 0.337526205451 0.0545023696682 0.11320754717
0 0.405213270142 0.224318658281 0.042654028436 0.0712788259958
0 0.490521327014 0.17714884696 0.0308056872038 0.0607966457023
0 0.505924170616 0.154088050314 0.0260663507109 0.0566037735849
0 0.587677725118 0.124737945493 0.0236966824645 0.0524109014675
0 0.616113744076 0.185534591195 0.0284360189573 0.0649895178197
0 0.5586492891 0.281970649895 0.0343601895735 0.0607966457023
0 0.637440758294 0.236897274633 0.0308056872038 0.062893081761
0 0.66528436019 0.208595387841 0.0225118483412 0.0566037735849
0 0.712677725118 0.206498951782 0.0272511848341 0.0566037735849
0 0.755331753555 0.27358490566 0.0248815165877 0.0607966457023
0 0.761848341232 0.231656184486 0.0260663507109 0.0482180293501
0 0.696090047393 0.336477987421 0.0343601895735 0.0859538784067
0 0.751184834123 0.359538784067 0.0379146919431 0.0649895178197
