0 0.933367243133 0.160813308688 0.0111902339776 0.0295748613678
0 0.933367243133 0.187615526802 0.0111902339776 0.0351201478743
0 0.943540183113 0.212569316081 0.0152594099695 0.0406654343808
0 0.929298067141 0.243068391867 0.0152594099695 0.0351201478743
0 0.91505595117 0.306839186691 0.0213631739573 0.0591497227357
0 0.83977619532 0.152495378928 0.0132248219736 0.0314232902033
0 0.822990844354 0.181146025878 0.0122075279756 0.0295748613678
0 0.831637843337 0.218114602588 0.0152594099695 0.0406654343808
0 0.856052899288 0.183918669131 0.0132248219736 0.0351201478743
0 0.870295015259 0.174676524954 0.0111902339776 0.0314232902033
0 0.892166836216 0.18853974122 0.0142421159715 0.0369685767098
0 0.892166836216 0.218114602588 0.0142421159715 0.0406654343808
0 0.878942014242 0.243992606285 0.0183112919634 0.0480591497227
0 0.866225839268 0.280961182994 0.0193285859613 0.0554528650647
0 0.836215666328 0.312384473198 0.0203458799593 0.0591497227357
0 0.801119023398 0.256007393715 0.0213631739573 0.0499075785582
0 0.785350966429 0.13123844732 0.0122075279756 0.0332717190388
0 0.792472024415 0.155268022181 0.0122075279756 0.0332717190388
0 0.787385554425 0.178373382625 0.0122075279756 0.0351201478743
0 0.785859613428 0.207948243993 0.0152594099695 0.0425138632163
0 0.749237029502 0.248613678373 0.0193285859613 0.0499075785582
0 0.753306205493 0.18853974122 0.0152594099695 0.0369685767098
0 0.753306205493 0.138632162662 0.0111902339776 0.0258780036969
0 0.752797558494 0.161737523105 0.0142421159715 0.0277264325323
0 0.654120040692 0.100739371534 0.0122075279756 0.0277264325323
0 0.660732451679 0.126617375231 0.00915564598169 0.0351201478743
0 0.676500508647 0.119223659889 0.0101729399797 0.0277264325323
0 0.696337741607 0.117375231054 0.0111902339776 0.0277264325323
0 0.717700915565 0.153419593346 0.0152594099695 0.0406654343808
0 0.730417090539 0.16820702403 0.0142421159715 0.0406654343808
0 0.712614445575 0.182070240296 0.0172939979654 0.0388170055453
0 0.716683621567 0.285582255083 0.0274669379451 0.0573012939002
0 0.675991861648 0.182994454713 0.0172939979654 0.0406654343808
0 0.685656154629 0.329944547135 0.0264496439471 0.0683918669131
0 0.645473041709 0.30314232902 0.0274669379451 0.0591497227357
0 0.633265513733 0.233826247689 0.0233977619532 0.0499075785582
0 0.62512716175 0.212569316081 0.0172939979654 0.0406654343808
0 0.561037639878 0.263401109057 0.0193285859613 0.0499075785582
0 0.569684638861 0.116451016636 0.0122075279756 0.0258780036969
0 0.612919633774 0.10258780037 0.00915564598169 0.0203327171904
0 0.606307222787 0.123844731978 0.0122075279756 0.0258780036969
0 0.584435401831 0.15157116451 0.0132248219736 0.0295748613678
0 0.57985757884 0.182994454713 0.0122075279756 0.0332717190388
0 0.557985757884 0.141404805915 0.0132248219736 0.0277264325323
0 0.538657171923 0.189463955638 0.0152594099695 0.0351201478743
0 0.529501525941 0.157116451017 0.0132248219736 0.0295748613678
0 0.543743641913 0.169131238447 0.0152594099695 0.0351201478743
0 0.509155645982 0.187615526802 0.0152594099695 0.0388170055453
0 0.537639877925 0.136783733826 0.0132248219736 0.0258780036969
0 0.472533062055 0.129390018484 0.00915564598169 0.0221811460259
0 0.488809766022 0.135859519409 0.00915564598169 0.0277264325323
0 0.492370295015 0.12292051756 0.0101729399797 0.0203327171904
0 0.475584944049 0.155268022181 0.0111902339776 0.0295748613678
0 0.467955239064 0.174676524954 0.0142421159715 0.0351201478743
0 0.451169888098 0.166358595194 0.0132248219736 0.0332717190388
0 0.449643947101 0.200554528651 0.0162767039674 0.0388170055453
0 0.472533062055 0.236598890943 0.0193285859613 0.0480591497227
0 0.442522889115 0.244916820702 0.0203458799593 0.0499075785582
0 0.422685656155 0.15157116451 0.00915564598169 0.0258780036969
0 0.419633774161 0.182994454713 0.0152594099695 0.0369685767098
0 0.424211597152 0.206099815157 0.0142421159715 0.0388170055453
0 0.401831129196 0.205175600739 0.0162767039674 0.0406654343808
0 0.405900305188 0.243992606285 0.0223804679552 0.0517560073937
0 0.369277721261 0.201478743068 0.0142421159715 0.0443622920518
0 0.362156663276 0.241219963031 0.0203458799593 0.0388170055453
0 0.507629704985 0.402957486137 0.0508646998983 0.1146025878
0 0.625635808749 0.138632162662 0.0122075279756 0.0258780036969
