0 0.335467980296 0.212605042017 0.0167487684729 0.0352941176471
0 0.356650246305 0.220168067227 0.0197044334975 0.0336134453782
0 0.388177339901 0.313445378151 0.0315270935961 0.0554621848739
0 0.492610837438 0.209243697479 0.0216748768473 0.0420168067227
0 0.509852216749 0.154621848739 0.0147783251232 0.0302521008403
0 0.578325123153 0.173109243697 0.0177339901478 0.036974789916
0 0.571428571429 0.118487394958 0.0137931034483 0.0285714285714
0 0.829064039409 0.394117647059 0.0285714285714 0.0857142857143
0 0.893103448276 0.102521008403 0.0147783251232 0.0336134453782
0 0.924137931034 0.149579831933 0.015763546798 0.0336134453782
