0 0.0739171374765 0.410385259631 0.0423728813559 0.0837520938023
0 0.329566854991 0.257956448911 0.0188323917137 0.036850921273
0 0.314030131827 0.233668341709 0.0160075329567 0.0251256281407
0 0.330508474576 0.227805695142 0.015065913371 0.0268006700168
0 0.35263653484 0.231155778894 0.0178907721281 0.0402010050251
0 0.366760828625 0.243718592965 0.0178907721281 0.0452261306533
0 0.387005649718 0.262144053601 0.0225988700565 0.0519262981575
0 0.366290018832 0.195979899497 0.0169491525424 0.0335008375209
0 0.398775894539 0.221105527638 0.0197740112994 0.0402010050251
0 0.386534839925 0.193467336683 0.0178907721281 0.0385259631491
0 0.409133709981 0.190117252931 0.0178907721281 0.0385259631491
0 0.452448210923 0.189279731993 0.0178907721281 0.036850921273
0 0.470809792844 0.232830820771 0.0188323917137 0.0402010050251
0 0.457627118644 0.230318257956 0.0169491525424 0.035175879397
0 0.472693032015 0.206030150754 0.015065913371 0.0268006700168
0 0.475517890772 0.177554438861 0.0131826741996 0.0335008375209
0 0.491054613936 0.200167504188 0.0197740112994 0.0418760469012
0 0.532485875706 0.206030150754 0.0197740112994 0.0435510887772
0 0.523069679849 0.171691792295 0.0197740112994 0.0452261306533
0 0.544256120527 0.155778894472 0.015065913371 0.0402010050251
0 0.560734463277 0.0644891122278 0.0160075329567 0.0284757118928
0 0.582391713748 0.0636515912898 0.0141242937853 0.0268006700168
0 0.623352165725 0.0670016750419 0.015065913371 0.0301507537688
0 0.666195856874 0.0485762144054 0.0160075329567 0.0268006700168
0 0.696798493409 0.0536013400335 0.015065913371 0.036850921273
0 0.728342749529 0.0661641541039 0.0141242937853 0.0318257956449
0 0.620527306968 0.149916247906 0.0207156308851 0.035175879397
0 0.617231638418 0.123953098827 0.0160075329567 0.0234505862647
0 0.580508474576 0.14405360134 0.0122410546139 0.0268006700168
0 0.564971751412 0.123115577889 0.015065913371 0.0318257956449
0 0.572975517891 0.170854271357 0.0178907721281 0.0335008375209
0 0.595574387947 0.134003350084 0.0122410546139 0.0268006700168
0 0.500941619586 0.332495812395 0.0263653483992 0.0586264656616
0 0.566384180791 0.308207705193 0.0291902071563 0.0636515912898
0 0.607344632768 0.329145728643 0.0338983050847 0.0686767169179
0 0.613935969868 0.240368509213 0.0282485875706 0.0586264656616
0 0.63418079096 0.206030150754 0.0197740112994 0.0435510887772
0 0.65395480226 0.200167504188 0.0216572504708 0.0519262981575
0 0.673258003766 0.210217755444 0.0225988700565 0.0519262981575
0 0.678436911488 0.257118927973 0.0235404896422 0.0519262981575
0 0.716101694915 0.221105527638 0.0273069679849 0.0536013400335
0 0.704802259887 0.188442211055 0.0178907721281 0.0318257956449
0 0.704331450094 0.144891122278 0.0207156308851 0.0418760469012
0 0.717043314501 0.14824120603 0.0178907721281 0.035175879397
0 0.761299435028 0.134003350084 0.0178907721281 0.0402010050251
0 0.769774011299 0.162479061977 0.0178907721281 0.036850921273
0 0.74011299435 0.200167504188 0.0225988700565 0.0519262981575
0 0.722693032015 0.2797319933 0.0273069679849 0.0636515912898
0 0.770244821092 0.226968174204 0.0282485875706 0.0586264656616
0 0.784369114878 0.298994974874 0.0282485875706 0.0586264656616
0 0.789077212806 0.140703517588 0.0188323917137 0.0402010050251
0 0.807438794727 0.157453936348 0.0197740112994 0.0435510887772
0 0.847457627119 0.177554438861 0.0225988700565 0.0469011725293
0 0.861111111111 0.161641541039 0.0197740112994 0.0385259631491
0 0.890301318267 0.196817420436 0.0197740112994 0.0452261306533
0 0.89736346516 0.164154103853 0.0225988700565 0.0435510887772
0 0.869114877589 0.253768844221 0.0263653483992 0.0552763819095
0 0.843691148776 0.323283082077 0.0357815442561 0.0737018425461
0 0.915725047081 0.252931323283 0.0254237288136 0.0569514237856
0 0.974576271186 0.340871021776 0.0395480225989 0.0854271356784
