0 0.0974903474903 0.501694915254 0.0540540540541 0.105084745763
0 0.281853281853 0.218644067797 0.0173745173745 0.0372881355932
0 0.303571428571 0.226271186441 0.0183397683398 0.035593220339
0 0.328667953668 0.236440677966 0.0164092664093 0.035593220339
0 0.346525096525 0.191525423729 0.0173745173745 0.0338983050847
0 0.352799227799 0.177118644068 0.0183397683398 0.0322033898305
0 0.377413127413 0.190677966102 0.015444015444 0.035593220339
0 0.391891891892 0.191525423729 0.0212355212355 0.0440677966102
0 0.380308880309 0.23813559322 0.0212355212355 0.0423728813559
0 0.425675675676 0.228813559322 0.023166023166 0.0508474576271
0 0.414092664093 0.185593220339 0.019305019305 0.0423728813559
0 0.451737451737 0.218644067797 0.0212355212355 0.0440677966102
0 0.47972972973 0.215254237288 0.0250965250965 0.0508474576271
0 0.486003861004 0.184745762712 0.0202702702703 0.0305084745763
0 0.507239382239 0.183898305085 0.0164092664093 0.0389830508475
0 0.444498069498 0.168644067797 0.0202702702703 0.0423728813559
0 0.423262548263 0.140677966102 0.0125482625483 0.0338983050847
0 0.460907335907 0.149152542373 0.0164092664093 0.0338983050847
0 0.47055984556 0.156779661017 0.0144787644788 0.0322033898305
0 0.471525096525 0.128813559322 0.0164092664093 0.0237288135593
0 0.492277992278 0.130508474576 0.011583011583 0.0271186440678
0 0.503861003861 0.121186440678 0.0135135135135 0.0254237288136
0 0.512065637066 0.136440677966 0.0144787644788 0.035593220339
0 0.527027027027 0.119491525424 0.011583011583 0.028813559322
0 0.527992277992 0.158474576271 0.015444015444 0.0322033898305
0 0.553571428571 0.154237288136 0.0164092664093 0.0305084745763
0 0.548262548263 0.139830508475 0.015444015444 0.0254237288136
0 0.554536679537 0.117796610169 0.0125482625483 0.0254237288136
0 0.561293436293 0.136440677966 0.0164092664093 0.0220338983051
0 0.585907335907 0.166949152542 0.019305019305 0.0389830508475
0 0.560328185328 0.180508474576 0.0183397683398 0.035593220339
0 0.579633204633 0.111016949153 0.0125482625483 0.028813559322
0 0.590250965251 0.109322033898 0.0144787644788 0.028813559322
0 0.601351351351 0.126271186441 0.0135135135135 0.028813559322
0 0.618243243243 0.108474576271 0.0144787644788 0.0271186440678
0 0.625482625483 0.142372881356 0.0135135135135 0.0338983050847
0 0.630308880309 0.121186440678 0.015444015444 0.0254237288136
0 0.64333976834 0.107627118644 0.0144787644788 0.028813559322
0 0.665540540541 0.131355932203 0.0164092664093 0.0322033898305
0 0.660714285714 0.112711864407 0.0125482625483 0.0220338983051
0 0.669884169884 0.0983050847458 0.011583011583 0.0271186440678
0 0.694980694981 0.101694915254 0.00965250965251 0.0237288135593
0 0.692567567568 0.123728813559 0.0144787644788 0.0237288135593
0 0.705115830116 0.151694915254 0.0164092664093 0.0322033898305
0 0.721042471042 0.108474576271 0.011583011583 0.0305084745763
0 0.570945945946 0.235593220339 0.0222007722008 0.0474576271186
0 0.553088803089 0.281355932203 0.034749034749 0.071186440678
0 0.496138996139 0.276271186441 0.027027027027 0.0542372881356
0 0.615347490347 0.310169491525 0.0299227799228 0.0677966101695
0 0.625482625483 0.245762711864 0.0250965250965 0.0508474576271
0 0.635135135135 0.2 0.015444015444 0.0372881355932
0 0.670849420849 0.178813559322 0.019305019305 0.035593220339
0 0.724420849421 0.182203389831 0.0183397683398 0.0491525423729
0 0.736486486486 0.144915254237 0.015444015444 0.0389830508475
0 0.753378378378 0.131355932203 0.0164092664093 0.035593220339
0 0.764478764479 0.151694915254 0.015444015444 0.0322033898305
0 0.746138996139 0.166101694915 0.015444015444 0.0372881355932
0 0.737451737452 0.215254237288 0.0212355212355 0.0440677966102
0 0.672297297297 0.271186440678 0.0260617760618 0.0542372881356
0 0.700772200772 0.30593220339 0.0289575289575 0.0627118644068
0 0.736486486486 0.291525423729 0.023166023166 0.0542372881356
0 0.749034749035 0.366101694915 0.0366795366795 0.071186440678
0 0.826737451737 0.393220338983 0.0376447876448 0.071186440678
0 0.907818532819 0.422033898305 0.0395752895753 0.0881355932203
0 0.846525096525 0.305084745763 0.0328185328185 0.0677966101695
0 0.783783783784 0.310169491525 0.027027027027 0.0576271186441
0 0.773648648649 0.233898305085 0.0222007722008 0.0508474576271
0 0.762065637066 0.196610169492 0.0183397683398 0.0474576271186
0 0.79777992278 0.154237288136 0.0164092664093 0.0372881355932
0 0.802606177606 0.133050847458 0.0144787644788 0.0254237288136
0 0.817567567568 0.154237288136 0.0173745173745 0.0406779661017
0 0.807432432432 0.195762711864 0.0241312741313 0.0389830508475
0 0.820463320463 0.231355932203 0.0212355212355 0.0491525423729
0 0.876447876448 0.265254237288 0.0250965250965 0.0525423728814
0 0.891409266409 0.227118644068 0.0202702702703 0.0474576271186
0 0.929054054054 0.209322033898 0.0202702702703 0.0423728813559
0 0.926158301158 0.277118644068 0.0241312741313 0.0525423728814
0 0.918918918919 0.339830508475 0.027027027027 0.0627118644068
