0 0.077990430622 0.330188679245 0.0392344497608 0.0806174957118
0 0.188995215311 0.464837049743 0.0468899521531 0.0857632933105
0 0.295693779904 0.211835334477 0.022966507177 0.0463121783877
0 0.303827751196 0.240994854202 0.0181818181818 0.0360205831904
0 0.329186602871 0.184391080617 0.0287081339713 0.0394511149228
0 0.343062200957 0.258147512864 0.0181818181818 0.0463121783877
0 0.333971291866 0.206689536878 0.022966507177 0.0394511149228
0 0.37033492823 0.203259005146 0.0191387559809 0.0428816466552
0 0.388995215311 0.200686106346 0.0200956937799 0.0514579759863
0 0.427272727273 0.174957118353 0.0239234449761 0.041166380789
0 0.448803827751 0.152658662093 0.0210526315789 0.0377358490566
0 0.443062200957 0.207547169811 0.0191387559809 0.0480274442539
0 0.428229665072 0.255574614065 0.0315789473684 0.0480274442539
0 0.473205741627 0.219554030875 0.0239234449761 0.0480274442539
0 0.47033492823 0.146655231561 0.022009569378 0.0428816466552
0 0.482296650718 0.125214408233 0.0133971291866 0.0377358490566
0 0.490909090909 0.141509433962 0.0153110047847 0.0360205831904
0 0.501435406699 0.120926243568 0.0172248803828 0.032590051458
0 0.523923444976 0.119210977702 0.0162679425837 0.0360205831904
0 0.511004784689 0.228987993139 0.0210526315789 0.0463121783877
0 0.511961722488 0.181818181818 0.022966507177 0.0514579759863
0 0.533014354067 0.162092624357 0.022966507177 0.0394511149228
0 0.541626794258 0.132933104631 0.0210526315789 0.032590051458
0 0.581818181818 0.125214408233 0.0191387559809 0.0377358490566
0 0.552153110048 0.202401372213 0.0267942583732 0.0480274442539
0 0.557894736842 0.157804459691 0.022966507177 0.041166380789
0 0.600956937799 0.114065180103 0.0191387559809 0.0360205831904
0 0.62009569378 0.122641509434 0.022966507177 0.0360205831904
0 0.615789473684 0.160377358491 0.0200956937799 0.032590051458
0 0.64976076555 0.136363636364 0.0191387559809 0.0394511149228
0 0.663636363636 0.0977701543739 0.0162679425837 0.0308747855918
0 0.672727272727 0.126929674099 0.0248803827751 0.0377358490566
0 0.690909090909 0.100343053173 0.0172248803828 0.032590051458
0 0.705741626794 0.104631217839 0.0181818181818 0.041166380789
0 0.511961722488 0.295883361921 0.0382775119617 0.0634648370497
0 0.562200956938 0.246998284734 0.0277511961722 0.0583190394511
0 0.635406698565 0.211835334477 0.0287081339713 0.0497427101201
0 0.62009569378 0.261578044597 0.0401913875598 0.0600343053173
0 0.598564593301 0.339622641509 0.0334928229665 0.0789022298456
0 0.677511961722 0.272727272727 0.0306220095694 0.0548885077187
0 0.669377990431 0.184391080617 0.0296650717703 0.0497427101201
0 0.705263157895 0.189536878216 0.0191387559809 0.0566037735849
0 0.722966507177 0.150943396226 0.0334928229665 0.0445969125214
0 0.761244019139 0.131217838765 0.0181818181818 0.0463121783877
0 0.79043062201 0.137221269297 0.0191387559809 0.0445969125214
0 0.756937799043 0.18782161235 0.0210526315789 0.0394511149228
0 0.742105263158 0.204116638079 0.0296650717703 0.0445969125214
0 0.729186602871 0.240137221269 0.0363636363636 0.0617495711835
0 0.691387559809 0.313036020583 0.0296650717703 0.0634648370497
0 0.714354066986 0.283018867925 0.0277511961722 0.0480274442539
0 0.811483253589 0.154373927959 0.0191387559809 0.0377358490566
0 0.801913875598 0.220411663808 0.022966507177 0.0497427101201
0 0.763636363636 0.258147512864 0.0267942583732 0.0463121783877
0 0.812440191388 0.261578044597 0.022966507177 0.0600343053173
0 0.786602870813 0.315608919383 0.0306220095694 0.0583190394511
0 0.784688995215 0.401372212693 0.0325358851675 0.0754716981132
0 0.825358851675 0.408233276158 0.0354066985646 0.0720411663808
0 0.84019138756 0.334476843911 0.0325358851675 0.0583190394511
0 0.863157894737 0.283876500858 0.0306220095694 0.0634648370497
0 0.882775119617 0.240994854202 0.0277511961722 0.0531732418525
0 0.926794258373 0.236706689537 0.0239234449761 0.0548885077187
0 0.928708133971 0.311320754717 0.0315789473684 0.0634648370497
0 0.902870813397 0.373070325901 0.0296650717703 0.0600343053173
0 0.903827751196 0.42538593482 0.0392344497608 0.0754716981132
0 0.770813397129 0.150085763293 0.0200956937799 0.032590051458
0 0.785645933014 0.158662092624 0.0172248803828 0.032590051458
0 0.57990430622 0.181818181818 0.0267942583732 0.0377358490566
0 0.578947368421 0.158662092624 0.0172248803828 0.0428816466552
0 0.508612440191 0.145797598628 0.0181818181818 0.0377358490566
0 0.46985645933 0.186106346484 0.0267942583732 0.032590051458
0 0.373205741627 0.288164665523 0.0287081339713 0.041166380789
