0 0.190154440154 0.459030100334 0.0482625482625 0.0986622073579
0 0.200772200772 0.375418060201 0.0482625482625 0.105351170569
0 0.290540540541 0.202341137124 0.0250965250965 0.0434782608696
0 0.377895752896 0.272575250836 0.0222007722008 0.0434782608696
0 0.358590733591 0.260869565217 0.0222007722008 0.0501672240803
0 0.411196911197 0.198996655518 0.0173745173745 0.0334448160535
0 0.43194980695 0.232441471572 0.0183397683398 0.0334448160535
0 0.452702702703 0.244983277592 0.023166023166 0.0351170568562
0 0.438223938224 0.285117056856 0.0250965250965 0.0451505016722
0 0.462837837838 0.19397993311 0.0183397683398 0.0401337792642
0 0.486003861004 0.208193979933 0.0183397683398 0.0351170568562
0 0.490347490347 0.169732441472 0.0135135135135 0.0284280936455
0 0.483108108108 0.157190635452 0.0125482625483 0.0234113712375
0 0.471042471042 0.148829431438 0.015444015444 0.0301003344482
0 0.496138996139 0.136287625418 0.015444015444 0.0250836120401
0 0.544401544402 0.145484949833 0.015444015444 0.0367892976589
0 0.520752895753 0.180602006689 0.0183397683398 0.0367892976589
0 0.551640926641 0.205685618729 0.0222007722008 0.0334448160535
0 0.569980694981 0.157190635452 0.0164092664093 0.0301003344482
0 0.588803088803 0.119565217391 0.015444015444 0.0250836120401
0 0.591216216216 0.16220735786 0.0144787644788 0.0301003344482
0 0.492277992278 0.326086956522 0.0289575289575 0.0602006688963
0 0.630308880309 0.249163879599 0.0328185328185 0.0602006688963
0 0.680984555985 0.254180602007 0.0260617760618 0.0501672240803
0 0.699806949807 0.160535117057 0.0212355212355 0.0434782608696
0 0.727316602317 0.141304347826 0.0164092664093 0.0418060200669
0 0.707046332046 0.0986622073579 0.0164092664093 0.0301003344482
0 0.752413127413 0.165551839465 0.0183397683398 0.0434782608696
0 0.759652509653 0.153846153846 0.015444015444 0.0334448160535
0 0.770752895753 0.180602006689 0.0164092664093 0.0401337792642
0 0.769787644788 0.108695652174 0.0125482625483 0.0301003344482
0 0.817084942085 0.193143812709 0.0202702702703 0.0451505016722
0 0.828185328185 0.134615384615 0.015444015444 0.0351170568562
0 0.867760617761 0.184782608696 0.015444015444 0.0351170568562
0 0.888030888031 0.240802675585 0.019305019305 0.0501672240803
0 0.779922779923 0.303511705686 0.030888030888 0.0551839464883
0 0.734555984556 0.285953177258 0.027027027027 0.0602006688963
