0 0.201149425287 0.364545454545 0.0407523510972 0.0963636363636
0 0.287878787879 0.23 0.0114942528736 0.0309090909091
0 0.309299895507 0.248181818182 0.0188087774295 0.0345454545455
0 0.351619644723 0.194545454545 0.0156739811912 0.0436363636364
0 0.362068965517 0.227272727273 0.0156739811912 0.0327272727273
0 0.377742946708 0.2 0.0156739811912 0.0363636363636
0 0.387669801463 0.249090909091 0.0167189132706 0.0472727272727
0 0.402298850575 0.197272727273 0.0208986415883 0.0345454545455
0 0.431034482759 0.233636363636 0.0198537095089 0.0454545454545
0 0.421630094044 0.149090909091 0.0114942528736 0.0218181818182
0 0.422152560084 0.17 0.012539184953 0.0272727272727
0 0.431034482759 0.191818181818 0.0156739811912 0.0345454545455
0 0.455590386625 0.211818181818 0.0167189132706 0.0309090909091
0 0.451410658307 0.160909090909 0.012539184953 0.0272727272727
0 0.478578892372 0.183636363636 0.0146290491118 0.0327272727273
0 0.483803552769 0.225454545455 0.0146290491118 0.0327272727273
0 0.478056426332 0.15 0.0156739811912 0.0309090909091
0 0.497387669801 0.162727272727 0.0146290491118 0.0309090909091
0 0.525078369906 0.137272727273 0.0156739811912 0.0272727272727
0 0.538662486938 0.176363636364 0.0156739811912 0.04
0 0.556426332288 0.131818181818 0.0135841170324 0.02
0 0.565830721003 0.180909090909 0.0198537095089 0.0381818181818
0 0.579414838036 0.160909090909 0.0135841170324 0.0272727272727
0 0.586206896552 0.113636363636 0.012539184953 0.0272727272727
0 0.595611285266 0.121818181818 0.00835945663532 0.0254545454545
0 0.603970741902 0.176363636364 0.0188087774295 0.0327272727273
0 0.621212121212 0.121818181818 0.0114942528736 0.0218181818182
0 0.638975966562 0.131818181818 0.0135841170324 0.0236363636364
0 0.650470219436 0.114545454545 0.0114942528736 0.0181818181818
0 0.657262277952 0.139090909091 0.0104493207941 0.0345454545455
0 0.665099268548 0.116363636364 0.00522466039707 0.0181818181818
0 0.670323928945 0.102727272727 0.0135841170324 0.02
0 0.69644723093 0.126363636364 0.00940438871473 0.0272727272727
0 0.706896551724 0.101818181818 0.00940438871473 0.0218181818182
0 0.738244514107 0.110909090909 0.0114942528736 0.0254545454545
0 0.630616509927 0.17 0.0177638453501 0.0272727272727
0 0.501044932079 0.272727272727 0.0219435736677 0.0581818181818
0 0.556948798328 0.303636363636 0.0292580982236 0.0509090909091
0 0.595088819227 0.232727272727 0.0219435736677 0.0509090909091
0 0.610240334378 0.332727272727 0.0229885057471 0.0581818181818
0 0.647857889237 0.246363636364 0.0167189132706 0.0490909090909
0 0.685475444096 0.185454545455 0.012539184953 0.0290909090909
0 0.692789968652 0.248181818182 0.0208986415883 0.0418181818182
0 0.703239289446 0.304545454545 0.0292580982236 0.0527272727273
0 0.721525600836 0.187272727273 0.0156739811912 0.0436363636364
0 0.764890282132 0.130909090909 0.012539184953 0.0327272727273
0 0.76750261233 0.198181818182 0.0198537095089 0.0472727272727
0 0.737722048067 0.231818181818 0.0208986415883 0.0454545454545
0 0.810344827586 0.155454545455 0.0156739811912 0.0418181818182
0 0.780041797283 0.249090909091 0.0198537095089 0.0545454545455
0 0.800417972832 0.295454545455 0.0229885057471 0.0490909090909
0 0.759143155695 0.374545454545 0.0323928944619 0.0690909090909
0 0.816091954023 0.221818181818 0.0167189132706 0.0363636363636
0 0.834900731452 0.258181818182 0.0188087774295 0.0509090909091
0 0.854754440961 0.319090909091 0.025078369906 0.06
0 0.83855799373 0.389090909091 0.030303030303 0.0618181818182
0 0.887669801463 0.265454545455 0.0219435736677 0.0472727272727
0 0.894984326019 0.217272727273 0.0156739811912 0.0454545454545
0 0.952978056426 0.216363636364 0.0188087774295 0.0436363636364
0 0.942006269592 0.29 0.0219435736677 0.0527272727273
0 0.939393939394 0.355454545455 0.0271682340648 0.06
0 0.911703239289 0.422727272727 0.0386624869383 0.0818181818182
0 0.50052246604 0.136363636364 0.012539184953 0.0290909090909
0 0.734064785789 0.297272727273 0.0198537095089 0.0527272727273
0 0.800940438871 0.142727272727 0.0135841170324 0.0309090909091
