0 0.17990430622 0.474870017331 0.0478468899522 0.0866551126516
0 0.344976076555 0.229636048527 0.022009569378 0.0467937608319
0 0.371291866029 0.236568457539 0.0210526315789 0.0433275563258
0 0.423444976077 0.194974003466 0.0181818181818 0.0398613518198
0 0.43014354067 0.256499133449 0.0258373205742 0.0554592720971
0 0.451674641148 0.200173310225 0.0191387559809 0.0363951473137
0 0.453110047847 0.160311958406 0.0181818181818 0.0363951473137
0 0.471291866029 0.172443674177 0.0181818181818 0.0329289428076
0 0.492344497608 0.162911611785 0.0162679425837 0.0277296360485
0 0.468421052632 0.123916811092 0.0162679425837 0.0225303292894
0 0.491387559809 0.113518197574 0.0162679425837 0.0294627383016
0 0.534928229665 0.107452339688 0.0172248803828 0.0311958405546
0 0.56985645933 0.108318890815 0.0143540669856 0.0329289428076
0 0.581818181818 0.127383015598 0.0191387559809 0.0329289428076
0 0.533014354067 0.209705372617 0.0287081339713 0.0623916811092
0 0.486602870813 0.306759098787 0.0315789473684 0.0693240901213
0 0.670813397129 0.230502599653 0.022966507177 0.051993067591
0 0.736363636364 0.256499133449 0.0258373205742 0.0554592720971
0 0.785645933014 0.263431542461 0.0248803827751 0.0589254766031
0 0.89043062201 0.188908145581 0.0181818181818 0.0450606585789
0 0.821052631579 0.148180242634 0.0191387559809 0.0398613518198
0 0.817703349282 0.0996533795494 0.0143540669856 0.0329289428076
0 0.764593301435 0.0857885615251 0.0172248803828 0.0398613518198
0 0.750717703349 0.103119584055 0.0143540669856 0.0329289428076
0 0.727272727273 0.132582322357 0.0172248803828 0.0329289428076
0 0.704306220096 0.115251299827 0.0210526315789 0.050259965338
0 0.719138755981 0.11698440208 0.0181818181818 0.0363951473137
