0 0.207772020725 0.412037037037 0.0528497409326 0.0944444444444
0 0.347668393782 0.186111111111 0.019689119171 0.0351851851852
0 0.374611398964 0.194444444444 0.0155440414508 0.037037037037
0 0.388601036269 0.161111111111 0.0124352331606 0.0296296296296
0 0.396373056995 0.211111111111 0.0176165803109 0.0296296296296
0 0.403626943005 0.238888888889 0.0217616580311 0.0333333333333
0 0.433678756477 0.209259259259 0.0176165803109 0.037037037037
0 0.433160621762 0.178703703704 0.0145077720207 0.0314814814815
0 0.443005181347 0.153703703704 0.0134715025907 0.0259259259259
0 0.458031088083 0.173148148148 0.0145077720207 0.0351851851852
0 0.466321243523 0.201851851852 0.0186528497409 0.0407407407407
0 0.480829015544 0.227777777778 0.020725388601 0.0481481481481
0 0.477202072539 0.181481481481 0.0176165803109 0.0333333333333
0 0.471502590674 0.140740740741 0.0145077720207 0.0259259259259
0 0.492227979275 0.139814814815 0.0145077720207 0.0314814814815
0 0.499481865285 0.124074074074 0.0103626943005 0.0222222222222
0 0.524870466321 0.165740740741 0.0176165803109 0.0388888888889
0 0.507772020725 0.191666666667 0.020725388601 0.0351851851852
0 0.536269430052 0.193518518519 0.0176165803109 0.0351851851852
0 0.549740932642 0.17037037037 0.0176165803109 0.0333333333333
0 0.545077720207 0.134259259259 0.0145077720207 0.0240740740741
0 0.560621761658 0.143518518519 0.0165803108808 0.0277777777778
0 0.594300518135 0.150925925926 0.0176165803109 0.0314814814815
0 0.581865284974 0.174074074074 0.0217616580311 0.0333333333333
0 0.59689119171 0.134259259259 0.0124352331606 0.0240740740741
0 0.591191709845 0.112962962963 0.0134715025907 0.0296296296296
0 0.60932642487 0.105555555556 0.0103626943005 0.0222222222222
0 0.629533678756 0.12962962963 0.0155440414508 0.0259259259259
0 0.654404145078 0.112962962963 0.0113989637306 0.0296296296296
0 0.664766839378 0.130555555556 0.0176165803109 0.0314814814815
0 0.689637305699 0.124074074074 0.0155440414508 0.0259259259259
0 0.70932642487 0.119444444444 0.0113989637306 0.0277777777778
0 0.574093264249 0.239814814815 0.020725388601 0.0462962962963
0 0.617616580311 0.241666666667 0.0269430051813 0.0574074074074
0 0.630051813472 0.212962962963 0.0269430051813 0.0444444444444
0 0.645595854922 0.302777777778 0.0290155440415 0.0574074074074
0 0.690155440415 0.35462962963 0.0331606217617 0.0574074074074
0 0.740932642487 0.262037037037 0.0310880829016 0.0574074074074
0 0.747668393782 0.232407407407 0.0217616580311 0.0462962962963
0 0.760103626943 0.199074074074 0.0176165803109 0.0351851851852
0 0.739896373057 0.175925925926 0.020725388601 0.037037037037
0 0.723834196891 0.153703703704 0.0155440414508 0.037037037037
0 0.712953367876 0.156481481481 0.0165803108808 0.0314814814815
0 0.709844559585 0.189814814815 0.0186528497409 0.0388888888889
0 0.749222797927 0.140740740741 0.0145077720207 0.0296296296296
0 0.762694300518 0.165740740741 0.0165803108808 0.0314814814815
0 0.784974093264 0.130555555556 0.0155440414508 0.0277777777778
0 0.79896373057 0.15462962963 0.0145077720207 0.0277777777778
0 0.779792746114 0.190740740741 0.019689119171 0.037037037037
0 0.79481865285 0.211111111111 0.0186528497409 0.037037037037
0 0.841450777202 0.233333333333 0.020725388601 0.0407407407407
0 0.828497409326 0.272222222222 0.0238341968912 0.0592592592593
0 0.858031088083 0.303703703704 0.0290155440415 0.0518518518519
0 0.860621761658 0.268518518519 0.0259067357513 0.0481481481481
0 0.89481865285 0.24537037037 0.0176165803109 0.0351851851852
0 0.863212435233 0.194444444444 0.0165803108808 0.0333333333333
0 0.829533678756 0.189814814815 0.0176165803109 0.0351851851852
0 0.841450777202 0.15462962963 0.0165803108808 0.0314814814815
0 0.878238341969 0.178703703704 0.0134715025907 0.0314814814815
0 0.898445595855 0.207407407407 0.0145077720207 0.037037037037
0 0.937305699482 0.323148148148 0.0259067357513 0.0574074074074
0 0.946113989637 0.224074074074 0.0165803108808 0.037037037037
0 0.951813471503 0.198148148148 0.0155440414508 0.037037037037
0 0.940414507772 0.165740740741 0.0134715025907 0.0277777777778
