0 0.164355628059 0.469460227273 0.0448613376835 0.0923295454545
0 0.23735725938 0.34375 0.0179445350734 0.0369318181818
0 0.266721044046 0.3515625 0.021207177814 0.046875
0 0.295269168026 0.368607954545 0.0244698205546 0.046875
0 0.290375203915 0.309659090909 0.0195758564437 0.0397727272727
0 0.338907014682 0.377130681818 0.0236541598695 0.0497159090909
0 0.358482871126 0.296164772727 0.0154975530179 0.0326704545455
0 0.375611745514 0.325994318182 0.0138662316476 0.0383522727273
0 0.387438825449 0.340909090909 0.0179445350734 0.0340909090909
0 0.412316476346 0.340198863636 0.0203915171289 0.0383522727273
0 0.43189233279 0.3515625 0.0187601957586 0.046875
0 0.414355628059 0.299715909091 0.0163132137031 0.0369318181818
0 0.404159869494 0.282670454545 0.0138662316476 0.03125
0 0.399673735726 0.2578125 0.0146818923328 0.0326704545455
0 0.433115823817 0.283380681818 0.0130505709625 0.0326704545455
0 0.446982055465 0.314630681818 0.021207177814 0.0383522727273
0 0.472267536705 0.306107954545 0.0163132137031 0.0326704545455
0 0.427814029364 0.262784090909 0.0138662316476 0.0227272727273
0 0.47308319739 0.269176136364 0.0163132137031 0.0326704545455
0 0.46044045677 0.252130681818 0.0154975530179 0.0269886363636
0 0.470636215334 0.242897727273 0.0146818923328 0.0255681818182
0 0.503262642741 0.260653409091 0.0146818923328 0.0298295454545
0 0.516721044046 0.276988636364 0.0171288743883 0.0284090909091
0 0.520391517129 0.252130681818 0.0146818923328 0.0269886363636
0 0.538743882545 0.252130681818 0.0171288743883 0.0326704545455
0 0.549755301794 0.276988636364 0.0163132137031 0.0340909090909
0 0.567292006525 0.2578125 0.0187601957586 0.0355113636364
0 0.55383360522 0.227982954545 0.0146818923328 0.0269886363636
0 0.573001631321 0.227272727273 0.0138662316476 0.0255681818182
0 0.601957585644 0.225852272727 0.0130505709625 0.0255681818182
0 0.603181076672 0.254261363636 0.0171288743883 0.0284090909091
0 0.613784665579 0.207386363636 0.0122349102773 0.0284090909091
0 0.626835236542 0.216619318182 0.0122349102773 0.0269886363636
0 0.646818923328 0.251420454545 0.0146818923328 0.0284090909091
0 0.65823817292 0.220170454545 0.0114192495922 0.0255681818182
0 0.674143556281 0.233664772727 0.0138662316476 0.0269886363636
0 0.688417618271 0.232954545455 0.0130505709625 0.03125
0 0.524061990212 0.313210227273 0.0203915171289 0.0411931818182
0 0.50163132137 0.371448863636 0.0293637846656 0.0610795454545
0 0.547308319739 0.405539772727 0.026101141925 0.0525568181818
0 0.541598694943 0.375710227273 0.0293637846656 0.0411931818182
0 0.599918433931 0.326704545455 0.0252854812398 0.0482954545455
0 0.581566068515 0.421164772727 0.0244698205546 0.046875
0 0.615823817292 0.433238636364 0.0309951060359 0.0710227272727
0 0.664355628059 0.456676136364 0.031810766721 0.0724431818182
0 0.666394779772 0.367897727273 0.0277324632953 0.0539772727273
0 0.646818923328 0.342329545455 0.0195758564437 0.0511363636364
0 0.637030995106 0.311079545455 0.021207177814 0.0426136363636
0 0.68352365416 0.268465909091 0.0130505709625 0.03125
0 0.704323001631 0.262784090909 0.0154975530179 0.0340909090909
0 0.716150081566 0.287642045455 0.0163132137031 0.0383522727273
0 0.739396411093 0.252840909091 0.0122349102773 0.03125
0 0.74836867863 0.270596590909 0.0187601957586 0.0326704545455
0 0.744290375204 0.224431818182 0.0138662316476 0.03125
0 0.778140293638 0.238636363636 0.0146818923328 0.0369318181818
0 0.766313213703 0.285511363636 0.0122349102773 0.03125
0 0.809951060359 0.250710227273 0.0146818923328 0.0326704545455
0 0.811582381729 0.307528409091 0.0179445350734 0.0383522727273
0 0.822593800979 0.340909090909 0.0171288743883 0.0397727272727
0 0.808319738989 0.370738636364 0.0244698205546 0.0482954545455
0 0.783442088091 0.414772727273 0.0285481239804 0.0596590909091
0 0.741843393148 0.404829545455 0.0269168026101 0.0482954545455
0 0.689233278956 0.348011363636 0.0228384991843 0.0482954545455
0 0.711663947798 0.501420454545 0.036704730832 0.0795454545455
0 0.834013050571 0.512073863636 0.0350734094617 0.078125
0 0.848287112561 0.46875 0.0309951060359 0.0568181818182
0 0.863376835237 0.414772727273 0.0252854812398 0.0596590909091
0 0.873572593801 0.3515625 0.021207177814 0.0383522727273
0 0.842985318108 0.308238636364 0.0171288743883 0.0340909090909
0 0.8544045677 0.286931818182 0.0138662316476 0.0340909090909
0 0.859298531811 0.265625 0.0154975530179 0.0284090909091
0 0.840538336052 0.258522727273 0.0154975530179 0.0340909090909
0 0.872756933116 0.259232954545 0.0130505709625 0.0326704545455
0 0.897634584013 0.292613636364 0.0138662316476 0.0397727272727
0 0.883360522023 0.321732954545 0.0195758564437 0.0411931818182
0 0.90660685155 0.471590909091 0.0285481239804 0.0681818181818
0 0.916802610114 0.399857954545 0.0244698205546 0.0525568181818
0 0.926998368679 0.358664772727 0.0203915171289 0.046875
0 0.922920065253 0.328835227273 0.0171288743883 0.0355113636364
0 0.933115823817 0.316761363636 0.0146818923328 0.0369318181818
0 0.93352365416 0.286221590909 0.0138662316476 0.0298295454545
