0 0.102913533835 0.484949832776 0.0498120300752 0.0969899665552
0 0.242481203008 0.236622073579 0.0206766917293 0.0384615384615
0 0.324248120301 0.251672240803 0.0131578947368 0.0317725752508
0 0.38204887218 0.271739130435 0.0216165413534 0.0351170568562
0 0.366541353383 0.254180602007 0.015037593985 0.0301003344482
0 0.329887218045 0.226588628763 0.0131578947368 0.0250836120401
0 0.313909774436 0.235785953177 0.0131578947368 0.0301003344482
0 0.365131578947 0.189799331104 0.0140977443609 0.0250836120401
0 0.387218045113 0.193143812709 0.0131578947368 0.0284280936455
0 0.402255639098 0.218227424749 0.0206766917293 0.0284280936455
0 0.375 0.224080267559 0.0131578947368 0.0301003344482
0 0.410244360902 0.185618729097 0.0140977443609 0.0334448160535
0 0.451127819549 0.188963210702 0.0112781954887 0.0301003344482
0 0.475563909774 0.201505016722 0.015037593985 0.0250836120401
0 0.470864661654 0.239130434783 0.0187969924812 0.0367892976589
0 0.529135338346 0.207357859532 0.0206766917293 0.0367892976589
0 0.512687969925 0.190635451505 0.0122180451128 0.0301003344482
0 0.49765037594 0.163879598662 0.0140977443609 0.0301003344482
0 0.523026315789 0.169732441472 0.0140977443609 0.0284280936455
0 0.549342105263 0.16220735786 0.0140977443609 0.0367892976589
0 0.578007518797 0.163879598662 0.0169172932331 0.0334448160535
0 0.574248120301 0.121237458194 0.0131578947368 0.0317725752508
0 0.581766917293 0.142140468227 0.015037593985 0.0301003344482
0 0.590695488722 0.124581939799 0.0122180451128 0.0317725752508
0 0.619360902256 0.149665551839 0.0131578947368 0.0250836120401
0 0.460056390977 0.227424749164 0.0178571428571 0.0334448160535
0 0.484022556391 0.339464882943 0.0263157894737 0.0501672240803
0 0.556390977444 0.310200668896 0.0244360902256 0.061872909699
0 0.600563909774 0.32525083612 0.0281954887218 0.0551839464883
0 0.594454887218 0.268394648829 0.0234962406015 0.0484949832776
0 0.634398496241 0.209030100334 0.0169172932331 0.0401337792642
0 0.654135338346 0.19397993311 0.015037593985 0.0367892976589
0 0.666823308271 0.219063545151 0.0197368421053 0.0434782608696
0 0.679511278195 0.257525083612 0.0206766917293 0.0501672240803
0 0.718984962406 0.284280936455 0.0225563909774 0.0468227424749
0 0.719454887218 0.219063545151 0.0178571428571 0.0401337792642
0 0.703947368421 0.190635451505 0.0187969924812 0.0401337792642
0 0.698308270677 0.159698996656 0.0131578947368 0.0284280936455
0 0.711466165414 0.147993311037 0.0112781954887 0.0317725752508
0 0.729793233083 0.163043478261 0.015977443609 0.0351170568562
0 0.74765037594 0.152173913043 0.0140977443609 0.0334448160535
0 0.738251879699 0.123745819398 0.0140977443609 0.0334448160535
0 0.774436090226 0.127926421405 0.0131578947368 0.0250836120401
0 0.768796992481 0.158862876254 0.0169172932331 0.0367892976589
0 0.78712406015 0.184782608696 0.0178571428571 0.0351170568562
0 0.742011278195 0.188963210702 0.0140977443609 0.0301003344482
0 0.765977443609 0.226588628763 0.0206766917293 0.0451505016722
0 0.782894736842 0.283444816054 0.0244360902256 0.0484949832776
0 0.842105263158 0.326923076923 0.0244360902256 0.0585284280936
0 0.866071428571 0.266722408027 0.0216165413534 0.0551839464883
0 0.914003759398 0.274247491639 0.0178571428571 0.0401337792642
0 0.923402255639 0.232441471572 0.0178571428571 0.0468227424749
0 0.887687969925 0.201505016722 0.015977443609 0.0351170568562
0 0.894736842105 0.169732441472 0.015037593985 0.0351170568562
0 0.855263157895 0.16889632107 0.015037593985 0.0301003344482
0 0.845864661654 0.183946488294 0.015037593985 0.0334448160535
0 0.837406015038 0.223244147157 0.0169172932331 0.0351170568562
0 0.809680451128 0.15635451505 0.015977443609 0.0384615384615
0 0.789003759398 0.14381270903 0.0140977443609 0.0301003344482
0 0.834116541353 0.132107023411 0.0140977443609 0.0334448160535
0 0.970864661654 0.332775919732 0.0357142857143 0.0836120401338
