0 0.488809766022 0.19384057971 0.0274669379451 0.0507246376812
0 0.532044760936 0.195652173913 0.0183112919634 0.0398550724638
0 0.626144455748 0.189311594203 0.0213631739573 0.0380434782609
0 0.66480162767 0.18115942029 0.0193285859613 0.0326086956522
0 0.687690742625 0.146739130435 0.0183112919634 0.0326086956522
0 0.674465920651 0.209239130435 0.0203458799593 0.0416666666667
0 0.752288911495 0.198369565217 0.0213631739573 0.0380434782609
0 0.689216683622 0.242753623188 0.0274669379451 0.0398550724638
0 0.725330620549 0.276268115942 0.0223804679552 0.0525362318841
0 0.788911495422 0.23731884058 0.0213631739573 0.054347826087
0 0.766022380468 0.344202898551 0.0264496439471 0.0688405797101
0 0.812309257375 0.365942028986 0.0356052899288 0.0688405797101
0 0.829603255341 0.240036231884 0.0274669379451 0.0452898550725
0 0.896236012208 0.288043478261 0.0366225839268 0.0797101449275
0 0.914547304171 0.370471014493 0.0325534079349 0.0670289855072
