0 0.0767700875099 0.508522727273 0.0389817024662 0.0965909090909
0 0.286793953858 0.256392045455 0.0167064439141 0.0383522727273
0 0.301909307876 0.246448863636 0.0182975338107 0.0355113636364
0 0.319411296738 0.252130681818 0.0167064439141 0.0383522727273
0 0.331742243437 0.262784090909 0.0206841686555 0.0454545454545
0 0.338106603023 0.215909090909 0.0190930787589 0.0397727272727
0 0.37430389817 0.262073863636 0.0230708035004 0.0497159090909
0 0.399761336516 0.239346590909 0.0214797136038 0.046875
0 0.417263325378 0.262784090909 0.024661893397 0.0568181818182
0 0.449085123309 0.227272727273 0.0214797136038 0.0397727272727
0 0.431185361973 0.223721590909 0.0190930787589 0.0440340909091
0 0.468575974543 0.223721590909 0.0190930787589 0.046875
0 0.406523468576 0.191761363636 0.0190930787589 0.0369318181818
0 0.424423229912 0.175426136364 0.0167064439141 0.0355113636364
0 0.429196499602 0.156960227273 0.0167064439141 0.0298295454545
0 0.446698488465 0.149147727273 0.0167064439141 0.03125
0 0.464598249801 0.1640625 0.0159108989658 0.0326704545455
0 0.480906921241 0.193892045455 0.0167064439141 0.0326704545455
0 0.511933174224 0.181818181818 0.0167064439141 0.0369318181818
0 0.535003977725 0.194602272727 0.0167064439141 0.03125
0 0.536992840095 0.161221590909 0.0143198090692 0.0355113636364
0 0.496817820207 0.126420454545 0.0103420843278 0.0284090909091
0 0.508353221957 0.141335227273 0.0143198090692 0.0355113636364
0 0.530230708035 0.130681818182 0.0151153540175 0.0284090909091
0 0.552108194113 0.137073863636 0.0190930787589 0.0326704545455
0 0.578758949881 0.146306818182 0.0182975338107 0.0397727272727
0 0.595863166269 0.160511363636 0.0159108989658 0.0397727272727
0 0.603420843278 0.142045454545 0.0151153540175 0.0369318181818
0 0.589498806683 0.105113636364 0.0111376292761 0.0255681818182
0 0.608989657916 0.1015625 0.0119331742243 0.0213068181818
0 0.616945107399 0.128551136364 0.0151153540175 0.0241477272727
0 0.640413683373 0.115767045455 0.0175019888624 0.0355113636364
0 0.669053301512 0.115767045455 0.0143198090692 0.0326704545455
0 0.498408910103 0.294744318182 0.0310262529833 0.0553977272727
0 0.544550517104 0.302556818182 0.0294351630867 0.0568181818182
0 0.57677008751 0.239346590909 0.0222752585521 0.046875
0 0.610580747812 0.209517045455 0.0198886237072 0.0411931818182
0 0.635640413683 0.240056818182 0.0222752585521 0.0482954545455
0 0.654335719968 0.254261363636 0.0230708035004 0.0511363636364
0 0.649960222753 0.206676136364 0.0254574383453 0.046875
0 0.651551312649 0.165482954545 0.0159108989658 0.0355113636364
0 0.684964200477 0.159801136364 0.0175019888624 0.0383522727273
0 0.696499602228 0.178267045455 0.0182975338107 0.0411931818182
0 0.715990453461 0.146306818182 0.0175019888624 0.0397727272727
0 0.684964200477 0.306107954545 0.0334128878282 0.0667613636364
0 0.705250596659 0.230113636364 0.0230708035004 0.0482954545455
0 0.727525855211 0.263494318182 0.0230708035004 0.0582386363636
0 0.747016706444 0.240056818182 0.0222752585521 0.0539772727273
0 0.772871917263 0.323863636364 0.0294351630867 0.0795454545455
0 0.736276849642 0.186079545455 0.0198886237072 0.0454545454545
0 0.74661893397 0.141335227273 0.0167064439141 0.0355113636364
0 0.760540970565 0.176846590909 0.0159108989658 0.0326704545455
0 0.766905330151 0.118607954545 0.0159108989658 0.0355113636364
0 0.782816229117 0.142045454545 0.0159108989658 0.0369318181818
0 0.793953858393 0.127130681818 0.0159108989658 0.0383522727273
0 0.801909307876 0.174715909091 0.0190930787589 0.0369318181818
0 0.784805091488 0.192471590909 0.0198886237072 0.0440340909091
0 0.81861575179 0.15625 0.0143198090692 0.0397727272727
0 0.843675417661 0.174715909091 0.0151153540175 0.0369318181818
0 0.86754176611 0.141335227273 0.0167064439141 0.0411931818182
0 0.836117740652 0.154829545455 0.0111376292761 0.0255681818182
0 0.838106603023 0.203835227273 0.0167064439141 0.0411931818182
0 0.806284805091 0.229403409091 0.0262529832936 0.0553977272727
0 0.799920445505 0.266335227273 0.0278440731901 0.0582386363636
0 0.853221957041 0.306107954545 0.0294351630867 0.0610795454545
0 0.861972951472 0.251420454545 0.0230708035004 0.0482954545455
0 0.877486077963 0.213778409091 0.0190930787589 0.0440340909091
0 0.885043754972 0.183948863636 0.0182975338107 0.0411931818182
0 0.90214797136 0.25 0.0222752585521 0.0511363636364
