0 0.166513761468 0.465719063545 0.0596330275229 0.115384615385
0 0.340825688073 0.214882943144 0.0192660550459 0.0451505016722
0 0.349082568807 0.189799331104 0.0174311926606 0.0317725752508
0 0.343119266055 0.178093645485 0.0165137614679 0.0351170568562
0 0.414678899083 0.197324414716 0.0201834862385 0.0434782608696
0 0.447706422018 0.210702341137 0.0220183486239 0.0434782608696
0 0.484862385321 0.213210702341 0.0192660550459 0.0451505016722
0 0.480733944954 0.165551839465 0.0201834862385 0.0401337792642
0 0.451834862385 0.171404682274 0.0174311926606 0.0351170568562
0 0.452293577982 0.140468227425 0.0165137614679 0.0367892976589
0 0.427981651376 0.142140468227 0.0155963302752 0.0301003344482
0 0.422935779817 0.171404682274 0.0183486238532 0.0384615384615
0 0.480275229358 0.137123745819 0.0155963302752 0.0267558528428
0 0.507339449541 0.138795986622 0.0146788990826 0.0301003344482
0 0.54128440367 0.179765886288 0.0201834862385 0.0384615384615
0 0.534403669725 0.151337792642 0.0174311926606 0.0384615384615
0 0.516972477064 0.124581939799 0.0137614678899 0.0250836120401
0 0.499541284404 0.111204013378 0.0155963302752 0.0217391304348
0 0.529816513761 0.112040133779 0.0137614678899 0.0334448160535
0 0.544036697248 0.120401337793 0.0128440366972 0.0234113712375
0 0.56376146789 0.148829431438 0.0174311926606 0.0367892976589
0 0.588073394495 0.158862876254 0.0183486238532 0.0367892976589
0 0.601834862385 0.136287625418 0.0146788990826 0.0351170568562
0 0.589908256881 0.101170568562 0.0110091743119 0.0250836120401
0 0.606422018349 0.107859531773 0.0128440366972 0.0284280936455
0 0.605504587156 0.0903010033445 0.0128440366972 0.0234113712375
0 0.617431192661 0.104515050167 0.0146788990826 0.0284280936455
0 0.623853211009 0.140468227425 0.0183486238532 0.0367892976589
0 0.637155963303 0.0903010033445 0.0137614678899 0.0301003344482
0 0.660091743119 0.0961538461538 0.0155963302752 0.0351170568562
0 0.655504587156 0.127926421405 0.0155963302752 0.0351170568562
0 0.679357798165 0.113712374582 0.0100917431193 0.0234113712375
0 0.689449541284 0.113712374582 0.0155963302752 0.0367892976589
0 0.70871559633 0.115384615385 0.0119266055046 0.0301003344482
0 0.62247706422 0.188963210702 0.0211009174312 0.0501672240803
0 0.577064220183 0.240802675585 0.0220183486239 0.0501672240803
0 0.554587155963 0.283444816054 0.0302752293578 0.0685618729097
0 0.523394495413 0.265886287625 0.0321100917431 0.0602006688963
0 0.606880733945 0.298494983278 0.0357798165138 0.0785953177258
0 0.628899082569 0.239130434783 0.0247706422018 0.0535117056856
0 0.672018348624 0.244147157191 0.0266055045872 0.0468227424749
0 0.669724770642 0.204849498328 0.0201834862385 0.0451505016722
0 0.66880733945 0.17474916388 0.0183486238532 0.0418060200669
0 0.682110091743 0.323578595318 0.0412844036697 0.0852842809365
0 0.761467889908 0.333612040134 0.0366972477064 0.0785953177258
0 0.700917431193 0.195652173913 0.0220183486239 0.0434782608696
0 0.720642201835 0.222408026756 0.0266055045872 0.0501672240803
0 0.710091743119 0.153846153846 0.0183486238532 0.0334448160535
0 0.725229357798 0.124581939799 0.0174311926606 0.0351170568562
0 0.747247706422 0.163043478261 0.0155963302752 0.0384615384615
0 0.757339449541 0.135451505017 0.0192660550459 0.0367892976589
0 0.757339449541 0.109531772575 0.0155963302752 0.0284280936455
0 0.770642201835 0.109531772575 0.0110091743119 0.0317725752508
0 0.778899082569 0.128762541806 0.0146788990826 0.0334448160535
0 0.775688073394 0.17474916388 0.0174311926606 0.0418060200669
0 0.790825688073 0.202341137124 0.0220183486239 0.0434782608696
0 0.773853211009 0.275919732441 0.0284403669725 0.066889632107
0 0.836697247706 0.350334448161 0.0348623853211 0.0785953177258
0 0.811009174312 0.265050167224 0.0256880733945 0.0585284280936
0 0.813302752294 0.158026755853 0.0155963302752 0.0317725752508
0 0.816055045872 0.192307692308 0.0174311926606 0.0434782608696
0 0.840825688073 0.231605351171 0.0247706422018 0.0518394648829
0 0.855504587156 0.29347826087 0.0229357798165 0.0585284280936
0 0.864220183486 0.27508361204 0.0183486238532 0.0518394648829
0 0.852293577982 0.177257525084 0.0165137614679 0.0434782608696
0 0.833944954128 0.166387959866 0.0165137614679 0.0451505016722
0 0.841743119266 0.145484949833 0.0155963302752 0.0334448160535
0 0.870642201835 0.170568561873 0.0146788990826 0.0367892976589
0 0.877064220183 0.144648829431 0.0146788990826 0.0351170568562
0 0.889908256881 0.146321070234 0.0128440366972 0.0351170568562
0 0.892201834862 0.190635451505 0.0174311926606 0.0434782608696
0 0.884862385321 0.221571906355 0.0174311926606 0.0551839464883
0 0.903211009174 0.177257525084 0.0137614678899 0.0367892976589
0 0.911009174312 0.163043478261 0.0146788990826 0.0384615384615
0 0.916972477064 0.33110367893 0.0247706422018 0.0735785953177
0 0.930275229358 0.299331103679 0.0256880733945 0.0535117056856
0 0.930733944954 0.241638795987 0.0192660550459 0.0518394648829
0 0.949541284404 0.201505016722 0.0146788990826 0.0384615384615
0 0.944495412844 0.16220735786 0.0192660550459 0.0401337792642
