0 0.38231981982 0.224032586558 0.0213963963964 0.0488798370672
0 0.435247747748 0.218940936864 0.0213963963964 0.0427698574338
0 0.56981981982 0.132382892057 0.0225225225225 0.0448065173116
0 0.578828828829 0.125254582485 0.0157657657658 0.0346232179226
0 0.609797297297 0.131364562118 0.0213963963964 0.0468431771894
0 0.67454954955 0.197556008147 0.0247747747748 0.0570264765784
0 0.721846846847 0.273930753564 0.027027027027 0.0549898167006
0 0.839527027027 0.247454175153 0.0304054054054 0.0753564154786
0 0.875563063063 0.302443991853 0.0304054054054 0.0794297352342
0 0.880067567568 0.255600814664 0.0213963963964 0.0549898167006
0 0.930743243243 0.230142566191 0.0326576576577 0.0733197556008
0 0.953828828829 0.302443991853 0.036036036036 0.091649694501
0 0.912725225225 0.285132382892 0.0213963963964 0.0570264765784
