0 0.0916 0.497803806735 0.052 0.108345534407
0 0.2592 0.229136163982 0.0176 0.0483162518302
0 0.3016 0.215959004392 0.0192 0.0395314787701
0 0.3212 0.190336749634 0.02 0.0409956076135
0 0.3388 0.210102489019 0.0248 0.0453879941435
0 0.3596 0.194729136164 0.0216 0.0439238653001
0 0.3724 0.243045387994 0.0232 0.0439238653001
0 0.4056 0.210102489019 0.0192 0.0336749633968
0 0.3712 0.176427525622 0.0192 0.0307467057101
0 0.4156 0.159590043924 0.0168 0.0322108345534
0 0.4376 0.169106881406 0.0176 0.0366032210835
0 0.4404 0.267935578331 0.0216 0.0497803806735
0 0.4816 0.213762811127 0.0256 0.0468521229868
0 0.4972 0.188872620791 0.0184 0.0409956076135
0 0.5328 0.194729136164 0.0208 0.0409956076135
0 0.4808 0.154465592972 0.0192 0.0366032210835
0 0.4604 0.14934114202 0.0152 0.0351390922401
0 0.4764 0.134699853587 0.0152 0.0263543191801
0 0.5024 0.13616398243 0.0128 0.0292825768668
0 0.536 0.147877013177 0.0192 0.0351390922401
0 0.5616 0.145680819912 0.016 0.0366032210835
0 0.5608 0.11859443631 0.0144 0.0263543191801
0 0.5812 0.128111273792 0.0184 0.0307467057101
0 0.6008 0.109077598829 0.016 0.0307467057101
0 0.61 0.158125915081 0.0152 0.0322108345534
0 0.6236 0.168374816984 0.0168 0.0380673499268
0 0.6192 0.137628111274 0.0176 0.0322108345534
0 0.6396 0.116398243045 0.0168 0.0336749633968
0 0.6492 0.126647144949 0.0168 0.0366032210835
0 0.6568 0.166178623719 0.016 0.0278184480234
0 0.6864 0.145680819912 0.016 0.0336749633968
0 0.6908 0.119326500732 0.0152 0.0307467057101
0 0.7204 0.139092240117 0.0152 0.0322108345534
0 0.5656 0.313323572474 0.0272 0.0585651537335
0 0.6124 0.336749633968 0.0312 0.0556368960469
0 0.618 0.259882869693 0.0264 0.0571010248902
0 0.6628 0.230600292826 0.0248 0.0512445095168
0 0.7212 0.188872620791 0.02 0.0380673499268
0 0.7216 0.237920937042 0.0208 0.0541727672035
0 0.7516 0.204245973646 0.02 0.0395314787701
0 0.7428 0.180819912152 0.0168 0.0336749633968
0 0.76 0.172035139092 0.0144 0.0336749633968
0 0.788 0.153733528551 0.0192 0.0409956076135
0 0.8116 0.175695461201 0.0152 0.0409956076135
0 0.832 0.199121522694 0.016 0.0351390922401
0 0.802 0.225475841874 0.0184 0.0409956076135
0 0.7764 0.198389458272 0.0152 0.0366032210835
0 0.7692 0.249633967789 0.02 0.0424597364568
0 0.6628 0.356515373353 0.0296 0.0629575402635
0 0.7384 0.379209370425 0.0288 0.0644216691069
0 0.788 0.402635431918 0.032 0.0790629575403
0 0.8636 0.453879941435 0.0328 0.0732064421669
0 0.8908 0.378477306003 0.0264 0.0688140556369
0 0.862 0.308931185944 0.0216 0.0468521229868
0 0.8192 0.266471449488 0.0224 0.0556368960469
0 0.8716 0.207174231332 0.0152 0.0395314787701
0 0.8824 0.207906295754 0.016 0.0322108345534
0 0.8964 0.245241581259 0.0168 0.0453879941435
0 0.9072 0.224011713031 0.0144 0.0380673499268
0 0.9136 0.207906295754 0.016 0.0380673499268
0 0.9264 0.305270863836 0.0192 0.0541727672035
0 0.946 0.333821376281 0.0232 0.0556368960469
0 0.9544 0.405563689605 0.0272 0.0732064421669
0 0.9816 0.327964860908 0.0192 0.0439238653001
0 0.9844 0.285505124451 0.0152 0.0409956076135
0 0.9796 0.260614934114 0.0152 0.0380673499268
0 0.9832 0.226939970717 0.0144 0.0292825768668
0 0.9476 0.210834553441 0.02 0.0468521229868
0 0.9428 0.242313323572 0.0152 0.0395314787701
