0 0.0958132045089 0.598615916955 0.0547504025765 0.121107266436
0 0.195249597424 0.301903114187 0.0217391304348 0.0501730103806
0 0.223429951691 0.28892733564 0.0217391304348 0.0519031141869
0 0.264492753623 0.253460207612 0.0201288244767 0.0467128027682
0 0.305152979066 0.225778546713 0.0193236714976 0.0432525951557
0 0.316827697262 0.256920415225 0.0233494363929 0.0501730103806
0 0.348228663446 0.217993079585 0.0185185185185 0.0449826989619
0 0.369967793881 0.270761245675 0.024959742351 0.0501730103806
0 0.359903381643 0.205017301038 0.0193236714976 0.0397923875433
0 0.388486312399 0.19723183391 0.0201288244767 0.0415224913495
0 0.386473429952 0.248269896194 0.0177133655395 0.0432525951557
0 0.437600644122 0.320934256055 0.024959742351 0.0570934256055
0 0.467793880837 0.256055363322 0.0225442834138 0.0588235294118
0 0.424718196457 0.210207612457 0.0217391304348 0.0467128027682
0 0.433172302738 0.175605536332 0.0128824476651 0.0397923875433
0 0.453301127214 0.17214532872 0.0161030595813 0.0328719723183
0 0.489130434783 0.165224913495 0.0185185185185 0.0397923875433
0 0.493961352657 0.210207612457 0.0185185185185 0.0501730103806
0 0.518115942029 0.173875432526 0.0185185185185 0.0467128027682
0 0.549919484702 0.226643598616 0.0193236714976 0.0449826989619
0 0.554750402576 0.170415224913 0.0161030595813 0.0432525951557
0 0.551127214171 0.143598615917 0.0152979066023 0.0346020761246
0 0.576086956522 0.141868512111 0.0136876006441 0.038062283737
0 0.578904991948 0.176470588235 0.0177133655395 0.0449826989619
0 0.57729468599 0.210207612457 0.0144927536232 0.0397923875433
0 0.600644122383 0.198096885813 0.0177133655395 0.0467128027682
0 0.604669887279 0.162629757785 0.0161030595813 0.0346020761246
0 0.59460547504 0.129757785467 0.0152979066023 0.038062283737
0 0.62037037037 0.209342560554 0.0169082125604 0.0484429065744
0 0.628824476651 0.134948096886 0.0161030595813 0.0415224913495
0 0.655797101449 0.185121107266 0.0169082125604 0.038062283737
0 0.653381642512 0.150519031142 0.0152979066023 0.0346020761246
0 0.667471819646 0.132352941176 0.0128824476651 0.0328719723183
0 0.685587761675 0.147058823529 0.0169082125604 0.038062283737
0 0.686795491143 0.175605536332 0.0177133655395 0.0432525951557
0 0.687198067633 0.221453287197 0.0169082125604 0.0484429065744
0 0.67230273752 0.237024221453 0.0193236714976 0.0519031141869
0 0.708937198068 0.16955017301 0.0152979066023 0.0449826989619
0 0.615539452496 0.301038062284 0.0281803542673 0.0553633217993
0 0.570450885668 0.351211072664 0.0281803542673 0.0692041522491
0 0.604267310789 0.386678200692 0.0265700483092 0.0640138408304
0 0.659822866345 0.409169550173 0.0297906602254 0.0709342560554
0 0.721417069243 0.42214532872 0.0257648953301 0.0795847750865
0 0.728260869565 0.273356401384 0.0233494363929 0.0553633217993
0 0.75040257649 0.301038062284 0.0193236714976 0.0449826989619
0 0.797906602254 0.467993079585 0.0305958132045 0.0916955017301
0 0.865539452496 0.506920415225 0.0305958132045 0.0865051903114
0 0.886473429952 0.417820069204 0.024154589372 0.0709342560554
0 0.86191626409 0.352076124567 0.0201288244767 0.0536332179931
0 0.812399355878 0.307958477509 0.0225442834138 0.0553633217993
0 0.790257648953 0.275951557093 0.0201288244767 0.0536332179931
0 0.739935587762 0.241349480969 0.0193236714976 0.0467128027682
0 0.748389694042 0.202422145329 0.0169082125604 0.0449826989619
0 0.770531400966 0.192041522491 0.0161030595813 0.0449826989619
0 0.799516908213 0.234429065744 0.0161030595813 0.0363321799308
0 0.820450885668 0.237889273356 0.0193236714976 0.0432525951557
0 0.807971014493 0.199826989619 0.0169082125604 0.0397923875433
0 0.842592592593 0.220588235294 0.0152979066023 0.0363321799308
0 0.867954911433 0.241349480969 0.0128824476651 0.0397923875433
0 0.87922705314 0.240484429066 0.0128824476651 0.0449826989619
0 0.898550724638 0.237024221453 0.0161030595813 0.0415224913495
0 0.898550724638 0.268166089965 0.0144927536232 0.0449826989619
0 0.884460547504 0.299307958478 0.0185185185185 0.0519031141869
0 0.921095008052 0.348615916955 0.0193236714976 0.0570934256055
0 0.946054750403 0.395328719723 0.024154589372 0.0709342560554
0 0.950080515298 0.494809688581 0.0225442834138 0.0692041522491
0 0.97423510467 0.379757785467 0.0177133655395 0.060553633218
0 0.973027375201 0.333910034602 0.0152979066023 0.0415224913495
0 0.979066022544 0.265570934256 0.0128824476651 0.0363321799308
0 0.945249597424 0.252595155709 0.0128824476651 0.0415224913495
0 0.929146537842 0.285467128028 0.0161030595813 0.0519031141869
