0 0.149719775821 0.273361227336 0.0192153722978 0.0418410041841
0 0.208166533227 0.479079497908 0.0416333066453 0.0767085076709
0 0.341473178543 0.228730822873 0.0184147317854 0.0334728033473
0 0.378302642114 0.23779637378 0.0232185748599 0.0404463040446
0 0.405524419536 0.232914923291 0.0200160128102 0.0418410041841
0 0.411929543635 0.200139470014 0.0216172938351 0.0376569037657
0 0.446357085669 0.223152022315 0.0200160128102 0.0418410041841
0 0.497598078463 0.192468619247 0.0248198558847 0.044630404463
0 0.571657325861 0.253138075314 0.0272217774219 0.0543933054393
0 0.662930344275 0.225941422594 0.0192153722978 0.044630404463
0 0.715772618094 0.232914923291 0.0256204963971 0.0502092050209
0 0.708566853483 0.117852161785 0.017614091273 0.0432357043236
0 0.599679743795 0.107391910739 0.0112089671737 0.0251046025105
0 0.766613290633 0.115760111576 0.0184147317854 0.0362622036262
0 0.788630904724 0.292189679219 0.0256204963971 0.0516039051604
0 0.827461969576 0.377963737796 0.0328262610088 0.0697350069735
0 0.905524419536 0.392608089261 0.0304243394716 0.0767085076709
0 0.918334667734 0.3410041841 0.0256204963971 0.0627615062762
0 0.891112890312 0.311018131102 0.0256204963971 0.0641562064156
0 0.931144915933 0.235006973501 0.0240192153723 0.0488145048815
0 0.916733386709 0.297071129707 0.0256204963971 0.0613668061367
0 0.881505204163 0.225941422594 0.0208166533227 0.044630404463
0 0.837870296237 0.196652719665 0.0184147317854 0.044630404463
0 0.862690152122 0.159693165969 0.013610888711 0.0264993026499
0 0.902321857486 0.182705718271 0.0160128102482 0.0334728033473
