0 0.203096539162 0.495207667732 0.0491803278689 0.108626198083
0 0.283242258652 0.485623003195 0.0528233151184 0.102236421725
0 0.309653916211 0.231629392971 0.0200364298725 0.038338658147
0 0.335610200364 0.188498402556 0.0209471766849 0.0479233226837
0 0.43306010929 0.172523961661 0.0173041894353 0.0319488817891
0 0.437613843352 0.142971246006 0.011839708561 0.0239616613419
0 0.492258652095 0.156549520767 0.0136612021858 0.0319488817891
0 0.514116575592 0.161341853035 0.0173041894353 0.0287539936102
0 0.536885245902 0.163738019169 0.0154826958106 0.0303514376997
0 0.569216757741 0.163738019169 0.016393442623 0.0303514376997
0 0.733151183971 0.125399361022 0.016393442623 0.0271565495208
0 0.50364298725 0.082268370607 0.0109289617486 0.0239616613419
