0 0.346 0.23374340949 0.018 0.0351493848858
0 0.3825 0.256590509666 0.019 0.0386643233743
0 0.424 0.162565905097 0.018 0.0333919156415
0 0.4795 0.137082601054 0.015 0.0316344463972
0 0.5055 0.163444639719 0.017 0.0351493848858
0 0.5055 0.195079086116 0.021 0.0351493848858
0 0.5655 0.191564147627 0.019 0.0386643233743
0 0.8765 0.190685413005 0.023 0.0474516695958
0 0.9255 0.191564147627 0.017 0.0386643233743
0 0.938 0.247803163445 0.016 0.0456942003515
0 0.953 0.21704745167 0.016 0.0369068541301
