0 0.103389830508 0.559370529328 0.0423728813559 0.071530758226
0 0.236440677966 0.338340486409 0.0186440677966 0.0386266094421
0 0.266525423729 0.344778254649 0.021186440678 0.0457796852647
0 0.28686440678 0.371959942775 0.0177966101695 0.0400572246066
0 0.295762711864 0.30686695279 0.0169491525424 0.035765379113
0 0.343644067797 0.356938483548 0.0279661016949 0.0472103004292
0 0.363559322034 0.330472103004 0.0186440677966 0.0343347639485
0 0.363983050847 0.29756795422 0.0161016949153 0.0286123032904
0 0.394915254237 0.333333333333 0.0203389830508 0.0371959942775
0 0.402966101695 0.261802575107 0.0177966101695 0.0343347639485
0 0.41906779661 0.295422031474 0.0194915254237 0.035765379113
0 0.424152542373 0.327610872675 0.021186440678 0.0400572246066
0 0.43686440678 0.296137339056 0.014406779661 0.0257510729614
0 0.439406779661 0.257510729614 0.0194915254237 0.0286123032904
0 0.458050847458 0.323319027182 0.0228813559322 0.0400572246066
0 0.489406779661 0.30686695279 0.021186440678 0.032904148784
0 0.521186440678 0.315450643777 0.0203389830508 0.035765379113
0 0.485593220339 0.261087267525 0.0169491525424 0.0300429184549
0 0.482203389831 0.240343347639 0.0152542372881 0.0286123032904
0 0.523305084746 0.261802575107 0.0161016949153 0.0314735336195
0 0.537288135593 0.27539341917 0.0169491525424 0.035765379113
0 0.494491525424 0.401287553648 0.0296610169492 0.0615164520744
0 0.537711864407 0.248211731044 0.014406779661 0.0271816881259
0 0.557627118644 0.251788268956 0.0152542372881 0.0314735336195
0 0.572457627119 0.279685264664 0.0161016949153 0.0271816881259
0 0.599152542373 0.264663805436 0.0186440677966 0.0343347639485
0 0.602542372881 0.236051502146 0.0135593220339 0.0257510729614
0 0.572033898305 0.226037195994 0.0152542372881 0.0257510729614
0 0.58813559322 0.218168812589 0.0135593220339 0.0243204577969
0 0.623305084746 0.221030042918 0.014406779661 0.0271816881259
0 0.618644067797 0.206723891273 0.0152542372881 0.0243204577969
0 0.622457627119 0.24678111588 0.0110169491525 0.0271816881259
0 0.646610169492 0.214592274678 0.0152542372881 0.0314735336195
0 0.658898305085 0.218168812589 0.014406779661 0.0300429184549
0 0.66186440678 0.246065808298 0.0152542372881 0.0314735336195
0 0.693644067797 0.228183118741 0.0127118644068 0.0271816881259
0 0.691101694915 0.206008583691 0.0127118644068 0.0257510729614
0 0.704661016949 0.225321888412 0.0127118644068 0.032904148784
0 0.554237288136 0.355507868383 0.0271186440678 0.0500715307582
0 0.564406779661 0.409155937053 0.0423728813559 0.0629470672389
0 0.599152542373 0.412017167382 0.0254237288136 0.0515021459227
0 0.622881355932 0.326180257511 0.0254237288136 0.0486409155937
0 0.655508474576 0.301144492132 0.0228813559322 0.0414878397711
0 0.692372881356 0.278254649499 0.0186440677966 0.0386266094421
0 0.718220338983 0.299713876967 0.0194915254237 0.0386266094421
0 0.728813559322 0.29756795422 0.0186440677966 0.0486409155937
0 0.613983050847 0.454220314735 0.0330508474576 0.0529327610873
0 0.654237288136 0.463519313305 0.0338983050847 0.068669527897
0 0.68093220339 0.361230329041 0.0245762711864 0.0500715307582
0 0.66906779661 0.339771101574 0.0194915254237 0.0386266094421
0 0.708898305085 0.361945636624 0.0228813559322 0.0457796852647
0 0.743644067797 0.400572246066 0.0296610169492 0.0486409155937
0 0.725 0.542918454936 0.0347457627119 0.0701001430615
0 0.843220338983 0.507153075823 0.0322033898305 0.0672389127325
0 0.808474576271 0.421316165951 0.028813559322 0.0586552217454
0 0.836440677966 0.361230329041 0.0237288135593 0.0443490701001
0 0.885169491525 0.396995708155 0.0194915254237 0.0557939914163
0 0.870338983051 0.445636623748 0.028813559322 0.0643776824034
0 0.95 0.460658082976 0.0305084745763 0.0772532188841
0 0.938983050847 0.398426323319 0.0203389830508 0.0500715307582
0 0.96186440678 0.351931330472 0.0203389830508 0.0457796852647
0 0.941101694915 0.324034334764 0.0177966101695 0.035765379113
0 0.939830508475 0.298998569385 0.0152542372881 0.0286123032904
0 0.959322033898 0.304721030043 0.0169491525424 0.0343347639485
0 0.967372881356 0.272532188841 0.014406779661 0.032904148784
0 0.922881355932 0.277539341917 0.0152542372881 0.0314735336195
0 0.914406779661 0.316165951359 0.0203389830508 0.0371959942775
0 0.894915254237 0.336194563662 0.0220338983051 0.0429184549356
0 0.864830508475 0.298283261803 0.0194915254237 0.0386266094421
0 0.837711864407 0.299713876967 0.0177966101695 0.0386266094421
0 0.838559322034 0.276108726753 0.014406779661 0.0257510729614
0 0.836016949153 0.246065808298 0.0161016949153 0.0286123032904
0 0.868220338983 0.253934191702 0.014406779661 0.035765379113
0 0.881779661017 0.270386266094 0.0161016949153 0.0400572246066
0 0.798728813559 0.273962804006 0.0177966101695 0.032904148784
0 0.811016949153 0.261802575107 0.0152542372881 0.0286123032904
0 0.804237288136 0.236051502146 0.0169491525424 0.0286123032904
0 0.752966101695 0.250357653791 0.0161016949153 0.0371959942775
0 0.726694915254 0.248211731044 0.014406779661 0.0300429184549
0 0.762288135593 0.239628040057 0.014406779661 0.032904148784
0 0.769491525424 0.233190271817 0.0152542372881 0.0286123032904
