0 0.0318217979316 0.42082111437 0.0238663484487 0.0557184750733
0 0.232696897375 0.343108504399 0.0198886237072 0.0410557184751
0 0.25815433572 0.357038123167 0.0230708035004 0.0513196480938
0 0.285600636436 0.376099706745 0.0206841686555 0.0483870967742
0 0.282020684169 0.315982404692 0.0198886237072 0.0366568914956
0 0.333333333333 0.367302052786 0.0286396181384 0.0630498533724
0 0.37430389817 0.357771260997 0.0198886237072 0.0351906158358
0 0.366746221161 0.33137829912 0.0175019888624 0.0322580645161
0 0.351630867144 0.298387096774 0.0190930787589 0.0395894428152
0 0.400556881464 0.351906158358 0.0230708035004 0.049853372434
0 0.446698488465 0.349706744868 0.024661893397 0.0454545454545
0 0.381861575179 0.266862170088 0.0143198090692 0.0410557184751
0 0.394988066826 0.282991202346 0.0151153540175 0.0351906158358
0 0.404136833731 0.304985337243 0.0159108989658 0.0381231671554
0 0.421241050119 0.289589442815 0.0151153540175 0.0307917888563
0 0.433174224344 0.315982404692 0.0182975338107 0.0366568914956
0 0.461018297534 0.312316715543 0.0167064439141 0.0381231671554
0 0.4184566428 0.267595307918 0.0143198090692 0.0307917888563
0 0.449880668258 0.25073313783 0.0119331742243 0.0351906158358
0 0.461018297534 0.240469208211 0.0119331742243 0.0293255131965
0 0.463007159905 0.266862170088 0.0159108989658 0.0322580645161
0 0.490453460621 0.271260997067 0.0167064439141 0.0351906158358
0 0.503977724741 0.288856304985 0.0182975338107 0.0381231671554
0 0.510739856802 0.324046920821 0.0175019888624 0.0410557184751
0 0.549721559268 0.295454545455 0.0222752585521 0.0425219941349
0 0.525059665871 0.261730205279 0.0159108989658 0.0366568914956
0 0.50676213206 0.24926686217 0.0159108989658 0.0351906158358
0 0.540970564837 0.233137829912 0.0159108989658 0.0293255131965
0 0.559268098648 0.24780058651 0.0159108989658 0.0322580645161
0 0.558870326173 0.228005865103 0.0135242641209 0.0278592375367
0 0.591089896579 0.254398826979 0.0159108989658 0.0395894428152
0 0.591885441527 0.227272727273 0.0143198090692 0.0322580645161
0 0.628480509149 0.255131964809 0.0159108989658 0.0351906158358
0 0.59984089101 0.213343108504 0.0127287191726 0.033724340176
0 0.610978520286 0.221407624633 0.0127287191726 0.0293255131965
0 0.623309466985 0.230205278592 0.0119331742243 0.0293255131965
0 0.64200477327 0.220674486804 0.0127287191726 0.024926686217
0 0.639220365951 0.238269794721 0.0103420843278 0.024926686217
0 0.654733492442 0.233137829912 0.0127287191726 0.0293255131965
0 0.66984884646 0.234604105572 0.0143198090692 0.0322580645161
0 0.490453460621 0.404692082111 0.0326173428799 0.0703812316716
0 0.53261734288 0.41642228739 0.0278440731901 0.0615835777126
0 0.529832935561 0.376099706745 0.0238663484487 0.0483870967742
0 0.583929992045 0.33651026393 0.0238663484487 0.0483870967742
0 0.619729514718 0.313049853372 0.0190930787589 0.0425219941349
0 0.634049323787 0.340175953079 0.0190930787589 0.0469208211144
0 0.598249801114 0.384164222874 0.0254574383453 0.0527859237537
0 0.596658711217 0.442082111437 0.0365950676213 0.0718475073314
0 0.652744630072 0.464076246334 0.0342084327765 0.0689149560117
0 0.64399363564 0.373900293255 0.0262529832936 0.0615835777126
0 0.675815433572 0.359237536657 0.0230708035004 0.058651026393
0 0.656722354813 0.281524926686 0.0167064439141 0.0381231671554
0 0.686555290374 0.258064516129 0.0175019888624 0.0351906158358
0 0.714797136038 0.255131964809 0.0135242641209 0.0322580645161
0 0.705648369133 0.299853372434 0.0190930787589 0.0395894428152
0 0.728719172633 0.277126099707 0.0127287191726 0.0381231671554
0 0.725139220366 0.228739002933 0.0135242641209 0.0293255131965
0 0.747414478918 0.287390029326 0.0167064439141 0.0351906158358
0 0.762132060461 0.235337243402 0.0143198090692 0.033724340176
0 0.789578361177 0.25 0.0151153540175 0.0395894428152
0 0.744232299125 0.258064516129 0.0119331742243 0.0234604105572
0 0.754972155927 0.266862170088 0.0127287191726 0.0351906158358
0 0.722752585521 0.412023460411 0.0262529832936 0.058651026393
0 0.700079554495 0.519794721408 0.0381861575179 0.0865102639296
0 0.813444709626 0.548387096774 0.035799522673 0.0762463343109
0 0.770087509944 0.41715542522 0.0286396181384 0.0571847507331
0 0.791169451074 0.376099706745 0.0262529832936 0.0571847507331
0 0.82537788385 0.456744868035 0.0326173428799 0.0659824046921
0 0.888623707239 0.473607038123 0.0350039777247 0.0733137829912
0 0.889817024662 0.406891495601 0.0230708035004 0.0630498533724
0 0.854813046937 0.366568914956 0.024661893397 0.0527859237537
0 0.833333333333 0.41715542522 0.024661893397 0.0542521994135
0 0.792362768496 0.310850439883 0.0175019888624 0.0381231671554
0 0.822991249006 0.316715542522 0.0167064439141 0.0410557184751
0 0.832935560859 0.292521994135 0.0159108989658 0.033724340176
0 0.820604614161 0.266129032258 0.0135242641209 0.0366568914956
0 0.837708830549 0.270527859238 0.0127287191726 0.0278592375367
0 0.849642004773 0.25293255132 0.0127287191726 0.033724340176
0 0.870326173429 0.295454545455 0.0159108989658 0.0395894428152
0 0.850437549722 0.322580645161 0.0175019888624 0.0410557184751
0 0.902545743835 0.363636363636 0.0167064439141 0.0410557184751
0 0.900556881464 0.33064516129 0.0143198090692 0.033724340176
0 0.910898965792 0.290322580645 0.0127287191726 0.0263929618768
0 0.908910103421 0.321847507331 0.0119331742243 0.033724340176
