0 0.139667705088 0.243042671614 0.0155763239875 0.0371057513915
0 0.307892004154 0.223562152134 0.0176531671859 0.038961038961
0 0.348909657321 0.199443413729 0.018691588785 0.0352504638219
0 0.3748701973 0.209647495362 0.0207684319834 0.0371057513915
0 0.403946002077 0.192022263451 0.018691588785 0.038961038961
0 0.415368639668 0.161410018553 0.0145379023884 0.0296846011132
0 0.427829698858 0.165120593692 0.0166147455867 0.0408163265306
0 0.446002076843 0.168831168831 0.0197300103842 0.0371057513915
0 0.455867082035 0.15120593692 0.0145379023884 0.0278293135436
0 0.478712357217 0.142857142857 0.0145379023884 0.0333951762523
0 0.48805815161 0.136363636364 0.01246105919 0.0315398886827
0 0.502596053998 0.124304267161 0.0145379023884 0.025974025974
0 0.507788161994 0.145640074212 0.01246105919 0.0352504638219
0 0.52544132918 0.139146567718 0.01246105919 0.0333951762523
0 0.523364485981 0.101113172542 0.01246105919 0.0278293135436
0 0.536344755971 0.159554730983 0.0155763239875 0.0296846011132
0 0.527518172378 0.200371057514 0.0145379023884 0.0333951762523
0 0.505711318795 0.221706864564 0.0166147455867 0.0426716141002
0 0.473520249221 0.192022263451 0.018691588785 0.0352504638219
0 0.452232606438 0.230983302412 0.0197300103842 0.038961038961
0 0.439252336449 0.258812615955 0.0249221183801 0.0463821892393
0 0.55036344756 0.167903525046 0.0145379023884 0.038961038961
0 0.553478712357 0.200371057514 0.018691588785 0.0371057513915
0 0.552440290758 0.144712430427 0.0166147455867 0.0222634508349
0 0.561786085151 0.0547309833024 0.01246105919 0.0241187384045
0 0.572689511942 0.125231910946 0.0155763239875 0.0352504638219
0 0.586708203531 0.113172541744 0.01246105919 0.025974025974
0 0.607995846314 0.113172541744 0.0114226375909 0.0296846011132
0 0.579439252336 0.180890538033 0.0166147455867 0.0278293135436
0 0.63811007269 0.12987012987 0.0134994807892 0.0333951762523
0 0.658359293873 0.107606679035 0.01246105919 0.0333951762523
0 0.655763239875 0.137291280148 0.0134994807892 0.0296846011132
0 0.619937694704 0.204081632653 0.018691588785 0.0408163265306
0 0.614226375909 0.277365491651 0.0218068535826 0.0500927643785
0 0.558670820353 0.253246753247 0.0311526479751 0.0649350649351
0 0.682242990654 0.102040816327 0.01246105919 0.0222634508349
0 0.689511941848 0.116883116883 0.01246105919 0.025974025974
0 0.71235721703 0.109461966605 0.01246105919 0.0296846011132
0 0.70041536864 0.173469387755 0.0176531671859 0.0315398886827
0 0.728452751817 0.165120593692 0.0176531671859 0.0333951762523
0 0.768431983385 0.134508348794 0.0145379023884 0.0352504638219
0 0.791277258567 0.138218923933 0.0145379023884 0.0315398886827
0 0.818276220145 0.143784786642 0.018691588785 0.038961038961
0 0.801142263759 0.224489795918 0.0176531671859 0.0445269016698
0 0.754932502596 0.215213358071 0.018691588785 0.0371057513915
0 0.768431983385 0.254174397032 0.0228452751817 0.0519480519481
0 0.718068535826 0.241187384045 0.0218068535826 0.0556586270872
0 0.688473520249 0.269016697588 0.0269989615784 0.0593692022263
0 0.677570093458 0.358070500928 0.0280373831776 0.0705009276438
0 0.730529595016 0.30426716141 0.0259605399792 0.0519480519481
0 0.794392523364 0.310760667904 0.0249221183801 0.0649350649351
0 0.813603322949 0.269016697588 0.0197300103842 0.0482374768089
0 0.760124610592 0.426716141002 0.0311526479751 0.0742115027829
0 0.83696780893 0.371985157699 0.0269989615784 0.0686456400742
0 0.881619937695 0.437847866419 0.0332294911734 0.0927643784787
0 0.840083073728 0.330241187384 0.0290758047767 0.0482374768089
0 0.867082035306 0.288497217069 0.0207684319834 0.0500927643785
0 0.883177570093 0.252319109462 0.0197300103842 0.0445269016698
0 0.921079958463 0.307050092764 0.018691588785 0.0500927643785
0 0.934579439252 0.228200371058 0.0145379023884 0.0296846011132
