0 0.157335907336 0.270114942529 0.0250965250965 0.047619047619
0 0.209459459459 0.380952380952 0.0482625482625 0.0919540229885
0 0.218629343629 0.266830870279 0.0299227799228 0.0541871921182
0 0.294401544402 0.250410509031 0.0212355212355 0.0410509031199
0 0.33638996139 0.278325123153 0.0241312741313 0.0410509031199
0 0.349420849421 0.257799671593 0.023166023166 0.0492610837438
0 0.391409266409 0.1986863711 0.0183397683398 0.0328407224959
0 0.418918918919 0.233169129721 0.019305019305 0.0328407224959
0 0.441602316602 0.231527093596 0.0241312741313 0.0426929392447
0 0.432915057915 0.27750410509 0.0299227799228 0.0525451559934
0 0.434845559846 0.171592775041 0.0202702702703 0.0344827586207
0 0.45028957529 0.192939244663 0.0202702702703 0.0311986863711
0 0.482142857143 0.20197044335 0.0183397683398 0.0426929392447
0 0.478764478764 0.156814449918 0.015444015444 0.0311986863711
0 0.458976833977 0.152709359606 0.0125482625483 0.0229885057471
0 0.509652509653 0.168308702791 0.0173745173745 0.0311986863711
0 0.492277992278 0.135467980296 0.015444015444 0.0213464696223
0 0.529922779923 0.148604269294 0.019305019305 0.0311986863711
0 0.544884169884 0.130541871921 0.0164092664093 0.0311986863711
0 0.566602316602 0.149425287356 0.0173745173745 0.0328407224959
0 0.568532818533 0.115763546798 0.015444015444 0.0246305418719
0 0.590250965251 0.161740558292 0.0144787644788 0.0311986863711
0 0.593629343629 0.129720853859 0.015444015444 0.0328407224959
0 0.603281853282 0.107553366174 0.011583011583 0.0279146141215
0 0.624034749035 0.121510673235 0.0125482625483 0.0229885057471
0 0.626447876448 0.149425287356 0.0135135135135 0.0262725779967
0 0.706081081081 0.106732348112 0.0125482625483 0.0328407224959
0 0.490347490347 0.324302134647 0.027027027027 0.0541871921182
0 0.561776061776 0.304597701149 0.0328185328185 0.064039408867
0 0.581081081081 0.242200328407 0.027027027027 0.0541871921182
0 0.619691119691 0.248768472906 0.0250965250965 0.047619047619
0 0.624517374517 0.316091954023 0.0405405405405 0.064039408867
0 0.633687258687 0.200328407225 0.0279922779923 0.0492610837438
0 0.67277992278 0.259441707718 0.027027027027 0.0459770114943
0 0.693532818533 0.203612479475 0.0222007722008 0.055829228243
0 0.701254826255 0.163382594417 0.0222007722008 0.0377668308703
0 0.719594594595 0.177339901478 0.0183397683398 0.0361247947455
0 0.72972972973 0.213464696223 0.023166023166 0.0426929392447
0 0.732142857143 0.284072249589 0.0260617760618 0.0623973727422
0 0.792953667954 0.317733990148 0.0299227799228 0.0574712643678
0 0.773648648649 0.185550082102 0.0202702702703 0.0394088669951
0 0.77027027027 0.148604269294 0.0212355212355 0.0377668308703
0 0.725868725869 0.13711001642 0.0212355212355 0.0344827586207
0 0.756756756757 0.120689655172 0.019305019305 0.0311986863711
0 0.764478764479 0.115763546798 0.0135135135135 0.0279146141215
0 0.781370656371 0.12315270936 0.0164092664093 0.0361247947455
0 0.81611969112 0.131362889984 0.0164092664093 0.0361247947455
0 0.831081081081 0.131362889984 0.015444015444 0.0295566502463
0 0.816602316602 0.185550082102 0.019305019305 0.0426929392447
0 0.840250965251 0.158456486043 0.0164092664093 0.0344827586207
0 0.865347490347 0.188013136289 0.0183397683398 0.0377668308703
0 0.891891891892 0.227422003284 0.023166023166 0.0443349753695
0 0.922297297297 0.189655172414 0.0202702702703 0.0410509031199
0 0.952702702703 0.188834154351 0.019305019305 0.0459770114943
