0 0.212166172107 0.366956521739 0.0464886251236 0.08
0 0.317012858556 0.233043478261 0.0148367952522 0.0313043478261
0 0.33234421365 0.188695652174 0.0158259149357 0.0295652173913
0 0.360534124629 0.194782608696 0.0148367952522 0.0313043478261
0 0.42037586548 0.200869565217 0.0158259149357 0.0330434782609
0 0.420870425321 0.173913043478 0.0168150346192 0.024347826087
0 0.427794263106 0.152173913043 0.0128585558853 0.0226086956522
0 0.454005934718 0.208695652174 0.0178041543027 0.0313043478261
0 0.489119683482 0.217391304348 0.0207715133531 0.0313043478261
0 0.481206726014 0.188695652174 0.0168150346192 0.0295652173913
0 0.468348170129 0.17652173913 0.0148367952522 0.0260869565217
0 0.458456973294 0.173913043478 0.0128585558853 0.0278260869565
0 0.452522255193 0.158260869565 0.0128585558853 0.0208695652174
0 0.463897131553 0.14347826087 0.0118694362018 0.0191304347826
0 0.498516320475 0.140869565217 0.0118694362018 0.0173913043478
0 0.503461918892 0.124347826087 0.00989119683482 0.0191304347826
0 0.517804154303 0.147826086957 0.0108803165183 0.024347826087
0 0.507912957468 0.160869565217 0.0128585558853 0.0260869565217
0 0.528684470821 0.133913043478 0.0108803165183 0.024347826087
0 0.534619188922 0.149565217391 0.0128585558853 0.0278260869565
0 0.551434223541 0.165217391304 0.0148367952522 0.0278260869565
0 0.541543026706 0.18347826087 0.0168150346192 0.0295652173913
0 0.550445103858 0.125217391304 0.0108803165183 0.0208695652174
0 0.571216617211 0.153043478261 0.0128585558853 0.024347826087
0 0.563303659743 0.160869565217 0.0108803165183 0.0260869565217
0 0.589020771513 0.12 0.0128585558853 0.0278260869565
0 0.612759643917 0.104347826087 0.0128585558853 0.0208695652174
0 0.609792284866 0.13652173913 0.0128585558853 0.0295652173913
0 0.597428288823 0.15652173913 0.0158259149357 0.0278260869565
0 0.587042532146 0.17652173913 0.0168150346192 0.0295652173913
0 0.575173095945 0.247826086957 0.0187932739862 0.0365217391304
0 0.512858555885 0.299130434783 0.0207715133531 0.0382608695652
0 0.599901088032 0.306956521739 0.028684470821 0.0573913043478
0 0.628090999011 0.158260869565 0.0138476755687 0.0313043478261
0 0.643916913947 0.117391304348 0.00989119683482 0.0226086956522
0 0.650346191889 0.107826086957 0.0108803165183 0.0208695652174
0 0.670128585559 0.114782608696 0.0108803165183 0.0278260869565
0 0.673590504451 0.112173913043 0.00989119683482 0.0191304347826
0 0.702274975272 0.117391304348 0.0118694362018 0.0226086956522
0 0.65628090999 0.14347826087 0.0128585558853 0.0260869565217
0 0.673590504451 0.18 0.0158259149357 0.0365217391304
0 0.678536102868 0.210434782609 0.0178041543027 0.0347826086957
0 0.63353115727 0.21652173913 0.0187932739862 0.04
0 0.629574678536 0.265217391304 0.0187932739862 0.0365217391304
0 0.67903066271 0.273913043478 0.0207715133531 0.0365217391304
0 0.677052423343 0.319130434783 0.028684470821 0.0608695652174
0 0.718595450049 0.382608695652 0.0306627101879 0.0626086956522
0 0.834322453017 0.409565217391 0.0346191889219 0.064347826087
0 0.794263105836 0.293913043478 0.0237388724036 0.055652173913
0 0.733432245302 0.217391304348 0.0187932739862 0.0452173913043
0 0.709198813056 0.2 0.0158259149357 0.0347826086957
0 0.711671612265 0.16347826087 0.0148367952522 0.0347826086957
0 0.747774480712 0.172173913043 0.0158259149357 0.0382608695652
0 0.770029673591 0.14347826087 0.0128585558853 0.0295652173913
0 0.766073194857 0.127826086957 0.0148367952522 0.0295652173913
0 0.790306627102 0.138260869565 0.0138476755687 0.0295652173913
0 0.783877349159 0.181739130435 0.0128585558853 0.0330434782609
0 0.800692383778 0.174782608696 0.0128585558853 0.0330434782609
0 0.794757665678 0.213043478261 0.0128585558853 0.0330434782609
0 0.817012858556 0.202608695652 0.0138476755687 0.0330434782609
0 0.837289812067 0.180869565217 0.0128585558853 0.0347826086957
0 0.852126607319 0.155652173913 0.0128585558853 0.0295652173913
0 0.814045499505 0.273043478261 0.0197823936696 0.0382608695652
0 0.85509396637 0.299130434783 0.0187932739862 0.0486956521739
0 0.875370919881 0.27652173913 0.0217606330366 0.0452173913043
0 0.932245301682 0.282608695652 0.0187932739862 0.0330434782609
0 0.907022749753 0.388695652174 0.0276953511375 0.0504347826087
0 0.901582591494 0.430434782609 0.0306627101879 0.0747826086957
0 0.890702274975 0.230434782609 0.0187932739862 0.04
0 0.849159248269 0.218260869565 0.0168150346192 0.04
0 0.861523244313 0.199130434783 0.0158259149357 0.0365217391304
0 0.875865479723 0.186086956522 0.0128585558853 0.0278260869565
0 0.890702274975 0.160869565217 0.0128585558853 0.0260869565217
0 0.907517309594 0.193913043478 0.0128585558853 0.04
0 0.915924826904 0.180869565217 0.0138476755687 0.024347826087
0 0.926805143422 0.17652173913 0.0138476755687 0.0260869565217
0 0.942631058358 0.232173913043 0.0158259149357 0.0365217391304
0 0.947082096934 0.213043478261 0.0148367952522 0.0260869565217
0 0.949554896142 0.19652173913 0.0138476755687 0.0313043478261
