0 0.317958783121 0.234219269103 0.0157016683023 0.0332225913621
0 0.351324828263 0.21926910299 0.0215897939156 0.0398671096346
0 0.356231599607 0.261627906977 0.0255152109912 0.0448504983389
0 0.415603532875 0.272425249169 0.0245338567223 0.0498338870432
0 0.407752698724 0.206810631229 0.0186457311089 0.0348837209302
0 0.447988223749 0.254983388704 0.0245338567223 0.0382059800664
0 0.479391560353 0.162790697674 0.0166830225711 0.0299003322259
0 0.493621197252 0.210132890365 0.0196270853778 0.0382059800664
0 0.534838076546 0.206810631229 0.01766437684 0.0382059800664
0 0.528949950932 0.155315614618 0.0215897939156 0.0348837209302
0 0.567713444553 0.148671096346 0.0186457311089 0.0348837209302
0 0.573110893032 0.183554817276 0.01766437684 0.0382059800664
0 0.598135426889 0.165282392027 0.0245338567223 0.0448504983389
0 0.574582924436 0.294850498339 0.0304219823356 0.0548172757475
0 0.616781157998 0.259136212625 0.0245338567223 0.063122923588
0 0.66781157998 0.317275747508 0.0323846908734 0.0697674418605
0 0.66339548577 0.263289036545 0.0255152109912 0.0481727574751
0 0.662414131501 0.225913621262 0.0215897939156 0.0398671096346
0 0.673699705594 0.176910299003 0.0186457311089 0.0348837209302
0 0.715407262022 0.231727574751 0.0235525024534 0.0481727574751
0 0.736506378803 0.259136212625 0.0264965652601 0.0531561461794
0 0.771835132483 0.235880398671 0.0264965652601 0.0531561461794
0 0.740922473013 0.171926910299 0.0196270853778 0.0382059800664
0 0.768400392542 0.176079734219 0.0215897939156 0.0398671096346
0 0.775760549558 0.133720930233 0.0206084396467 0.0282392026578
0 0.789990186457 0.202657807309 0.0215897939156 0.0431893687708
0 0.815996074583 0.28488372093 0.0304219823356 0.0548172757475
0 0.828753680079 0.245016611296 0.0245338567223 0.0481727574751
0 0.840039254171 0.227574750831 0.0255152109912 0.0398671096346
0 0.822865554465 0.183554817276 0.0186457311089 0.0348837209302
0 0.81894013739 0.150332225914 0.0127576054956 0.0249169435216
0 0.866045142296 0.191029900332 0.0206084396467 0.0398671096346
0 0.887634936212 0.249169435216 0.0225711481845 0.0498338870432
0 0.895976447498 0.228405315615 0.0215897939156 0.0382059800664
0 0.891560353288 0.200166112957 0.0147203140334 0.031561461794
0 0.895485770363 0.133720930233 0.0166830225711 0.0382059800664
0 0.956820412169 0.111295681063 0.0157016683023 0.0332225913621
