0 0.078897338403 0.39552238806 0.0304182509506 0.0679933665008
0 0.379752851711 0.185737976783 0.0142585551331 0.0265339966833
0 0.402091254753 0.256218905473 0.0133079847909 0.0315091210614
0 0.425380228137 0.15671641791 0.0123574144487 0.028192371476
0 0.470532319392 0.21807628524 0.0190114068441 0.0381426202322
0 0.494771863118 0.132669983416 0.0123574144487 0.0232172470978
0 0.531368821293 0.116086235489 0.0114068441065 0.0232172470978
0 0.56463878327 0.115257048093 0.0114068441065 0.028192371476
0 0.576996197719 0.173300165837 0.0152091254753 0.0348258706468
0 0.578422053232 0.12271973466 0.0104562737643 0.0265339966833
0 0.598384030418 0.116915422886 0.0104562737643 0.0248756218905
0 0.800855513308 0.296849087894 0.0218631178707 0.0597014925373
0 0.857414448669 0.305140961857 0.0266159695817 0.0630182421227
0 0.942965779468 0.209784411277 0.0152091254753 0.044776119403
0 0.923003802281 0.301824212272 0.0247148288973 0.0597014925373
0 0.716254752852 0.176616915423 0.0256653992395 0.0646766169154
0 0.670152091255 0.214759535655 0.0190114068441 0.0414593698176
0 0.676330798479 0.331674958541 0.0313688212928 0.0630182421227
0 0.626425855513 0.250414593698 0.0209125475285 0.0497512437811
0 0.48716730038 0.32504145937 0.0256653992395 0.0464344941957
0 0.550380228137 0.320895522388 0.0266159695817 0.0547263681592
0 0.880703422053 0.115257048093 0.0104562737643 0.028192371476
0 0.923003802281 0.140132669983 0.0114068441065 0.0248756218905
0 0.949619771863 0.149253731343 0.00950570342205 0.0265339966833
0 0.397338403042 0.221393034826 0.0171102661597 0.028192371476
