0 0.0259433962264 0.400564174894 0.0251572327044 0.0507757404795
0 0.227201257862 0.33215796897 0.0172955974843 0.0324400564175
0 0.255896226415 0.339210155148 0.0212264150943 0.0437235543018
0 0.281446540881 0.355430183357 0.0220125786164 0.0423131170663
0 0.281839622642 0.298307475317 0.0149371069182 0.0352609308886
0 0.329009433962 0.356840620592 0.0227987421384 0.0423131170663
0 0.346698113208 0.284203102962 0.0125786163522 0.0296191819464
0 0.368710691824 0.343441466855 0.0172955974843 0.0380818053597
0 0.362028301887 0.316643159379 0.0165094339623 0.0324400564175
0 0.399764150943 0.334273624824 0.0180817610063 0.0366713681241
0 0.430817610063 0.333568406206 0.0235849056604 0.049365303244
0 0.428066037736 0.302538787024 0.0212264150943 0.0380818053597
0 0.417452830189 0.277856135402 0.0172955974843 0.033850493653
0 0.397798742138 0.288434414669 0.0157232704403 0.0352609308886
0 0.390330188679 0.268688293371 0.0133647798742 0.0267983074753
0 0.377751572327 0.252468265162 0.0133647798742 0.0282087447109
0 0.45715408805 0.2976022567 0.0196540880503 0.0366713681241
0 0.444968553459 0.239069111425 0.0125786163522 0.0296191819464
0 0.456761006289 0.234837799718 0.0172955974843 0.0324400564175
0 0.482704402516 0.258815232722 0.0172955974843 0.0296191819464
0 0.497641509434 0.273624823695 0.0204402515723 0.0366713681241
0 0.501572327044 0.241889985896 0.0125786163522 0.0239774330042
0 0.518081761006 0.260930888575 0.0157232704403 0.0310296191819
0 0.53891509434 0.279971791255 0.0180817610063 0.0380818053597
0 0.533018867925 0.219322990127 0.0141509433962 0.0239774330042
0 0.545990566038 0.251057827927 0.0149371069182 0.0253878702398
0 0.555817610063 0.236248236953 0.0125786163522 0.0239774330042
0 0.55070754717 0.21509167842 0.0117924528302 0.0239774330042
0 0.582940251572 0.239069111425 0.0149371069182 0.0324400564175
0 0.583726415094 0.217207334274 0.0133647798742 0.0282087447109
0 0.591194968553 0.197461212976 0.0141509433962 0.0282087447109
0 0.606525157233 0.211565585331 0.0117924528302 0.0253878702398
0 0.616745283019 0.224259520451 0.0133647798742 0.0253878702398
0 0.623820754717 0.241889985896 0.0133647798742 0.0296191819464
0 0.631682389937 0.229196050776 0.0149371069182 0.0267983074753
0 0.634827044025 0.210155148096 0.0117924528302 0.0282087447109
0 0.647798742138 0.22143864598 0.0125786163522 0.0310296191819
0 0.661556603774 0.224259520451 0.0149371069182 0.0253878702398
0 0.487421383648 0.380112834979 0.0251572327044 0.0606488011283
0 0.502358490566 0.321579689704 0.0220125786164 0.0394922425952
0 0.52751572327 0.399153737659 0.0298742138365 0.0535966149506
0 0.521226415094 0.367418899859 0.0283018867925 0.0437235543018
0 0.57822327044 0.318758815233 0.0259433962264 0.0479548660085
0 0.585298742138 0.370944992948 0.0275157232704 0.0479548660085
0 0.592374213836 0.420310296192 0.0322327044025 0.0564174894217
0 0.646619496855 0.444287729196 0.0353773584906 0.0705218617772
0 0.686713836478 0.483779971791 0.0400943396226 0.0818053596615
0 0.628144654088 0.32581100141 0.0204402515723 0.0423131170663
0 0.611635220126 0.299717912553 0.0172955974843 0.0352609308886
0 0.649371069182 0.263046544429 0.0157232704403 0.0380818053597
0 0.677279874214 0.254583921016 0.0149371069182 0.0324400564175
0 0.699685534591 0.271509167842 0.0172955974843 0.0352609308886
0 0.666273584906 0.334978843441 0.0227987421384 0.049365303244
0 0.640330188679 0.35754583921 0.0259433962264 0.0550070521862
0 0.713443396226 0.392101551481 0.0259433962264 0.0507757404795
0 0.761006289308 0.392101551481 0.0298742138365 0.0564174894217
0 0.781839622642 0.366008462623 0.0227987421384 0.0465444287729
0 0.826257861635 0.406911142454 0.0251572327044 0.0437235543018
0 0.816037735849 0.44922425952 0.0377358490566 0.0662905500705
0 0.806603773585 0.504936530324 0.0314465408805 0.0677009873061
0 0.87106918239 0.457686882934 0.0267295597484 0.0634696755994
0 0.884040880503 0.387870239774 0.0212264150943 0.0507757404795
0 0.891902515723 0.35119887165 0.0227987421384 0.0507757404795
0 0.885613207547 0.307475317348 0.0196540880503 0.0394922425952
0 0.900157232704 0.276445698166 0.0157232704403 0.0310296191819
0 0.859669811321 0.279971791255 0.0180817610063 0.0409026798307
0 0.840408805031 0.309590973202 0.0188679245283 0.0437235543018
0 0.83215408805 0.344146685472 0.0212264150943 0.0479548660085
0 0.782625786164 0.325105782793 0.0227987421384 0.0380818053597
0 0.786949685535 0.295486600846 0.0172955974843 0.0352609308886
0 0.739779874214 0.27856135402 0.0188679245283 0.0409026798307
0 0.718946540881 0.262341325811 0.0165094339623 0.033850493653
0 0.717767295597 0.219322990127 0.0172955974843 0.0296191819464
0 0.746855345912 0.248236953456 0.0141509433962 0.0310296191819
0 0.755110062893 0.222849083216 0.0196540880503 0.033850493653
0 0.779088050314 0.239069111425 0.0172955974843 0.0352609308886
0 0.8125 0.248942172073 0.0149371069182 0.0380818053597
0 0.823506289308 0.281382228491 0.0149371069182 0.0352609308886
0 0.828616352201 0.260225669958 0.0141509433962 0.0267983074753
0 0.843553459119 0.246121297602 0.0141509433962 0.0352609308886
