0 0.19928115016 0.34309623431 0.0375399361022 0.0753138075314
0 0.218849840256 0.251046025105 0.0239616613419 0.047419804742
0 0.252396166134 0.212691771269 0.0207667731629 0.0376569037657
0 0.261182108626 0.254532775453 0.0239616613419 0.0488145048815
0 0.281948881789 0.244769874477 0.0223642172524 0.0460251046025
0 0.336261980831 0.255927475593 0.0287539936102 0.0516039051604
0 0.33107028754 0.225941422594 0.0247603833866 0.0418410041841
0 0.324680511182 0.301952580195 0.0311501597444 0.0488145048815
0 0.341853035144 0.385634588563 0.0511182108626 0.0878661087866
0 0.353833865815 0.437238493724 0.0495207667732 0.0850767085077
0 0.455271565495 0.565550906555 0.0798722044728 0.126917712692
0 0.43250798722 0.238493723849 0.0279552715655 0.0669456066946
0 0.419728434505 0.202928870293 0.0215654952077 0.0543933054393
