0 0.148734177215 0.55230125523 0.0363924050633 0.0641562064156
0 0.217167721519 0.349372384937 0.0166139240506 0.0348675034868
0 0.255933544304 0.349372384937 0.0197784810127 0.0348675034868
0 0.282436708861 0.306834030683 0.0174050632911 0.0278940027894
0 0.283227848101 0.364714086471 0.0174050632911 0.0348675034868
0 0.310917721519 0.385634588563 0.0221518987342 0.0404463040446
0 0.349287974684 0.295676429568 0.0181962025316 0.0306834030683
0 0.373022151899 0.335425383543 0.0150316455696 0.0292887029289
0 0.341376582278 0.338912133891 0.0166139240506 0.0278940027894
0 0.397943037975 0.337517433752 0.0205696202532 0.0306834030683
0 0.397547468354 0.298465829847 0.0150316455696 0.0223152022315
0 0.401107594937 0.264993026499 0.0126582278481 0.0251046025105
0 0.386867088608 0.254532775453 0.0142405063291 0.0320781032078
0 0.450949367089 0.417015341702 0.0237341772152 0.0557880055788
0 0.467563291139 0.334728033473 0.0189873417722 0.0362622036262
0 0.494857594937 0.454672245467 0.0245253164557 0.0557880055788
0 0.560126582278 0.457461645746 0.0284810126582 0.0669456066946
0 0.623417721519 0.481868898187 0.0253164556962 0.068340306834
0 0.666930379747 0.517433751743 0.0363924050633 0.0641562064156
0 0.779272151899 0.534170153417 0.0253164556962 0.0725244072524
0 0.752768987342 0.434449093445 0.0213607594937 0.0571827057183
0 0.721914556962 0.404463040446 0.0213607594937 0.0557880055788
0 0.639636075949 0.36889818689 0.0261075949367 0.0488145048815
0 0.582674050633 0.373779637378 0.0276898734177 0.0418410041841
0 0.523338607595 0.36889818689 0.0229430379747 0.0404463040446
0 0.492879746835 0.325662482566 0.0158227848101 0.0348675034868
0 0.557753164557 0.275453277545 0.0142405063291 0.0320781032078
0 0.616297468354 0.304044630404 0.0110759493671 0.0306834030683
0 0.583465189873 0.326359832636 0.0166139240506 0.0390516039052
0 0.426819620253 0.305439330544 0.0134493670886 0.0251046025105
0 0.450949367089 0.278242677824 0.0142405063291 0.0209205020921
0 0.510680379747 0.277545327755 0.0134493670886 0.0251046025105
0 0.493275316456 0.272663877266 0.0181962025316 0.0264993026499
0 0.528085443038 0.250348675035 0.0118670886076 0.0264993026499
0 0.560126582278 0.241283124128 0.0142405063291 0.0195258019526
0 0.595332278481 0.202231520223 0.0118670886076 0.0278940027894
0 0.60957278481 0.215481171548 0.00870253164557 0.0292887029289
0 0.64082278481 0.214086471409 0.00949367088608 0.0292887029289
0 0.662183544304 0.223849372385 0.0158227848101 0.0320781032078
0 0.691851265823 0.246861924686 0.0118670886076 0.0362622036262
0 0.714003164557 0.261506276151 0.0150316455696 0.0404463040446
0 0.725079113924 0.240585774059 0.0102848101266 0.0348675034868
0 0.754746835443 0.23570432357 0.0126582278481 0.0334728033473
0 0.788765822785 0.242677824268 0.0142405063291 0.0306834030683
0 0.793908227848 0.298465829847 0.0166139240506 0.0306834030683
0 0.735759493671 0.297071129707 0.0189873417722 0.0362622036262
0 0.68789556962 0.297071129707 0.0181962025316 0.0362622036262
0 0.651503164557 0.281729428173 0.0181962025316 0.0306834030683
0 0.665348101266 0.31450488145 0.0174050632911 0.0292887029289
0 0.670886075949 0.354951185495 0.0205696202532 0.0404463040446
0 0.617879746835 0.258019525802 0.0142405063291 0.0278940027894
0 0.59335443038 0.242677824268 0.0126582278481 0.0251046025105
0 0.558939873418 0.214783821478 0.0102848101266 0.0278940027894
0 0.543512658228 0.222454672245 0.0174050632911 0.0209205020921
0 0.820806962025 0.463737796374 0.0292721518987 0.0571827057183
0 0.89121835443 0.456764295676 0.0213607594937 0.0516039051604
0 0.895569620253 0.403765690377 0.0221518987342 0.0404463040446
0 0.831091772152 0.396792189679 0.0197784810127 0.0516039051604
0 0.787579113924 0.364714086471 0.0166139240506 0.0488145048815
0 0.803401898734 0.34239888424 0.0150316455696 0.0404463040446
0 0.820015822785 0.320781032078 0.0134493670886 0.0278940027894
0 0.833860759494 0.308926080893 0.0110759493671 0.0292887029289
0 0.864319620253 0.329149232915 0.0134493670886 0.0306834030683
0 0.848496835443 0.382147838215 0.0134493670886 0.0334728033473
0 0.900316455696 0.349372384937 0.0174050632911 0.0404463040446
0 0.909018987342 0.264993026499 0.0142405063291 0.0223152022315
0 0.90664556962 0.293584379358 0.0142405063291 0.0209205020921
0 0.874208860759 0.281729428173 0.0142405063291 0.0306834030683
0 0.847310126582 0.258716875872 0.0110759493671 0.0292887029289
0 0.82792721519 0.268479776848 0.0181962025316 0.0264993026499
0 0.440664556962 0.257322175732 0.0142405063291 0.0264993026499
0 0.436708860759 0.245467224547 0.0110759493671 0.0223152022315
0 0.460047468354 0.239888423989 0.0134493670886 0.0223152022315
0 0.505933544304 0.251743375174 0.0102848101266 0.0209205020921
0 0.64042721519 0.240585774059 0.0134493670886 0.0292887029289
0 0.744857594937 0.26359832636 0.0118670886076 0.0251046025105
0 0.751582278481 0.288005578801 0.0142405063291 0.0292887029289
0 0.631724683544 0.338912133891 0.0181962025316 0.044630404463
0 0.903481012658 0.329149232915 0.0158227848101 0.0390516039052
