0 0.084008097166 0.282495667244 0.0263157894737 0.051993067591
0 0.286437246964 0.23136915078 0.0202429149798 0.0329289428076
0 0.301619433198 0.242634315425 0.0222672064777 0.0311958405546
0 0.342105263158 0.188041594454 0.0161943319838 0.0329289428076
0 0.362348178138 0.193240901213 0.0182186234818 0.0329289428076
0 0.367408906883 0.226169844021 0.0222672064777 0.0398613518198
0 0.387651821862 0.235701906412 0.0202429149798 0.0415944540728
0 0.386639676113 0.200173310225 0.0182186234818 0.0329289428076
0 0.403846153846 0.205372616984 0.0202429149798 0.0329289428076
0 0.394230769231 0.17417677643 0.0172064777328 0.0294627383016
0 0.415991902834 0.172443674177 0.0141700404858 0.0294627383016
0 0.433198380567 0.200173310225 0.0182186234818 0.0363951473137
0 0.419534412955 0.239168110919 0.0232793522267 0.0381282495667
0 0.457995951417 0.244367417678 0.0232793522267 0.0450606585789
0 0.471659919028 0.210571923744 0.0202429149798 0.0398613518198
0 0.460020242915 0.200173310225 0.0172064777328 0.0329289428076
0 0.437753036437 0.162911611785 0.0151821862348 0.0242634315425
0 0.455465587045 0.162045060659 0.0161943319838 0.0329289428076
0 0.500506072874 0.149046793761 0.0151821862348 0.0277296360485
0 0.511639676113 0.153379549393 0.0172064777328 0.0329289428076
0 0.516194331984 0.184575389948 0.0161943319838 0.0329289428076
0 0.516194331984 0.133448873484 0.0121457489879 0.0242634315425
0 0.526821862348 0.149913344887 0.0151821862348 0.0294627383016
0 0.539473684211 0.180242634315 0.0182186234818 0.0277296360485
0 0.554149797571 0.160311958406 0.0192307692308 0.0294627383016
0 0.537449392713 0.138648180243 0.0141700404858 0.0207972270364
0 0.568319838057 0.139514731369 0.0151821862348 0.0259965337955
0 0.566295546559 0.123916811092 0.0111336032389 0.0155979202773
0 0.58451417004 0.162045060659 0.0151821862348 0.0294627383016
0 0.574392712551 0.186308492201 0.0212550607287 0.0398613518198
0 0.592611336032 0.142114384749 0.0131578947368 0.0277296360485
0 0.624493927126 0.166377816291 0.0161943319838 0.0311958405546
0 0.608299595142 0.141247833622 0.0141700404858 0.0259965337955
0 0.630060728745 0.129116117851 0.0151821862348 0.0294627383016
0 0.642712550607 0.138648180243 0.0161943319838 0.0311958405546
0 0.65991902834 0.121317157712 0.0141700404858 0.0277296360485
0 0.676619433198 0.112651646447 0.0131578947368 0.0207972270364
0 0.682186234818 0.126516464471 0.0141700404858 0.0311958405546
0 0.662449392713 0.159445407279 0.0131578947368 0.0311958405546
0 0.701417004049 0.136048526863 0.0141700404858 0.0329289428076
0 0.706477732794 0.116117850953 0.0121457489879 0.0242634315425
0 0.728238866397 0.118717504333 0.0131578947368 0.0294627383016
0 0.610829959514 0.226169844021 0.0253036437247 0.0433275563258
0 0.642206477733 0.210571923744 0.0253036437247 0.0433275563258
0 0.656882591093 0.253899480069 0.0242914979757 0.050259965338
0 0.685728744939 0.182842287695 0.0192307692308 0.0398613518198
0 0.703441295547 0.223570190641 0.0222672064777 0.0381282495667
0 0.711538461538 0.257365684575 0.0242914979757 0.0467937608319
0 0.717105263158 0.327556325823 0.0354251012146 0.0762564991334
0 0.770748987854 0.381282495667 0.0414979757085 0.0658578856153
0 0.735829959514 0.185441941075 0.0202429149798 0.0415944540728
0 0.721153846154 0.180242634315 0.0172064777328 0.0311958405546
0 0.757085020243 0.173310225303 0.0182186234818 0.0381282495667
0 0.75455465587 0.146447140381 0.0172064777328 0.0329289428076
0 0.783400809717 0.137781629116 0.0141700404858 0.0329289428076
0 0.803137651822 0.137781629116 0.0111336032389 0.0259965337955
0 0.810728744939 0.146447140381 0.0121457489879 0.0259965337955
0 0.819331983806 0.17157712305 0.0151821862348 0.0311958405546
0 0.820850202429 0.212305025997 0.0202429149798 0.0398613518198
0 0.788967611336 0.249566724437 0.0253036437247 0.0485268630849
0 0.756578947368 0.240901213172 0.0232793522267 0.0450606585789
0 0.778846153846 0.199306759099 0.0192307692308 0.0381282495667
0 0.818319838057 0.294627383016 0.0273279352227 0.051993067591
0 0.84463562753 0.256499133449 0.0212550607287 0.0589254766031
0 0.845141700405 0.20883882149 0.0182186234818 0.0398613518198
0 0.855263157895 0.177642980936 0.0161943319838 0.0329289428076
0 0.82995951417 0.139514731369 0.0121457489879 0.0259965337955
0 0.848178137652 0.144714038128 0.0121457489879 0.0294627383016
0 0.864372469636 0.162045060659 0.0121457489879 0.0294627383016
0 0.881072874494 0.157712305026 0.0131578947368 0.0346620450607
0 0.900303643725 0.167244367418 0.0172064777328 0.0329289428076
0 0.893218623482 0.193240901213 0.0151821862348 0.0363951473137
0 0.878542510121 0.225303292894 0.0182186234818 0.0346620450607
0 0.865890688259 0.219237435009 0.0172064777328 0.0433275563258
0 0.941801619433 0.319757365685 0.0273279352227 0.0606585788562
0 0.914979757085 0.234835355286 0.0202429149798 0.0433275563258
0 0.918522267206 0.20883882149 0.0192307692308 0.0363951473137
0 0.929149797571 0.193240901213 0.0182186234818 0.0329289428076
0 0.932186234818 0.172443674177 0.0161943319838 0.0259965337955
0 0.938259109312 0.15424610052 0.0121457489879 0.0277296360485
0 0.947874493927 0.258232235702 0.0172064777328 0.0450606585789
0 0.969129554656 0.237435008666 0.0151821862348 0.0381282495667
0 0.961538461538 0.20883882149 0.0141700404858 0.0329289428076
0 0.981781376518 0.198440207972 0.0121457489879 0.0329289428076
