0 0.212254901961 0.3606271777 0.0441176470588 0.0871080139373
0 0.322549019608 0.230836236934 0.0176470588235 0.0365853658537
0 0.336274509804 0.189024390244 0.0137254901961 0.0331010452962
0 0.353431372549 0.203832752613 0.0147058823529 0.0313588850174
0 0.413235294118 0.209059233449 0.0186274509804 0.0348432055749
0 0.453921568627 0.212543554007 0.0196078431373 0.0418118466899
0 0.425980392157 0.185540069686 0.0166666666667 0.0296167247387
0 0.421568627451 0.164634146341 0.0176470588235 0.0296167247387
0 0.458333333333 0.189895470383 0.0186274509804 0.0313588850174
0 0.480882352941 0.192508710801 0.0166666666667 0.0331010452962
0 0.490196078431 0.222996515679 0.0196078431373 0.0452961672474
0 0.462254901961 0.155052264808 0.0147058823529 0.0313588850174
0 0.471568627451 0.141114982578 0.0137254901961 0.0243902439024
0 0.489215686275 0.15331010453 0.0156862745098 0.0313588850174
0 0.510294117647 0.162891986063 0.0147058823529 0.0331010452962
0 0.505882352941 0.1393728223 0.0137254901961 0.0278745644599
0 0.522058823529 0.137630662021 0.0127450980392 0.0278745644599
0 0.53431372549 0.12456445993 0.0117647058824 0.0261324041812
0 0.538235294118 0.15243902439 0.0137254901961 0.0331010452962
0 0.548039215686 0.141114982578 0.0117647058824 0.0313588850174
0 0.555882352941 0.165505226481 0.0137254901961 0.0313588850174
0 0.563235294118 0.178571428571 0.0166666666667 0.0400696864111
0 0.573039215686 0.147212543554 0.0147058823529 0.0296167247387
0 0.561764705882 0.121080139373 0.0117647058824 0.0261324041812
0 0.596078431373 0.113240418118 0.0117647058824 0.0243902439024
0 0.625980392157 0.104529616725 0.0107843137255 0.0278745644599
0 0.648039215686 0.104529616725 0.0117647058824 0.0278745644599
0 0.669117647059 0.108013937282 0.0107843137255 0.0278745644599
0 0.644607843137 0.121951219512 0.0107843137255 0.0243902439024
0 0.657843137255 0.134146341463 0.0117647058824 0.0243902439024
0 0.635294117647 0.1393728223 0.0156862745098 0.0383275261324
0 0.610294117647 0.128048780488 0.0147058823529 0.0261324041812
0 0.602941176471 0.145470383275 0.0137254901961 0.0331010452962
0 0.608823529412 0.171602787456 0.0156862745098 0.0365853658537
0 0.592156862745 0.23606271777 0.0196078431373 0.0365853658537
0 0.543137254902 0.269163763066 0.0254901960784 0.0470383275261
0 0.589215686275 0.273519163763 0.0235294117647 0.0592334494774
0 0.608823529412 0.310975609756 0.0313725490196 0.0749128919861
0 0.645098039216 0.203832752613 0.0196078431373 0.0487804878049
0 0.652450980392 0.248257839721 0.0245098039216 0.0505226480836
0 0.669117647059 0.269163763066 0.0225490196078 0.0470383275261
0 0.704901960784 0.128048780488 0.0137254901961 0.0261324041812
0 0.695588235294 0.12543554007 0.0107843137255 0.0243902439024
0 0.70931372549 0.120209059233 0.0107843137255 0.0209059233449
0 0.675 0.214285714286 0.0186274509804 0.0418118466899
0 0.719117647059 0.162020905923 0.0147058823529 0.0313588850174
0 0.713235294118 0.197735191638 0.0166666666667 0.0400696864111
0 0.731862745098 0.223867595819 0.0225490196078 0.0470383275261
0 0.696568627451 0.317073170732 0.0303921568627 0.0696864111498
0 0.751470588235 0.337108013937 0.0303921568627 0.0714285714286
0 0.76568627451 0.131533101045 0.0137254901961 0.0331010452962
0 0.774019607843 0.146341463415 0.0127450980392 0.0313588850174
0 0.789705882353 0.142857142857 0.0127450980392 0.0313588850174
0 0.810294117647 0.149825783972 0.0166666666667 0.0313588850174
0 0.841176470588 0.156794425087 0.0137254901961 0.0348432055749
0 0.751470588235 0.168989547038 0.0147058823529 0.0348432055749
0 0.786274509804 0.184668989547 0.0156862745098 0.0383275261324
0 0.799509803922 0.213414634146 0.0186274509804 0.0470383275261
0 0.820098039216 0.201219512195 0.0166666666667 0.0400696864111
0 0.835784313725 0.182926829268 0.0127450980392 0.0383275261324
0 0.849019607843 0.212543554007 0.0176470588235 0.0383275261324
0 0.857352941176 0.192508710801 0.0127450980392 0.0400696864111
0 0.790196078431 0.297038327526 0.0254901960784 0.0644599303136
0 0.816666666667 0.273519163763 0.0196078431373 0.0452961672474
0 0.828921568627 0.358013937282 0.0303921568627 0.0679442508711
0 0.85637254902 0.317073170732 0.0205882352941 0.0557491289199
0 0.882843137255 0.265679442509 0.0205882352941 0.0505226480836
0 0.895588235294 0.229965156794 0.0186274509804 0.0487804878049
0 0.900490196078 0.204703832753 0.0147058823529 0.0365853658537
0 0.939215686275 0.257839721254 0.0176470588235 0.0418118466899
0 0.936764705882 0.317073170732 0.0186274509804 0.0557491289199
0 0.91862745098 0.37543554007 0.0254901960784 0.0505226480836
0 0.907352941176 0.422473867596 0.0343137254902 0.0714285714286
0 0.943137254902 0.231707317073 0.0156862745098 0.0418118466899
0 0.945098039216 0.202961672474 0.0156862745098 0.0365853658537
0 0.954411764706 0.187282229965 0.0147058823529 0.0400696864111
0 0.928431372549 0.173344947735 0.00980392156863 0.0331010452962
0 0.919607843137 0.177700348432 0.0117647058824 0.0348432055749
0 0.873039215686 0.188153310105 0.0147058823529 0.0348432055749
0 0.877941176471 0.162020905923 0.0127450980392 0.0348432055749
0 0.891666666667 0.162020905923 0.0147058823529 0.0278745644599
