0 0.141338582677 0.540972222222 0.0370078740157 0.0736111111111
0 0.225196850394 0.338194444444 0.0141732283465 0.0347222222222
0 0.253543307087 0.359027777778 0.0173228346457 0.0430555555556
0 0.28031496063 0.313888888889 0.0157480314961 0.0305555555556
0 0.285039370079 0.360416666667 0.0188976377953 0.0430555555556
0 0.314173228346 0.386111111111 0.0236220472441 0.0388888888889
0 0.342125984252 0.297916666667 0.0165354330709 0.0208333333333
0 0.341338582677 0.328472222222 0.0149606299213 0.0319444444444
0 0.379133858268 0.263194444444 0.0133858267717 0.0263888888889
0 0.37125984252 0.349305555556 0.0149606299213 0.0375
0 0.401181102362 0.332638888889 0.0165354330709 0.0375
0 0.393700787402 0.297916666667 0.0110236220472 0.0263888888889
0 0.412598425197 0.279861111111 0.0188976377953 0.0319444444444
0 0.414566929134 0.259722222222 0.011811023622 0.0222222222222
0 0.449606299213 0.245833333333 0.0188976377953 0.025
0 0.453937007874 0.240972222222 0.00866141732283 0.0263888888889
0 0.449606299213 0.311805555556 0.0157480314961 0.0291666666667
0 0.436220472441 0.352777777778 0.0188976377953 0.0361111111111
0 0.48937007874 0.273611111111 0.0149606299213 0.0333333333333
0 0.505511811024 0.273611111111 0.0157480314961 0.0333333333333
0 0.533464566929 0.244444444444 0.0133858267717 0.0277777777778
0 0.550393700787 0.21875 0.0110236220472 0.0263888888889
0 0.536220472441 0.285416666667 0.0110236220472 0.0375
0 0.489763779528 0.330555555556 0.0188976377953 0.0305555555556
0 0.564173228346 0.261111111111 0.0149606299213 0.0333333333333
0 0.592125984252 0.207638888889 0.0110236220472 0.0236111111111
0 0.587007874016 0.231944444444 0.0165354330709 0.0333333333333
0 0.582677165354 0.254166666667 0.0125984251969 0.0277777777778
0 0.607480314961 0.217361111111 0.0133858267717 0.0291666666667
0 0.619291338583 0.227777777778 0.0133858267717 0.0277777777778
0 0.641338582677 0.219444444444 0.0133858267717 0.0333333333333
0 0.655905511811 0.222916666667 0.0141732283465 0.0402777777778
0 0.673622047244 0.224305555556 0.011811023622 0.0263888888889
0 0.685039370079 0.253472222222 0.0141732283465 0.0347222222222
0 0.649212598425 0.280555555556 0.0196850393701 0.0305555555556
0 0.614173228346 0.30625 0.0204724409449 0.0347222222222
0 0.58031496063 0.336805555556 0.0236220472441 0.0375
0 0.515354330709 0.379166666667 0.0196850393701 0.0388888888889
0 0.454330708661 0.409027777778 0.0220472440945 0.0430555555556
0 0.515354330709 0.434722222222 0.0228346456693 0.05
0 0.622047244094 0.354166666667 0.0188976377953 0.0416666666667
0 0.572047244094 0.447222222222 0.0275590551181 0.0666666666667
0 0.616535433071 0.472916666667 0.0330708661417 0.0625
0 0.642913385827 0.363194444444 0.0259842519685 0.0402777777778
0 0.662992125984 0.319444444444 0.0236220472441 0.0472222222222
0 0.68937007874 0.299305555556 0.0165354330709 0.0375
0 0.709842519685 0.25 0.0133858267717 0.0333333333333
0 0.726771653543 0.232638888889 0.0157480314961 0.0236111111111
0 0.725196850394 0.257638888889 0.0188976377953 0.0402777777778
0 0.663385826772 0.36875 0.0259842519685 0.0430555555556
0 0.696850393701 0.402083333333 0.0314960629921 0.0541666666667
0 0.678346456693 0.532638888889 0.0338582677165 0.0680555555556
0 0.758267716535 0.244444444444 0.0188976377953 0.0333333333333
0 0.737401574803 0.296527777778 0.0212598425197 0.0347222222222
0 0.751968503937 0.278472222222 0.0220472440945 0.0402777777778
0 0.783070866142 0.244444444444 0.0133858267717 0.0277777777778
0 0.788976377953 0.272916666667 0.0236220472441 0.0375
0 0.81968503937 0.25625 0.0110236220472 0.0291666666667
0 0.794881889764 0.302083333333 0.0181102362205 0.0319444444444
0 0.786614173228 0.355555555556 0.0188976377953 0.05
0 0.827165354331 0.359027777778 0.0212598425197 0.0486111111111
0 0.847637795276 0.263194444444 0.0133858267717 0.0319444444444
0 0.82874015748 0.279861111111 0.0196850393701 0.0430555555556
0 0.864173228346 0.280555555556 0.0133858267717 0.0361111111111
0 0.902362204724 0.307638888889 0.0220472440945 0.0458333333333
0 0.905118110236 0.28125 0.0133858267717 0.0236111111111
0 0.868897637795 0.347222222222 0.0165354330709 0.0361111111111
0 0.879527559055 0.346527777778 0.0188976377953 0.0430555555556
0 0.883070866142 0.477083333333 0.0275590551181 0.0597222222222
0 0.748818897638 0.433333333333 0.0204724409449 0.05
0 0.786220472441 0.509722222222 0.0338582677165 0.0666666666667
0 0.818897637795 0.4625 0.0251968503937 0.05
0 0.853543307087 0.325694444444 0.0236220472441 0.0486111111111
0 0.838582677165 0.335416666667 0.0157480314961 0.0458333333333
0 0.818897637795 0.329166666667 0.0204724409449 0.05
0 0.445275590551 0.273611111111 0.0149606299213 0.0277777777778
0 0.899606299213 0.363888888889 0.0244094488189 0.0416666666667
0 0.570078740157 0.409027777778 0.0283464566929 0.0458333333333
0 0.556692913386 0.215972222222 0.0110236220472 0.0180555555556
0 0.793700787402 0.340972222222 0.0188976377953 0.0430555555556
