0 0.17429406037 0.494854202401 0.0447906523856 0.0806174957118
0 0.258519961052 0.265866209262 0.0204479065239 0.0343053173242
0 0.280915287244 0.26243567753 0.0185004868549 0.0343053173242
0 0.375365141188 0.277873070326 0.0185004868549 0.041166380789
0 0.490262901655 0.308747855918 0.0301850048685 0.0583190394511
0 0.543816942551 0.325042881647 0.0282375851996 0.0394511149228
0 0.687925998053 0.32590051458 0.0243427458617 0.0548885077187
0 0.719084712756 0.341337907376 0.0223953261928 0.0686106346484
0 0.789678675755 0.377358490566 0.0350535540409 0.0686106346484
0 0.892405063291 0.378216123499 0.0340798442064 0.0703259005146
0 0.904576436222 0.30102915952 0.0175267770204 0.0497427101201
0 0.828140214216 0.314751286449 0.0243427458617 0.0497427101201
0 0.770691333982 0.278730703259 0.0262901655307 0.0497427101201
0 0.706913339825 0.272727272727 0.0272638753651 0.041166380789
0 0.743914313535 0.238421955403 0.0253164556962 0.0343053173242
0 0.737098344693 0.181818181818 0.0194741966894 0.041166380789
0 0.780428432327 0.19897084048 0.0185004868549 0.0445969125214
0 0.829600778968 0.203259005146 0.0214216163583 0.0428816466552
0 0.693281402142 0.18782161235 0.0253164556962 0.032590051458
0 0.659688412853 0.220411663808 0.0301850048685 0.0428816466552
0 0.610516066212 0.259005145798 0.033106134372 0.0445969125214
0 0.559396299903 0.263293310463 0.0282375851996 0.0463121783877
0 0.54040895813 0.193825042882 0.0253164556962 0.0377358490566
0 0.43135345667 0.232418524871 0.0253164556962 0.032590051458
0 0.403602726388 0.222984562607 0.0262901655307 0.0274442538593
0 0.367575462512 0.220411663808 0.0223953261928 0.0257289879931
0 0.701071080818 0.057461406518 0.0116845180136 0.0257289879931
0 0.80282375852 0.139794168096 0.0223953261928 0.0360205831904
0 0.828140214216 0.140651801029 0.016553067186 0.0377358490566
0 0.842745861733 0.119210977702 0.014605647517 0.032590051458
0 0.867575462512 0.130360205832 0.0175267770204 0.0308747855918
0 0.886075949367 0.133790737564 0.0116845180136 0.0548885077187
0 0.904576436222 0.142367066895 0.00973709834469 0.0343053173242
0 0.928432327167 0.146655231561 0.0223953261928 0.0497427101201
0 0.875851996105 0.197255574614 0.0282375851996 0.0480274442539
0 0.92599805258 0.224699828473 0.0253164556962 0.0377358490566
0 0.865141187926 0.253859348199 0.0262901655307 0.0480274442539
0 0.441090555015 0.193825042882 0.0194741966894 0.0240137221269
0 0.473709834469 0.188679245283 0.0107108081792 0.0343053173242
0 0.488802336904 0.198113207547 0.0155793573515 0.0394511149228
0 0.511684518014 0.126072041166 0.014605647517 0.0291595197256
0 0.532619279455 0.123499142367 0.0155793573515 0.0274442538593
0 0.616845180136 0.14922813036 0.0126582278481 0.0308747855918
0 0.650438169426 0.142367066895 0.0155793573515 0.0308747855918
0 0.649951314508 0.112349914237 0.0185004868549 0.0222984562607
0 0.584712755599 0.144082332762 0.0185004868549 0.0308747855918
0 0.565725413827 0.132933104631 0.0155793573515 0.0257289879931
0 0.44888023369 0.153516295026 0.0155793573515 0.0188679245283
0 0.46835443038 0.152658662093 0.0194741966894 0.0240137221269
0 0.588607594937 0.11320754717 0.016553067186 0.0205831903945
0 0.547224926972 0.0703259005146 0.0175267770204 0.0274442538593
0 0.624148003895 0.0977701543739 0.0253164556962 0.0377358490566
0 0.363680623174 0.191252144082 0.016553067186 0.0222984562607
