0 0.872819100092 0.190553745928 0.0119375573921 0.0358306188925
0 0.895316804408 0.21986970684 0.0128558310376 0.0358306188925
0 0.894857667585 0.25651465798 0.0156106519743 0.0407166123779
0 0.919651056015 0.250814332248 0.0156106519743 0.0390879478827
0 0.942148760331 0.196254071661 0.0110192837466 0.0309446254072
0 0.827364554637 0.260586319218 0.0183654729109 0.0488599348534
0 0.754820936639 0.148208469055 0.0110192837466 0.0293159609121
0 0.771349862259 0.14983713355 0.0110192837466 0.0293159609121
0 0.610192837466 0.108306188925 0.010101010101 0.0244299674267
0 0.628558310376 0.133550488599 0.0119375573921 0.0293159609121
0 0.654269972452 0.122964169381 0.010101010101 0.0244299674267
0 0.662534435262 0.144136807818 0.0119375573921 0.0309446254072
0 0.430211202938 0.200325732899 0.0156106519743 0.042345276873
0 0.4536271809 0.203583061889 0.0183654729109 0.0390879478827
