0 0.190533015115 0.425591098748 0.0437549721559 0.0917941585535
0 0.274860779634 0.26495132128 0.0182975338107 0.0403337969402
0 0.272076372315 0.257301808067 0.0175019888624 0.0417246175243
0 0.31861575179 0.251043115438 0.0198886237072 0.0375521557719
0 0.335719968178 0.253129346314 0.0175019888624 0.0417246175243
0 0.360779634049 0.242698191933 0.0198886237072 0.0403337969402
0 0.373906125696 0.26495132128 0.0254574383453 0.0403337969402
0 0.407716785998 0.26495132128 0.024661893397 0.0514603616134
0 0.33969769292 0.209318497914 0.0159108989658 0.0375521557719
0 0.328957836118 0.21488178025 0.0151153540175 0.0347705146036
0 0.371917263325 0.19471488178 0.0198886237072 0.0333796940195
0 0.398568019093 0.172461752434 0.0159108989658 0.0305980528512
0 0.429196499602 0.175938803894 0.0167064439141 0.0319888734353
0 0.423627684964 0.21488178025 0.0214797136038 0.0431154381085
0 0.453460620525 0.217663421419 0.0190930787589 0.0403337969402
0 0.451471758154 0.148122392211 0.0167064439141 0.0375521557719
0 0.468575974543 0.15090403338 0.0175019888624 0.0347705146036
0 0.474542561655 0.19123783032 0.0182975338107 0.0347705146036
0 0.494431185362 0.213490959666 0.0214797136038 0.0431154381085
0 0.514717581543 0.186369958275 0.0175019888624 0.0333796940195
0 0.540970564837 0.183588317107 0.0190930787589 0.0417246175243
0 0.512728719173 0.15090403338 0.0167064439141 0.0319888734353
0 0.490055688146 0.13073713491 0.0143198090692 0.0222531293463
0 0.494033412888 0.159944367177 0.0143198090692 0.0361613351878
0 0.523866348449 0.133518776078 0.0182975338107 0.0333796940195
0 0.57199681782 0.1578581363 0.0175019888624 0.0375521557719
0 0.562450278441 0.139777468707 0.0127287191726 0.029207232267
0 0.585521081941 0.144645340751 0.0159108989658 0.0361613351878
0 0.577167859984 0.132127955494 0.0135242641209 0.0305980528512
0 0.605807478123 0.142559109875 0.0182975338107 0.0375521557719
0 0.608591885442 0.0987482614743 0.0127287191726 0.0305980528512
0 0.622116149562 0.127260083449 0.0127287191726 0.0319888734353
0 0.646778042959 0.119610570236 0.0159108989658 0.0333796940195
0 0.675019888624 0.118915159944 0.0182975338107 0.0319888734353
0 0.499602227526 0.292767732962 0.0286396181384 0.0598052851182
0 0.542163882259 0.305980528512 0.0342084327765 0.0639777468707
0 0.576372315036 0.233657858136 0.024661893397 0.0500695410292
0 0.617342879873 0.206536856745 0.0238663484487 0.0514603616134
0 0.61416070008 0.255215577191 0.0254574383453 0.0542420027816
0 0.657915672235 0.257997218359 0.0238663484487 0.0514603616134
0 0.671439936356 0.195410292072 0.0254574383453 0.0403337969402
0 0.651949085123 0.173157162726 0.0182975338107 0.0431154381085
0 0.711217183771 0.265646731572 0.030230708035 0.0611961057024
0 0.673826571201 0.339360222531 0.0429594272076 0.0695410292072
0 0.742243436754 0.34561891516 0.0381861575179 0.0681502086231
0 0.708432776452 0.210013908206 0.0214797136038 0.0445062586926
0 0.729116945107 0.197496522949 0.0214797136038 0.0445062586926
0 0.721161495625 0.149513212796 0.0167064439141 0.0319888734353
0 0.681782020684 0.160639777469 0.0190930787589 0.0347705146036
0 0.691328560064 0.188456189152 0.0206841686555 0.0347705146036
0 0.749403341289 0.146731571627 0.0190930787589 0.0375521557719
0 0.763723150358 0.158553546592 0.0175019888624 0.0472878998609
0 0.763325377884 0.127955493741 0.0151153540175 0.0361613351878
0 0.777645186953 0.141168289291 0.0167064439141 0.0431154381085
0 0.793556085919 0.141168289291 0.0119331742243 0.029207232267
0 0.798727128083 0.168984700974 0.0159108989658 0.0403337969402
0 0.775258552108 0.19471488178 0.0214797136038 0.0445062586926
0 0.754176610979 0.221140472879 0.0206841686555 0.0445062586926
0 0.784805091488 0.287899860918 0.0310262529833 0.0584144645341
0 0.805887032617 0.219749652295 0.0238663484487 0.0528511821975
0 0.836515513126 0.204450625869 0.0214797136038 0.0417246175243
0 0.846062052506 0.178720445063 0.0214797136038 0.0431154381085
0 0.867143993636 0.139082058414 0.0159108989658 0.0417246175243
0 0.883452665076 0.184979137691 0.0151153540175 0.0417246175243
0 0.876690533015 0.21488178025 0.0190930787589 0.0458970792768
0 0.864757358791 0.226703755216 0.0206841686555 0.0472878998609
0 0.904534606205 0.247566063978 0.0238663484487 0.0500695410292
0 0.867939538584 0.301808066759 0.030230708035 0.0584144645341
