0 0.201590271282 0.398042414356 0.0383536014967 0.0783034257749
0 0.231524789523 0.273246329527 0.0271281571562 0.0538336052202
0 0.274555659495 0.242251223491 0.0177736202058 0.0309951060359
0 0.28110383536 0.263458401305 0.021515434986 0.0277324632953
0 0.294667913938 0.253670473083 0.0187090739008 0.0407830342577
0 0.312909260992 0.230016313214 0.0196445275959 0.0293637846656
0 0.346117867166 0.260195758564 0.0205799812909 0.0440456769984
0 0.364826941066 0.26101141925 0.0205799812909 0.0424143556281
0 0.385874649205 0.260195758564 0.021515434986 0.0440456769984
0 0.347988774556 0.216965742251 0.0205799812909 0.0358890701468
0 0.360617399439 0.196574225122 0.0159027128157 0.0309951060359
0 0.378858746492 0.205546492659 0.0168381665108 0.0293637846656
0 0.398503274088 0.222675367047 0.0205799812909 0.0375203915171
0 0.408793264733 0.192495921697 0.0168381665108 0.0391517128874
0 0.442469597755 0.190048939641 0.0187090739008 0.0407830342577
0 0.431711880262 0.242251223491 0.0233863423761 0.0375203915171
0 0.470065481759 0.234910277325 0.021515434986 0.0391517128874
0 0.473807296539 0.203099510604 0.0196445275959 0.0407830342577
0 0.455565949486 0.161500815661 0.0168381665108 0.0391517128874
0 0.493919550982 0.154975530179 0.0149672591207 0.0326264274062
0 0.502338634238 0.190048939641 0.0187090739008 0.0375203915171
0 0.529934518241 0.196574225122 0.021515434986 0.0407830342577
0 0.536482694107 0.161500815661 0.0196445275959 0.0326264274062
0 0.557998129093 0.159053833605 0.0177736202058 0.0309951060359
0 0.564546304958 0.127243066884 0.0140318054256 0.0293637846656
0 0.579045837231 0.141109298532 0.0149672591207 0.0277324632953
0 0.588400374181 0.161500815661 0.0205799812909 0.0358890701468
0 0.589803554724 0.124796084829 0.0121608980355 0.0342577487765
0 0.608512628625 0.132137030995 0.0121608980355 0.0293637846656
0 0.615528531338 0.146003262643 0.0168381665108 0.0277324632953
0 0.642656688494 0.128058727569 0.0187090739008 0.0309951060359
0 0.676333021515 0.115823817292 0.0168381665108 0.0358890701468
0 0.615528531338 0.215334420881 0.022450888681 0.0391517128874
0 0.579513564079 0.225122349103 0.021515434986 0.0489396411093
0 0.543030869972 0.319738988581 0.0289990645463 0.0717781402936
0 0.491580916745 0.31484502447 0.0289990645463 0.0554649265905
0 0.597754911132 0.330342577488 0.0318054256314 0.0636215334421
0 0.607109448082 0.263458401305 0.0280636108513 0.0636215334421
0 0.667446211413 0.260195758564 0.0289990645463 0.0603588907015
0 0.66604303087 0.218597063622 0.0243217960711 0.0456769983687
0 0.668849391955 0.177814029364 0.0187090739008 0.0358890701468
0 0.690364826941 0.198205546493 0.0187090739008 0.0407830342577
0 0.706735266604 0.225938009788 0.0233863423761 0.047308319739
0 0.685219831618 0.15823817292 0.0177736202058 0.0391517128874
0 0.709541627689 0.150081566069 0.0177736202058 0.0326264274062
0 0.71889616464 0.172920065253 0.0177736202058 0.0326264274062
0 0.738072965388 0.197389885808 0.022450888681 0.0424143556281
0 0.714686623012 0.28955954323 0.0261927034612 0.0570962479608
0 0.735734331151 0.136215334421 0.0159027128157 0.0277324632953
0 0.762862488307 0.172104404568 0.0196445275959 0.0375203915171
0 0.770813844715 0.135399673736 0.0149672591207 0.0358890701468
0 0.78671655753 0.149265905383 0.0168381665108 0.0342577487765
0 0.78858746492 0.190048939641 0.022450888681 0.0440456769984
0 0.76987839102 0.225938009788 0.0243217960711 0.047308319739
0 0.787652011225 0.245513866232 0.0205799812909 0.0538336052202
0 0.807764265669 0.178629690049 0.0177736202058 0.0440456769984
0 0.827408793265 0.143556280587 0.0196445275959 0.0424143556281
0 0.843779232928 0.1867862969 0.0205799812909 0.0342577487765
0 0.826941066417 0.199836867863 0.0187090739008 0.0407830342577
0 0.856875584659 0.168841761827 0.0149672591207 0.0407830342577
0 0.892890551918 0.153344208809 0.0121608980355 0.0326264274062
0 0.889616463985 0.195758564437 0.0149672591207 0.0424143556281
0 0.891019644528 0.175367047308 0.0140318054256 0.0309951060359
0 0.858746492049 0.259380097879 0.0243217960711 0.0554649265905
0 0.917212347989 0.282218597064 0.021515434986 0.0456769983687
0 0.924695977549 0.23735725938 0.0233863423761 0.0505709624796
0 0.837231057063 0.344208809135 0.0280636108513 0.0619902120718
