0 0.350096711799 0.214646464646 0.0193423597679 0.0286195286195
0 0.407640232108 0.244949494949 0.0222437137331 0.0387205387205
0 0.452127659574 0.228114478114 0.0222437137331 0.0387205387205
0 0.510638297872 0.219696969697 0.0212765957447 0.0387205387205
0 0.526595744681 0.199494949495 0.0125725338491 0.0319865319865
0 0.547388781431 0.199494949495 0.0135396518375 0.0319865319865
0 0.605415860735 0.159090909091 0.0135396518375 0.0353535353535
0 0.636363636364 0.147306397306 0.0135396518375 0.0286195286195
0 0.675048355899 0.19696969697 0.0154738878143 0.030303030303
0 0.720502901354 0.198653198653 0.0193423597679 0.03367003367
0 0.653288201161 0.260942760943 0.0261121856867 0.037037037037
0 0.736943907157 0.302188552189 0.027079303675 0.0521885521886
0 0.861218568665 0.340909090909 0.0280464216634 0.0555555555556
0 0.887330754352 0.284511784512 0.0203094777563 0.047138047138
0 0.851063829787 0.234848484848 0.0174081237911 0.0387205387205
0 0.859284332689 0.204545454545 0.0164410058027 0.0319865319865
0 0.908123791103 0.228114478114 0.0116054158607 0.0420875420875
0 0.931334622824 0.255892255892 0.0154738878143 0.0505050505051
0 0.963249516441 0.25 0.0212765957447 0.0353535353535
