0 0.068108974359 0.608084358524 0.0560897435897 0.1230228471
0 0.200320512821 0.304920913884 0.0192307692308 0.0544815465729
0 0.229967948718 0.292618629174 0.025641025641 0.0579964850615
0 0.273237179487 0.253075571178 0.0192307692308 0.0421792618629
0 0.310096153846 0.251318101933 0.0176282051282 0.0421792618629
0 0.326522435897 0.243409490334 0.0184294871795 0.0579964850615
0 0.310496794872 0.220562390158 0.0184294871795 0.0474516695958
0 0.35296474359 0.219683655536 0.0184294871795 0.0456942003515
0 0.372996794872 0.271528998243 0.0184294871795 0.0474516695958
0 0.392628205128 0.246924428822 0.0176282051282 0.0474516695958
0 0.365384615385 0.20913884007 0.0176282051282 0.0456942003515
0 0.393028846154 0.19683655536 0.0168269230769 0.0421792618629
0 0.438301282051 0.331282952548 0.025641025641 0.0615114235501
0 0.432291666667 0.202987697715 0.0184294871795 0.0404217926186
0 0.436698717949 0.168717047452 0.0144230769231 0.0421792618629
0 0.455929487179 0.17223198594 0.0144230769231 0.0316344463972
0 0.496394230769 0.164323374341 0.0232371794872 0.0439367311072
0 0.495592948718 0.215289982425 0.0168269230769 0.0439367311072
0 0.472756410256 0.256590509666 0.0208333333333 0.0562390158172
0 0.522836538462 0.177504393673 0.0184294871795 0.0492091388401
0 0.554887820513 0.228471001757 0.0200320512821 0.0386643233743
0 0.558092948718 0.169595782074 0.0136217948718 0.0404217926186
0 0.554487179487 0.137082601054 0.0144230769231 0.0316344463972
0 0.578926282051 0.141476274165 0.0168269230769 0.0369068541301
0 0.580528846154 0.202987697715 0.0184294871795 0.0474516695958
0 0.581730769231 0.174868189807 0.0144230769231 0.0333919156415
0 0.599759615385 0.128295254833 0.0152243589744 0.0421792618629
0 0.608173076923 0.161687170475 0.0128205128205 0.0351493848858
0 0.614983974359 0.18453427065 0.0168269230769 0.0456942003515
0 0.623798076923 0.210896309315 0.0152243589744 0.0492091388401
0 0.631009615385 0.136203866432 0.0168269230769 0.0404217926186
0 0.658253205128 0.153778558875 0.0152243589744 0.0439367311072
0 0.666266025641 0.139718804921 0.0136217948718 0.0404217926186
0 0.665064102564 0.189806678383 0.0112179487179 0.0421792618629
0 0.675480769231 0.245166959578 0.0192307692308 0.0544815465729
0 0.695913461538 0.21704745167 0.0168269230769 0.0439367311072
0 0.689903846154 0.17223198594 0.0160256410256 0.0351493848858
0 0.689503205128 0.142355008787 0.0168269230769 0.0421792618629
0 0.71233974359 0.164323374341 0.0160256410256 0.0369068541301
0 0.616586538462 0.30316344464 0.0248397435897 0.0579964850615
0 0.577724358974 0.355008787346 0.0288461538462 0.0702987697715
0 0.611778846154 0.392794376098 0.0328525641026 0.0685413005272
0 0.658653846154 0.427065026362 0.0304487179487 0.0773286467487
0 0.731971153846 0.420913884007 0.0328525641026 0.0896309314587
0 0.730368589744 0.274165202109 0.0200320512821 0.0562390158172
0 0.748397435897 0.308435852373 0.0208333333333 0.0544815465729
0 0.74358974359 0.244288224956 0.0176282051282 0.0492091388401
0 0.750400641026 0.205623901582 0.0168269230769 0.0386643233743
0 0.774038461538 0.194200351494 0.0176282051282 0.0474516695958
0 0.796073717949 0.225834797891 0.0200320512821 0.0509666080844
0 0.811298076923 0.199472759227 0.0184294871795 0.0509666080844
0 0.820913461538 0.212653778559 0.0152243589744 0.0421792618629
0 0.823317307692 0.244288224956 0.0168269230769 0.0456942003515
0 0.790865384615 0.282073813708 0.0208333333333 0.0615114235501
0 0.814503205128 0.311072056239 0.0248397435897 0.0632688927944
0 0.800480769231 0.481546572935 0.0336538461538 0.0949033391916
0 0.869791666667 0.516695957821 0.03125 0.105448154657
0 0.889022435897 0.422671353251 0.0232371794872 0.0720562390158
0 0.863782051282 0.381370826011 0.0224358974359 0.0632688927944
0 0.871394230769 0.326889279438 0.0184294871795 0.0456942003515
0 0.888221153846 0.305799648506 0.0184294871795 0.0527240773286
0 0.870592948718 0.243409490334 0.0136217948718 0.0404217926186
0 0.880208333333 0.231985940246 0.0152243589744 0.0351493848858
0 0.902243589744 0.239015817223 0.0192307692308 0.0456942003515
0 0.903044871795 0.276801405975 0.0128205128205 0.0474516695958
0 0.924278846154 0.358523725835 0.0216346153846 0.0702987697715
0 0.932692307692 0.283831282953 0.0144230769231 0.0509666080844
0 0.953525641026 0.259226713533 0.0144230769231 0.0404217926186
0 0.984375 0.269771528998 0.0120192307692 0.0474516695958
0 0.973557692308 0.333040421793 0.0160256410256 0.0509666080844
0 0.974358974359 0.385764499121 0.0208333333333 0.0579964850615
0 0.950721153846 0.394551845343 0.0216346153846 0.0720562390158
0 0.954326923077 0.495606326889 0.0240384615385 0.091388400703
