0 0.278457196613 0.24132231405 0.0188146754468 0.0363636363636
0 0.29727187206 0.234710743802 0.0188146754468 0.0330578512397
0 0.296331138288 0.260330578512 0.0169332079022 0.0413223140496
0 0.360301034807 0.253719008264 0.0188146754468 0.0413223140496
0 0.382408278457 0.270247933884 0.0159924741298 0.0413223140496
0 0.38570084666 0.220661157025 0.0169332079022 0.0314049586777
0 0.378645343368 0.195041322314 0.0159924741298 0.0297520661157
0 0.369708372531 0.18347107438 0.0188146754468 0.0330578512397
0 0.40545625588 0.161983471074 0.0131702728128 0.0297520661157
0 0.424270931326 0.172727272727 0.0169332079022 0.0280991735537
0 0.434148635936 0.157024793388 0.0122295390405 0.0297520661157
0 0.442144873001 0.146280991736 0.0150517403575 0.0247933884298
0 0.468485418627 0.148760330579 0.0169332079022 0.0264462809917
0 0.481655691439 0.171900826446 0.0169332079022 0.0429752066116
0 0.456726246472 0.197520661157 0.0253998118532 0.0545454545455
0 0.439322671684 0.22479338843 0.0188146754468 0.0363636363636
0 0.503762935089 0.177685950413 0.0159924741298 0.0380165289256
0 0.526340545626 0.195867768595 0.0216368767639 0.0380165289256
0 0.515522107244 0.152066115702 0.0188146754468 0.0363636363636
0 0.508936970837 0.117355371901 0.0150517403575 0.0330578512397
0 0.544684854186 0.114876033058 0.0150517403575 0.0347107438017
0 0.544684854186 0.165289256198 0.0188146754468 0.0396694214876
0 0.564440263405 0.174380165289 0.0169332079022 0.0347107438017
0 0.567732831609 0.129752066116 0.0141110065851 0.0280991735537
0 0.563499529633 0.10826446281 0.00940733772342 0.0214876033058
0 0.585136406397 0.133884297521 0.0131702728128 0.0264462809917
0 0.59219190969 0.117355371901 0.0178739416745 0.0264462809917
0 0.5884289746 0.096694214876 0.0141110065851 0.0214876033058
0 0.608184383819 0.153719008264 0.0197554092192 0.0330578512397
0 0.611947318909 0.133884297521 0.0122295390405 0.0231404958678
0 0.61665098777 0.0933884297521 0.0122295390405 0.0247933884298
0 0.639698965193 0.0942148760331 0.0112888052681 0.0264462809917
0 0.648165569144 0.106611570248 0.0131702728128 0.0314049586777
0 0.656161806209 0.123140495868 0.0141110065851 0.0280991735537
0 0.655691439323 0.160330578512 0.0225776105362 0.0462809917355
0 0.666509877705 0.103305785124 0.0103480714958 0.0247933884298
0 0.698494825964 0.096694214876 0.0141110065851 0.0280991735537
0 0.68062088429 0.155371900826 0.0197554092192 0.0396694214876
0 0.696142991533 0.173553719008 0.0206961429915 0.0396694214876
0 0.675446848542 0.196694214876 0.0188146754468 0.0429752066116
0 0.633584195673 0.194214876033 0.0216368767639 0.0380165289256
0 0.62652869238 0.244628099174 0.0282220131703 0.0528925619835
0 0.558325493885 0.252892561983 0.0291627469426 0.0462809917355
0 0.498118532455 0.300826446281 0.0348071495767 0.0528925619835
0 0.539510818438 0.328925619835 0.0310442144873 0.0595041322314
0 0.607714016933 0.31652892562 0.0319849482596 0.0611570247934
0 0.677328316087 0.288429752066 0.0319849482596 0.0611570247934
0 0.717309501411 0.248760330579 0.0235183443086 0.0545454545455
0 0.745531514581 0.329752066116 0.0366886171214 0.0677685950413
0 0.802445907808 0.369421487603 0.0395108184384 0.0677685950413
0 0.902163687676 0.34958677686 0.035747883349 0.0809917355372
0 0.781749764817 0.260330578512 0.0338664158043 0.0611570247934
0 0.841015992474 0.299173553719 0.030103480715 0.0595041322314
0 0.811853245532 0.232231404959 0.0225776105362 0.0512396694215
0 0.783631232361 0.2 0.0206961429915 0.0462809917355
0 0.757290686736 0.207438016529 0.0225776105362 0.0479338842975
0 0.73095014111 0.182644628099 0.0225776105362 0.0446280991736
0 0.727187206021 0.223966942149 0.0244590780809 0.0512396694215
0 0.731420507996 0.114049586777 0.0159924741298 0.0330578512397
0 0.753527751646 0.12479338843 0.0169332079022 0.0413223140496
0 0.767638758231 0.125619834711 0.0169332079022 0.0330578512397
0 0.786453433678 0.144628099174 0.0188146754468 0.0446280991736
0 0.813734713076 0.147933884298 0.0169332079022 0.0380165289256
0 0.838193791157 0.13305785124 0.0112888052681 0.0314049586777
0 0.840075258702 0.112396694215 0.0150517403575 0.0297520661157
0 0.857008466604 0.161157024793 0.0188146754468 0.0446280991736
0 0.833960489182 0.200826446281 0.0253998118532 0.0512396694215
0 0.86359360301 0.242975206612 0.0263405456256 0.0561983471074
0 0.920507996237 0.273553719008 0.0291627469426 0.0578512396694
0 0.926152398871 0.234710743802 0.0178739416745 0.0429752066116
0 0.92756349953 0.201652892562 0.0150517403575 0.0363636363636
0 0.88570084666 0.194214876033 0.0159924741298 0.0380165289256
0 0.874412041392 0.180165289256 0.0122295390405 0.0330578512397
0 0.8673565381 0.138016528926 0.0131702728128 0.0280991735537
0 0.87347130762 0.119834710744 0.0141110065851 0.0280991735537
0 0.894637817498 0.13305785124 0.0112888052681 0.0280991735537
0 0.90169332079 0.14958677686 0.0197554092192 0.0380165289256
0 0.891815616181 0.165289256198 0.0169332079022 0.0330578512397
0 0.930385700847 0.144628099174 0.0150517403575 0.0314049586777
