0 0.964552238806 0.136666666667 0.0130597014925 0.04
0 0.919309701493 0.19 0.0158582089552 0.04
0 0.875932835821 0.191666666667 0.0130597014925 0.0366666666667
0 0.840485074627 0.186666666667 0.0149253731343 0.0366666666667
0 0.861007462687 0.231666666667 0.0167910447761 0.0433333333333
0 0.791044776119 0.195833333333 0.0167910447761 0.0383333333333
0 0.803638059701 0.130833333333 0.0121268656716 0.025
0 0.742070895522 0.114166666667 0.0121268656716 0.0283333333333
0 0.714085820896 0.139166666667 0.0139925373134 0.0383333333333
0 0.745335820896 0.15 0.0130597014925 0.0333333333333
0 0.746735074627 0.1775 0.017723880597 0.0383333333333
0 0.770055970149 0.308333333333 0.0195895522388 0.0533333333333
0 0.714552238806 0.279166666667 0.0242537313433 0.0583333333333
0 0.686100746269 0.103333333333 0.0121268656716 0.03
0 0.681436567164 0.158333333333 0.0139925373134 0.0433333333333
0 0.690298507463 0.1825 0.0149253731343 0.0416666666667
0 0.715485074627 0.175833333333 0.0149253731343 0.035
0 0.658582089552 0.203333333333 0.0167910447761 0.0466666666667
0 0.659514925373 0.254166666667 0.0186567164179 0.0516666666667
0 0.61473880597 0.203333333333 0.0186567164179 0.05
0 0.567630597015 0.1125 0.0102611940299 0.0216666666667
0 0.613805970149 0.115833333333 0.00932835820896 0.025
0 0.559701492537 0.131666666667 0.0111940298507 0.0266666666667
0 0.576026119403 0.15 0.0121268656716 0.0333333333333
0 0.590018656716 0.1275 0.0102611940299 0.0216666666667
0 0.602611940299 0.1375 0.00932835820896 0.025
0 0.485541044776 0.125 0.0102611940299 0.02
0 0.527052238806 0.139166666667 0.0130597014925 0.0283333333333
0 0.533582089552 0.131666666667 0.0111940298507 0.0266666666667
0 0.434701492537 0.164166666667 0.0130597014925 0.0316666666667
0 0.446361940299 0.195 0.0158582089552 0.0333333333333
0 0.423041044776 0.215833333333 0.0158582089552 0.0383333333333
0 0.449160447761 0.225 0.0158582089552 0.04
0 0.554570895522 0.241666666667 0.017723880597 0.05
0 0.519589552239 0.215 0.0149253731343 0.0433333333333
0 0.497667910448 0.170833333333 0.0139925373134 0.035
0 0.472947761194 0.204166666667 0.0149253731343 0.0283333333333
0 0.381996268657 0.200833333333 0.0121268656716 0.0283333333333
0 0.428171641791 0.285833333333 0.0205223880597 0.055
0 0.303171641791 0.256666666667 0.0149253731343 0.0366666666667
0 0.335820895522 0.2775 0.0149253731343 0.0383333333333
0 0.313899253731 0.284166666667 0.017723880597 0.0383333333333
0 0.598880597015 0.0975 0.00932835820896 0.0216666666667
0 0.47947761194 0.325 0.0223880597015 0.0533333333333
0 0.543843283582 0.301666666667 0.0242537313433 0.0633333333333
0 0.600746268657 0.256666666667 0.0242537313433 0.05
0 0.608208955224 0.301666666667 0.0279850746269 0.07
0 0.20802238806 0.4675 0.0429104477612 0.0883333333333
