0 0.33512195122 0.19298245614 0.0146341463415 0.0280701754386
0 0.479024390244 0.155263157895 0.0175609756098 0.0298245614035
0 0.489268292683 0.20350877193 0.0224390243902 0.0491228070175
0 0.539024390244 0.194736842105 0.0146341463415 0.0385964912281
0 0.542926829268 0.15350877193 0.0185365853659 0.040350877193
0 0.640487804878 0.168421052632 0.020487804878 0.0456140350877
0 0.616585365854 0.197368421053 0.019512195122 0.0438596491228
0 0.683414634146 0.214912280702 0.0146341463415 0.040350877193
0 0.742926829268 0.277192982456 0.0185365853659 0.0491228070175
0 0.776585365854 0.285964912281 0.0292682926829 0.0701754385965
0 0.831707317073 0.256140350877 0.0165853658537 0.0385964912281
0 0.814634146341 0.175438596491 0.019512195122 0.0421052631579
0 0.890243902439 0.259649122807 0.0243902439024 0.059649122807
0 0.940975609756 0.340350877193 0.0321951219512 0.0736842105263
