0 0.400590551181 0.418088737201 0.0511811023622 0.0955631399317
0 0.271653543307 0.220989761092 0.0177165354331 0.0392491467577
0 0.316437007874 0.209044368601 0.0147637795276 0.0290102389078
0 0.329724409449 0.181740614334 0.0157480314961 0.0324232081911
0 0.342027559055 0.209897610922 0.0187007874016 0.0409556313993
0 0.358267716535 0.241467576792 0.0177165354331 0.0392491467577
0 0.370078740157 0.182593856655 0.0157480314961 0.0341296928328
0 0.378937007874 0.190273037543 0.0177165354331 0.0392491467577
0 0.406496062992 0.148464163823 0.011811023622 0.0307167235495
0 0.427165354331 0.144197952218 0.00984251968504 0.0290102389078
0 0.409940944882 0.221843003413 0.0147637795276 0.0409556313993
0 0.420767716535 0.238907849829 0.0187007874016 0.0477815699659
0 0.444881889764 0.184300341297 0.0177165354331 0.0341296928328
0 0.464566929134 0.186860068259 0.0196850393701 0.0358361774744
0 0.445866141732 0.142491467577 0.0137795275591 0.0290102389078
0 0.469980314961 0.122866894198 0.0108267716535 0.0273037542662
0 0.487204724409 0.13566552901 0.011811023622 0.0255972696246
0 0.502460629921 0.111774744027 0.0147637795276 0.018771331058
0 0.504429133858 0.168088737201 0.0167322834646 0.0290102389078
0 0.506397637795 0.137372013652 0.0147637795276 0.0290102389078
0 0.524114173228 0.121160409556 0.0147637795276 0.0204778156997
0 0.524114173228 0.168088737201 0.0167322834646 0.0392491467577
0 0.535433070866 0.147610921502 0.0157480314961 0.0324232081911
0 0.538877952756 0.123720136519 0.0147637795276 0.0221843003413
0 0.565452755906 0.108361774744 0.0108267716535 0.0255972696246
0 0.557086614173 0.148464163823 0.0177165354331 0.0273037542662
0 0.553149606299 0.180887372014 0.0255905511811 0.0477815699659
0 0.577755905512 0.127986348123 0.0236220472441 0.037542662116
0 0.587598425197 0.164675767918 0.0216535433071 0.0358361774744
0 0.572342519685 0.226962457338 0.0246062992126 0.0546075085324
0 0.62155511811 0.237201365188 0.0187007874016 0.0443686006826
0 0.599409448819 0.126279863481 0.0137795275591 0.0238907849829
0 0.611712598425 0.0998293515358 0.0108267716535 0.0221843003413
0 0.623523622047 0.112627986348 0.0108267716535 0.0238907849829
0 0.63188976378 0.0972696245734 0.0137795275591 0.0273037542662
0 0.632874015748 0.144197952218 0.0157480314961 0.0324232081911
0 0.655019685039 0.174914675768 0.0147637795276 0.0358361774744
0 0.658464566929 0.098976109215 0.011811023622 0.0307167235495
0 0.680118110236 0.0998293515358 0.011811023622 0.0290102389078
0 0.711614173228 0.0964163822526 0.011811023622 0.0290102389078
0 0.706200787402 0.168088737201 0.0187007874016 0.0392491467577
0 0.696850393701 0.244027303754 0.0196850393701 0.0477815699659
0 0.674704724409 0.328498293515 0.0246062992126 0.0699658703072
0 0.749507874016 0.367747440273 0.0285433070866 0.0563139931741
0 0.725393700787 0.2295221843 0.0196850393701 0.042662116041
0 0.724901574803 0.169795221843 0.0187007874016 0.0358361774744
0 0.739665354331 0.134812286689 0.0127952755906 0.0341296928328
0 0.757874015748 0.11433447099 0.011811023622 0.0341296928328
0 0.74655511811 0.162116040956 0.0206692913386 0.0409556313993
0 0.764763779528 0.182593856655 0.0255905511811 0.0511945392491
0 0.76968503937 0.240614334471 0.0216535433071 0.037542662116
0 0.787401574803 0.143344709898 0.0334645669291 0.0273037542662
0 0.787401574803 0.121160409556 0.00984251968504 0.0204778156997
0 0.827755905512 0.120307167235 0.0137795275591 0.0290102389078
0 0.807086614173 0.193686006826 0.0196850393701 0.0324232081911
0 0.79625984252 0.162116040956 0.0177165354331 0.0409556313993
0 0.837106299213 0.157849829352 0.0167322834646 0.0358361774744
0 0.822342519685 0.246587030717 0.0226377952756 0.042662116041
0 0.803641732283 0.274744027304 0.0206692913386 0.0546075085324
0 0.852362204724 0.204778156997 0.0196850393701 0.0409556313993
0 0.875984251969 0.170648464164 0.0177165354331 0.0409556313993
0 0.883858267717 0.155290102389 0.00787401574803 0.0307167235495
0 0.89812992126 0.221843003413 0.0187007874016 0.0341296928328
0 0.914862204724 0.186860068259 0.0147637795276 0.0392491467577
0 0.959645669291 0.181740614334 0.011811023622 0.0392491467577
0 0.942913385827 0.20819112628 0.0196850393701 0.0409556313993
0 0.9375 0.238054607509 0.0167322834646 0.042662116041
0 0.927657480315 0.320819112628 0.0226377952756 0.0546075085324
0 0.666830708661 0.21843003413 0.0246062992126 0.0443686006826
0 0.629921259843 0.204778156997 0.0196850393701 0.0409556313993
0 0.684547244094 0.127133105802 0.0226377952756 0.0324232081911
0 0.650098425197 0.137372013652 0.0147637795276 0.0290102389078
0 0.418799212598 0.175767918089 0.0147637795276 0.0273037542662
0 0.917322834646 0.150170648464 0.011811023622 0.0307167235495
0 0.39468503937 0.205631399317 0.0177165354331 0.0563139931741
0 0.813976377953 0.132252559727 0.00984251968504 0.0255972696246
0 0.945374015748 0.185153583618 0.0187007874016 0.0324232081911
0 0.821358267717 0.190273037543 0.0108267716535 0.0358361774744
0 0.849409448819 0.150170648464 0.0137795275591 0.0307167235495
