0 0.21641025641 0.346788990826 0.0533333333333 0.0954128440367
0 0.434871794872 0.215596330275 0.0205128205128 0.0495412844037
0 0.475384615385 0.217431192661 0.0215384615385 0.045871559633
0 0.531282051282 0.191743119266 0.0205128205128 0.0348623853211
0 0.614358974359 0.204587155963 0.0266666666667 0.0532110091743
0 0.625641025641 0.229357798165 0.0225641025641 0.0477064220183
0 0.664102564103 0.21376146789 0.0235897435897 0.0422018348624
0 0.672307692308 0.24128440367 0.0235897435897 0.0495412844037
0 0.667692307692 0.169724770642 0.0205128205128 0.0495412844037
0 0.716923076923 0.203669724771 0.0225641025641 0.0587155963303
0 0.750256410256 0.276146788991 0.0358974358974 0.0752293577982
0 0.718461538462 0.302752293578 0.0317948717949 0.0697247706422
0 0.830769230769 0.262385321101 0.0266666666667 0.0587155963303
0 0.869230769231 0.288990825688 0.025641025641 0.0495412844037
0 0.942051282051 0.404587155963 0.0502564102564 0.100917431193
