0 0.120317820658 0.398390342052 0.0522133938706 0.0965794768612
0 0.27979568672 0.230382293763 0.0238365493757 0.0382293762575
0 0.305334846765 0.223340040241 0.0181611804767 0.0281690140845
0 0.314415437003 0.229376257545 0.0136208853575 0.0321931589537
0 0.33598183882 0.200201207243 0.0181611804767 0.0382293762575
0 0.353007945516 0.223340040241 0.0204313280363 0.0402414486922
0 0.359250851305 0.247484909457 0.0215664018161 0.0442655935614
0 0.361520998865 0.195171026157 0.0170261066969 0.0362173038229
0 0.383654937571 0.217303822938 0.0158910329171 0.0321931589537
0 0.379114642452 0.170020120724 0.0136208853575 0.0261569416499
0 0.410329171396 0.241448692153 0.0192962542565 0.0402414486922
0 0.402383654938 0.174044265594 0.0147559591373 0.0301810865191
0 0.419977298524 0.158953722334 0.011350737798 0.0241448692153
0 0.435300794552 0.160965794769 0.0124858115778 0.0241448692153
0 0.416572077185 0.201207243461 0.0158910329171 0.0321931589537
0 0.433030646992 0.201207243461 0.0124858115778 0.0362173038229
0 0.44438138479 0.189134808853 0.0124858115778 0.0281690140845
0 0.44494892168 0.24245472837 0.0204313280363 0.0422535211268
0 0.471055618615 0.199195171026 0.0204313280363 0.0362173038229
0 0.475028376844 0.192152917505 0.0215664018161 0.0301810865191
0 0.475595913734 0.155935613682 0.0136208853575 0.0301810865191
0 0.485244040863 0.147887323944 0.0124858115778 0.0221327967807
0 0.493757094211 0.160965794769 0.011350737798 0.0362173038229
0 0.49829738933 0.12676056338 0.00908059023837 0.0241448692153
0 0.505675368899 0.151911468813 0.0147559591373 0.0301810865191
0 0.528944381385 0.128772635815 0.0136208853575 0.0241448692153
0 0.543132803632 0.135814889336 0.0124858115778 0.0261569416499
0 0.55675368899 0.131790744467 0.0124858115778 0.0261569416499
0 0.568671963678 0.136820925553 0.0136208853575 0.0321931589537
0 0.537457434733 0.165995975855 0.0170261066969 0.0301810865191
0 0.523836549376 0.181086519115 0.0192962542565 0.0362173038229
0 0.55505107832 0.188128772636 0.0181611804767 0.0382293762575
0 0.570374574347 0.16800804829 0.0147559591373 0.0342052313883
0 0.584562996595 0.177062374245 0.0158910329171 0.0362173038229
0 0.593643586833 0.16800804829 0.0136208853575 0.0261569416499
0 0.602156640182 0.117706237425 0.0102156640182 0.0261569416499
0 0.60896708286 0.139839034205 0.0147559591373 0.0261569416499
0 0.630533484677 0.154929577465 0.0147559591373 0.0321931589537
0 0.626560726447 0.136820925553 0.0136208853575 0.0241448692153
0 0.633371169126 0.11569416499 0.011350737798 0.0221327967807
0 0.657207718502 0.114688128773 0.011350737798 0.0281690140845
0 0.654937570942 0.149899396378 0.0158910329171 0.0301810865191
0 0.656640181612 0.222334004024 0.0192962542565 0.0503018108652
0 0.654370034052 0.188128772636 0.0170261066969 0.0422535211268
0 0.593076049943 0.233400402414 0.0192962542565 0.0482897384306
0 0.636776390465 0.245472837022 0.0227014755959 0.0482897384306
0 0.675936435868 0.112676056338 0.00794551645857 0.0201207243461
0 0.699205448354 0.12676056338 0.011350737798 0.0281690140845
0 0.678206583428 0.136820925553 0.0147559591373 0.0281690140845
0 0.686152099886 0.228370221328 0.0170261066969 0.0422535211268
0 0.680476730988 0.262575452716 0.0192962542565 0.0503018108652
0 0.712826333712 0.324949698189 0.0272417707151 0.0623742454728
0 0.761066969353 0.355130784708 0.0238365493757 0.0663983903421
0 0.713393870602 0.241448692153 0.0192962542565 0.0442655935614
0 0.730419977299 0.147887323944 0.0147559591373 0.0301810865191
0 0.700908059024 0.180080482897 0.0192962542565 0.046277665996
0 0.745175936436 0.187122736419 0.0170261066969 0.0321931589537
0 0.755959137344 0.132796780684 0.011350737798 0.0281690140845
0 0.769012485812 0.129778672032 0.0102156640182 0.0261569416499
0 0.786606129398 0.143863179074 0.0136208853575 0.0261569416499
0 0.803632236095 0.136820925553 0.011350737798 0.0281690140845
0 0.795686719637 0.171026156942 0.0136208853575 0.0321931589537
0 0.800794551646 0.207243460765 0.0170261066969 0.0402414486922
0 0.767309875142 0.236418511066 0.0204313280363 0.046277665996
0 0.793416572077 0.298792756539 0.0272417707151 0.0623742454728
0 0.820658342792 0.136820925553 0.011350737798 0.0241448692153
0 0.842224744608 0.153923541247 0.011350737798 0.0261569416499
0 0.858683314415 0.151911468813 0.0102156640182 0.0301810865191
0 0.828603859251 0.177062374245 0.0136208853575 0.0402414486922
0 0.822928490352 0.200201207243 0.0158910329171 0.0342052313883
0 0.847332576617 0.229376257545 0.0170261066969 0.0442655935614
0 0.828603859251 0.251509054326 0.0227014755959 0.0482897384306
0 0.908059023837 0.158953722334 0.0136208853575 0.0281690140845
0 0.867196367764 0.185110663984 0.0158910329171 0.0362173038229
0 0.905221339387 0.185110663984 0.0147559591373 0.0281690140845
0 0.941543700341 0.183098591549 0.0147559591373 0.0281690140845
0 0.934733257662 0.196177062374 0.0170261066969 0.0261569416499
0 0.937570942111 0.214285714286 0.0136208853575 0.0342052313883
0 0.926787741203 0.24245472837 0.0147559591373 0.0382293762575
0 0.930192962543 0.272635814889 0.0170261066969 0.046277665996
0 0.904086265607 0.226358148893 0.0147559591373 0.0422535211268
0 0.904653802497 0.201207243461 0.0136208853575 0.0362173038229
0 0.893870601589 0.238430583501 0.0192962542565 0.0422535211268
0 0.908059023837 0.334004024145 0.0249716231555 0.0643863179074
