0 0.241343126967 0.386278195489 0.0482686253935 0.0996240601504
0 0.230325288562 0.234962406015 0.0262329485834 0.0451127819549
0 0.340503672613 0.242481203008 0.0178384050367 0.0300751879699
0 0.404512067156 0.186090225564 0.0199370409234 0.0375939849624
0 0.488457502623 0.197368421053 0.0157397691501 0.0300751879699
0 0.51573976915 0.184210526316 0.0178384050367 0.0375939849624
0 0.576600209864 0.307330827068 0.0241343126967 0.0545112781955
0 0.61332633788 0.165413533835 0.0157397691501 0.0263157894737
0 0.837880377754 0.225563909774 0.0199370409234 0.0451127819549
0 0.88667366212 0.146616541353 0.01259181532 0.0300751879699
