0 0.0515521064302 0.373540856031 0.0254988913525 0.0544747081712
0 0.571507760532 0.270428015564 0.0188470066519 0.0466926070039
0 0.560975609756 0.181906614786 0.0177383592018 0.0408560311284
0 0.621951219512 0.195525291829 0.0177383592018 0.0369649805447
0 0.659090909091 0.189688715953 0.0121951219512 0.0330739299611
0 0.677383592018 0.204280155642 0.0155210643016 0.0272373540856
0 0.667405764967 0.343385214008 0.0243902439024 0.056420233463
0 0.674611973392 0.251945525292 0.0210643015521 0.0486381322957
0 0.726718403548 0.27626459144 0.0188470066519 0.0466926070039
0 0.711197339246 0.197470817121 0.0144124168514 0.0330739299611
0 0.75 0.198443579767 0.0188470066519 0.0350194552529
0 0.766075388027 0.251945525292 0.019955654102 0.0408560311284
0 0.823725055432 0.363813229572 0.0266075388027 0.0661478599222
0 0.90243902439 0.444552529183 0.0354767184035 0.068093385214
