0 0.158620689655 0.462543554007 0.0512315270936 0.0923344947735
0 0.335467980296 0.228222996516 0.0147783251232 0.0348432055749
0 0.332512315271 0.196864111498 0.0147783251232 0.0313588850174
0 0.343842364532 0.204703832753 0.0137931034483 0.0296167247387
0 0.408866995074 0.206445993031 0.0177339901478 0.0331010452962
0 0.44236453202 0.22212543554 0.0197044334975 0.0331010452962
0 0.478325123153 0.223867595819 0.0206896551724 0.0365853658537
0 0.415763546798 0.18118466899 0.015763546798 0.0313588850174
0 0.445812807882 0.184668989547 0.0167487684729 0.0313588850174
0 0.466995073892 0.198606271777 0.0177339901478 0.0348432055749
0 0.42315270936 0.157665505226 0.0147783251232 0.0261324041812
0 0.439408866995 0.161149825784 0.015763546798 0.0261324041812
0 0.460098522167 0.145470383275 0.0137931034483 0.0226480836237
0 0.473891625616 0.151567944251 0.015763546798 0.0313588850174
0 0.495566502463 0.162020905923 0.015763546798 0.0348432055749
0 0.498522167488 0.141114982578 0.0137931034483 0.0243902439024
0 0.502463054187 0.126306620209 0.00985221674877 0.0261324041812
0 0.515270935961 0.137630662021 0.0118226600985 0.0278745644599
0 0.52315270936 0.122822299652 0.0118226600985 0.0261324041812
0 0.533497536946 0.1393728223 0.0147783251232 0.0278745644599
0 0.531527093596 0.160278745645 0.0147783251232 0.0313588850174
0 0.53842364532 0.186411149826 0.0167487684729 0.0313588850174
0 0.560098522167 0.164634146341 0.0147783251232 0.0261324041812
0 0.562561576355 0.147212543554 0.015763546798 0.0261324041812
0 0.58275862069 0.115853658537 0.0128078817734 0.0261324041812
0 0.608374384236 0.102787456446 0.0128078817734 0.0209059233449
0 0.600985221675 0.123693379791 0.0118226600985 0.0313588850174
0 0.615270935961 0.121951219512 0.0128078817734 0.0243902439024
0 0.629556650246 0.108013937282 0.00985221674877 0.0278745644599
0 0.592118226601 0.148083623693 0.015763546798 0.0313588850174
0 0.585714285714 0.173344947735 0.0167487684729 0.0365853658537
0 0.569458128079 0.241289198606 0.0216748768473 0.0470383275261
0 0.546798029557 0.296167247387 0.0275862068966 0.0627177700348
0 0.513300492611 0.29181184669 0.0295566502463 0.0540069686411
0 0.61921182266 0.15243902439 0.0147783251232 0.0331010452962
0 0.625123152709 0.20818815331 0.0206896551724 0.0505226480836
0 0.611822660099 0.270905923345 0.023645320197 0.0470383275261
0 0.599014778325 0.30574912892 0.0295566502463 0.0679442508711
0 0.64236453202 0.134146341463 0.0118226600985 0.0209059233449
0 0.653694581281 0.11149825784 0.0108374384236 0.0243902439024
0 0.653201970443 0.142857142857 0.0118226600985 0.0278745644599
0 0.674876847291 0.119337979094 0.00985221674877 0.0226480836237
0 0.681773399015 0.129790940767 0.00985221674877 0.0261324041812
0 0.70197044335 0.133275261324 0.0108374384236 0.0261324041812
0 0.718226600985 0.150696864111 0.0137931034483 0.0331010452962
0 0.702955665025 0.16637630662 0.0147783251232 0.0331010452962
0 0.702463054187 0.192508710801 0.0177339901478 0.0365853658537
0 0.662561576355 0.22212543554 0.0206896551724 0.0435540069686
0 0.651724137931 0.200348432056 0.0187192118227 0.0418118466899
0 0.673891625616 0.278745644599 0.023645320197 0.0452961672474
0 0.67684729064 0.322299651568 0.0275862068966 0.0662020905923
0 0.717733990148 0.237804878049 0.0206896551724 0.0540069686411
0 0.747290640394 0.130662020906 0.0128078817734 0.0313588850174
0 0.753201970443 0.127177700348 0.0108374384236 0.0243902439024
0 0.751231527094 0.15331010453 0.0147783251232 0.0313588850174
0 0.74236453202 0.176829268293 0.0128078817734 0.0365853658537
0 0.760098522167 0.192508710801 0.0167487684729 0.0365853658537
0 0.773891625616 0.141114982578 0.0128078817734 0.0313588850174
0 0.7960591133 0.175958188153 0.0137931034483 0.0313588850174
0 0.783743842365 0.209930313589 0.0187192118227 0.0365853658537
0 0.793596059113 0.288327526132 0.0226600985222 0.0574912891986
0 0.802955665025 0.271777003484 0.0177339901478 0.0487804878049
0 0.807881773399 0.207317073171 0.0137931034483 0.0383275261324
0 0.825123152709 0.18118466899 0.0147783251232 0.0383275261324
0 0.834975369458 0.162020905923 0.0128078817734 0.0348432055749
0 0.846305418719 0.192508710801 0.0137931034483 0.0400696864111
0 0.856650246305 0.182926829268 0.0147783251232 0.0348432055749
0 0.868472906404 0.158536585366 0.0128078817734 0.0348432055749
0 0.827586206897 0.230836236934 0.0177339901478 0.0435540069686
0 0.877832512315 0.149825783972 0.0137931034483 0.0243902439024
0 0.908866995074 0.168118466899 0.0128078817734 0.0331010452962
0 0.90197044335 0.179442508711 0.0108374384236 0.0243902439024
0 0.8960591133 0.195993031359 0.0147783251232 0.0331010452962
0 0.886206896552 0.202090592334 0.0147783251232 0.0313588850174
0 0.874876847291 0.244773519164 0.0197044334975 0.0540069686411
0 0.865024630542 0.273519163763 0.0197044334975 0.0522648083624
0 0.839901477833 0.315331010453 0.0246305418719 0.0522648083624
0 0.828078817734 0.358885017422 0.0246305418719 0.0662020905923
0 0.752709359606 0.341463414634 0.0275862068966 0.0662020905923
0 0.909359605911 0.335365853659 0.0197044334975 0.0574912891986
0 0.926600985222 0.310104529617 0.0206896551724 0.0557491289199
0 0.922167487685 0.254355400697 0.0216748768473 0.0487804878049
0 0.920689655172 0.229094076655 0.0187192118227 0.0400696864111
0 0.941379310345 0.207317073171 0.0147783251232 0.0313588850174
0 0.934975369458 0.18031358885 0.0137931034483 0.0365853658537
