0 0.0879069767442 0.461538461538 0.0474418604651 0.0969899665552
0 0.251162790698 0.285117056856 0.0186046511628 0.0317725752508
0 0.291627906977 0.260033444816 0.0158139534884 0.0351170568562
0 0.302325581395 0.263377926421 0.0167441860465 0.0451505016722
0 0.311627906977 0.299331103679 0.0204651162791 0.0401337792642
0 0.328837209302 0.216555183946 0.0139534883721 0.0317725752508
0 0.352093023256 0.219899665552 0.0139534883721 0.0384615384615
0 0.376744186047 0.263377926421 0.0204651162791 0.0418060200669
0 0.367906976744 0.229933110368 0.0158139534884 0.0351170568562
0 0.367906976744 0.214046822742 0.0139534883721 0.0267558528428
0 0.387441860465 0.198996655518 0.0176744186047 0.0301003344482
0 0.412558139535 0.175585284281 0.0158139534884 0.0301003344482
0 0.415348837209 0.225752508361 0.0176744186047 0.0434782608696
0 0.440465116279 0.163043478261 0.0120930232558 0.0317725752508
0 0.450697674419 0.144648829431 0.0102325581395 0.0250836120401
0 0.45488372093 0.16889632107 0.013023255814 0.0367892976589
0 0.437674418605 0.198996655518 0.0139534883721 0.0334448160535
0 0.443720930233 0.219899665552 0.0148837209302 0.0351170568562
0 0.435813953488 0.260869565217 0.0195348837209 0.0468227424749
0 0.468372093023 0.195652173913 0.0158139534884 0.0367892976589
0 0.471627906977 0.172240802676 0.0148837209302 0.0334448160535
0 0.473023255814 0.150501672241 0.0120930232558 0.0267558528428
0 0.486046511628 0.137123745819 0.0102325581395 0.0234113712375
0 0.50511627907 0.169732441472 0.0167441860465 0.0284280936455
0 0.499069767442 0.191471571906 0.0158139534884 0.0351170568562
0 0.515813953488 0.137123745819 0.0139534883721 0.0267558528428
0 0.532558139535 0.140468227425 0.0139534883721 0.0301003344482
0 0.559534883721 0.117892976589 0.0139534883721 0.0284280936455
0 0.595348837209 0.102842809365 0.013023255814 0.0284280936455
0 0.614418604651 0.108695652174 0.00837209302326 0.0267558528428
0 0.621860465116 0.112040133779 0.0120930232558 0.0367892976589
0 0.638139534884 0.103678929766 0.013023255814 0.0267558528428
0 0.622325581395 0.140468227425 0.0148837209302 0.0334448160535
0 0.56976744186 0.164715719064 0.0158139534884 0.0384615384615
0 0.584651162791 0.133779264214 0.0120930232558 0.0301003344482
0 0.588837209302 0.121237458194 0.0111627906977 0.0250836120401
0 0.553488372093 0.163043478261 0.0148837209302 0.0317725752508
0 0.580930232558 0.15635451505 0.0139534883721 0.0317725752508
0 0.524186046512 0.213210702341 0.0195348837209 0.0384615384615
0 0.504186046512 0.226588628763 0.0204651162791 0.0484949832776
0 0.493488372093 0.282608695652 0.026976744186 0.0535117056856
0 0.538139534884 0.3127090301 0.026976744186 0.0635451505017
0 0.565581395349 0.243311036789 0.0186046511628 0.0484949832776
0 0.607441860465 0.252508361204 0.0223255813953 0.0501672240803
0 0.62976744186 0.190635451505 0.0204651162791 0.0501672240803
0 0.608837209302 0.326086956522 0.026976744186 0.056856187291
0 0.659069767442 0.252508361204 0.0232558139535 0.0501672240803
0 0.651627906977 0.228260869565 0.0176744186047 0.0317725752508
0 0.675348837209 0.116220735786 0.013023255814 0.0317725752508
0 0.697209302326 0.102842809365 0.0120930232558 0.0317725752508
0 0.662325581395 0.169732441472 0.0167441860465 0.0384615384615
0 0.690697674419 0.178093645485 0.0158139534884 0.0351170568562
0 0.692558139535 0.14381270903 0.0158139534884 0.0334448160535
0 0.703255813953 0.144648829431 0.0111627906977 0.0317725752508
0 0.732558139535 0.130434782609 0.0139534883721 0.0267558528428
0 0.727906976744 0.158862876254 0.0139534883721 0.0367892976589
0 0.742325581395 0.185618729097 0.0167441860465 0.0367892976589
0 0.694418604651 0.223244147157 0.0232558139535 0.0484949832776
0 0.751162790698 0.230769230769 0.0195348837209 0.0501672240803
0 0.68 0.33110367893 0.0279069767442 0.0635451505017
0 0.722790697674 0.315217391304 0.0241860465116 0.0518394648829
0 0.783720930233 0.295986622074 0.0232558139535 0.0635451505017
0 0.804186046512 0.235785953177 0.0195348837209 0.0501672240803
0 0.752558139535 0.177257525084 0.0167441860465 0.0367892976589
0 0.744186046512 0.145484949833 0.013023255814 0.0267558528428
0 0.748372093023 0.112876254181 0.0139534883721 0.0250836120401
0 0.765581395349 0.134615384615 0.013023255814 0.0317725752508
0 0.78 0.123745819398 0.0120930232558 0.0334448160535
0 0.795813953488 0.132943143813 0.0120930232558 0.0317725752508
0 0.81488372093 0.127926421405 0.013023255814 0.0250836120401
0 0.796279069767 0.175585284281 0.0167441860465 0.0401337792642
0 0.812093023256 0.167224080268 0.0148837209302 0.0367892976589
0 0.83023255814 0.141304347826 0.0139534883721 0.0317725752508
0 0.842790697674 0.188963210702 0.0167441860465 0.0434782608696
0 0.849302325581 0.163043478261 0.0148837209302 0.0351170568562
0 0.861395348837 0.150501672241 0.0148837209302 0.0301003344482
0 0.862325581395 0.126254180602 0.013023255814 0.0317725752508
0 0.893488372093 0.129598662207 0.0102325581395 0.0317725752508
0 0.893488372093 0.161371237458 0.0120930232558 0.0284280936455
0 0.886511627907 0.175585284281 0.013023255814 0.0367892976589
0 0.878604651163 0.200668896321 0.0158139534884 0.0334448160535
0 0.872558139535 0.228260869565 0.0167441860465 0.0384615384615
0 0.921395348837 0.283444816054 0.0195348837209 0.0518394648829
0 0.93023255814 0.203177257525 0.0148837209302 0.0384615384615
0 0.915348837209 0.183946488294 0.0148837209302 0.0367892976589
0 0.923720930233 0.158026755853 0.0111627906977 0.0317725752508
