0 0.0206841686555 0.390691114245 0.0254574383453 0.0394922425952
0 0.26292760541 0.268688293371 0.0167064439141 0.0380818053597
0 0.27923627685 0.264456981664 0.0222752585521 0.0437235543018
0 0.303898170247 0.2658674189 0.0190930787589 0.0352609308886
0 0.322593476531 0.279971791255 0.024661893397 0.0380818053597
0 0.337708830549 0.213681241185 0.0167064439141 0.0267983074753
0 0.344470962609 0.222143864598 0.0175019888624 0.0409026798307
0 0.391010342084 0.252468265162 0.0214797136038 0.0423131170663
0 0.420843277645 0.27221438646 0.0238663484487 0.0479548660085
0 0.407319013524 0.224259520451 0.0190930787589 0.0394922425952
0 0.396579156722 0.187588152327 0.0151153540175 0.0253878702398
0 0.41169451074 0.178420310296 0.0135242641209 0.0211565585331
0 0.426412092283 0.179830747532 0.0159108989658 0.0296191819464
0 0.437151949085 0.162200282087 0.0167064439141 0.0253878702398
0 0.466189339698 0.14245416079 0.0127287191726 0.0253878702398
0 0.466984884646 0.158674188999 0.0175019888624 0.0296191819464
0 0.488862370724 0.136812411848 0.0119331742243 0.0253878702398
0 0.496817820207 0.131875881523 0.0135242641209 0.0239774330042
0 0.518695306285 0.141748942172 0.0127287191726 0.0296191819464
0 0.523468575975 0.133286318759 0.0127287191726 0.0239774330042
0 0.549323786794 0.147390691114 0.0151153540175 0.0352609308886
0 0.58830548926 0.114950634697 0.0135242641209 0.0296191819464
0 0.645982498011 0.116361071932 0.0143198090692 0.0267983074753
0 0.665871121718 0.114245416079 0.0127287191726 0.0253878702398
0 0.62092283214 0.145980253879 0.0167064439141 0.0296191819464
0 0.64876690533 0.166431593794 0.0198886237072 0.0394922425952
0 0.586714399364 0.165726375176 0.0167064439141 0.0296191819464
0 0.564836913286 0.162200282087 0.0127287191726 0.0253878702398
0 0.546937151949 0.191819464034 0.0167064439141 0.0366713681241
0 0.50676213206 0.189703808181 0.0190930787589 0.0324400564175
0 0.481304693715 0.193229901269 0.0159108989658 0.0253878702398
0 0.473747016706 0.230606488011 0.0198886237072 0.0409026798307
0 0.447494033413 0.223554301834 0.0198886237072 0.0324400564175
0 0.766109785203 0.122708039492 0.0127287191726 0.0253878702398
0 0.748210023866 0.145275035261 0.0151153540175 0.0310296191819
0 0.734685759745 0.157263751763 0.0135242641209 0.0239774330042
0 0.702068416866 0.157968970381 0.0151153540175 0.0282087447109
0 0.710421638823 0.172778561354 0.0175019888624 0.0380818053597
0 0.739459029435 0.189703808181 0.0182975338107 0.0380818053597
0 0.76292760541 0.165726375176 0.0190930787589 0.0296191819464
0 0.803500397772 0.138222849083 0.0159108989658 0.0310296191819
0 0.810660302307 0.172778561354 0.0175019888624 0.0380818053597
0 0.826968973747 0.158674188999 0.0151153540175 0.0380818053597
0 0.838106603023 0.148095909732 0.0135242641209 0.033850493653
0 0.867143993636 0.14245416079 0.0159108989658 0.0282087447109
0 0.843277645187 0.184767277856 0.0175019888624 0.033850493653
0 0.871121718377 0.207334273625 0.0159108989658 0.0394922425952
0 0.884248210024 0.200987306065 0.0119331742243 0.0324400564175
0 0.822593476531 0.212270803949 0.0159108989658 0.0352609308886
0 0.833333333333 0.232722143865 0.0198886237072 0.0423131170663
0 0.871917263325 0.24682651622 0.0190930787589 0.0394922425952
0 0.907716785998 0.270098730606 0.0206841686555 0.0521861777151
0 0.868337311058 0.301833568406 0.0214797136038 0.0451339915374
0 0.787191726333 0.29125528914 0.0230708035004 0.0662905500705
0 0.780429594272 0.210155148096 0.0190930787589 0.0423131170663
0 0.756165473349 0.228490832158 0.0214797136038 0.0423131170663
0 0.711217183771 0.217207334274 0.0206841686555 0.0366713681241
0 0.653142402546 0.218617771509 0.0222752585521 0.033850493653
0 0.610978520286 0.207334273625 0.0222752585521 0.0394922425952
0 0.608989657916 0.241184767278 0.0230708035004 0.0451339915374
0 0.655131264916 0.257404795487 0.0230708035004 0.0465444287729
0 0.703659506762 0.308180535966 0.0278440731901 0.0634696755994
0 0.717183770883 0.286318758815 0.024661893397 0.0564174894217
0 0.741050119332 0.362482369535 0.0326173428799 0.064880112835
0 0.564041368337 0.250352609309 0.0190930787589 0.0465444287729
0 0.547732696897 0.303244005642 0.0262529832936 0.0507757404795
0 0.502386634845 0.301128349788 0.0230708035004 0.0465444287729
0 0.66030230708 0.356135401975 0.0429594272076 0.083215796897
