0 0.117063492063 0.571183533448 0.0293650793651 0.0720411663808
0 0.0686507936508 0.495711835334 0.0246031746032 0.0686106346484
0 0.0642857142857 0.403087478559 0.0238095238095 0.0583190394511
0 0.207142857143 0.43910806175 0.0253968253968 0.065180102916
0 0.222619047619 0.34819897084 0.0214285714286 0.0583190394511
0 0.236507936508 0.309605488851 0.0190476190476 0.0497427101201
0 0.170238095238 0.280445969125 0.0150793650794 0.0497427101201
0 0.122222222222 0.213550600343 0.015873015873 0.0360205831904
0 0.043253968254 0.228987993139 0.0150793650794 0.0394511149228
0 0.0337301587302 0.2512864494 0.0150793650794 0.0360205831904
0 0.15119047619 0.168953687822 0.0150793650794 0.032590051458
0 0.175 0.197255574614 0.0150793650794 0.041166380789
0 0.209920634921 0.144939965695 0.0134920634921 0.0291595197256
0 0.222222222222 0.155231560892 0.0126984126984 0.032590051458
0 0.239285714286 0.139794168096 0.0134920634921 0.032590051458
0 0.28373015873 0.214408233276 0.0166666666667 0.0445969125214
0 0.289285714286 0.186106346484 0.018253968254 0.0360205831904
0 0.301587301587 0.242710120069 0.0174603174603 0.0394511149228
0 0.340476190476 0.227272727273 0.0174603174603 0.0394511149228
0 0.375396825397 0.18782161235 0.0126984126984 0.0360205831904
0 0.399206349206 0.181818181818 0.0126984126984 0.0343053173242
0 0.455555555556 0.283018867925 0.0174603174603 0.0514579759863
0 0.540079365079 0.497427101201 0.0277777777778 0.065180102916
0 0.540079365079 0.314751286449 0.018253968254 0.0566037735849
0 0.664682539683 0.349914236707 0.0214285714286 0.0445969125214
0 0.603571428571 0.264150943396 0.0166666666667 0.0377358490566
0 0.561507936508 0.216123499142 0.0198412698413 0.0445969125214
0 0.698015873016 0.284734133791 0.0198412698413 0.0445969125214
0 0.769047619048 0.380789022298 0.0238095238095 0.0548885077187
0 0.689682539683 0.227272727273 0.0142857142857 0.0360205831904
0 0.763888888889 0.217838765009 0.0150793650794 0.0377358490566
0 0.800396825397 0.247855917667 0.0150793650794 0.0360205831904
0 0.910317460317 0.378216123499 0.0190476190476 0.0463121783877
0 0.841666666667 0.304459691252 0.0150793650794 0.0394511149228
0 0.838095238095 0.289022298456 0.015873015873 0.032590051458
0 0.640476190476 0.167238421955 0.0142857142857 0.0360205831904
0 0.608333333333 0.131217838765 0.0134920634921 0.032590051458
0 0.586111111111 0.150943396226 0.0134920634921 0.0343053173242
0 0.544841269841 0.192967409949 0.0119047619048 0.0360205831904
0 0.552777777778 0.150085763293 0.0103174603175 0.0291595197256
0 0.567063492063 0.11320754717 0.0119047619048 0.0308747855918
0 0.529761904762 0.0951972555746 0.0119047619048 0.032590051458
0 0.488095238095 0.191252144082 0.0142857142857 0.0360205831904
0 0.466666666667 0.234133790738 0.015873015873 0.0428816466552
0 0.465079365079 0.171526586621 0.015873015873 0.0377358490566
0 0.446825396825 0.144939965695 0.0111111111111 0.0394511149228
0 0.460714285714 0.135506003431 0.0119047619048 0.0343053173242
0 0.488095238095 0.127787307033 0.0111111111111 0.0291595197256
0 0.470634920635 0.0909090909091 0.00952380952381 0.0205831903945
0 0.423015873016 0.102915951973 0.0126984126984 0.0308747855918
0 0.397222222222 0.11063464837 0.0134920634921 0.0291595197256
0 0.353968253968 0.103773584906 0.0142857142857 0.032590051458
