0 0.0864045864046 0.466044142615 0.041769041769 0.0899830220713
0 0.182637182637 0.289473684211 0.019656019656 0.0526315789474
0 0.214987714988 0.277589134126 0.017199017199 0.0526315789474
0 0.257575757576 0.235993208829 0.018837018837 0.0407470288625
0 0.298935298935 0.20882852292 0.02457002457 0.0475382003396
0 0.302211302211 0.235993208829 0.01638001638 0.0339558573854
0 0.316134316134 0.215619694397 0.01638001638 0.044142614601
0 0.340704340704 0.20882852292 0.021294021294 0.0543293718166
0 0.382473382473 0.18675721562 0.01638001638 0.0373514431239
0 0.365683865684 0.260611205433 0.023751023751 0.0492359932088
0 0.382473382473 0.241935483871 0.021294021294 0.0424448217317
0 0.429565929566 0.16298811545 0.017199017199 0.0373514431239
0 0.425470925471 0.191001697793 0.018837018837 0.0424448217317
0 0.441031941032 0.161290322581 0.010647010647 0.044142614601
0 0.487714987715 0.153650254669 0.018837018837 0.0492359932088
0 0.486895986896 0.203735144312 0.020475020475 0.0407470288625
0 0.464782964783 0.249575551783 0.017199017199 0.0373514431239
0 0.429975429975 0.311544991511 0.022932022932 0.0492359932088
0 0.512694512695 0.161290322581 0.01638001638 0.044142614601
0 0.546683046683 0.212224108659 0.025389025389 0.0407470288625
0 0.552006552007 0.133276740238 0.019656019656 0.0356536502547
0 0.551597051597 0.164685908319 0.022113022113 0.0373514431239
0 0.572072072072 0.193548387097 0.018837018837 0.0407470288625
0 0.572891072891 0.138370118846 0.020475020475 0.0458404074703
0 0.592137592138 0.121392190153 0.013104013104 0.0356536502547
0 0.627354627355 0.129032258065 0.018018018018 0.044142614601
0 0.603194103194 0.149405772496 0.022113022113 0.0407470288625
0 0.610565110565 0.179117147708 0.018837018837 0.0492359932088
0 0.617526617527 0.199490662139 0.00982800982801 0.0356536502547
0 0.650286650287 0.130730050934 0.018018018018 0.0407470288625
0 0.663390663391 0.12818336163 0.018018018018 0.0424448217317
0 0.65561015561 0.174872665535 0.018837018837 0.0407470288625
0 0.687141687142 0.132427843803 0.018018018018 0.044142614601
0 0.705569205569 0.16298811545 0.017199017199 0.0305602716469
0 0.686322686323 0.175721561969 0.019656019656 0.0390492359932
0 0.691236691237 0.213921901528 0.026208026208 0.044142614601
0 0.669533169533 0.224108658744 0.023751023751 0.0509337860781
0 0.612612612613 0.290322580645 0.026208026208 0.0509337860781
0 0.568796068796 0.333616298812 0.023751023751 0.062818336163
0 0.607698607699 0.381154499151 0.031122031122 0.0594227504244
0 0.658886158886 0.415110356537 0.025389025389 0.062818336163
0 0.724815724816 0.270797962649 0.019656019656 0.0560271646859
0 0.742014742015 0.229202037351 0.021294021294 0.0475382003396
0 0.746928746929 0.293718166384 0.019656019656 0.0373514431239
0 0.730958230958 0.423599320883 0.027027027027 0.0696095076401
0 0.790745290745 0.451612903226 0.025389025389 0.0916808149406
0 0.747747747748 0.196095076401 0.019656019656 0.0458404074703
0 0.769860769861 0.193548387097 0.018018018018 0.0509337860781
0 0.806715806716 0.191001697793 0.018018018018 0.0390492359932
0 0.78705978706 0.209677419355 0.021294021294 0.0356536502547
0 0.796068796069 0.251273344652 0.019656019656 0.0577249575552
0 0.822276822277 0.231748726655 0.019656019656 0.0458404074703
0 0.831695331695 0.218166383701 0.017199017199 0.0458404074703
0 0.813677313677 0.297962648557 0.022113022113 0.0560271646859
0 0.870188370188 0.234295415959 0.023751023751 0.0475382003396
0 0.874283374283 0.228353140917 0.015561015561 0.0390492359932
0 0.904176904177 0.226655348048 0.01638001638 0.0458404074703
0 0.904995904996 0.258913412564 0.013104013104 0.0458404074703
0 0.891072891073 0.280984719864 0.034398034398 0.0526315789474
0 0.873464373464 0.31494057725 0.020475020475 0.0492359932088
0 0.86855036855 0.368421052632 0.022113022113 0.0577249575552
0 0.887387387387 0.405772495756 0.022113022113 0.0645161290323
0 0.934889434889 0.26740237691 0.013923013923 0.0458404074703
0 0.952088452088 0.244482173175 0.017199017199 0.0509337860781
0 0.927518427518 0.343803056027 0.022113022113 0.0424448217317
0 0.986076986077 0.25466893039 0.014742014742 0.044142614601
0 0.981162981163 0.303904923599 0.019656019656 0.044142614601
0 0.976248976249 0.327674023769 0.02457002457 0.0475382003396
0 0.978705978706 0.361629881154 0.02457002457 0.0543293718166
0 0.955773955774 0.381154499151 0.022932022932 0.062818336163
0 0.954954954955 0.477928692699 0.019656019656 0.0662139219015
0 0.855036855037 0.496604414261 0.026208026208 0.0967741935484
0 0.353398853399 0.196943972835 0.025389025389 0.0407470288625
