0 0.342459173871 0.217576791809 0.0201729106628 0.0392491467577
0 0.344380403458 0.266211604096 0.0259365994236 0.0682593856655
0 0.402017291066 0.254266211604 0.0259365994236 0.0443686006826
0 0.417387127762 0.230375426621 0.0182516810759 0.0307167235495
0 0.441882804995 0.226109215017 0.0230547550432 0.0460750853242
0 0.490874159462 0.224402730375 0.0172910662824 0.0460750853242
0 0.482708933718 0.129692832765 0.014409221902 0.0238907849829
0 0.508645533141 0.129692832765 0.0124879923151 0.0238907849829
0 0.522574447646 0.139931740614 0.0153698366955 0.0341296928328
0 0.513448607109 0.17662116041 0.0182516810759 0.0392491467577
0 0.542747358309 0.211604095563 0.0192122958694 0.037542662116
0 0.587896253602 0.17662116041 0.0211335254563 0.0324232081911
0 0.580211335255 0.12457337884 0.0134486071085 0.0238907849829
0 0.605667627281 0.132252559727 0.016330451489 0.0324232081911
0 0.628722382325 0.144197952218 0.014409221902 0.0324232081911
0 0.579731027858 0.253412969283 0.0201729106628 0.0529010238908
0 0.64409221902 0.251706484642 0.0240153698367 0.042662116041
0 0.637848222863 0.233788395904 0.0211335254563 0.0409556313993
0 0.674831892411 0.283276450512 0.0240153698367 0.0443686006826
0 0.732468780019 0.296075085324 0.0259365994236 0.0631399317406
0 0.674831892411 0.194539249147 0.0182516810759 0.037542662116
0 0.697406340058 0.186006825939 0.0172910662824 0.0341296928328
0 0.735830931796 0.186860068259 0.0192122958694 0.0324232081911
0 0.732949087416 0.0776450511945 0.0153698366955 0.0324232081911
0 0.743035542747 0.0776450511945 0.014409221902 0.0255972696246
0 0.764169068204 0.272184300341 0.0259365994236 0.0460750853242
0 0.812199807877 0.282423208191 0.0240153698367 0.0597269624573
0 0.851104707012 0.195392491468 0.0172910662824 0.0290102389078
0 0.843900096061 0.236348122867 0.016330451489 0.0460750853242
0 0.869836695485 0.289249146758 0.0220941402498 0.0494880546075
0 0.856868395773 0.32337883959 0.0268972142171 0.0529010238908
0 0.921229586936 0.360068259386 0.0211335254563 0.0682593856655
0 0.938040345821 0.280716723549 0.0182516810759 0.0529010238908
0 0.937079731028 0.244880546075 0.014409221902 0.0358361774744
0 0.891930835735 0.221843003413 0.0201729106628 0.0409556313993
