0 0.194498069498 0.363865546218 0.0492277992278 0.0857142857143
0 0.278474903475 0.232773109244 0.0202702702703 0.0352941176471
0 0.304536679537 0.233613445378 0.0202702702703 0.036974789916
0 0.328667953668 0.241176470588 0.0202702702703 0.0386554621849
0 0.32722007722 0.197478991597 0.0173745173745 0.0352941176471
0 0.344111969112 0.198319327731 0.0164092664093 0.036974789916
0 0.354247104247 0.256302521008 0.023166023166 0.0420168067227
0 0.380308880309 0.247058823529 0.023166023166 0.0470588235294
0 0.372104247104 0.2 0.0183397683398 0.0403361344538
0 0.386583011583 0.204201680672 0.0183397683398 0.0386554621849
0 0.403957528958 0.223529411765 0.0183397683398 0.036974789916
0 0.415540540541 0.247058823529 0.0241312741313 0.0470588235294
0 0.444498069498 0.227731092437 0.0222007722008 0.0420168067227
0 0.412644787645 0.179831932773 0.0183397683398 0.0336134453782
0 0.421332046332 0.147899159664 0.0106177606178 0.0235294117647
0 0.437258687259 0.17731092437 0.019305019305 0.0386554621849
0 0.47249034749 0.187394957983 0.0183397683398 0.0386554621849
0 0.457528957529 0.155462184874 0.015444015444 0.0285714285714
0 0.471042471042 0.139495798319 0.0173745173745 0.0302521008403
0 0.490347490347 0.141176470588 0.0135135135135 0.0302521008403
0 0.475386100386 0.233613445378 0.0202702702703 0.0436974789916
0 0.485521235521 0.284033613445 0.0289575289575 0.0571428571429
0 0.504343629344 0.2 0.0202702702703 0.0302521008403
0 0.537162162162 0.200840336134 0.0202702702703 0.0352941176471
0 0.523166023166 0.158823529412 0.0173745173745 0.0319327731092
0 0.507722007722 0.147899159664 0.015444015444 0.0336134453782
0 0.508204633205 0.126890756303 0.0144787644788 0.0218487394958
0 0.523166023166 0.13025210084 0.011583011583 0.0252100840336
0 0.54971042471 0.16974789916 0.0164092664093 0.036974789916
0 0.553088803089 0.128571428571 0.0135135135135 0.0252100840336
0 0.569015444015 0.152100840336 0.0144787644788 0.0285714285714
0 0.582528957529 0.174789915966 0.0183397683398 0.0336134453782
0 0.57722007722 0.126890756303 0.0173745173745 0.0319327731092
0 0.592181467181 0.115966386555 0.0106177606178 0.0235294117647
0 0.607142857143 0.124369747899 0.0135135135135 0.0268907563025
0 0.614382239382 0.114285714286 0.0106177606178 0.0201680672269
0 0.622104247104 0.131092436975 0.0125482625483 0.0235294117647
0 0.621621621622 0.152941176471 0.0135135135135 0.0268907563025
0 0.632239382239 0.118487394958 0.0135135135135 0.0319327731092
0 0.656370656371 0.126890756303 0.0135135135135 0.0285714285714
0 0.666988416988 0.141176470588 0.015444015444 0.0302521008403
0 0.684845559846 0.126890756303 0.0164092664093 0.0252100840336
0 0.666505791506 0.110924369748 0.0125482625483 0.0235294117647
0 0.694980694981 0.110084033613 0.011583011583 0.0285714285714
0 0.718629343629 0.109243697479 0.0125482625483 0.0302521008403
0 0.546332046332 0.286554621849 0.030888030888 0.0655462184874
0 0.565637065637 0.252941176471 0.027027027027 0.0487394957983
0 0.604247104247 0.327731092437 0.027027027027 0.0638655462185
0 0.619208494208 0.258823529412 0.0241312741313 0.0504201680672
0 0.625965250965 0.221008403361 0.0202702702703 0.0420168067227
0 0.671814671815 0.284033613445 0.0250965250965 0.0571428571429
0 0.660231660232 0.347899159664 0.030888030888 0.0705882352941
0 0.730212355212 0.371428571429 0.0395752895753 0.0739495798319
0 0.731177606178 0.290756302521 0.0279922779923 0.0571428571429
0 0.72055984556 0.221848739496 0.0241312741313 0.0470588235294
0 0.673745173745 0.195798319328 0.023166023166 0.0420168067227
0 0.704150579151 0.157142857143 0.0164092664093 0.0386554621849
0 0.715733590734 0.185714285714 0.0183397683398 0.0386554621849
0 0.742760617761 0.178151260504 0.0164092664093 0.036974789916
0 0.744691119691 0.145378151261 0.0144787644788 0.0285714285714
0 0.750482625483 0.131932773109 0.0125482625483 0.0218487394958
0 0.759652509653 0.154621848739 0.015444015444 0.0302521008403
0 0.760617760618 0.187394957983 0.0212355212355 0.0420168067227
0 0.760617760618 0.241176470588 0.023166023166 0.0420168067227
0 0.782335907336 0.305042016807 0.0279922779923 0.0655462184874
0 0.810328185328 0.403361344538 0.0318532818533 0.0705882352941
0 0.841698841699 0.310924369748 0.0250965250965 0.0638655462185
0 0.803571428571 0.243697478992 0.0222007722008 0.0403361344538
0 0.805984555985 0.212605042017 0.0173745173745 0.0319327731092
0 0.793436293436 0.158823529412 0.015444015444 0.0352941176471
0 0.791023166023 0.138655462185 0.0144787644788 0.0319327731092
0 0.822393822394 0.161344537815 0.0173745173745 0.036974789916
0 0.877895752896 0.271428571429 0.0241312741313 0.0521008403361
0 0.887548262548 0.248739495798 0.0202702702703 0.0436974789916
0 0.917471042471 0.342857142857 0.0241312741313 0.0638655462185
0 0.900579150579 0.43025210084 0.0289575289575 0.090756302521
0 0.924227799228 0.288235294118 0.0241312741313 0.0487394957983
0 0.928088803089 0.217647058824 0.0202702702703 0.0420168067227
