0 0.16730954677 0.437398373984 0.0453230472517 0.0747967479675
0 0.256509161041 0.268292682927 0.0212150433944 0.0390243902439
0 0.279170684667 0.258536585366 0.0183220829315 0.0357723577236
0 0.304725168756 0.256910569106 0.0173577627772 0.0390243902439
0 0.321118611379 0.265853658537 0.0212150433944 0.0439024390244
0 0.31581485053 0.232520325203 0.016393442623 0.0260162601626
0 0.335583413693 0.221951219512 0.0173577627772 0.0341463414634
0 0.354387656702 0.231707317073 0.0183220829315 0.0373983739837
0 0.367888138862 0.256910569106 0.0260366441659 0.0422764227642
0 0.395371263259 0.291869918699 0.0270009643202 0.0536585365854
0 0.407907425265 0.252845528455 0.0250723240116 0.050406504065
0 0.369816779171 0.20406504065 0.0183220829315 0.0308943089431
0 0.404050144648 0.216260162602 0.023143683703 0.0325203252033
0 0.393442622951 0.184552845528 0.0173577627772 0.0308943089431
0 0.418032786885 0.189430894309 0.0183220829315 0.0308943089431
0 0.444069431051 0.19674796748 0.0202507232401 0.0357723577236
0 0.43924783028 0.240650406504 0.0221793635487 0.0422764227642
0 0.477820636451 0.238211382114 0.0241080038573 0.0439024390244
0 0.487945998071 0.192682926829 0.0212150433944 0.0308943089431
0 0.465766634523 0.171544715447 0.0192864030858 0.0373983739837
0 0.497589199614 0.137398373984 0.0154291224687 0.0243902439024
0 0.50675024108 0.156097560976 0.016393442623 0.0292682926829
0 0.5168756027 0.191869918699 0.0212150433944 0.0357723577236
0 0.54050144648 0.20325203252 0.0221793635487 0.0422764227642
0 0.54725168756 0.165853658537 0.0202507232401 0.0357723577236
0 0.57087753134 0.156910569106 0.0173577627772 0.0276422764228
0 0.57762777242 0.125203252033 0.0154291224687 0.0325203252033
0 0.594021215043 0.171544715447 0.0173577627772 0.0341463414634
0 0.608968177435 0.139024390244 0.0144648023144 0.0276422764228
0 0.608003857281 0.121951219512 0.0125361620058 0.0260162601626
0 0.622950819672 0.135772357724 0.0135004821601 0.0308943089431
0 0.631629701061 0.145528455285 0.0173577627772 0.0341463414634
0 0.654291224687 0.125203252033 0.016393442623 0.0325203252033
0 0.694792671167 0.117073170732 0.016393442623 0.0325203252033
0 0.573288331726 0.242276422764 0.0318225650916 0.0520325203252
0 0.493731918997 0.307317073171 0.0327868852459 0.0617886178862
0 0.5843780135 0.291056910569 0.0327868852459 0.0650406504065
0 0.614754098361 0.334959349593 0.0337512054002 0.0682926829268
0 0.634522661524 0.240650406504 0.0250723240116 0.0520325203252
0 0.632111861138 0.20162601626 0.0221793635487 0.0422764227642
0 0.66730954677 0.212195121951 0.023143683703 0.0471544715447
0 0.677917068467 0.188617886179 0.0212150433944 0.0487804878049
0 0.70781099325 0.19674796748 0.0212150433944 0.0422764227642
0 0.699132111861 0.167479674797 0.0192864030858 0.0325203252033
0 0.729026036644 0.149593495935 0.0173577627772 0.0357723577236
0 0.737704918033 0.173170731707 0.0192864030858 0.0373983739837
0 0.733847637416 0.210569105691 0.023143683703 0.0471544715447
0 0.754098360656 0.20162601626 0.0192864030858 0.0455284552846
0 0.691899710704 0.250406504065 0.0279652844744 0.0552845528455
0 0.745419479267 0.279674796748 0.0289296046287 0.0585365853659
0 0.806653809065 0.291056910569 0.0279652844744 0.0585365853659
0 0.80231436837 0.223577235772 0.0270009643202 0.050406504065
0 0.860655737705 0.343902439024 0.0279652844744 0.0634146341463
0 0.751205400193 0.134146341463 0.0173577627772 0.0308943089431
0 0.78206364513 0.162601626016 0.0154291224687 0.0357723577236
0 0.785920925747 0.139024390244 0.0212150433944 0.0341463414634
0 0.80568948891 0.150406504065 0.016393442623 0.0341463414634
0 0.828833172613 0.179674796748 0.0221793635487 0.0471544715447
0 0.823529411765 0.123577235772 0.0173577627772 0.0357723577236
0 0.856798457088 0.137398373984 0.0183220829315 0.0406504065041
0 0.864513018322 0.186991869919 0.0202507232401 0.0422764227642
0 0.870781099325 0.173983739837 0.0192864030858 0.0357723577236
0 0.849566055931 0.217073170732 0.023143683703 0.0439024390244
0 0.883799421408 0.261788617886 0.0241080038573 0.0552845528455
0 0.946480231437 0.250406504065 0.0241080038573 0.0552845528455
0 0.910800385728 0.20162601626 0.0144648023144 0.0357723577236
0 0.917068466731 0.173983739837 0.0154291224687 0.0292682926829
0 0.919479267117 0.158536585366 0.0144648023144 0.0276422764228
