0 0.178815489749 0.456 0.0592255125285 0.112
0 0.220956719818 0.371 0.0501138952164 0.102
0 0.26423690205 0.211 0.0205011389522 0.046
0 0.330296127563 0.281 0.0250569476082 0.05
0 0.344533029613 0.263 0.0193621867882 0.042
0 0.424259681093 0.277 0.0239179954442 0.042
0 0.412870159453 0.223 0.0216400911162 0.042
0 0.406605922551 0.193 0.0182232346241 0.03
0 0.437927107062 0.228 0.0261958997722 0.044
0 0.449886104784 0.186 0.0159453302961 0.044
0 0.451025056948 0.158 0.0182232346241 0.032
0 0.46583143508 0.158 0.0159453302961 0.036
0 0.46867881549 0.199 0.0216400911162 0.038
0 0.48006833713 0.136 0.0125284738041 0.028
0 0.503986332574 0.18 0.0216400911162 0.044
0 0.53416856492 0.209 0.0273348519362 0.054
0 0.525056947608 0.141 0.0182232346241 0.034
0 0.553530751708 0.151 0.0182232346241 0.034
0 0.558086560364 0.117 0.0159453302961 0.034
0 0.588838268793 0.127 0.0205011389522 0.042
0 0.656036446469 0.084 0.0159453302961 0.036
0 0.696469248292 0.072 0.0193621867882 0.032
0 0.689066059226 0.102 0.0136674259681 0.032
0 0.679954441913 0.161 0.0227790432802 0.05
0 0.615603644647 0.236 0.0284738041002 0.048
0 0.651480637813 0.251 0.0250569476082 0.05
0 0.478359908884 0.328 0.0387243735763 0.08
0 0.710706150342 0.282 0.0273348519362 0.056
0 0.768223234624 0.269 0.0284738041002 0.058
0 0.7215261959 0.165 0.0193621867882 0.042
0 0.70728929385 0.148 0.0205011389522 0.036
0 0.737471526196 0.151 0.0170842824601 0.042
0 0.746583143508 0.112 0.0148063781321 0.036
0 0.748861047836 0.175 0.0193621867882 0.038
0 0.790432801822 0.19 0.0182232346241 0.04
0 0.80410022779 0.134 0.0159453302961 0.028
0 0.850797266515 0.184 0.0182232346241 0.036
0 0.863325740319 0.226 0.0182232346241 0.048
