0 0.105945945946 0.414750957854 0.0497297297297 0.105363984674
0 0.276216216216 0.227011494253 0.0183783783784 0.036398467433
0 0.312432432432 0.218390804598 0.012972972973 0.0344827586207
0 0.325405405405 0.214559386973 0.012972972973 0.0344827586207
0 0.325405405405 0.199233716475 0.0151351351351 0.0344827586207
0 0.348108108108 0.217432950192 0.0151351351351 0.044061302682
0 0.36972972973 0.240421455939 0.0194594594595 0.036398467433
0 0.354594594595 0.184865900383 0.0151351351351 0.036398467433
0 0.376216216216 0.206896551724 0.0172972972973 0.0383141762452
0 0.381621621622 0.16091954023 0.012972972973 0.0268199233716
0 0.392432432432 0.205938697318 0.0151351351351 0.0402298850575
0 0.403783783784 0.228927203065 0.0162162162162 0.0402298850575
0 0.418378378378 0.242337164751 0.0194594594595 0.0478927203065
0 0.42 0.191570881226 0.0162162162162 0.0268199233716
0 0.421081081081 0.154214559387 0.0140540540541 0.0325670498084
0 0.440540540541 0.158045977011 0.0162162162162 0.0287356321839
0 0.442162162162 0.189655172414 0.0172972972973 0.0421455938697
0 0.446486486486 0.209770114943 0.0194594594595 0.0402298850575
0 0.474054054054 0.129310344828 0.0118918918919 0.0249042145594
0 0.485405405405 0.141762452107 0.012972972973 0.0268199233716
0 0.5 0.179118773946 0.0140540540541 0.0325670498084
0 0.529189189189 0.167624521073 0.0162162162162 0.0402298850575
0 0.517297297297 0.159961685824 0.0140540540541 0.0249042145594
0 0.514054054054 0.145593869732 0.0118918918919 0.0229885057471
0 0.514594594595 0.128352490421 0.0108108108108 0.0191570881226
0 0.497837837838 0.11877394636 0.0118918918919 0.0229885057471
0 0.548108108108 0.11877394636 0.012972972973 0.0268199233716
0 0.564864864865 0.140804597701 0.0118918918919 0.0249042145594
0 0.568108108108 0.159961685824 0.0140540540541 0.0325670498084
0 0.555675675676 0.17816091954 0.0172972972973 0.0383141762452
0 0.594594594595 0.159003831418 0.012972972973 0.0306513409962
0 0.608108108108 0.159003831418 0.0162162162162 0.0421455938697
0 0.602162162162 0.111111111111 0.012972972973 0.0229885057471
0 0.624324324324 0.134099616858 0.0140540540541 0.0306513409962
0 0.639459459459 0.145593869732 0.0140540540541 0.0306513409962
0 0.651891891892 0.142720306513 0.0151351351351 0.0287356321839
0 0.66972972973 0.113026819923 0.0118918918919 0.0306513409962
0 0.681081081081 0.103448275862 0.0108108108108 0.0268199233716
0 0.677297297297 0.130268199234 0.0140540540541 0.0268199233716
0 0.708648648649 0.110153256705 0.0118918918919 0.0325670498084
0 0.58972972973 0.218390804598 0.0205405405405 0.0459770114943
0 0.632972972973 0.229885057471 0.0227027027027 0.0574712643678
0 0.645405405405 0.2030651341 0.0172972972973 0.0459770114943
0 0.66972972973 0.168582375479 0.0162162162162 0.0306513409962
0 0.67027027027 0.221264367816 0.0172972972973 0.0478927203065
0 0.684864864865 0.250957854406 0.0227027027027 0.0498084291188
0 0.712432432432 0.318007662835 0.0281081081081 0.0766283524904
0 0.776216216216 0.347701149425 0.0281081081081 0.0593869731801
0 0.795675675676 0.274904214559 0.0216216216216 0.0555555555556
0 0.764864864865 0.241379310345 0.0183783783784 0.0459770114943
0 0.736756756757 0.238505747126 0.0205405405405 0.0402298850575
0 0.721081081081 0.177203065134 0.0151351351351 0.0325670498084
0 0.732432432432 0.17337164751 0.0140540540541 0.0402298850575
0 0.734594594595 0.14367816092 0.0140540540541 0.0344827586207
0 0.747027027027 0.135057471264 0.012972972973 0.0325670498084
0 0.765405405405 0.121647509579 0.012972972973 0.0287356321839
0 0.777297297297 0.138888888889 0.012972972973 0.0325670498084
0 0.8 0.133141762452 0.0108108108108 0.0249042145594
0 0.817837837838 0.132183908046 0.0118918918919 0.0306513409962
0 0.793513513514 0.165708812261 0.012972972973 0.0287356321839
0 0.797837837838 0.196360153257 0.0172972972973 0.044061302682
0 0.753513513514 0.188697318008 0.0151351351351 0.0402298850575
0 0.848648648649 0.147509578544 0.012972972973 0.0306513409962
0 0.826486486486 0.164750957854 0.0140540540541 0.0306513409962
0 0.819459459459 0.199233716475 0.0151351351351 0.0383141762452
0 0.823243243243 0.248084291188 0.0227027027027 0.051724137931
0 0.845405405405 0.211685823755 0.0194594594595 0.044061302682
0 0.872432432432 0.170498084291 0.0151351351351 0.0344827586207
0 0.907567567568 0.151340996169 0.0118918918919 0.0306513409962
0 0.947027027027 0.180076628352 0.0108108108108 0.0306513409962
0 0.903783783784 0.181034482759 0.012972972973 0.036398467433
0 0.907567567568 0.215517241379 0.0162162162162 0.0478927203065
0 0.895135135135 0.227011494253 0.0172972972973 0.044061302682
0 0.939459459459 0.201149425287 0.0151351351351 0.0344827586207
0 0.944864864865 0.216475095785 0.0151351351351 0.0383141762452
0 0.931351351351 0.254789272031 0.0183783783784 0.0574712643678
0 0.915135135135 0.318007662835 0.0227027027027 0.0689655172414
