0 0.130715705765 0.359154929577 0.0367793240557 0.0880281690141
0 0.179920477137 0.325704225352 0.0337972166998 0.080985915493
0 0.228131212724 0.399647887324 0.0407554671968 0.0457746478873
0 0.297216699801 0.213908450704 0.0178926441352 0.0334507042254
0 0.340954274354 0.215669014085 0.0198807157058 0.0334507042254
0 0.368290258449 0.257922535211 0.0208747514911 0.044014084507
0 0.392644135189 0.193661971831 0.0159045725646 0.0316901408451
0 0.420477137177 0.162852112676 0.0119284294235 0.0264084507042
0 0.425447316103 0.268485915493 0.0198807157058 0.0334507042254
0 0.445825049702 0.213908450704 0.0168986083499 0.0404929577465
0 0.441351888668 0.175176056338 0.013916500994 0.0299295774648
0 0.42296222664 0.143485915493 0.0129224652087 0.0193661971831
0 0.466699801193 0.132042253521 0.0109343936382 0.0246478873239
0 0.486083499006 0.135563380282 0.0119284294235 0.0246478873239
0 0.480119284294 0.171654929577 0.0159045725646 0.0334507042254
0 0.502982107356 0.208626760563 0.0159045725646 0.0334507042254
0 0.515407554672 0.183978873239 0.0149105367793 0.0334507042254
0 0.538270377734 0.195422535211 0.0168986083499 0.0352112676056
0 0.532306163022 0.157570422535 0.0129224652087 0.0264084507042
0 0.515904572565 0.12235915493 0.0119284294235 0.0193661971831
0 0.523359840954 0.12764084507 0.0109343936382 0.0228873239437
0 0.542246520875 0.130281690141 0.0129224652087 0.0246478873239
0 0.582007952286 0.121478873239 0.0109343936382 0.0281690140845
0 0.613320079523 0.157570422535 0.0159045725646 0.0264084507042
0 0.604870775348 0.12588028169 0.0109343936382 0.0228873239437
0 0.617296222664 0.133802816901 0.013916500994 0.0281690140845
0 0.610337972167 0.112676056338 0.00994035785288 0.0176056338028
0 0.625745526839 0.111795774648 0.0129224652087 0.0228873239437
0 0.638667992048 0.0977112676056 0.0109343936382 0.0228873239437
0 0.660039761431 0.106514084507 0.0119284294235 0.0228873239437
0 0.682902584493 0.103873239437 0.00994035785288 0.0176056338028
0 0.68041749503 0.115316901408 0.0109343936382 0.0228873239437
0 0.583499005964 0.175176056338 0.0178926441352 0.0264084507042
0 0.57703777336 0.282570422535 0.0248508946322 0.0545774647887
0 0.586978131213 0.25 0.0188866799205 0.0387323943662
0 0.61083499006 0.257922535211 0.0228628230616 0.0475352112676
0 0.648608349901 0.207746478873 0.0168986083499 0.0352112676056
0 0.660039761431 0.201584507042 0.0159045725646 0.0334507042254
0 0.687872763419 0.256161971831 0.0198807157058 0.0404929577465
0 0.711232604374 0.195422535211 0.0168986083499 0.0352112676056
0 0.701789264414 0.167253521127 0.0159045725646 0.0316901408451
0 0.73111332008 0.150528169014 0.0129224652087 0.0264084507042
0 0.754970178926 0.134683098592 0.0109343936382 0.0264084507042
0 0.780815109344 0.0783450704225 0.0109343936382 0.0228873239437
0 0.797216699801 0.154049295775 0.013916500994 0.0299295774648
0 0.745029821074 0.18926056338 0.0188866799205 0.0299295774648
0 0.751491053678 0.199823943662 0.0218687872763 0.0334507042254
0 0.784791252485 0.218309859155 0.0168986083499 0.0316901408451
0 0.751491053678 0.267605633803 0.0198807157058 0.056338028169
0 0.765407554672 0.271126760563 0.0178926441352 0.0352112676056
0 0.802186878728 0.281690140845 0.0238568588469 0.0457746478873
0 0.720675944334 0.232394366197 0.0178926441352 0.0316901408451
0 0.848906560636 0.321302816901 0.0218687872763 0.0475352112676
0 0.91550695825 0.347711267606 0.0218687872763 0.0510563380282
0 0.931908548708 0.3125 0.0228628230616 0.0475352112676
0 0.868787276342 0.286971830986 0.0218687872763 0.0492957746479
0 0.924453280318 0.24911971831 0.0159045725646 0.044014084507
0 0.942345924453 0.240316901408 0.013916500994 0.0334507042254
0 0.945825049702 0.214788732394 0.0149105367793 0.0246478873239
0 0.940854870775 0.18661971831 0.0149105367793 0.0281690140845
0 0.908051689861 0.173415492958 0.0149105367793 0.0299295774648
0 0.892644135189 0.229753521127 0.0178926441352 0.0334507042254
0 0.859840954274 0.197183098592 0.0159045725646 0.0281690140845
0 0.842942345924 0.235915492958 0.0178926441352 0.0387323943662
0 0.848906560636 0.208626760563 0.0159045725646 0.0264084507042
0 0.850894632207 0.150528169014 0.013916500994 0.0264084507042
