0 0.19945105215 0.481451612903 0.0548947849954 0.101612903226
0 0.292772186642 0.470967741935 0.0475754803294 0.1
0 0.315645013724 0.221774193548 0.0256175663312 0.05
0 0.340805123513 0.172580645161 0.0247026532479 0.0516129032258
0 0.426806953339 0.148387096774 0.0173833485819 0.0322580645161
0 0.435041171089 0.170967741935 0.0210430009149 0.0354838709677
0 0.480786825252 0.187096774194 0.0247026532479 0.0387096774194
0 0.475754803294 0.154838709677 0.0201280878317 0.0387096774194
0 0.499085086917 0.145161290323 0.0210430009149 0.0451612903226
0 0.52516010979 0.15564516129 0.0182982616651 0.0403225806452
0 0.547575480329 0.154032258065 0.0155535224154 0.0370967741935
0 0.575022872827 0.15 0.0210430009149 0.0387096774194
0 0.743366880146 0.116935483871 0.0210430009149 0.0403225806452
