0 0.356613756614 0.214018691589 0.0169312169312 0.0317757009346
0 0.42962962963 0.23738317757 0.0232804232804 0.0448598130841
0 0.546560846561 0.141121495327 0.0116402116402 0.0280373831776
0 0.47619047619 0.306542056075 0.0296296296296 0.0598130841121
0 0.534920634921 0.32523364486 0.0243386243386 0.0523364485981
0 0.579365079365 0.392523364486 0.0306878306878 0.0560747663551
0 0.601058201058 0.269158878505 0.0232804232804 0.0523364485981
0 0.752380952381 0.318691588785 0.0296296296296 0.0467289719626
0 0.837566137566 0.28691588785 0.037037037037 0.0878504672897
0 0.896296296296 0.144859813084 0.0126984126984 0.0242990654206
0 0.914814814815 0.157009345794 0.0116402116402 0.0299065420561
