0 0.203149606299 0.410591471802 0.0425196850394 0.0839064649243
0 0.284251968504 0.252407152682 0.0188976377953 0.0343878954608
0 0.296456692913 0.25447042641 0.0196850393701 0.0357634112792
0 0.313779527559 0.222145804677 0.0181102362205 0.0343878954608
0 0.328346456693 0.270288858322 0.0220472440945 0.0481430536451
0 0.350787401575 0.218019257221 0.0196850393701 0.0426409903714
0 0.386220472441 0.259284731774 0.0228346456693 0.0398899587345
0 0.4 0.23658872077 0.0188976377953 0.041265474553
0 0.422440944882 0.265474552957 0.0228346456693 0.041265474553
0 0.433858267717 0.23727647868 0.0188976377953 0.0426409903714
0 0.422047244094 0.194635488308 0.0173228346457 0.0371389270977
0 0.407086614173 0.18431911967 0.0157480314961 0.0302613480055
0 0.393307086614 0.194635488308 0.0165354330709 0.0343878954608
0 0.427165354331 0.164374140303 0.0165354330709 0.0288858321871
0 0.447244094488 0.156121045392 0.0125984251969 0.0343878954608
0 0.466929133858 0.162998624484 0.0157480314961 0.0343878954608
0 0.477559055118 0.218707015131 0.0244094488189 0.0495185694635
0 0.496456692913 0.191196698762 0.0181102362205 0.041265474553
0 0.493700787402 0.139614855571 0.0141732283465 0.0288858321871
0 0.507480314961 0.150618982118 0.0165354330709 0.0288858321871
0 0.52125984252 0.148555708391 0.0173228346457 0.0302613480055
0 0.543700787402 0.19325997249 0.0181102362205 0.0371389270977
0 0.54842519685 0.150618982118 0.0149606299213 0.0233837689133
0 0.559842519685 0.16643741403 0.0173228346457 0.0247592847318
0 0.573228346457 0.14030261348 0.0125984251969 0.0275103163686
0 0.575984251969 0.172627235213 0.0181102362205 0.0371389270977
0 0.606692913386 0.151994497937 0.0133858267717 0.0261348005502
0 0.589763779528 0.1492434663 0.0141732283465 0.0316368638239
0 0.603937007874 0.111416781293 0.0141732283465 0.0247592847318
0 0.624015748031 0.138239339752 0.0181102362205 0.0316368638239
0 0.647244094488 0.121045392022 0.0110236220472 0.0247592847318
0 0.664960629921 0.12242090784 0.0133858267717 0.0330123796424
0 0.553937007874 0.257909215956 0.0259842519685 0.050894085282
0 0.541338582677 0.310178817056 0.0291338582677 0.0618982118294
0 0.497637795276 0.297111416781 0.0299212598425 0.0550206327373
0 0.606299212598 0.211141678129 0.0220472440945 0.0481430536451
0 0.599212598425 0.268913342503 0.0267716535433 0.050894085282
0 0.653937007874 0.218019257221 0.0228346456693 0.0426409903714
0 0.645275590551 0.171251719395 0.0165354330709 0.0398899587345
0 0.687401574803 0.153370013755 0.0188976377953 0.0316368638239
0 0.691732283465 0.197386519945 0.0212598425197 0.0398899587345
0 0.709448818898 0.222145804677 0.0236220472441 0.0481430536451
0 0.664960629921 0.248280605227 0.0244094488189 0.0481430536451
0 0.679527559055 0.309491059147 0.0299212598425 0.060522696011
0 0.707480314961 0.296423658872 0.0259842519685 0.0646492434663
0 0.721653543307 0.154745529574 0.0165354330709 0.0371389270977
0 0.739763779528 0.190508940853 0.0212598425197 0.0426409903714
0 0.753937007874 0.224209078404 0.0228346456693 0.041265474553
0 0.762992125984 0.337001375516 0.0362204724409 0.060522696011
0 0.792913385827 0.288170563961 0.0251968503937 0.0536451169188
0 0.844094488189 0.325309491059 0.0314960629921 0.0563961485557
0 0.805905511811 0.22764786795 0.0228346456693 0.0481430536451
0 0.775984251969 0.208390646492 0.0212598425197 0.0426409903714
0 0.75905511811 0.179504814305 0.0173228346457 0.0398899587345
0 0.758267716535 0.141678129298 0.0204724409449 0.0330123796424
0 0.779527559055 0.161623108666 0.0188976377953 0.0398899587345
0 0.793700787402 0.143741403026 0.0157480314961 0.0343878954608
0 0.803149606299 0.174690508941 0.0173228346457 0.0440165061898
0 0.814566929134 0.156121045392 0.0149606299213 0.0343878954608
0 0.82874015748 0.145804676754 0.0149606299213 0.0330123796424
0 0.864173228346 0.149931224209 0.0133858267717 0.041265474553
0 0.828346456693 0.196698762036 0.0204724409449 0.041265474553
0 0.83188976378 0.231086657497 0.0196850393701 0.0467675378267
0 0.851968503937 0.239339752407 0.0220472440945 0.0522696011004
0 0.875590551181 0.226960110041 0.0188976377953 0.0495185694635
0 0.885433070866 0.202888583219 0.0181102362205 0.0426409903714
0 0.900393700787 0.265474552957 0.0228346456693 0.0632737276479
