0 0.352998065764 0.212068965517 0.0193423597679 0.0413793103448
0 0.404738878143 0.248275862069 0.0222437137331 0.0448275862069
0 0.433268858801 0.21724137931 0.0135396518375 0.0344827586207
0 0.454545454545 0.222413793103 0.0193423597679 0.0413793103448
0 0.513539651838 0.219827586207 0.0193423597679 0.0362068965517
0 0.517408123791 0.183620689655 0.0174081237911 0.0293103448276
0 0.553191489362 0.193103448276 0.0154738878143 0.0379310344828
0 0.59912959381 0.170689655172 0.0203094777563 0.0310344827586
0 0.63829787234 0.137068965517 0.0135396518375 0.0327586206897
0 0.719535783366 0.0629310344828 0.0135396518375 0.0293103448276
0 0.733075435203 0.18275862069 0.0193423597679 0.0413793103448
0 0.681334622824 0.193965517241 0.0183752417795 0.0327586206897
0 0.656189555126 0.256896551724 0.0222437137331 0.0448275862069
0 0.74419729207 0.277586206897 0.0222437137331 0.0551724137931
0 0.793520309478 0.260344827586 0.0203094777563 0.0413793103448
0 0.866054158607 0.343965517241 0.0222437137331 0.05
0 0.887330754352 0.295689655172 0.0183752417795 0.05
0 0.854932301741 0.23275862069 0.0154738878143 0.0379310344828
0 0.866054158607 0.2 0.0145067698259 0.0379310344828
0 0.913442940039 0.224137931034 0.0164410058027 0.0344827586207
0 0.947775628627 0.210344827586 0.0154738878143 0.0379310344828
0 0.95164410058 0.28275862069 0.0174081237911 0.0413793103448
