0 0.168396226415 0.487479131886 0.0405660377358 0.0801335559265
0 0.25 0.262938230384 0.0150943396226 0.0317195325543
0 0.272169811321 0.260434056761 0.0179245283019 0.0333889816361
0 0.291509433962 0.266277128548 0.0188679245283 0.0417362270451
0 0.310377358491 0.267946577629 0.0188679245283 0.0484140233723
0 0.309433962264 0.218697829716 0.0188679245283 0.0333889816361
0 0.329716981132 0.220367278798 0.0179245283019 0.0367278797997
0 0.34858490566 0.220367278798 0.0179245283019 0.0400667779633
0 0.344339622642 0.262103505843 0.0207547169811 0.0400667779633
0 0.368396226415 0.272954924875 0.0179245283019 0.0417362270451
0 0.371698113208 0.186143572621 0.0132075471698 0.0283806343907
0 0.395283018868 0.210350584307 0.0188679245283 0.0333889816361
0 0.404716981132 0.273789649416 0.0245283018868 0.0534223706177
0 0.430188679245 0.237061769616 0.0207547169811 0.0367278797997
0 0.416037735849 0.183639398998 0.0150943396226 0.0300500834725
0 0.401886792453 0.17612687813 0.0150943396226 0.0317195325543
0 0.447641509434 0.186978297162 0.0198113207547 0.0333889816361
0 0.473113207547 0.229549248748 0.0216981132075 0.0450751252087
0 0.480660377358 0.195325542571 0.0160377358491 0.0333889816361
0 0.500471698113 0.19449081803 0.0179245283019 0.0350584307179
0 0.482075471698 0.169449081803 0.0132075471698 0.0283806343907
0 0.471698113208 0.15776293823 0.0169811320755 0.0317195325543
0 0.456603773585 0.143572621035 0.0132075471698 0.0267111853088
0 0.494811320755 0.125208681135 0.0122641509434 0.0267111853088
0 0.53820754717 0.186143572621 0.0179245283019 0.0350584307179
0 0.554716981132 0.156928213689 0.0132075471698 0.0300500834725
0 0.570283018868 0.164440734558 0.0160377358491 0.0383973288815
0 0.565094339623 0.141903171953 0.011320754717 0.0267111853088
0 0.549528301887 0.125208681135 0.0141509433962 0.0300500834725
0 0.575943396226 0.125208681135 0.0122641509434 0.0300500834725
0 0.596226415094 0.134390651085 0.011320754717 0.0283806343907
0 0.612735849057 0.133555926544 0.0141509433962 0.0333889816361
0 0.620754716981 0.141068447412 0.0132075471698 0.0283806343907
0 0.646226415094 0.126043405676 0.011320754717 0.0317195325543
0 0.65 0.108514190317 0.00943396226415 0.0233722871452
0 0.674056603774 0.114357262104 0.0122641509434 0.0283806343907
0 0.627358490566 0.184474123539 0.0169811320755 0.0350584307179
0 0.550943396226 0.24040066778 0.022641509434 0.0467445742905
0 0.491509433962 0.304674457429 0.0301886792453 0.0584307178631
0 0.577358490566 0.287979966611 0.0245283018868 0.0584307178631
0 0.600471698113 0.329716193656 0.0330188679245 0.0684474123539
0 0.619339622642 0.25041736227 0.027358490566 0.0534223706177
0 0.675471698113 0.238731218698 0.0245283018868 0.0500834724541
0 0.671226415094 0.195325542571 0.0198113207547 0.0434056761269
0 0.660849056604 0.171118530885 0.0160377358491 0.0350584307179
0 0.683962264151 0.144407345576 0.0169811320755 0.0350584307179
0 0.704716981132 0.145242070117 0.0132075471698 0.0267111853088
0 0.719811320755 0.160267111853 0.0169811320755 0.0367278797997
0 0.70141509434 0.181135225376 0.0179245283019 0.0383973288815
0 0.717924528302 0.222871452421 0.0264150943396 0.0517529215359
0 0.71320754717 0.273789649416 0.0264150943396 0.0500834724541
0 0.771698113208 0.276293823038 0.022641509434 0.0550918196995
0 0.77641509434 0.226210350584 0.0245283018868 0.0517529215359
0 0.735377358491 0.196160267112 0.0216981132075 0.0484140233723
0 0.757075471698 0.163606010017 0.0160377358491 0.0367278797997
0 0.77358490566 0.183639398998 0.0150943396226 0.0367278797997
0 0.740566037736 0.146076794658 0.0169811320755 0.0317195325543
0 0.739150943396 0.116026711185 0.0141509433962 0.0283806343907
0 0.765094339623 0.12938230384 0.0150943396226 0.0317195325543
0 0.787264150943 0.14858096828 0.0141509433962 0.0333889816361
0 0.803301886792 0.164440734558 0.0179245283019 0.0450751252087
0 0.843867924528 0.338898163606 0.0311320754717 0.0567612687813
0 0.857547169811 0.24958263773 0.0283018867925 0.0550918196995
0 0.85 0.218697829716 0.0245283018868 0.0400667779633
0 0.833962264151 0.145242070117 0.0169811320755 0.0300500834725
0 0.863679245283 0.149415692821 0.0160377358491 0.0383973288815
0 0.879245283019 0.164440734558 0.0132075471698 0.0350584307179
0 0.896226415094 0.151085141903 0.0132075471698 0.0317195325543
0 0.893396226415 0.192821368948 0.0188679245283 0.0383973288815
0 0.919811320755 0.223706176962 0.0169811320755 0.0400667779633
0 0.915566037736 0.265442404007 0.0254716981132 0.0534223706177
