0 0.0684357541899 0.489898989899 0.0456238361266 0.0909090909091
0 0.25791433892 0.270202020202 0.0223463687151 0.0353535353535
0 0.282122905028 0.262626262626 0.0186219739292 0.03367003367
0 0.318901303538 0.240740740741 0.0176908752328 0.040404040404
0 0.325418994413 0.212962962963 0.0158286778399 0.0387205387205
0 0.341247672253 0.218855218855 0.0139664804469 0.040404040404
0 0.337988826816 0.255050505051 0.0186219739292 0.0387205387205
0 0.350558659218 0.261784511785 0.0214152700186 0.0387205387205
0 0.392458100559 0.28367003367 0.0195530726257 0.0454545454545
0 0.380819366853 0.270202020202 0.0186219739292 0.0488215488215
0 0.357076350093 0.222222222222 0.0195530726257 0.040404040404
0 0.377560521415 0.186026936027 0.0139664804469 0.0353535353535
0 0.392923649907 0.214646464646 0.0167597765363 0.0353535353535
0 0.400372439479 0.179292929293 0.0148975791434 0.0286195286195
0 0.416201117318 0.185185185185 0.0148975791434 0.040404040404
0 0.437616387337 0.191919191919 0.0167597765363 0.037037037037
0 0.445530726257 0.218013468013 0.0195530726257 0.0454545454545
0 0.474860335196 0.228114478114 0.0223463687151 0.0420875420875
0 0.474394785847 0.192760942761 0.0176908752328 0.0353535353535
0 0.4604283054 0.140572390572 0.0158286778399 0.0319865319865
0 0.474394785847 0.155723905724 0.0158286778399 0.0319865319865
0 0.491154562384 0.162457912458 0.0158286778399 0.0286195286195
0 0.482774674115 0.128787878788 0.012104283054 0.0252525252525
0 0.50791433892 0.186868686869 0.0176908752328 0.037037037037
0 0.518621973929 0.169191919192 0.0167597765363 0.0286195286195
0 0.536312849162 0.189393939394 0.0186219739292 0.0420875420875
0 0.556331471136 0.240740740741 0.0232774674115 0.0505050505051
0 0.564245810056 0.164983164983 0.0167597765363 0.03367003367
0 0.551675977654 0.159090909091 0.0158286778399 0.0319865319865
0 0.560986964618 0.122053872054 0.0139664804469 0.0319865319865
0 0.587988826816 0.141414141414 0.0139664804469 0.030303030303
0 0.585195530726 0.117003367003 0.012104283054 0.0252525252525
0 0.608938547486 0.148148148148 0.0148975791434 0.030303030303
0 0.614059590317 0.117845117845 0.0158286778399 0.026936026936
0 0.634543761639 0.146464646465 0.0195530726257 0.030303030303
0 0.639199255121 0.117845117845 0.012104283054 0.026936026936
0 0.68156424581 0.123737373737 0.0148975791434 0.0286195286195
0 0.687150837989 0.148148148148 0.0204841713222 0.037037037037
0 0.646182495345 0.18771043771 0.0204841713222 0.0387205387205
0 0.65782122905 0.207912457912 0.0214152700186 0.0454545454545
0 0.501396648045 0.282828282828 0.0270018621974 0.0505050505051
0 0.581936685289 0.292929292929 0.0260707635009 0.0505050505051
0 0.61312849162 0.314814814815 0.0288640595903 0.0572390572391
0 0.623836126629 0.25 0.024208566108 0.0488215488215
0 0.627560521415 0.202861952862 0.0204841713222 0.0353535353535
0 0.671787709497 0.247474747475 0.0232774674115 0.0538720538721
0 0.706703910615 0.218013468013 0.0223463687151 0.0420875420875
0 0.693668528864 0.190235690236 0.0167597765363 0.040404040404
0 0.722532588454 0.169191919192 0.0148975791434 0.0387205387205
0 0.714152700186 0.135521885522 0.0130353817505 0.0319865319865
0 0.730446927374 0.138047138047 0.0158286778399 0.030303030303
0 0.752793296089 0.164983164983 0.0158286778399 0.03367003367
0 0.766759776536 0.189393939394 0.0195530726257 0.0454545454545
0 0.729981378026 0.201178451178 0.0204841713222 0.0454545454545
0 0.77374301676 0.236531986532 0.0223463687151 0.0521885521886
0 0.749534450652 0.294612794613 0.0260707635009 0.0606060606061
0 0.723929236499 0.279461279461 0.0214152700186 0.0505050505051
0 0.83938547486 0.295454545455 0.0232774674115 0.0521885521886
0 0.853817504655 0.244107744108 0.0223463687151 0.0505050505051
0 0.815642458101 0.204545454545 0.0186219739292 0.0420875420875
0 0.794227188082 0.1632996633 0.0167597765363 0.040404040404
0 0.776536312849 0.148148148148 0.0167597765363 0.030303030303
0 0.763966480447 0.124579124579 0.0139664804469 0.030303030303
0 0.753724394786 0.133838383838 0.0158286778399 0.0286195286195
0 0.805400372439 0.124579124579 0.0148975791434 0.023569023569
0 0.822625698324 0.14898989899 0.0139664804469 0.0286195286195
0 0.835195530726 0.175925925926 0.0186219739292 0.0420875420875
0 0.849162011173 0.151515151515 0.0130353817505 0.030303030303
0 0.882681564246 0.203703703704 0.0167597765363 0.040404040404
0 0.901769087523 0.212962962963 0.0158286778399 0.0454545454545
0 0.92364990689 0.26430976431 0.024208566108 0.0606060606061
0 0.88687150838 0.169191919192 0.0176908752328 0.0387205387205
