0 0.235557768924 0.41134751773 0.0627490039841 0.13475177305
0 0.371015936255 0.465425531915 0.0707171314741 0.136524822695
0 0.245517928287 0.164893617021 0.0229083665339 0.0425531914894
0 0.405876494024 0.199468085106 0.0229083665339 0.0443262411348
0 0.433764940239 0.199468085106 0.0189243027888 0.040780141844
0 0.441733067729 0.256205673759 0.0209163346614 0.0478723404255
0 0.464641434263 0.221631205674 0.0229083665339 0.0460992907801
0 0.488545816733 0.208333333333 0.0229083665339 0.0443262411348
0 0.562250996016 0.183510638298 0.0268924302789 0.0585106382979
0 0.639442231076 0.22695035461 0.0258964143426 0.0567375886525
0 0.591135458167 0.102836879433 0.0149402390438 0.031914893617
0 0.611055776892 0.0939716312057 0.0149402390438 0.0283687943262
0 0.634462151394 0.11524822695 0.0159362549801 0.031914893617
0 0.660358565737 0.109042553191 0.0119521912351 0.0301418439716
