0 0.817238627294 0.38920056101 0.0303272146848 0.0883590462833
0 0.87629688747 0.0960729312763 0.0143655227454 0.0294530154278
0 0.911811652035 0.142356241234 0.0151636073424 0.0350631136045
0 0.567438148444 0.118513323983 0.0127693535515 0.0238429172511
0 0.572226656026 0.173913043478 0.0191540303272 0.0336605890603
0 0.493615323224 0.155680224404 0.0119712689545 0.0196353436185
0 0.504389465283 0.20126227209 0.0175578611333 0.0378681626928
0 0.332003192338 0.211079943899 0.0159616919393 0.0322580645161
0 0.359138068635 0.212482468443 0.0159616919393 0.0350631136045
0 0.385873902634 0.301542776999 0.0215482841181 0.0476858345021
