0 0.0423861852433 0.583041958042 0.043956043956 0.113636363636
0 0.211930926217 0.302447552448 0.0188383045526 0.0454545454545
0 0.273155416013 0.26048951049 0.0156985871272 0.048951048951
0 0.323390894819 0.248251748252 0.0172684458399 0.0384615384615
0 0.32967032967 0.217657342657 0.0235478806907 0.0472027972028
0 0.344583987441 0.242132867133 0.0156985871272 0.0472027972028
0 0.365777080063 0.218531468531 0.0125588697017 0.0314685314685
0 0.365777080063 0.201923076923 0.0125588697017 0.0332167832168
0 0.381868131868 0.285839160839 0.0211930926217 0.0506993006993
0 0.405023547881 0.199300699301 0.0156985871272 0.041958041958
0 0.411302982732 0.250874125874 0.0188383045526 0.0472027972028
0 0.447017268446 0.316433566434 0.0211930926217 0.0594405594406
0 0.447409733124 0.198426573427 0.0156985871272 0.0402097902098
0 0.481946624804 0.266608391608 0.0235478806907 0.0611888111888
0 0.487833594976 0.179195804196 0.0164835164835 0.0506993006993
0 0.507456828885 0.160839160839 0.0180533751962 0.034965034965
0 0.506671899529 0.214160839161 0.0196232339089 0.0506993006993
0 0.467425431711 0.174825174825 0.0164835164835 0.0454545454545
0 0.5431711146 0.16958041958 0.0172684458399 0.034965034965
0 0.562009419152 0.236888111888 0.0204081632653 0.0437062937063
0 0.565934065934 0.15034965035 0.0235478806907 0.0454545454545
0 0.55808477237 0.167832167832 0.0141287284144 0.0384615384615
0 0.587127158556 0.141608391608 0.0156985871272 0.041958041958
0 0.584379905808 0.211538461538 0.0180533751962 0.0384615384615
0 0.594583987441 0.168706293706 0.0117739403454 0.0506993006993
0 0.603218210361 0.137237762238 0.0149136577708 0.0402097902098
0 0.640894819466 0.131118881119 0.0149136577708 0.0384615384615
0 0.636185243328 0.213286713287 0.0211930926217 0.041958041958
0 0.675039246468 0.134615384615 0.0172684458399 0.0454545454545
0 0.666405023548 0.188811188811 0.0156985871272 0.041958041958
0 0.700549450549 0.140734265734 0.0211930926217 0.0402097902098
0 0.693485086342 0.162587412587 0.0164835164835 0.0384615384615
0 0.721350078493 0.159965034965 0.0172684458399 0.0472027972028
0 0.622056514914 0.302447552448 0.0211930926217 0.0629370629371
0 0.565149136578 0.362762237762 0.0251177394035 0.0506993006993
0 0.61852433281 0.380244755245 0.0235478806907 0.0576923076923
0 0.664835164835 0.421328671329 0.0266875981162 0.0559440559441
0 0.666405023548 0.266608391608 0.0251177394035 0.0541958041958
0 0.718995290424 0.227272727273 0.0204081632653 0.0454545454545
0 0.717425431711 0.303321678322 0.0188383045526 0.0472027972028
0 0.747645211931 0.212412587413 0.0149136577708 0.0541958041958
0 0.785714285714 0.18006993007 0.0156985871272 0.0454545454545
0 0.813971742543 0.199300699301 0.0156985871272 0.0384615384615
0 0.784929356358 0.222902097902 0.0188383045526 0.0367132867133
0 0.772370486656 0.295454545455 0.0204081632653 0.0524475524476
0 0.735871271586 0.40472027972 0.0274725274725 0.0541958041958
0 0.805729984301 0.464160839161 0.0274725274725 0.0821678321678
0 0.819466248038 0.311188811189 0.0172684458399 0.0594405594406
0 0.830062794349 0.229020979021 0.0164835164835 0.048951048951
0 0.875588697017 0.246503496503 0.0164835164835 0.048951048951
0 0.865777080063 0.355769230769 0.0235478806907 0.0646853146853
0 0.895211930926 0.436188811189 0.0164835164835 0.0611888111888
0 0.863029827316 0.537587412587 0.0368916797488 0.103146853147
0 0.908555729984 0.25 0.0133437990581 0.041958041958
0 0.894034536892 0.289335664336 0.0156985871272 0.0506993006993
0 0.923076923077 0.340909090909 0.0141287284144 0.0454545454545
0 0.937205651491 0.27972027972 0.0141287284144 0.041958041958
0 0.952119309262 0.269230769231 0.0172684458399 0.041958041958
0 0.985478806907 0.271853146853 0.0196232339089 0.0472027972028
0 0.976059654631 0.317307692308 0.0133437990581 0.0402097902098
0 0.965070643642 0.393356643357 0.0227629513344 0.0594405594406
0 0.958006279435 0.457167832168 0.0243328100471 0.0541958041958
0 0.75863422292 0.243881118881 0.0274725274725 0.0576923076923
0 0.7931711146 0.26486013986 0.0180533751962 0.0367132867133
0 0.616169544741 0.187937062937 0.0141287284144 0.0472027972028
0 0.62715855573 0.164335664336 0.0204081632653 0.0384615384615
0 0.426609105181 0.186188811189 0.0149136577708 0.0332167832168
