0 0.129682997118 0.22402044293 0.0172910662824 0.0323679727428
0 0.12199807877 0.252981260647 0.0192122958694 0.0391822827939
0 0.170989433237 0.231686541738 0.0192122958694 0.0408858603066
0 0.209894332373 0.431856899489 0.0355427473583 0.076660988075
0 0.298270893372 0.201873935264 0.0201729106628 0.0289608177172
0 0.309798270893 0.212095400341 0.0105667627281 0.0289608177172
0 0.344380403458 0.222316865417 0.016330451489 0.0425894378194
0 0.411143131604 0.239352640545 0.0153698366955 0.0391822827939
0 0.435158501441 0.150766609881 0.0115273775216 0.0221465076661
0 0.451969260327 0.0962521294719 0.014409221902 0.0255536626917
0 0.472622478386 0.158432708688 0.0153698366955 0.0340715502555
0 0.482228626321 0.184838160136 0.0153698366955 0.0289608177172
0 0.497598463016 0.157580919932 0.0115273775216 0.0323679727428
0 0.556676272815 0.189097103918 0.014409221902 0.0374787052811
0 0.628242074928 0.26405451448 0.0172910662824 0.0408858603066
0 0.895773294909 0.20272572402 0.0182516810759 0.0442930153322
0 0.884726224784 0.249574105622 0.0211335254563 0.0391822827939
0 0.917867435159 0.244463373083 0.014409221902 0.0391822827939
0 0.934197886647 0.207836456559 0.016330451489 0.0408858603066
0 0.953890489914 0.232538330494 0.0211335254563 0.0562180579216
0 0.424111431316 0.152470187394 0.016330451489 0.0323679727428
