0 0.182505399568 0.45703125 0.0388768898488 0.08203125
0 0.270518358531 0.22265625 0.024838012959 0.046875
0 0.307235421166 0.220703125 0.0183585313175 0.04296875
0 0.333693304536 0.1826171875 0.0151187904968 0.037109375
0 0.348272138229 0.1845703125 0.0161987041037 0.033203125
0 0.348812095032 0.2158203125 0.0215982721382 0.041015625
0 0.38444924406 0.2724609375 0.0259179265659 0.056640625
0 0.368250539957 0.2421875 0.0194384449244 0.0390625
0 0.386609071274 0.2001953125 0.0215982721382 0.044921875
0 0.396328293737 0.2294921875 0.0259179265659 0.033203125
0 0.409827213823 0.1982421875 0.0161987041037 0.041015625
0 0.390928725702 0.154296875 0.0129589632829 0.02734375
0 0.413606911447 0.1572265625 0.0151187904968 0.029296875
0 0.438444924406 0.14453125 0.0129589632829 0.03515625
0 0.439524838013 0.185546875 0.0172786177106 0.0390625
0 0.460583153348 0.2001953125 0.0183585313175 0.037109375
0 0.473542116631 0.126953125 0.0161987041037 0.02734375
0 0.478401727862 0.1416015625 0.0129589632829 0.029296875
0 0.488120950324 0.15234375 0.0129589632829 0.02734375
0 0.497840172786 0.1748046875 0.0172786177106 0.037109375
0 0.519438444924 0.1796875 0.0172786177106 0.0390625
0 0.507019438445 0.1484375 0.0140388768898 0.02734375
0 0.492440604752 0.109375 0.0129589632829 0.0234375
0 0.513498920086 0.123046875 0.0140388768898 0.03515625
0 0.56101511879 0.181640625 0.0161987041037 0.0390625
0 0.553455723542 0.1689453125 0.0183585313175 0.037109375
0 0.54373650108 0.142578125 0.0161987041037 0.02734375
0 0.559935205184 0.146484375 0.0161987041037 0.03125
0 0.551835853132 0.1201171875 0.0129589632829 0.025390625
0 0.58909287257 0.1552734375 0.0183585313175 0.033203125
0 0.589632829374 0.1025390625 0.0129589632829 0.025390625
0 0.622570194384 0.134765625 0.011879049676 0.03125
0 0.640388768898 0.1533203125 0.0129589632829 0.033203125
0 0.664146868251 0.1123046875 0.0151187904968 0.041015625
0 0.677105831533 0.1015625 0.0151187904968 0.03515625
0 0.690064794816 0.12109375 0.0172786177106 0.03515625
0 0.698164146868 0.1015625 0.0183585313175 0.03515625
0 0.670626349892 0.1728515625 0.0194384449244 0.033203125
0 0.64848812095 0.142578125 0.0140388768898 0.03515625
0 0.591252699784 0.2236328125 0.0269978401728 0.044921875
0 0.633369330454 0.2294921875 0.0226781857451 0.044921875
0 0.642548596112 0.1923828125 0.0215982721382 0.041015625
0 0.67818574514 0.2109375 0.0194384449244 0.0390625
0 0.683045356371 0.251953125 0.0313174946004 0.05078125
0 0.696004319654 0.3115234375 0.0377969762419 0.076171875
0 0.761339092873 0.3505859375 0.0302375809935 0.068359375
0 0.789956803456 0.2890625 0.0269978401728 0.05859375
0 0.759719222462 0.2421875 0.0313174946004 0.05859375
0 0.731101511879 0.22265625 0.0237580993521 0.05078125
0 0.715442764579 0.181640625 0.0226781857451 0.046875
0 0.726781857451 0.140625 0.0172786177106 0.0390625
0 0.727321814255 0.1748046875 0.0183585313175 0.033203125
0 0.748920086393 0.1875 0.0183585313175 0.0390625
0 0.744060475162 0.1298828125 0.0151187904968 0.029296875
0 0.761879049676 0.1220703125 0.011879049676 0.037109375
0 0.775917926566 0.140625 0.0140388768898 0.03515625
0 0.783477321814 0.15625 0.0140388768898 0.03125
0 0.798056155508 0.1240234375 0.0151187904968 0.033203125
0 0.808855291577 0.1298828125 0.0151187904968 0.037109375
0 0.83909287257 0.1572265625 0.0151187904968 0.037109375
0 0.821274298056 0.17578125 0.0161987041037 0.0390625
0 0.79373650108 0.203125 0.0172786177106 0.0390625
0 0.808855291577 0.2001953125 0.0237580993521 0.041015625
0 0.82505399568 0.2490234375 0.0194384449244 0.044921875
0 0.841252699784 0.2236328125 0.0215982721382 0.041015625
0 0.914686825054 0.3427734375 0.0345572354212 0.076171875
0 0.890928725702 0.228515625 0.0194384449244 0.046875
0 0.924406047516 0.2578125 0.0215982721382 0.0546875
0 0.940064794816 0.220703125 0.0183585313175 0.04296875
0 0.929265658747 0.1953125 0.0161987041037 0.04296875
0 0.94222462203 0.18359375 0.0183585313175 0.04296875
0 0.904427645788 0.18359375 0.0205183585313 0.046875
0 0.864470842333 0.1708984375 0.0161987041037 0.037109375
