0 0.0911458333333 0.25046728972 0.015625 0.0299065420561
0 0.194791666667 0.357943925234 0.0354166666667 0.0728971962617
0 0.2203125 0.336448598131 0.0427083333333 0.0859813084112
0 0.208333333333 0.260747663551 0.0354166666667 0.0616822429907
0 0.229166666667 0.199065420561 0.0229166666667 0.0467289719626
0 0.276041666667 0.157943925234 0.0229166666667 0.0467289719626
0 0.344791666667 0.200934579439 0.01875 0.0429906542056
0 0.363020833333 0.208411214953 0.021875 0.0429906542056
0 0.391145833333 0.196261682243 0.0197916666667 0.0411214953271
0 0.4359375 0.240186915888 0.0322916666667 0.0654205607477
0 0.4359375 0.180373831776 0.0260416666667 0.0579439252336
0 0.422916666667 0.145794392523 0.01875 0.0411214953271
0 0.3984375 0.140186915888 0.021875 0.0373831775701
0 0.380729166667 0.153271028037 0.0177083333333 0.0373831775701
0 0.455208333333 0.151401869159 0.01875 0.0411214953271
0 0.475 0.202803738318 0.025 0.0616822429907
0 0.488541666667 0.135514018692 0.01875 0.0467289719626
0 0.472395833333 0.124299065421 0.0135416666667 0.0317757009346
0 0.508854166667 0.12523364486 0.0135416666667 0.0299065420561
0 0.527604166667 0.154205607477 0.015625 0.0429906542056
0 0.5484375 0.177570093458 0.0177083333333 0.0411214953271
0 0.554166666667 0.157943925234 0.01875 0.0355140186916
0 0.540625 0.13738317757 0.0166666666667 0.0280373831776
0 0.5328125 0.0644859813084 0.0135416666667 0.0242990654206
0 0.547395833333 0.0616822429907 0.0135416666667 0.0224299065421
0 0.567708333333 0.0654205607477 0.0166666666667 0.0261682242991
0 0.581770833333 0.154205607477 0.0177083333333 0.0355140186916
0 0.628125 0.147663551402 0.0229166666667 0.0485981308411
0 0.6296875 0.11308411215 0.0197916666667 0.0317757009346
0 0.663541666667 0.11308411215 0.01875 0.0392523364486
0 0.6828125 0.114953271028 0.015625 0.0355140186916
0 0.6953125 0.0981308411215 0.0177083333333 0.0317757009346
0 0.731770833333 0.0869158878505 0.0177083333333 0.0317757009346
0 0.697916666667 0.157943925234 0.0145833333333 0.0355140186916
0 0.709895833333 0.178504672897 0.0197916666667 0.0392523364486
0 0.619791666667 0.266355140187 0.0270833333333 0.0579439252336
0 0.416666666667 0.363551401869 0.0520833333333 0.0953271028037
0 0.694270833333 0.308411214953 0.0322916666667 0.0710280373832
0 0.729166666667 0.297196261682 0.0229166666667 0.0485981308411
0 0.753125 0.260747663551 0.0229166666667 0.0504672897196
0 0.7484375 0.200934579439 0.021875 0.0504672897196
0 0.7375 0.157009345794 0.0166666666667 0.0336448598131
0 0.75 0.128971962617 0.01875 0.0373831775701
0 0.764583333333 0.167289719626 0.0166666666667 0.0392523364486
0 0.7828125 0.128971962617 0.0197916666667 0.0373831775701
0 0.806770833333 0.154205607477 0.0177083333333 0.0355140186916
0 0.8 0.210280373832 0.0166666666667 0.0355140186916
0 0.736979166667 0.37476635514 0.034375 0.0803738317757
0 0.819791666667 0.377570093458 0.03125 0.0710280373832
0 0.865625 0.441121495327 0.0395833333333 0.0897196261682
0 0.853125 0.306542056075 0.025 0.0635514018692
0 0.809375 0.256074766355 0.025 0.0485981308411
0 0.875520833333 0.185981308411 0.028125 0.0616822429907
0 0.925520833333 0.298130841121 0.028125 0.0654205607477
0 0.938541666667 0.172897196262 0.025 0.0579439252336
