0 0.918001885014 0.149093904448 0.0113100848256 0.0214168039539
0 0.944863336475 0.154036243822 0.00848256361923 0.0247116968699
0 0.775683317625 0.323723228995 0.0282752120641 0.0510708401977
0 0.496229971725 0.315485996705 0.0254476908577 0.0510708401977
0 0.548539114043 0.330313014827 0.0226201696513 0.0576606260297
0 0.595664467484 0.390444810544 0.0282752120641 0.0560131795717
0 0.619227144204 0.275123558484 0.0207351555137 0.0527182866557
0 0.552780395853 0.138385502471 0.0122525918944 0.0296540362438
0 0.561734213007 0.1392092257 0.0113100848256 0.0280065897858
0 0.0688030160226 0.337726523888 0.0150801131008 0.0296540362438
0 0.123468426013 0.315485996705 0.0150801131008 0.0378912685338
