0 0.158943466172 0.353278688525 0.0305838739574 0.0639344262295
0 0.282205746061 0.249180327869 0.0120481927711 0.0262295081967
0 0.303985171455 0.240983606557 0.0111214087118 0.0327868852459
0 0.299814643188 0.274590163934 0.0139017608897 0.0245901639344
0 0.356348470806 0.268852459016 0.017608897127 0.0393442622951
0 0.377664504171 0.285245901639 0.0194624652456 0.0426229508197
0 0.367469879518 0.196721311475 0.0157553290083 0.0295081967213
0 0.384615384615 0.230327868852 0.0166821130677 0.0311475409836
0 0.396200185357 0.198360655738 0.0139017608897 0.0295081967213
0 0.443002780352 0.227868852459 0.0185356811863 0.0393442622951
0 0.472196478221 0.233606557377 0.0194624652456 0.0377049180328
0 0.511584800741 0.210655737705 0.0166821130677 0.0377049180328
0 0.544485634847 0.183606557377 0.0139017608897 0.0295081967213
0 0.617701575533 0.105737704918 0.0101946246525 0.0213114754098
0 0.641797961075 0.10737704918 0.0120481927711 0.0245901639344
0 0.673772011121 0.104918032787 0.0111214087118 0.0262295081967
0 0.698795180723 0.105737704918 0.0111214087118 0.0245901639344
0 0.485171455051 0.324590163934 0.0305838739574 0.055737704918
0 0.56811862836 0.252459016393 0.0185356811863 0.0459016393443
0 0.566265060241 0.300819672131 0.0203892493049 0.0540983606557
0 0.601019462465 0.330327868852 0.0231696014829 0.0639344262295
0 0.627432808156 0.212295081967 0.014828544949 0.0344262295082
0 0.625115848007 0.260655737705 0.0194624652456 0.0426229508197
0 0.657553290083 0.214754098361 0.0194624652456 0.0360655737705
0 0.660797034291 0.173770491803 0.014828544949 0.0327868852459
0 0.680259499537 0.186885245902 0.0166821130677 0.0426229508197
0 0.687210379981 0.314754098361 0.032437442076 0.0622950819672
0 0.741890639481 0.120491803279 0.0120481927711 0.0311475409836
0 0.726135310473 0.195081967213 0.0213160333642 0.0491803278689
0 0.720574606117 0.275409836066 0.0213160333642 0.0524590163934
0 0.775254865616 0.161475409836 0.0157553290083 0.0344262295082
0 0.765987025023 0.218852459016 0.0139017608897 0.044262295082
0 0.780815569972 0.208196721311 0.0157553290083 0.0393442622951
0 0.75718257646 0.332786885246 0.0296570898981 0.0655737704918
0 0.789620018536 0.283606557377 0.0185356811863 0.0491803278689
0 0.805838739574 0.241803278689 0.0157553290083 0.0475409836066
0 0.793327154773 0.397540983607 0.0240963855422 0.0704918032787
0 0.827618164968 0.316393442623 0.0222428174235 0.0590163934426
0 0.906394810009 0.436885245902 0.0296570898981 0.0770491803279
0 0.902687673772 0.324590163934 0.0203892493049 0.0590163934426
0 0.867469879518 0.26393442623 0.0185356811863 0.0426229508197
0 0.874884151993 0.204918032787 0.0185356811863 0.0459016393443
0 0.927247451344 0.247540983607 0.0213160333642 0.0360655737705
0 0.917052826691 0.216393442623 0.0139017608897 0.0327868852459
0 0.79749768304 0.158196721311 0.0157553290083 0.0311475409836
0 0.820203892493 0.140983606557 0.0129749768304 0.0327868852459
0 0.833178869323 0.14262295082 0.0111214087118 0.0327868852459
0 0.85171455051 0.174590163934 0.014828544949 0.0311475409836
0 0.860518999073 0.136885245902 0.0120481927711 0.0344262295082
0 0.900834105653 0.149180327869 0.0111214087118 0.0262295081967
0 0.923540315107 0.158196721311 0.0120481927711 0.0213114754098
0 0.855421686747 0.147540983607 0.00926784059314 0.0262295081967
0 0.82437442076 0.211475409836 0.017608897127 0.0426229508197
0 0.765523632994 0.131967213115 0.0111214087118 0.0311475409836
0 0.753938832252 0.146721311475 0.0157553290083 0.0377049180328
0 0.613531047266 0.140983606557 0.0129749768304 0.0295081967213
0 0.595922150139 0.108196721311 0.00926784059314 0.0262295081967
0 0.587581093605 0.123770491803 0.0111214087118 0.0245901639344
0 0.556533827618 0.122950819672 0.0101946246525 0.0262295081967
0 0.563948100093 0.134426229508 0.0120481927711 0.0262295081967
0 0.582020389249 0.14262295082 0.0129749768304 0.0327868852459
0 0.575996292864 0.168852459016 0.0139017608897 0.0327868852459
0 0.597312326228 0.165573770492 0.0157553290083 0.0295081967213
0 0.51343836886 0.150819672131 0.0129749768304 0.0262295081967
0 0.524559777572 0.173770491803 0.014828544949 0.0327868852459
0 0.449490268767 0.166393442623 0.0129749768304 0.0245901639344
0 0.487951807229 0.172950819672 0.0139017608897 0.0311475409836
0 0.484244670992 0.197540983607 0.0157553290083 0.0377049180328
0 0.413809082484 0.175409836066 0.0101946246525 0.0229508196721
0 0.644578313253 0.138524590164 0.00834105653383 0.027868852459
0 0.908248378128 0.272131147541 0.0166821130677 0.0491803278689
