0 0.0451127819549 0.368552412646 0.0225563909774 0.0415973377704
0 0.046992481203 0.355241264559 0.015037593985 0.0282861896839
0 0.218045112782 0.351913477537 0.0488721804511 0.0915141430948
0 0.262218045113 0.281198003328 0.0206766917293 0.0399334442596
0 0.302161654135 0.25540765391 0.0216165413534 0.0415973377704
0 0.321898496241 0.276206322795 0.0216165413534 0.0432612312812
0 0.352913533835 0.285357737105 0.0234962406015 0.0415973377704
0 0.335996240602 0.240432612313 0.0197368421053 0.0382695507488
0 0.328947368421 0.212978369384 0.015037593985 0.026622296173
0 0.352443609023 0.208818635607 0.0169172932331 0.0349417637271
0 0.381578947368 0.217970049917 0.0169172932331 0.0399334442596
0 0.392387218045 0.196339434276 0.0197368421053 0.0399334442596
0 0.428101503759 0.262895174709 0.0253759398496 0.0532445923461
0 0.429981203008 0.221297836938 0.0253759398496 0.0366056572379
0 0.415413533835 0.169717138103 0.0169172932331 0.0366056572379
0 0.447838345865 0.191347753744 0.0140977443609 0.0366056572379
0 0.463345864662 0.209650582363 0.0169172932331 0.0432612312812
0 0.458176691729 0.168053244592 0.0216165413534 0.0332778702163
0 0.481672932331 0.241264559068 0.0291353383459 0.0465890183028
0 0.480263157895 0.0840266222962 0.0131578947368 0.0316139767055
0 0.484492481203 0.165557404326 0.015977443609 0.0316139767055
0 0.507518796992 0.147254575707 0.015037593985 0.0282861896839
0 0.523496240602 0.148086522463 0.015037593985 0.0366056572379
0 0.540883458647 0.128119800333 0.015977443609 0.0332778702163
0 0.542293233083 0.167221297837 0.0169172932331 0.0349417637271
0 0.544642857143 0.201331114809 0.0234962406015 0.0366056572379
0 0.574718045113 0.176372712146 0.0178571428571 0.0399334442596
0 0.5625 0.142262895175 0.015977443609 0.0349417637271
0 0.585056390977 0.138935108153 0.015977443609 0.0316139767055
0 0.602913533835 0.118968386023 0.0234962406015 0.0316139767055
0 0.604323308271 0.150582362729 0.0187969924812 0.0382695507488
0 0.62030075188 0.102329450915 0.0131578947368 0.0282861896839
0 0.647556390977 0.106489184692 0.0131578947368 0.0299500831947
0 0.677631578947 0.118968386023 0.0131578947368 0.0316139767055
0 0.68515037594 0.0923460898502 0.0131578947368 0.0249584026622
0 0.655545112782 0.165557404326 0.0234962406015 0.044925124792
0 0.617481203008 0.210482529118 0.0281954887218 0.0549084858569
0 0.574248120301 0.245424292845 0.0244360902256 0.0549084858569
0 0.5 0.309484193012 0.031954887218 0.0665557404326
0 0.615131578947 0.328618968386 0.031015037594 0.0715474209651
0 0.612781954887 0.267886855241 0.0300751879699 0.0599001663894
0 0.667293233083 0.292845257903 0.0300751879699 0.063227953411
0 0.68280075188 0.338602329451 0.0291353383459 0.0615640599002
0 0.668703007519 0.211314475874 0.0253759398496 0.0565723793677
0 0.705357142857 0.206322795341 0.0253759398496 0.0465890183028
0 0.714755639098 0.181364392679 0.0197368421053 0.0432612312812
0 0.701127819549 0.157237936772 0.0169172932331 0.0382695507488
0 0.715695488722 0.139767054908 0.015977443609 0.0432612312812
0 0.736842105263 0.161397670549 0.0206766917293 0.0366056572379
0 0.749530075188 0.191347753744 0.0178571428571 0.0366056572379
0 0.760338345865 0.162229617304 0.0187969924812 0.044925124792
0 0.765977443609 0.129783693844 0.015037593985 0.0332778702163
0 0.74530075188 0.120632279534 0.0131578947368 0.0316139767055
0 0.748120300752 0.0981697171381 0.0112781954887 0.026622296173
0 0.781015037594 0.126455906822 0.0131578947368 0.0299500831947
0 0.789473684211 0.11231281198 0.0112781954887 0.0282861896839
0 0.809680451128 0.128119800333 0.015977443609 0.0366056572379
0 0.800751879699 0.180532445923 0.0206766917293 0.044925124792
0 0.757518796992 0.251247920133 0.0300751879699 0.0499168053245
0 0.753289473684 0.280366056572 0.0253759398496 0.0515806988353
0 0.789473684211 0.302828618968 0.031954887218 0.063227953411
0 0.876879699248 0.23544093178 0.0244360902256 0.0482529118136
0 0.933740601504 0.272878535774 0.0216165413534 0.0499168053245
0 0.937030075188 0.197171381032 0.0206766917293 0.0482529118136
0 0.936560150376 0.149750415973 0.015977443609 0.0366056572379
0 0.908834586466 0.190515806988 0.0187969924812 0.044925124792
0 0.901315789474 0.128119800333 0.0112781954887 0.0299500831947
0 0.872180451128 0.144758735441 0.015037593985 0.0366056572379
0 0.851503759398 0.197171381032 0.0187969924812 0.0349417637271
0 0.828477443609 0.162229617304 0.015977443609 0.0316139767055
0 0.839285714286 0.131447587354 0.0169172932331 0.0432612312812
