0 0.156784492588 0.365853658537 0.0353477765108 0.0772357723577
0 0.325541619156 0.231707317073 0.0216647662486 0.0447154471545
0 0.343785632839 0.196138211382 0.0148232611174 0.0426829268293
0 0.355758266819 0.213414634146 0.018244013683 0.0365853658537
0 0.416761687571 0.205284552846 0.0193842645382 0.0406504065041
0 0.42645381984 0.180894308943 0.018244013683 0.0406504065041
0 0.45267958951 0.215447154472 0.0205245153934 0.0447154471545
0 0.488027366021 0.228658536585 0.0205245153934 0.0508130081301
0 0.4834663626 0.184959349593 0.0159635119726 0.0365853658537
0 0.450399087799 0.15243902439 0.0159635119726 0.0325203252033
0 0.473774230331 0.14837398374 0.0125427594071 0.0325203252033
0 0.481755986317 0.134146341463 0.0148232611174 0.0284552845528
0 0.498859749145 0.151422764228 0.0171037628278 0.030487804878
0 0.510262257697 0.140243902439 0.0125427594071 0.0243902439024
0 0.5165336374 0.158536585366 0.0159635119726 0.0284552845528
0 0.519954389966 0.119918699187 0.0114025085519 0.0243902439024
0 0.537058152794 0.149390243902 0.0159635119726 0.030487804878
0 0.558722919042 0.121951219512 0.0114025085519 0.0284552845528
0 0.549600912201 0.188008130081 0.018244013683 0.0467479674797
0 0.555302166477 0.163617886179 0.0159635119726 0.0386178861789
0 0.570695553022 0.160569105691 0.0148232611174 0.0325203252033
0 0.591220068415 0.17581300813 0.0171037628278 0.0386178861789
0 0.589509692132 0.116869918699 0.0136830102623 0.0345528455285
0 0.60661345496 0.140243902439 0.0136830102623 0.0325203252033
0 0.611174458381 0.099593495935 0.0114025085519 0.0284552845528
0 0.643671607754 0.119918699187 0.0125427594071 0.0243902439024
0 0.636830102623 0.145325203252 0.0125427594071 0.0264227642276
0 0.653363740023 0.149390243902 0.0159635119726 0.0345528455285
0 0.661345496009 0.131097560976 0.0136830102623 0.030487804878
0 0.666476624857 0.114837398374 0.0148232611174 0.030487804878
0 0.652223489168 0.106707317073 0.0114025085519 0.0223577235772
0 0.69441277081 0.122967479675 0.0136830102623 0.0264227642276
0 0.710376282782 0.12906504065 0.0114025085519 0.0264227642276
0 0.529076396807 0.271341463415 0.0250855188141 0.0508130081301
0 0.594070695553 0.287601626016 0.0205245153934 0.0508130081301
0 0.605473204105 0.309959349593 0.0296465222349 0.0670731707317
0 0.657924743444 0.339430894309 0.0296465222349 0.0772357723577
0 0.603192702395 0.235772357724 0.0250855188141 0.0528455284553
0 0.63511972634 0.251016260163 0.0228050171038 0.0467479674797
0 0.633409350057 0.206300813008 0.0193842645382 0.0426829268293
0 0.671607753706 0.224593495935 0.0205245153934 0.0548780487805
0 0.673888255416 0.17987804878 0.018244013683 0.0386178861789
0 0.708095781072 0.17987804878 0.018244013683 0.0386178861789
0 0.724629418472 0.231707317073 0.0216647662486 0.0447154471545
0 0.693842645382 0.397357723577 0.0330672748005 0.0711382113821
0 0.745724059293 0.170731707317 0.018244013683 0.0406504065041
0 0.759977194983 0.130081300813 0.0148232611174 0.0406504065041
0 0.77023945268 0.146341463415 0.0148232611174 0.0365853658537
0 0.786202964652 0.143292682927 0.0171037628278 0.0345528455285
0 0.781641961231 0.180894308943 0.0171037628278 0.0406504065041
0 0.80102622577 0.20325203252 0.0193842645382 0.0528455284553
0 0.802166476625 0.168699186992 0.0125427594071 0.0284552845528
0 0.818700114025 0.193089430894 0.0159635119726 0.0406504065041
0 0.836944127708 0.173780487805 0.0136830102623 0.030487804878
0 0.846636259977 0.159552845528 0.0125427594071 0.030487804878
0 0.855188141391 0.188008130081 0.0159635119726 0.0426829268293
0 0.84606613455 0.218495934959 0.018244013683 0.0467479674797
0 0.820410490308 0.259146341463 0.0216647662486 0.0548780487805
0 0.780501710376 0.27743902439 0.0262257696693 0.0630081300813
0 0.818129988597 0.367886178862 0.0353477765108 0.0691056910569
0 0.845496009122 0.298780487805 0.0285062713797 0.0609756097561
0 0.877423033067 0.27337398374 0.023945267959 0.0548780487805
0 0.889395667047 0.22662601626 0.018244013683 0.0426829268293
0 0.871151653364 0.185975609756 0.0136830102623 0.030487804878
0 0.875142531357 0.164634146341 0.0125427594071 0.0243902439024
0 0.880273660205 0.151422764228 0.0136830102623 0.0264227642276
0 0.900228050171 0.196138211382 0.0171037628278 0.0386178861789
0 0.92189281642 0.180894308943 0.0125427594071 0.0365853658537
0 0.930444697834 0.278455284553 0.0228050171038 0.0487804878049
0 0.915051311288 0.334349593496 0.023945267959 0.0508130081301
0 0.915051311288 0.39837398374 0.0285062713797 0.0731707317073
0 0.92645381984 0.239837398374 0.0171037628278 0.0406504065041
0 0.940136830103 0.233739837398 0.0171037628278 0.0365853658537
0 0.955530216648 0.185975609756 0.0159635119726 0.0386178861789
0 0.687001140251 0.281504065041 0.0285062713797 0.0508130081301
