0 0.197219361483 0.357933579336 0.0401647785788 0.0738007380074
0 0.312049433574 0.231549815498 0.0205973223481 0.0387453874539
0 0.32955715757 0.194649446494 0.0185375901133 0.0350553505535
0 0.347064881565 0.200184501845 0.0164778578785 0.0313653136531
0 0.415036045314 0.193726937269 0.0164778578785 0.0369003690037
0 0.421215242019 0.171586715867 0.0144181256437 0.0258302583026
0 0.418125643666 0.15405904059 0.0144181256437 0.0239852398524
0 0.453656024717 0.149446494465 0.0154479917611 0.0258302583026
0 0.442842430484 0.20295202952 0.0205973223481 0.0369003690037
0 0.469618949537 0.192804428044 0.0164778578785 0.0350553505535
0 0.4763130793 0.218634686347 0.0216271884655 0.0461254612546
0 0.470133882595 0.131918819188 0.0133882595263 0.0239852398524
0 0.485066941298 0.142988929889 0.0144181256437 0.0276752767528
0 0.502059732235 0.131918819188 0.0133882595263 0.0239852398524
0 0.511328527291 0.112546125461 0.0133882595263 0.0221402214022
0 0.511328527291 0.154981549815 0.0113285272915 0.0258302583026
0 0.53192584964 0.14852398524 0.0154479917611 0.0276752767528
0 0.532955715757 0.119003690037 0.0113285272915 0.020295202952
0 0.544284243048 0.126383763838 0.0113285272915 0.0239852398524
0 0.557672502575 0.131918819188 0.0113285272915 0.0239852398524
0 0.570030895984 0.132841328413 0.0133882595263 0.0221402214022
0 0.581359423275 0.112546125461 0.0133882595263 0.0221402214022
0 0.566426364573 0.175276752768 0.0144181256437 0.0332103321033
0 0.58341915551 0.169741697417 0.0154479917611 0.0332103321033
0 0.529866117405 0.265682656827 0.0216271884655 0.0479704797048
0 0.592173017508 0.228782287823 0.0185375901133 0.0369003690037
0 0.593202883625 0.288745387454 0.0247167868177 0.0461254612546
0 0.625643666323 0.289667896679 0.0298661174047 0.0590405904059
0 0.634397528321 0.235239852399 0.0185375901133 0.0350553505535
0 0.631822863028 0.19557195572 0.0195674562307 0.0405904059041
0 0.664778578785 0.205719557196 0.0195674562307 0.0350553505535
0 0.666323377961 0.174354243542 0.0164778578785 0.0313653136531
0 0.693099897013 0.119926199262 0.0123583934089 0.0258302583026
0 0.701338825953 0.114391143911 0.0123583934089 0.0184501845018
0 0.686920700309 0.119003690037 0.010298661174 0.0166051660517
0 0.657569515963 0.105166051661 0.0113285272915 0.0221402214022
0 0.642636457261 0.108856088561 0.010298661174 0.0221402214022
0 0.629248197734 0.140221402214 0.0144181256437 0.0221402214022
0 0.628218331617 0.0968634686347 0.0123583934089 0.0239852398524
0 0.610195674562 0.119926199262 0.0113285272915 0.0258302583026
0 0.600411946447 0.134686346863 0.0144181256437 0.0258302583026
0 0.710607621009 0.184501845018 0.0164778578785 0.0405904059041
0 0.705973223481 0.157749077491 0.0133882595263 0.0239852398524
0 0.740473738414 0.15221402214 0.0144181256437 0.0313653136531
0 0.750772399588 0.144833948339 0.0144181256437 0.0239852398524
0 0.743563336766 0.125461254613 0.0144181256437 0.0258302583026
0 0.764675592173 0.128228782288 0.0113285272915 0.0276752767528
0 0.777548918641 0.126383763838 0.010298661174 0.0239852398524
0 0.712152420185 0.25184501845 0.0195674562307 0.0424354243542
0 0.691555097837 0.308118081181 0.0257466529351 0.0627306273063
0 0.654479917611 0.273062730627 0.0216271884655 0.0479704797048
0 0.791452111226 0.194649446494 0.0175077239959 0.0424354243542
0 0.787332646756 0.166974169742 0.0154479917611 0.0313653136531
0 0.804840370752 0.166974169742 0.0133882595263 0.0313653136531
0 0.816168898043 0.180811808118 0.0133882595263 0.0332103321033
0 0.828527291452 0.169741697417 0.0133882595263 0.029520295203
0 0.834191555098 0.205719557196 0.0164778578785 0.0387453874539
0 0.80947476828 0.260147601476 0.0205973223481 0.0479704797048
0 0.788877445932 0.284132841328 0.0226570545829 0.0479704797048
0 0.765190525232 0.375461254613 0.0288362512873 0.0682656826568
0 0.828012358393 0.359778597786 0.0267765190525 0.0664206642066
0 0.846035015448 0.320110701107 0.0216271884655 0.049815498155
0 0.855303810505 0.260147601476 0.0195674562307 0.0479704797048
0 0.910401647786 0.384686346863 0.0247167868177 0.0645756457565
0 0.921215242019 0.327490774908 0.0278063851699 0.049815498155
0 0.940267765191 0.273985239852 0.0226570545829 0.0424354243542
0 0.914006179197 0.231549815498 0.0175077239959 0.0387453874539
0 0.883110195675 0.225092250923 0.0154479917611 0.0369003690037
0 0.887229660144 0.198339483395 0.0195674562307 0.0350553505535
0 0.865602471679 0.174354243542 0.0133882595263 0.0313653136531
0 0.850669412976 0.185424354244 0.0164778578785 0.0313653136531
0 0.850669412976 0.145756457565 0.0123583934089 0.0258302583026
0 0.878475798146 0.147601476015 0.0123583934089 0.0258302583026
0 0.875901132853 0.158671586716 0.0133882595263 0.0258302583026
0 0.915550978373 0.166974169742 0.0144181256437 0.0350553505535
0 0.940782698249 0.180811808118 0.0133882595263 0.029520295203
0 0.939237899073 0.20295202952 0.0144181256437 0.029520295203
