0 0.380841121495 0.181818181818 0.0140186915888 0.0247933884298
0 0.419976635514 0.171487603306 0.0105140186916 0.0289256198347
0 0.509345794393 0.186983471074 0.0163551401869 0.0392561983471
0 0.504088785047 0.128099173554 0.0105140186916 0.0247933884298
0 0.526285046729 0.132231404959 0.0128504672897 0.0289256198347
0 0.544976635514 0.147727272727 0.0128504672897 0.0268595041322
0 0.5625 0.120867768595 0.0105140186916 0.0227272727273
0 0.578271028037 0.145661157025 0.0116822429907 0.0309917355372
0 0.605140186916 0.130165289256 0.0140186915888 0.0330578512397
0 0.602803738318 0.159090909091 0.0140186915888 0.0330578512397
0 0.629672897196 0.14152892562 0.0140186915888 0.0268595041322
0 0.636682242991 0.127066115702 0.0140186915888 0.0268595041322
0 0.658294392523 0.127066115702 0.0128504672897 0.0309917355372
0 0.682242990654 0.112603305785 0.00934579439252 0.0268595041322
0 0.707943925234 0.126033057851 0.00934579439252 0.0247933884298
0 0.627920560748 0.22520661157 0.0151869158879 0.0330578512397
0 0.664719626168 0.191115702479 0.0163551401869 0.0351239669421
0 0.67464953271 0.231404958678 0.017523364486 0.0454545454545
0 0.720210280374 0.239669421488 0.0198598130841 0.0495867768595
0 0.703271028037 0.172520661157 0.0116822429907 0.0309917355372
0 0.716705607477 0.188016528926 0.0151869158879 0.0371900826446
0 0.736565420561 0.150826446281 0.0128504672897 0.0330578512397
0 0.743574766355 0.176652892562 0.0151869158879 0.0351239669421
0 0.757009345794 0.134297520661 0.0116822429907 0.0247933884298
0 0.778037383178 0.146694214876 0.0140186915888 0.0330578512397
0 0.776869158879 0.185950413223 0.0163551401869 0.0330578512397
0 0.802570093458 0.169421487603 0.0116822429907 0.0330578512397
0 0.793808411215 0.215909090909 0.017523364486 0.0392561983471
0 0.827102803738 0.140495867769 0.0116822429907 0.0289256198347
0 0.83761682243 0.191115702479 0.0140186915888 0.0351239669421
0 0.877336448598 0.278925619835 0.018691588785 0.0537190082645
0 0.904789719626 0.212809917355 0.0105140186916 0.0330578512397
0 0.922313084112 0.178719008264 0.0105140186916 0.0268595041322
0 0.939836448598 0.177685950413 0.0105140186916 0.0247933884298
0 0.939836448598 0.213842975207 0.0128504672897 0.0268595041322
0 0.936331775701 0.240702479339 0.0151869158879 0.0309917355372
0 0.815420560748 0.159090909091 0.0116822429907 0.0330578512397
0 0.431658878505 0.152892561983 0.0105140186916 0.0289256198347
0 0.445093457944 0.172520661157 0.0116822429907 0.0309917355372
0 0.453855140187 0.151859504132 0.0105140186916 0.0268595041322
0 0.46261682243 0.170454545455 0.0116822429907 0.0309917355372
0 0.482476635514 0.179752066116 0.0210280373832 0.0454545454545
