0 0.872366288493 0.252747252747 0.0105348460292 0.0274725274725
0 0.833873581848 0.253434065934 0.0113452188006 0.0288461538462
0 0.84602917342 0.26717032967 0.0113452188006 0.0315934065934
0 0.888168557536 0.276098901099 0.0129659643436 0.0302197802198
0 0.87925445705 0.309065934066 0.0113452188006 0.032967032967
0 0.865478119935 0.331730769231 0.0162074554295 0.0315934065934
0 0.839951377634 0.304258241758 0.0137763371151 0.0343406593407
0 0.849675850891 0.37706043956 0.0202593192869 0.0563186813187
0 0.902755267423 0.298076923077 0.0129659643436 0.0247252747253
0 0.90397082658 0.326236263736 0.0186385737439 0.0315934065934
0 0.925445705024 0.348214285714 0.0162074554295 0.0425824175824
0 0.924230145867 0.304258241758 0.0137763371151 0.0315934065934
0 0.930713128039 0.271978021978 0.0121555915721 0.0274725274725
0 0.803079416532 0.243131868132 0.0145867098865 0.0302197802198
0 0.807131280389 0.277472527473 0.0129659643436 0.0274725274725
0 0.803889789303 0.294642857143 0.0129659643436 0.0370879120879
0 0.905591572123 0.403159340659 0.0186385737439 0.0508241758242
0 0.912884927066 0.451236263736 0.0283630470016 0.0618131868132
0 0.802674230146 0.333104395604 0.0137763371151 0.0315934065934
0 0.806320907618 0.350274725275 0.0194489465154 0.0467032967033
0 0.839141004862 0.442994505495 0.0251215559157 0.0590659340659
0 0.813209076175 0.499313186813 0.0316045380875 0.0700549450549
0 0.779983792545 0.415521978022 0.0283630470016 0.0535714285714
0 0.775931928687 0.239010989011 0.0121555915721 0.0302197802198
0 0.781604538088 0.263736263736 0.0137763371151 0.0357142857143
0 0.769448946515 0.271978021978 0.0137763371151 0.0302197802198
0 0.740680713128 0.236263736264 0.0113452188006 0.0274725274725
0 0.726904376013 0.249313186813 0.0129659643436 0.0343406593407
0 0.70056726094 0.247252747253 0.0137763371151 0.0302197802198
0 0.690032414911 0.298076923077 0.015397082658 0.0357142857143
0 0.683144246353 0.353021978022 0.0194489465154 0.043956043956
0 0.718395461912 0.39217032967 0.0267423014587 0.0563186813187
0 0.656401944895 0.355769230769 0.0243111831442 0.0549450549451
0 0.630470016207 0.300137362637 0.0178282009724 0.0370879120879
0 0.638168557536 0.243818681319 0.0121555915721 0.0260989010989
0 0.66734197731 0.272664835165 0.015397082658 0.0343406593407
0 0.668962722853 0.208104395604 0.00891410048622 0.0233516483516
0 0.669367909238 0.227335164835 0.0113452188006 0.0260989010989
0 0.679902755267 0.224587912088 0.0113452188006 0.0206043956044
0 0.634116693679 0.221153846154 0.0105348460292 0.021978021978
0 0.598460291734 0.210164835165 0.00891410048622 0.0247252747253
0 0.600486223663 0.221840659341 0.0113452188006 0.0260989010989
0 0.60170178282 0.247252747253 0.0105348460292 0.0247252747253
0 0.600081037277 0.321428571429 0.0202593192869 0.0467032967033
0 0.630064829822 0.45467032967 0.0267423014587 0.0714285714286
0 0.691247974068 0.529532967033 0.0275526742301 0.0645604395604
0 0.590356564019 0.436126373626 0.0267423014587 0.0645604395604
0 0.578606158833 0.40521978022 0.0243111831442 0.0412087912088
0 0.54376012966 0.398351648352 0.0226904376013 0.0576923076923
0 0.554294975689 0.276098901099 0.0145867098865 0.032967032967
0 0.579011345219 0.263049450549 0.0121555915721 0.0288461538462
0 0.581847649919 0.235576923077 0.0113452188006 0.0260989010989
0 0.56847649919 0.211538461538 0.0105348460292 0.0192307692308
0 0.552674230146 0.225274725275 0.0113452188006 0.0274725274725
0 0.539303079417 0.251373626374 0.0121555915721 0.032967032967
0 0.536466774716 0.349587912088 0.0194489465154 0.0480769230769
0 0.501620745543 0.319368131868 0.0145867098865 0.0343406593407
0 0.519854132901 0.273351648352 0.0137763371151 0.0302197802198
0 0.506482982172 0.258241758242 0.0145867098865 0.032967032967
0 0.518233387358 0.245192307692 0.0105348460292 0.0233516483516
0 0.477714748784 0.391483516484 0.0251215559157 0.0549450549451
0 0.473257698541 0.301510989011 0.0145867098865 0.0315934065934
0 0.47244732577 0.260989010989 0.0129659643436 0.0247252747253
0 0.464343598055 0.239010989011 0.0113452188006 0.0274725274725
0 0.42585089141 0.256181318681 0.0121555915721 0.0233516483516
0 0.408833063209 0.296016483516 0.0137763371151 0.0315934065934
0 0.421799027553 0.286401098901 0.0121555915721 0.0260989010989
0 0.411264181524 0.326236263736 0.0235008103728 0.0370879120879
0 0.433549432739 0.304945054945 0.0145867098865 0.032967032967
0 0.443273905997 0.325549450549 0.0194489465154 0.0412087912088
0 0.390599675851 0.259615384615 0.0113452188006 0.0274725274725
0 0.353322528363 0.291895604396 0.0145867098865 0.0288461538462
0 0.334278768233 0.353708791209 0.0202593192869 0.0453296703297
0 0.352512155592 0.325549450549 0.0145867098865 0.032967032967
0 0.38209076175 0.333791208791 0.017017828201 0.0384615384615
0 0.287277147488 0.302197802198 0.0137763371151 0.0302197802198
0 0.265397082658 0.337225274725 0.015397082658 0.0398351648352
0 0.279173419773 0.370192307692 0.0137763371151 0.0370879120879
0 0.23095623987 0.334478021978 0.0145867098865 0.0343406593407
0 0.0952188006483 0.549450549451 0.0380875202593 0.0741758241758
0 0.701377633712 0.290521978022 0.0137763371151 0.0343406593407
0 0.646677471637 0.338598901099 0.0210696920583 0.0508241758242
