0 0.346857597454 0.220221606648 0.0175019888624 0.0304709141274
0 0.307875894988 0.227146814404 0.0159108989658 0.0277008310249
0 0.384645982498 0.291551246537 0.024661893397 0.0512465373961
0 0.482100238663 0.201523545706 0.0159108989658 0.0401662049861
0 0.459427207637 0.154432132964 0.0135242641209 0.0263157894737
0 0.557279236277 0.126038781163 0.0119331742243 0.0221606648199
0 0.557677008751 0.184210526316 0.0175019888624 0.0332409972299
0 0.86754176611 0.141274238227 0.0103420843278 0.0249307479224
0 0.899363564041 0.138504155125 0.0119331742243 0.0277008310249
0 0.79554494829 0.403739612188 0.0318217979316 0.0706371191136
