0 0.198863636364 0.455387205387 0.0492424242424 0.0993265993266
0 0.253787878788 0.421717171717 0.0435606060606 0.0892255892256
0 0.236742424242 0.242424242424 0.0170454545455 0.037037037037
0 0.349431818182 0.26936026936 0.0189393939394 0.043771043771
0 0.367424242424 0.26430976431 0.0170454545455 0.043771043771
0 0.419507575758 0.228114478114 0.0189393939394 0.0353535353535
0 0.442234848485 0.231481481481 0.0170454545455 0.0353535353535
0 0.450284090909 0.185185185185 0.0142045454545 0.030303030303
0 0.474431818182 0.194444444444 0.0189393939394 0.0420875420875
0 0.45928030303 0.152356902357 0.0113636363636 0.0185185185185
0 0.46875 0.146464646465 0.0094696969697 0.016835016835
0 0.485795454545 0.12962962963 0.0113636363636 0.020202020202
0 0.520833333333 0.0732323232323 0.0113636363636 0.0218855218855
0 0.555871212121 0.150673400673 0.0151515151515 0.0252525252525
0 0.582386363636 0.147306397306 0.0151515151515 0.0286195286195
0 0.491003787879 0.296296296296 0.0255681818182 0.0505050505051
0 0.429924242424 0.28367003367 0.0227272727273 0.0521885521886
0 0.538825757576 0.198653198653 0.0284090909091 0.043771043771
0 0.738162878788 0.0589225589226 0.00852272727273 0.026936026936
0 0.68134469697 0.158249158249 0.0179924242424 0.037037037037
0 0.659090909091 0.247474747475 0.0189393939394 0.047138047138
0 0.71259469697 0.28367003367 0.0274621212121 0.0589225589226
0 0.712121212121 0.143097643098 0.0151515151515 0.026936026936
0 0.735795454545 0.159932659933 0.0132575757576 0.026936026936
0 0.740056818182 0.144781144781 0.0160984848485 0.03367003367
0 0.752840909091 0.171717171717 0.0132575757576 0.030303030303
0 0.758049242424 0.300505050505 0.0274621212121 0.0555555555556
0 0.796401515152 0.189393939394 0.0170454545455 0.0387205387205
0 0.809659090909 0.123737373737 0.0113636363636 0.0252525252525
0 0.916666666667 0.0858585858586 0.0094696969697 0.023569023569
0 0.870738636364 0.228114478114 0.0160984848485 0.0521885521886
0 0.519886363636 0.164141414141 0.0189393939394 0.0319865319865
