0 0.9332 0.150485436893 0.0152 0.0319001386963
0 0.906 0.124133148405 0.012 0.0291262135922
0 0.896 0.146324549237 0.0144 0.0319001386963
0 0.8916 0.174063800277 0.0184 0.0346740638003
0 0.922 0.201803051318 0.0136 0.0346740638003
0 0.9404 0.25520110957 0.0184 0.0471567267684
0 0.9072 0.216366158114 0.0144 0.0360610263523
0 0.9132 0.329403606103 0.02 0.0596393897365
0 0.8844 0.470873786408 0.0264 0.0651872399445
0 0.8816 0.244105409154 0.0192 0.0527045769764
0 0.8384 0.314840499307 0.024 0.0638002773925
0 0.8172 0.378640776699 0.028 0.0748959778086
0 0.8284 0.23439667129 0.0168 0.0443828016644
0 0.8644 0.21012482663 0.0184 0.0402219140083
0 0.8656 0.136615811373 0.0112 0.0235783633842
0 0.87 0.124826629681 0.0104 0.0277392510402
0 0.8484 0.184466019417 0.0136 0.0332871012483
0 0.8524 0.158113730929 0.012 0.0277392510402
0 0.8404 0.119278779473 0.0104 0.0249653259362
0 0.8316 0.136615811373 0.012 0.0291262135922
0 0.824 0.151178918169 0.0176 0.0332871012483
0 0.8056 0.177531206657 0.0144 0.0360610263523
0 0.7688 0.288488210818 0.024 0.0527045769764
0 0.748 0.24826629681 0.0208 0.0443828016644
0 0.776 0.199029126214 0.0192 0.0374479889043
0 0.8092 0.117891816921 0.012 0.0277392510402
0 0.78 0.101941747573 0.0144 0.0319001386963
0 0.78 0.143550624133 0.0144 0.0291262135922
0 0.7644 0.132454923717 0.0152 0.0263522884882
0 0.7568 0.168515950069 0.0144 0.0346740638003
0 0.7388 0.137309292649 0.0152 0.0277392510402
0 0.732 0.124826629681 0.0128 0.0277392510402
0 0.7164 0.135228848821 0.0136 0.0291262135922
0 0.7272 0.179611650485 0.0192 0.0402219140083
0 0.7132 0.162274618585 0.0152 0.0332871012483
0 0.6868 0.106102635229 0.0104 0.0235783633842
0 0.7092 0.21359223301 0.0184 0.0499306518724
0 0.6812 0.205270457698 0.0168 0.0416088765603
0 0.688 0.184466019417 0.016 0.0388349514563
0 0.644 0.0901525658807 0.0096 0.0221914008322
0 0.2828 0.274618585298 0.02 0.0416088765603
0 0.3136 0.22052704577 0.0144 0.0332871012483
0 0.3372 0.252427184466 0.0184 0.0443828016644
0 0.3456 0.208737864078 0.0144 0.0319001386963
0 0.3596 0.218446601942 0.0152 0.0402219140083
0 0.3712 0.223300970874 0.016 0.0360610263523
0 0.3628 0.266296809986 0.0184 0.0388349514563
0 0.3864 0.277392510402 0.0208 0.0443828016644
0 0.396 0.21705963939 0.0176 0.0346740638003
0 0.42 0.180998613037 0.016 0.0319001386963
0 0.43 0.214979195562 0.0152 0.0388349514563
0 0.4464 0.160887656033 0.0112 0.0249653259362
0 0.4548 0.187933425798 0.0152 0.0346740638003
0 0.4656 0.139389736477 0.0112 0.0291262135922
0 0.4864 0.216366158114 0.016 0.0388349514563
0 0.4876 0.195561719834 0.0152 0.0332871012483
0 0.484 0.131761442441 0.0096 0.0249653259362
0 0.4888 0.149098474341 0.0112 0.0319001386963
0 0.5076 0.126213592233 0.0104 0.0249653259362
0 0.5056 0.156033287101 0.0096 0.0319001386963
0 0.5176 0.151178918169 0.0112 0.0305131761442
0 0.5272 0.132454923717 0.0128 0.0319001386963
0 0.612 0.0984743411928 0.0128 0.0277392510402
0 0.6612 0.117198335645 0.0152 0.0235783633842
0 0.6544 0.140083217753 0.0144 0.0332871012483
0 0.6052 0.24826629681 0.02 0.0499306518724
0 0.6084 0.201109570042 0.02 0.0471567267684
0 0.6748 0.261442441054 0.0232 0.0513176144244
0 0.6164 0.325242718447 0.0296 0.0596393897365
0 0.5388 0.28294036061 0.0232 0.0527045769764
0 0.5648 0.238557558946 0.024 0.0527045769764
0 0.542 0.162968099861 0.0152 0.0346740638003
0 0.556 0.138002773925 0.0128 0.0319001386963
0 0.57 0.167822468793 0.0168 0.0332871012483
0 0.564 0.103328710125 0.0128 0.0180305131761
0 0.5652 0.123439667129 0.012 0.0249653259362
0 0.5848 0.108876560333 0.0128 0.0235783633842
0 0.594 0.137309292649 0.0152 0.0305131761442
0 0.6176 0.120665742025 0.0144 0.0332871012483
0 0.6324 0.135922330097 0.012 0.0277392510402
0 0.0476 0.411927877947 0.0296 0.0554785020804
