0 0.173402255639 0.489273927393 0.0422932330827 0.0808580858086
0 0.252819548872 0.262376237624 0.0206766917293 0.042904290429
0 0.271616541353 0.269801980198 0.0187969924812 0.0412541254125
0 0.289943609023 0.259075907591 0.0178571428571 0.046204620462
0 0.309210526316 0.226072607261 0.0206766917293 0.036303630363
0 0.330827067669 0.216171617162 0.0187969924812 0.036303630363
0 0.353853383459 0.254125412541 0.0197368421053 0.036303630363
0 0.354793233083 0.305280528053 0.0234962406015 0.039603960396
0 0.339285714286 0.252475247525 0.0169172932331 0.036303630363
0 0.357612781955 0.223597359736 0.0178571428571 0.0379537953795
0 0.390037593985 0.213696369637 0.0187969924812 0.0346534653465
0 0.396146616541 0.259900990099 0.0234962406015 0.0445544554455
0 0.380639097744 0.188118811881 0.0131578947368 0.029702970297
0 0.404605263158 0.176567656766 0.0140977443609 0.03300330033
0 0.422462406015 0.17904290429 0.0140977443609 0.0379537953795
0 0.445488721805 0.179867986799 0.0169172932331 0.03300330033
0 0.451127819549 0.15099009901 0.0169172932331 0.0280528052805
0 0.475093984962 0.163366336634 0.015977443609 0.029702970297
0 0.482612781955 0.13201320132 0.0122180451128 0.019801980198
0 0.508458646617 0.180693069307 0.0187969924812 0.0346534653465
0 0.483552631579 0.193069306931 0.0178571428571 0.029702970297
0 0.460996240602 0.226072607261 0.0197368421053 0.042904290429
0 0.478853383459 0.249174917492 0.0216165413534 0.039603960396
0 0.553571428571 0.156765676568 0.0169172932331 0.03300330033
0 0.581296992481 0.161716171617 0.0178571428571 0.03300330033
0 0.570958646617 0.117161716172 0.0140977443609 0.026402640264
0 0.612781954887 0.119636963696 0.0169172932331 0.0280528052805
0 0.634398496241 0.132838283828 0.0187969924812 0.0379537953795
0 0.684210526316 0.122112211221 0.0131578947368 0.029702970297
0 0.636278195489 0.188943894389 0.0206766917293 0.0379537953795
0 0.578477443609 0.221122112211 0.0234962406015 0.046204620462
0 0.580357142857 0.28795379538 0.0272556390977 0.0544554455446
0 0.52772556391 0.279702970297 0.0328947368421 0.0511551155116
0 0.612781954887 0.256600660066 0.0244360902256 0.0478547854785
0 0.624530075188 0.296204620462 0.0272556390977 0.0643564356436
0 0.68045112782 0.250825082508 0.0244360902256 0.0561056105611
0 0.667293233083 0.220297029703 0.0225563909774 0.0445544554455
0 0.661184210526 0.174917491749 0.0178571428571 0.036303630363
0 0.697838345865 0.148514851485 0.015977443609 0.029702970297
0 0.699248120301 0.175742574257 0.0206766917293 0.0379537953795
0 0.698308270677 0.207095709571 0.0225563909774 0.0445544554455
0 0.717105263158 0.272277227723 0.0263157894737 0.0561056105611
0 0.724154135338 0.158415841584 0.0197368421053 0.03300330033
0 0.731203007519 0.118811881188 0.0131578947368 0.029702970297
0 0.744360902256 0.136138613861 0.015037593985 0.0346534653465
0 0.759868421053 0.122112211221 0.015977443609 0.03300330033
0 0.771616541353 0.155115511551 0.0169172932331 0.036303630363
0 0.782894736842 0.142739273927 0.0169172932331 0.0412541254125
0 0.734962406015 0.199669966997 0.0225563909774 0.042904290429
0 0.778665413534 0.192244224422 0.0197368421053 0.0478547854785
0 0.807330827068 0.177392739274 0.0187969924812 0.0412541254125
0 0.75234962406 0.254125412541 0.0216165413534 0.0561056105611
0 0.773496240602 0.278877887789 0.0281954887218 0.0594059405941
0 0.843045112782 0.293729372937 0.0281954887218 0.0594059405941
0 0.858552631579 0.268151815182 0.0197368421053 0.0511551155116
0 0.922932330827 0.25 0.0225563909774 0.0577557755776
0 0.918703007519 0.224422442244 0.0178571428571 0.039603960396
0 0.884398496241 0.198844884488 0.0187969924812 0.0445544554455
0 0.886748120301 0.160066006601 0.015977443609 0.036303630363
0 0.895206766917 0.155115511551 0.015977443609 0.03300330033
0 0.862781954887 0.167491749175 0.0225563909774 0.0346534653465
0 0.834586466165 0.149339933993 0.0187969924812 0.0280528052805
0 0.838815789474 0.182343234323 0.0197368421053 0.0379537953795
0 0.826597744361 0.238448844884 0.0216165413534 0.0346534653465
