0 0.365024630542 0.213058419244 0.0167487684729 0.0378006872852
0 0.438916256158 0.234536082474 0.0187192118227 0.0360824742268
0 0.484236453202 0.306701030928 0.0266009852217 0.0463917525773
0 0.547290640394 0.3264604811 0.0206896551724 0.0446735395189
0 0.558620689655 0.137457044674 0.0118226600985 0.0240549828179
0 0.549261083744 0.121993127148 0.0128078817734 0.0240549828179
0 0.614285714286 0.267182130584 0.0206896551724 0.0498281786942
0 0.594088669951 0.384020618557 0.0256157635468 0.053264604811
0 0.769950738916 0.317010309278 0.0246305418719 0.0463917525773
0 0.927093596059 0.301546391753 0.0295566502463 0.0773195876289
0 0.914778325123 0.146907216495 0.0128078817734 0.0257731958763
0 0.935467980296 0.158075601375 0.0147783251232 0.0309278350515
