0 0.941268191268 0.189814814815 0.0218295218295 0.05
0 0.905405405405 0.223148148148 0.014553014553 0.0351851851852
0 0.890332640333 0.235185185185 0.0176715176715 0.0444444444444
0 0.835758835759 0.239814814815 0.022869022869 0.05
0 0.780665280665 0.148148148148 0.014553014553 0.0296296296296
0 0.766112266112 0.139814814815 0.014553014553 0.0314814814815
0 0.652806652807 0.146296296296 0.014553014553 0.0259259259259
0 0.635135135135 0.138888888889 0.014553014553 0.0259259259259
0 0.413201663202 0.217592592593 0.0176715176715 0.0351851851852
0 0.417879417879 0.087962962963 0.010395010395 0.0166666666667
