0 0.0728100113766 0.421686746988 0.0386803185438 0.0682730923695
0 0.254266211604 0.287148594378 0.0193401592719 0.0321285140562
0 0.280432309443 0.277108433735 0.0170648464164 0.0321285140562
0 0.299772468714 0.2640562249 0.0147895335609 0.0301204819277
0 0.306029579067 0.230923694779 0.0136518771331 0.0240963855422
0 0.343003412969 0.272088353414 0.0170648464164 0.0341365461847
0 0.391353811149 0.296184738956 0.0182025028441 0.0341365461847
0 0.365756541524 0.214859437751 0.0125142207053 0.0240963855422
0 0.38566552901 0.220883534137 0.0159271899886 0.0240963855422
0 0.391922639363 0.198795180723 0.0102389078498 0.0200803212851
0 0.403299203641 0.176706827309 0.0125142207053 0.0240963855422
0 0.420364050057 0.219879518072 0.0147895335609 0.0301204819277
0 0.442548350398 0.193775100402 0.0136518771331 0.0220883534137
0 0.418088737201 0.189759036145 0.0125142207053 0.0220883534137
0 0.45164960182 0.174698795181 0.0113765642776 0.0240963855422
0 0.477815699659 0.228915662651 0.0182025028441 0.0321285140562
0 0.445392491468 0.224899598394 0.0170648464164 0.0281124497992
0 0.486916951081 0.199799196787 0.0136518771331 0.0261044176707
0 0.473265073948 0.19578313253 0.0159271899886 0.0261044176707
0 0.474971558589 0.163654618474 0.0125142207053 0.0220883534137
0 0.461319681456 0.157630522088 0.0125142207053 0.0261044176707
0 0.449374288965 0.150602409639 0.0113765642776 0.0200803212851
0 0.485210466439 0.129518072289 0.0125142207053 0.0220883534137
0 0.519340159272 0.210843373494 0.0193401592719 0.0281124497992
0 0.497155858931 0.182730923695 0.0136518771331 0.0240963855422
0 0.512514220705 0.16265060241 0.0102389078498 0.0240963855422
0 0.527303754266 0.13453815261 0.0125142207053 0.0200803212851
0 0.540955631399 0.165662650602 0.0125142207053 0.0261044176707
0 0.568259385666 0.172690763052 0.0147895335609 0.0281124497992
0 0.544368600683 0.139558232932 0.0102389078498 0.0180722891566
0 0.559158134243 0.118473895582 0.0102389078498 0.0240963855422
0 0.575654152446 0.153614457831 0.0136518771331 0.0261044176707
0 0.583048919226 0.128514056225 0.0125142207053 0.0281124497992
0 0.594425483504 0.10140562249 0.0102389078498 0.0220883534137
0 0.612059158134 0.103413654618 0.0113765642776 0.0220883534137
0 0.621160409556 0.145582329317 0.0136518771331 0.0301204819277
0 0.602389078498 0.14156626506 0.0125142207053 0.0220883534137
0 0.639931740614 0.128514056225 0.0147895335609 0.0281124497992
0 0.647895335609 0.105421686747 0.0102389078498 0.0220883534137
0 0.628555176337 0.126506024096 0.00796359499431 0.0160642570281
0 0.48976109215 0.285140562249 0.0238907849829 0.0441767068273
0 0.55858930603 0.239959839357 0.0159271899886 0.0381526104418
0 0.557451649602 0.293172690763 0.0273037542662 0.0401606425703
0 0.600113765643 0.335341365462 0.0238907849829 0.0522088353414
0 0.669510807736 0.336345381526 0.0261660978385 0.0542168674699
0 0.664960182025 0.261044176707 0.0261660978385 0.0441767068273
0 0.602389078498 0.253012048193 0.0216154721274 0.0481927710843
0 0.602957906712 0.203815261044 0.0182025028441 0.0301204819277
0 0.647326507395 0.176706827309 0.0159271899886 0.0321285140562
0 0.656996587031 0.215863453815 0.0170648464164 0.0421686746988
0 0.699658703072 0.221887550201 0.0182025028441 0.0421686746988
0 0.703640500569 0.301204819277 0.0216154721274 0.0441767068273
0 0.77417519909 0.303212851406 0.0193401592719 0.0481927710843
0 0.750284414107 0.221887550201 0.0216154721274 0.0421686746988
0 0.73606370876 0.178714859438 0.0159271899886 0.0361445783133
0 0.754266211604 0.16265060241 0.0136518771331 0.0321285140562
0 0.693970420933 0.178714859438 0.0159271899886 0.0361445783133
0 0.672354948805 0.150602409639 0.0136518771331 0.0281124497992
0 0.678612059158 0.123493975904 0.0125142207053 0.0261044176707
0 0.673492605233 0.106425702811 0.0136518771331 0.0240963855422
0 0.703640500569 0.146586345382 0.0147895335609 0.0281124497992
0 0.726962457338 0.125502008032 0.0136518771331 0.0301204819277
0 0.74345847554 0.130522088353 0.0147895335609 0.0281124497992
0 0.75654152446 0.127510040161 0.0113765642776 0.0261044176707
0 0.774744027304 0.127510040161 0.0113765642776 0.0220883534137
0 0.751422070535 0.104417670683 0.0125142207053 0.0240963855422
0 0.793515358362 0.132530120482 0.0125142207053 0.0281124497992
0 0.805460750853 0.127510040161 0.0113765642776 0.0261044176707
0 0.828213879408 0.144578313253 0.0136518771331 0.0281124497992
0 0.837883959044 0.190763052209 0.0147895335609 0.0281124497992
0 0.800341296928 0.171686746988 0.0147895335609 0.0341365461847
0 0.813993174061 0.233935742972 0.0216154721274 0.0381526104418
0 0.867463026166 0.229919678715 0.0170648464164 0.0421686746988
0 0.91353811149 0.285140562249 0.0204778156997 0.0481927710843
0 0.918088737201 0.19578313253 0.0159271899886 0.0381526104418
0 0.918657565415 0.159638554217 0.0102389078498 0.0220883534137
0 0.886803185438 0.170682730924 0.0125142207053 0.0281124497992
0 0.892491467577 0.13453815261 0.0147895335609 0.0321285140562
0 0.878839590444 0.190763052209 0.0147895335609 0.0321285140562
0 0.86803185438 0.136546184739 0.0113765642776 0.0240963855422
