0 0.0879518072289 0.33085106383 0.021686746988 0.036170212766
0 0.121084337349 0.332978723404 0.0180722891566 0.036170212766
0 0.190361445783 0.440425531915 0.0674698795181 0.123404255319
0 0.278915662651 0.472340425532 0.0590361445783 0.123404255319
0 0.298795180723 0.190425531915 0.0240963855422 0.0489361702128
0 0.332530120482 0.170212765957 0.0192771084337 0.0340425531915
0 0.378313253012 0.244680851064 0.0313253012048 0.0510638297872
0 0.385542168675 0.201063829787 0.0168674698795 0.031914893617
0 0.371084337349 0.209574468085 0.021686746988 0.0404255319149
0 0.43734939759 0.207446808511 0.0265060240964 0.0574468085106
0 0.484337349398 0.171276595745 0.0240963855422 0.0531914893617
0 0.509036144578 0.26914893617 0.0277108433735 0.0659574468085
0 0.53734939759 0.225531914894 0.0313253012048 0.063829787234
0 0.559036144578 0.121276595745 0.0192771084337 0.0425531914894
0 0.565060240964 0.0872340425532 0.0192771084337 0.0340425531915
0 0.603012048193 0.132978723404 0.0180722891566 0.0446808510638
0 0.596385542169 0.235106382979 0.0313253012048 0.0659574468085
0 0.64578313253 0.13085106383 0.0240963855422 0.0489361702128
0 0.695180722892 0.135106382979 0.021686746988 0.0531914893617
