0 0.207236842105 0.436241610738 0.0554511278195 0.11744966443
0 0.251879699248 0.392617449664 0.046992481203 0.0906040268456
0 0.281484962406 0.191275167785 0.0253759398496 0.0503355704698
0 0.345864661654 0.248322147651 0.0225563909774 0.0536912751678
0 0.363251879699 0.264261744966 0.0216165413534 0.0486577181208
0 0.398026315789 0.184563758389 0.0234962406015 0.0402684563758
0 0.421522556391 0.217281879195 0.0216165413534 0.0520134228188
0 0.440789473684 0.235738255034 0.0206766917293 0.0419463087248
0 0.446428571429 0.18288590604 0.0206766917293 0.0402684563758
0 0.429041353383 0.28355704698 0.0253759398496 0.0469798657718
0 0.468984962406 0.194630872483 0.0187969924812 0.0436241610738
0 0.464755639098 0.150167785235 0.0216165413534 0.0318791946309
0 0.480263157895 0.130872483221 0.015037593985 0.0302013422819
0 0.526785714286 0.138422818792 0.0178571428571 0.0453020134228
0 0.508458646617 0.170302013423 0.0206766917293 0.0453020134228
0 0.531954887218 0.202181208054 0.0244360902256 0.0453020134228
0 0.551221804511 0.151006711409 0.0178571428571 0.0369127516779
0 0.556860902256 0.109060402685 0.0122180451128 0.0268456375839
0 0.574718045113 0.156040268456 0.0178571428571 0.0302013422819
0 0.637218045113 0.0587248322148 0.015037593985 0.0369127516779
0 0.481672932331 0.313758389262 0.031015037594 0.0637583892617
0 0.615601503759 0.240771812081 0.031954887218 0.0453020134228
0 0.670582706767 0.245805369128 0.0272556390977 0.0587248322148
0 0.674812030075 0.161073825503 0.015037593985 0.0469798657718
0 0.706296992481 0.145973154362 0.0178571428571 0.0369127516779
0 0.729793233083 0.154362416107 0.0197368421053 0.0402684563758
0 0.736372180451 0.139261744966 0.0197368421053 0.0369127516779
0 0.750939849624 0.0973154362416 0.015037593985 0.0369127516779
0 0.74530075188 0.169463087248 0.0187969924812 0.0369127516779
0 0.71287593985 0.276006711409 0.0253759398496 0.0587248322148
0 0.761748120301 0.285234899329 0.0272556390977 0.0604026845638
0 0.792763157895 0.182046979866 0.0197368421053 0.0419463087248
0 0.806390977444 0.119966442953 0.0169172932331 0.0352348993289
0 0.840695488722 0.173657718121 0.0197368421053 0.0486577181208
0 0.864661654135 0.221476510067 0.0187969924812 0.0536912751678
