0 0.345861084681 0.206375838926 0.0161750713606 0.0234899328859
0 0.345385347288 0.24244966443 0.0190294957184 0.0318791946309
0 0.405803996194 0.245805369128 0.0199809705043 0.0419463087248
0 0.420551855376 0.218120805369 0.0171265461465 0.0302013422819
0 0.442435775452 0.218120805369 0.0171265461465 0.0369127516779
0 0.495718363463 0.211409395973 0.0190294957184 0.0369127516779
0 0.469077069458 0.128355704698 0.011417697431 0.0251677852349
0 0.499048525214 0.125 0.0123691722169 0.0285234899329
0 0.514272121789 0.143456375839 0.0123691722169 0.0218120805369
0 0.515223596575 0.167785234899 0.0199809705043 0.0335570469799
0 0.544243577545 0.202181208054 0.0171265461465 0.0385906040268
0 0.586108468126 0.170302013423 0.0171265461465 0.0385906040268
0 0.570884871551 0.118288590604 0.0133206470029 0.0251677852349
0 0.605613701237 0.124161073826 0.0142721217888 0.0302013422819
0 0.627497621313 0.137583892617 0.0142721217888 0.0234899328859
0 0.69124643197 0.0620805369128 0.0104662226451 0.0201342281879
0 0.741674595623 0.0578859060403 0.0123691722169 0.0251677852349
0 0.675071360609 0.185402684564 0.0142721217888 0.0352348993289
0 0.734062797336 0.177852348993 0.0180780209324 0.0335570469799
0 0.581351094196 0.244127516779 0.022835394862 0.0453020134228
0 0.642721217888 0.243288590604 0.0199809705043 0.0402684563758
0 0.638439581351 0.224832214765 0.0209324452902 0.0402684563758
0 0.676974310181 0.269295302013 0.0256898192198 0.0419463087248
0 0.731208372978 0.286073825503 0.023786869648 0.0587248322148
0 0.764509990485 0.264261744966 0.0199809705043 0.0419463087248
0 0.814938154139 0.288590604027 0.023786869648 0.0570469798658
0 0.842055185538 0.226510067114 0.0190294957184 0.0402684563758
0 0.849666983825 0.192953020134 0.0152235965747 0.0302013422819
0 0.856327307326 0.315436241611 0.022835394862 0.0536912751678
0 0.870123691722 0.281040268456 0.0199809705043 0.0486577181208
0 0.896764985728 0.222315436242 0.0142721217888 0.0419463087248
0 0.934823977165 0.239093959732 0.0161750713606 0.0318791946309
0 0.926260704091 0.281040268456 0.0180780209324 0.0486577181208
0 0.917221693625 0.349832214765 0.0209324452902 0.0587248322148
0 0.935775451951 0.275167785235 0.0180780209324 0.0335570469799
