0 0.184535104364 0.477574750831 0.0445920303605 0.0847176079734
0 0.346774193548 0.261627906977 0.0180265654649 0.0348837209302
0 0.366223908918 0.261627906977 0.0189753320683 0.0448504983389
0 0.422675521822 0.218438538206 0.0180265654649 0.0382059800664
0 0.451138519924 0.235880398671 0.0218216318786 0.0332225913621
0 0.526091081594 0.183554817276 0.0161290322581 0.0348837209302
0 0.488140417457 0.1926910299 0.0199240986717 0.0398671096346
0 0.452087286528 0.186877076412 0.0180265654649 0.031561461794
0 0.457779886148 0.14950166113 0.0104364326376 0.0166112956811
0 0.466318785579 0.160299003322 0.0180265654649 0.031561461794
0 0.494781783681 0.0955149501661 0.0104364326376 0.0215946843854
0 0.534155597723 0.0739202657807 0.0189753320683 0.0249169435216
0 0.633776091082 0.0863787375415 0.0208728652751 0.0332225913621
0 0.653700189753 0.106312292359 0.0189753320683 0.0299003322259
0 0.661290322581 0.0838870431894 0.0132827324478 0.0249169435216
0 0.701612903226 0.0805647840532 0.0142314990512 0.0282392026578
0 0.767077798861 0.103820598007 0.0161290322581 0.0348837209302
0 0.88330170778 0.208471760797 0.0170777988615 0.0348837209302
0 0.56119544592 0.281561461794 0.0237191650854 0.0481727574751
0 0.555977229602 0.231727574751 0.022770398482 0.0382059800664
0 0.490512333966 0.306478405316 0.0303605313093 0.0448504983389
0 0.430740037951 0.271594684385 0.0265654648956 0.0448504983389
