0 0.187885010267 0.431481481481 0.041067761807 0.0814814814815
0 0.17864476386 0.224074074074 0.0225872689938 0.0444444444444
0 0.248459958932 0.225 0.0225872689938 0.0462962962963
0 0.42864476386 0.148148148148 0.0154004106776 0.0333333333333
0 0.452258726899 0.174074074074 0.0195071868583 0.037037037037
0 0.453798767967 0.147222222222 0.0143737166324 0.0314814814815
0 0.474845995893 0.160185185185 0.0154004106776 0.0351851851852
0 0.506160164271 0.183333333333 0.0164271047228 0.0407407407407
0 0.483572895277 0.191666666667 0.0184804928131 0.0388888888889
0 0.485626283368 0.142592592593 0.0123203285421 0.0333333333333
0 0.501540041068 0.12962962963 0.0112936344969 0.0296296296296
0 0.532340862423 0.125925925926 0.017453798768 0.0333333333333
0 0.630390143737 0.219444444444 0.0225872689938 0.05
0 0.658624229979 0.187037037037 0.017453798768 0.0444444444444
0 0.636550308008 0.118518518519 0.0164271047228 0.0296296296296
0 0.667864476386 0.116666666667 0.0154004106776 0.0296296296296
0 0.702258726899 0.178703703704 0.0164271047228 0.0351851851852
0 0.720739219713 0.189814814815 0.0184804928131 0.0388888888889
0 0.735112936345 0.149074074074 0.0143737166324 0.0351851851852
0 0.744353182752 0.173148148148 0.0184804928131 0.0351851851852
0 0.766940451745 0.176851851852 0.0184804928131 0.0351851851852
0 0.792094455852 0.167592592593 0.017453798768 0.0351851851852
0 0.814168377823 0.14537037037 0.0143737166324 0.0425925925926
0 0.828542094456 0.186111111111 0.0184804928131 0.0388888888889
0 0.798254620123 0.212037037037 0.0195071868583 0.0351851851852
0 0.871663244353 0.291666666667 0.0287474332649 0.0537037037037
0 0.931211498973 0.232407407407 0.0184804928131 0.0388888888889
0 0.930184804928 0.196296296296 0.0143737166324 0.0296296296296
0 0.93839835729 0.173148148148 0.0123203285421 0.0314814814815
0 0.900410677618 0.167592592593 0.0143737166324 0.0351851851852
