0 0.10834670947 0.447454844007 0.0449438202247 0.0903119868637
0 0.200642054575 0.279146141215 0.0208667736758 0.0459770114943
0 0.229133226324 0.274220032841 0.0248796147673 0.0459770114943
0 0.270064205457 0.228243021346 0.0200642054575 0.0394088669951
0 0.308186195827 0.232348111658 0.0208667736758 0.0443349753695
0 0.309390048154 0.203612479475 0.0216693418941 0.0492610837438
0 0.328651685393 0.221674876847 0.0216693418941 0.0459770114943
0 0.348715890851 0.199507389163 0.0152487961477 0.0344827586207
0 0.366372391653 0.254515599343 0.0200642054575 0.0492610837438
0 0.398073836276 0.227422003284 0.0192616372392 0.0377668308703
0 0.365569823435 0.191297208539 0.0184590690209 0.0443349753695
0 0.387640449438 0.17816091954 0.0192616372392 0.0410509031199
0 0.439004815409 0.3013136289 0.0256821829856 0.0509031198686
0 0.428972712681 0.183087027915 0.0152487961477 0.0377668308703
0 0.431781701445 0.154351395731 0.0144462279294 0.0328407224959
0 0.449839486356 0.155993431856 0.0168539325843 0.0361247947455
0 0.470304975923 0.23645320197 0.0192616372392 0.0492610837438
0 0.492776886035 0.197044334975 0.0176565008026 0.0394088669951
0 0.486356340289 0.158456486043 0.0192616372392 0.0443349753695
0 0.492776886035 0.139573070608 0.0176565008026 0.0361247947455
0 0.519662921348 0.158456486043 0.0200642054575 0.0443349753695
0 0.560995184591 0.156814449918 0.0192616372392 0.0344827586207
0 0.553370786517 0.124794745484 0.0152487961477 0.0328407224959
0 0.574237560193 0.190476190476 0.0152487961477 0.0394088669951
0 0.579855537721 0.160098522167 0.0152487961477 0.0377668308703
0 0.579454253612 0.129720853859 0.016051364366 0.0328407224959
0 0.607142857143 0.144499178982 0.0168539325843 0.0361247947455
0 0.605136436597 0.182266009852 0.0128410914928 0.0394088669951
0 0.597913322632 0.108374384236 0.0144462279294 0.0361247947455
0 0.623194221509 0.185550082102 0.0152487961477 0.0426929392447
0 0.631621187801 0.120689655172 0.0144462279294 0.0311986863711
0 0.652086677368 0.139573070608 0.0168539325843 0.0361247947455
0 0.659309791332 0.169950738916 0.0152487961477 0.0344827586207
0 0.66492776886 0.128899835796 0.0152487961477 0.0377668308703
0 0.688202247191 0.127257799672 0.0152487961477 0.0311986863711
0 0.6886035313 0.156814449918 0.0144462279294 0.0344827586207
0 0.713483146067 0.151067323481 0.0144462279294 0.0361247947455
0 0.705858747994 0.200328407225 0.0168539325843 0.0426929392447
0 0.678972712681 0.229885057471 0.0176565008026 0.0459770114943
0 0.621589085072 0.283251231527 0.0248796147673 0.0607553366174
0 0.573033707865 0.324302134647 0.0256821829856 0.0574712643678
0 0.605939004815 0.357142857143 0.0288924558587 0.064039408867
0 0.666131621188 0.382594417077 0.0288924558587 0.0591133004926
0 0.727126805778 0.384236453202 0.0288924558587 0.0623973727422
0 0.719502407705 0.247126436782 0.0216693418941 0.0509031198686
0 0.743579454254 0.213464696223 0.0200642054575 0.0492610837438
0 0.750802568218 0.284893267652 0.0200642054575 0.0509031198686
0 0.793739967897 0.247947454844 0.0176565008026 0.0492610837438
0 0.776484751204 0.197865353038 0.0184590690209 0.0410509031199
0 0.760032102729 0.188013136289 0.016051364366 0.0344827586207
0 0.809390048154 0.182266009852 0.0168539325843 0.0426929392447
0 0.817014446228 0.214285714286 0.0192616372392 0.0443349753695
0 0.829855537721 0.202791461412 0.0144462279294 0.0410509031199
0 0.814606741573 0.288177339901 0.0224719101124 0.064039408867
0 0.859951845907 0.319376026273 0.0200642054575 0.0443349753695
0 0.869582664526 0.293103448276 0.0184590690209 0.0509031198686
0 0.796147672552 0.42118226601 0.0321027287319 0.0771756978654
0 0.869983948636 0.473727422003 0.0304975922953 0.0804597701149
0 0.878410914928 0.419540229885 0.0248796147673 0.064039408867
0 0.96227929374 0.412151067323 0.024077046549 0.0755336617406
0 0.946629213483 0.365353037767 0.0216693418941 0.0607553366174
0 0.928170144462 0.320197044335 0.0200642054575 0.0459770114943
0 0.89165329053 0.267651888342 0.0192616372392 0.0459770114943
0 0.86797752809 0.217569786535 0.0136436597111 0.0410509031199
0 0.912118780096 0.22249589491 0.0152487961477 0.0443349753695
0 0.930577849117 0.258620689655 0.0168539325843 0.0410509031199
0 0.949438202247 0.23645320197 0.016051364366 0.0426929392447
0 0.975521669342 0.349753694581 0.0168539325843 0.055829228243
0 0.973515248796 0.311165845649 0.0144462279294 0.0377668308703
0 0.988764044944 0.276683087028 0.0176565008026 0.0344827586207
