0 0.128102481986 0.560755336617 0.044835868695 0.110016420361
0 0.22257806245 0.266830870279 0.0160128102482 0.0410509031199
0 0.240192153723 0.271756978654 0.0144115292234 0.0410509031199
0 0.257806244996 0.258620689655 0.017614091273 0.0443349753695
0 0.309447558046 0.23973727422 0.0168134507606 0.0394088669951
0 0.31224979984 0.211001642036 0.0192153722978 0.0377668308703
0 0.342273819055 0.229885057471 0.0184147317854 0.0361247947455
0 0.367894315452 0.200328407225 0.0200160128102 0.0295566502463
0 0.351080864692 0.206896551724 0.0152121697358 0.0361247947455
0 0.411529223379 0.188013136289 0.0144115292234 0.0344827586207
0 0.438751000801 0.169129720854 0.0144115292234 0.0394088669951
0 0.458366693355 0.168308702791 0.0152121697358 0.0344827586207
0 0.471977582066 0.165845648604 0.0152121697358 0.0459770114943
0 0.477181745396 0.173234811166 0.017614091273 0.0509031198686
0 0.500800640512 0.152709359606 0.0152121697358 0.0361247947455
0 0.373498799039 0.265188834154 0.0152121697358 0.047619047619
0 0.400720576461 0.247947454844 0.013610888711 0.0295566502463
0 0.437550040032 0.197865353038 0.0152121697358 0.0344827586207
0 0.473178542834 0.249589490969 0.0192153722978 0.0459770114943
0 0.436349079263 0.312807881773 0.0256204963971 0.047619047619
0 0.500400320256 0.211822660099 0.0160128102482 0.0328407224959
0 0.518815052042 0.172413793103 0.0192153722978 0.0459770114943
0 0.558446757406 0.141215106732 0.013610888711 0.0361247947455
0 0.602081665332 0.133004926108 0.0160128102482 0.0328407224959
0 0.636909527622 0.130541871921 0.0152121697358 0.0344827586207
0 0.53482786229 0.174055829228 0.0160128102482 0.0426929392447
0 0.555244195356 0.220853858785 0.0152121697358 0.0410509031199
0 0.664131305044 0.138752052545 0.0120096076861 0.0311986863711
0 0.661729383507 0.186371100164 0.0200160128102 0.0246305418719
0 0.585268214572 0.171592775041 0.017614091273 0.0344827586207
0 0.58646917534 0.147783251232 0.0232185748599 0.0295566502463
0 0.692554043235 0.142857142857 0.0128102481986 0.0328407224959
0 0.585668534828 0.206896551724 0.0152121697358 0.0361247947455
0 0.606084867894 0.206896551724 0.0144115292234 0.0361247947455
0 0.615292233787 0.183908045977 0.0168134507606 0.0426929392447
0 0.691353082466 0.167487684729 0.0168134507606 0.0426929392447
0 0.71417133707 0.158456486043 0.0128102481986 0.0443349753695
0 0.578863090472 0.334154351396 0.0208166533227 0.047619047619
0 0.606084867894 0.305418719212 0.0192153722978 0.0656814449918
0 0.660128102482 0.247947454844 0.0200160128102 0.0525451559934
0 0.708967173739 0.21921182266 0.0184147317854 0.0410509031199
0 0.781825460368 0.169129720854 0.0152121697358 0.0394088669951
0 0.760608486789 0.200328407225 0.017614091273 0.0426929392447
0 0.739791833467 0.231527093596 0.0224179343475 0.0426929392447
0 0.597678142514 0.379310344828 0.0168134507606 0.0492610837438
0 0.661329063251 0.399835796388 0.0240192153723 0.0607553366174
0 0.716172938351 0.28078817734 0.0216172938351 0.0492610837438
0 0.723378702962 0.3973727422 0.0232185748599 0.0591133004926
0 0.75740592474 0.302955665025 0.0224179343475 0.0541871921182
0 0.78582866293 0.217569786535 0.0200160128102 0.047619047619
0 0.810648518815 0.194581280788 0.0120096076861 0.0410509031199
0 0.825860688551 0.220032840722 0.0184147317854 0.0426929392447
0 0.825860688551 0.23645320197 0.0232185748599 0.0492610837438
0 0.795836669335 0.266009852217 0.0160128102482 0.0361247947455
0 0.819455564452 0.311986863711 0.0200160128102 0.0459770114943
0 0.796637309848 0.443349753695 0.0256204963971 0.0755336617406
0 0.857085668535 0.478653530378 0.0296236989592 0.0804597701149
0 0.867493995196 0.340722495895 0.0184147317854 0.0541871921182
0 0.878302642114 0.425287356322 0.0208166533227 0.072249589491
0 0.873498799039 0.23645320197 0.0144115292234 0.0426929392447
0 0.906325060048 0.227422003284 0.0144115292234 0.047619047619
0 0.891112890312 0.284072249589 0.017614091273 0.0459770114943
0 0.945956765412 0.244663382594 0.013610888711 0.0426929392447
0 0.931945556445 0.271756978654 0.0160128102482 0.0377668308703
0 0.983586869496 0.255336617406 0.0120096076861 0.0410509031199
0 0.976381104884 0.308702791461 0.0152121697358 0.0394088669951
0 0.928342674139 0.348932676519 0.0168134507606 0.0541871921182
0 0.978783026421 0.36288998358 0.0184147317854 0.0591133004926
0 0.957566052842 0.428571428571 0.0272217774219 0.0492610837438
0 0.608486789432 0.155993431856 0.0192153722978 0.0361247947455
0 0.657325860689 0.153530377668 0.0144115292234 0.0311986863711
0 0.947157726181 0.371921182266 0.0144115292234 0.0509031198686
