0 0.124898291294 0.476052249637 0.0414971521562 0.0841799709724
0 0.23311635476 0.346153846154 0.0187144019528 0.0391872278665
0 0.266476810415 0.350507982583 0.0187144019528 0.0420899854862
0 0.297803091945 0.365021770682 0.0195280716029 0.0420899854862
0 0.288039056143 0.310595065312 0.0179007323027 0.0406386066763
0 0.343775427177 0.367924528302 0.0235964198535 0.0478955007257
0 0.36493083808 0.33236574746 0.0154597233523 0.0348330914369
0 0.360048820179 0.297532656023 0.0154597233523 0.0377358490566
0 0.388934092758 0.341074020319 0.0179007323027 0.0348330914369
0 0.410903173312 0.338896952104 0.0195280716029 0.0362844702467
0 0.441822620016 0.349782293179 0.0211554109032 0.0435413642961
0 0.398291293735 0.261973875181 0.0138323840521 0.033381712627
0 0.411716842962 0.302612481858 0.0162733930024 0.033381712627
0 0.439788445891 0.310595065312 0.0170870626526 0.0348330914369
0 0.472742066721 0.309869375907 0.0179007323027 0.0362844702467
0 0.419446704638 0.272133526851 0.0138323840521 0.0304789550073
0 0.427990235964 0.262699564586 0.013018714402 0.0261248185776
0 0.432058584215 0.28229317852 0.0146460537022 0.033381712627
0 0.465012205045 0.248911465893 0.0138323840521 0.0304789550073
0 0.471521562246 0.243831640058 0.0122050447518 0.0348330914369
0 0.471114727421 0.269956458636 0.0146460537022 0.0319303338171
0 0.499593165175 0.269956458636 0.0162733930024 0.0377358490566
0 0.509357200976 0.261973875181 0.013018714402 0.033381712627
0 0.519121236778 0.285921625544 0.0162733930024 0.0435413642961
0 0.510984540277 0.320029027576 0.0179007323027 0.0362844702467
0 0.505695687551 0.384615384615 0.0284784377543 0.0609579100145
0 0.547599674532 0.408563134978 0.0276647681041 0.0566037735849
0 0.542717656631 0.375181422351 0.0211554109032 0.0478955007257
0 0.538649308381 0.256168359942 0.0146460537022 0.0362844702467
0 0.560211554109 0.224238026125 0.0122050447518 0.0275761973875
0 0.570789259561 0.22641509434 0.0122050447518 0.0261248185776
0 0.56427990236 0.255442670537 0.0154597233523 0.0348330914369
0 0.56427990236 0.28084179971 0.0154597233523 0.0391872278665
0 0.604556550041 0.258345428157 0.0146460537022 0.0348330914369
0 0.606183889341 0.227866473149 0.0113913751017 0.0319303338171
0 0.612286411717 0.210449927431 0.0105777054516 0.0319303338171
0 0.628966639544 0.22496371553 0.013018714402 0.0290275761974
0 0.636696501221 0.251088534107 0.0122050447518 0.0319303338171
0 0.659886086249 0.22206095791 0.013018714402 0.0261248185776
0 0.672497965826 0.231494920174 0.0138323840521 0.0304789550073
0 0.690398698129 0.230769230769 0.0138323840521 0.0319303338171
0 0.669243287225 0.278664731495 0.0187144019528 0.0406386066763
0 0.600895036615 0.328737300435 0.0235964198535 0.044992743106
0 0.635475996745 0.310595065312 0.0195280716029 0.0406386066763
0 0.646867371847 0.347605224964 0.0211554109032 0.0507982583454
0 0.665988608625 0.371552975327 0.0252237591538 0.055152394775
0 0.691212367779 0.358490566038 0.0203417412531 0.0522496371553
0 0.611879576892 0.428156748911 0.0309194467046 0.0638606676343
0 0.670463791701 0.449201741655 0.0358014646054 0.0653120464441
0 0.703417412531 0.262699564586 0.0138323840521 0.0377358490566
0 0.721724979658 0.288824383164 0.0162733930024 0.0348330914369
0 0.743287225386 0.227866473149 0.0122050447518 0.0319303338171
0 0.746948738812 0.27358490566 0.013018714402 0.0362844702467
0 0.76362896664 0.286647314949 0.0138323840521 0.0391872278665
0 0.782750203417 0.272859216255 0.0146460537022 0.0348330914369
0 0.779902359642 0.240203193033 0.0138323840521 0.033381712627
0 0.809194467046 0.253265602322 0.0122050447518 0.033381712627
0 0.838486574451 0.266328011611 0.0122050447518 0.0362844702467
0 0.855573637103 0.269956458636 0.0122050447518 0.0348330914369
0 0.871033360456 0.263425253991 0.0122050447518 0.033381712627
0 0.893409275834 0.295355587808 0.0146460537022 0.0420899854862
0 0.93246541904 0.288098693759 0.0113913751017 0.0304789550073
0 0.93002441009 0.316400580552 0.013018714402 0.0319303338171
0 0.925956061839 0.359216255443 0.0179007323027 0.0362844702467
0 0.853539462978 0.284470246734 0.0146460537022 0.0319303338171
0 0.886493083808 0.322931785196 0.0170870626526 0.0362844702467
0 0.844995931652 0.309869375907 0.0154597233523 0.0362844702467
0 0.814890154597 0.306966618287 0.0170870626526 0.0362844702467
0 0.812449145647 0.28229317852 0.0138323840521 0.033381712627
0 0.864524003255 0.345428156749 0.0170870626526 0.0493468795356
0 0.808380797396 0.352685050798 0.0187144019528 0.0435413642961
0 0.807567127746 0.368650217707 0.0203417412531 0.0435413642961
0 0.914971521562 0.402031930334 0.0235964198535 0.055152394775
0 0.855166802278 0.417997097242 0.0227827502034 0.0522496371553
0 0.907648494711 0.468795355588 0.0284784377543 0.066763425254
0 0.844182262002 0.44847605225 0.0252237591538 0.0493468795356
0 0.740846216436 0.404934687954 0.0284784377543 0.055152394775
0 0.785191212368 0.412917271408 0.0276647681041 0.0566037735849
0 0.80146460537 0.49709724238 0.0309194467046 0.0595065312046
0 0.709113100081 0.516690856313 0.0382424735557 0.0812772133527
