0 0.386745796241 0.312714776632 0.0257171117705 0.0481099656357
0 0.327398615232 0.221649484536 0.0178041543027 0.0309278350515
0 0.354599406528 0.223367697595 0.0128585558853 0.0412371134021
0 0.509396636993 0.205326460481 0.0178041543027 0.0395189003436
0 0.503956478734 0.157216494845 0.0128585558853 0.0189003436426
0 0.517309594461 0.161512027491 0.0138476755687 0.0274914089347
0 0.571216617211 0.122852233677 0.0128585558853 0.0223367697595
0 0.57665677547 0.18470790378 0.0178041543027 0.0360824742268
0 0.827893175074 0.403780068729 0.0336300692384 0.0824742268041
0 0.92037586548 0.14089347079 0.0187932739862 0.0446735395189
