0 0.230056406124 0.336338418863 0.016921837228 0.0346740638003
0 0.14585012087 0.540221914008 0.0386784850927 0.0818307905687
0 0.259065269944 0.359916782247 0.0201450443191 0.0457697642164
0 0.296132151491 0.361997226075 0.0201450443191 0.0416088765603
0 0.290088638195 0.296116504854 0.0177276390008 0.0374479889043
0 0.317082997583 0.380721220527 0.0217566478646 0.0402219140083
0 0.346091861402 0.336338418863 0.0233682514102 0.0429958391123
0 0.34971796938 0.298196948682 0.0209508460919 0.0305131761442
0 0.378726833199 0.334257975035 0.0209508460919 0.0388349514563
0 0.405721192587 0.328710124827 0.0217566478646 0.0388349514563
0 0.404109589041 0.302357836338 0.016921837228 0.0332871012483
0 0.388799355359 0.263522884882 0.016921837228 0.0332871012483
0 0.416196615633 0.277392510402 0.0201450443191 0.0332871012483
0 0.433118452861 0.31067961165 0.0185334407736 0.0388349514563
0 0.465753424658 0.318307905687 0.0225624496374 0.0346740638003
0 0.459709911362 0.271844660194 0.0185334407736 0.0332871012483
0 0.456083803384 0.243411927878 0.0177276390008 0.0319001386963
0 0.425463336019 0.25520110957 0.0161160354553 0.0305131761442
0 0.464947622885 0.23439667129 0.0128928283642 0.0249653259362
0 0.501208702659 0.262829403606 0.0161160354553 0.0291262135922
0 0.517727639001 0.27253814147 0.0153102336825 0.0319001386963
0 0.515713134569 0.253120665742 0.0145044319098 0.0263522884882
0 0.546333601934 0.24479889043 0.0145044319098 0.0263522884882
0 0.550765511684 0.289181692094 0.0201450443191 0.0374479889043
0 0.498791297341 0.332871012483 0.0209508460919 0.0360610263523
0 0.47219983884 0.394590846047 0.030620467365 0.0651872399445
0 0.44319097502 0.357142857143 0.0225624496374 0.0374479889043
0 0.57131345689 0.246879334258 0.0145044319098 0.0277392510402
0 0.561643835616 0.21705963939 0.00966962127317 0.0235783633842
0 0.57131345689 0.218446601942 0.0112812248187 0.0208044382802
0 0.593473005641 0.249653259362 0.016921837228 0.0332871012483
0 0.599516518936 0.22399445215 0.0128928283642 0.0235783633842
0 0.605560032232 0.199029126214 0.0153102336825 0.0291262135922
0 0.619258662369 0.217753120666 0.0104754230459 0.0305131761442
0 0.634165995165 0.221220527046 0.0145044319098 0.0319001386963
0 0.637792103143 0.252427184466 0.0153102336825 0.0305131761442
0 0.65592264303 0.217753120666 0.0128928283642 0.0305131761442
0 0.672038678485 0.228155339806 0.0161160354553 0.0263522884882
0 0.696212731668 0.223300970874 0.0193392425463 0.0277392510402
0 0.697421434327 0.257281553398 0.0120870265915 0.0263522884882
0 0.663980660757 0.278779472954 0.0161160354553 0.0360610263523
0 0.526994359388 0.375866851595 0.0290088638195 0.0471567267684
0 0.532232070911 0.423023578363 0.0298146655923 0.0582524271845
0 0.58017727639 0.450762829404 0.0322320709106 0.0638002773925
0 0.586220789686 0.401525658807 0.0314262691378 0.0596393897365
0 0.592264302981 0.337031900139 0.0257856567284 0.0471567267684
0 0.637389202256 0.354368932039 0.0225624496374 0.0485436893204
0 0.625302175665 0.301664355062 0.0225624496374 0.0457697642164
0 0.659145850121 0.364771151179 0.027397260274 0.0471567267684
0 0.680902497985 0.363384188627 0.0257856567284 0.0443828016644
0 0.675261885576 0.315533980583 0.0225624496374 0.0457697642164
0 0.704673650282 0.296116504854 0.0233682514102 0.0402219140083
0 0.725624496374 0.250346740638 0.0185334407736 0.0402219140083
0 0.74053182917 0.256588072122 0.0161160354553 0.0332871012483
0 0.741740531829 0.231622746186 0.016921837228 0.0277392510402
0 0.756244963739 0.259361997226 0.016921837228 0.0305131761442
0 0.765511684126 0.27947295423 0.0177276390008 0.0402219140083
0 0.77397260274 0.238557558946 0.016921837228 0.0332871012483
0 0.801369863014 0.242718446602 0.0217566478646 0.0277392510402
0 0.804593070105 0.276699029126 0.016921837228 0.0346740638003
0 0.811442385173 0.298890429958 0.0177276390008 0.0319001386963
0 0.819097502015 0.331484049931 0.0185334407736 0.0471567267684
0 0.803384367446 0.361303744799 0.0241740531829 0.0429958391123
0 0.767526188558 0.430651872399 0.0282030620467 0.0568654646325
0 0.713940370669 0.404993065187 0.027397260274 0.0527045769764
0 0.6893634166 0.540221914008 0.044319097502 0.0818307905687
0 0.630136986301 0.47572815534 0.0386784850927 0.0693481276006
0 0.805801772764 0.51040221914 0.0354552780016 0.0748959778086
0 0.840854149879 0.440360610264 0.0265914585012 0.0568654646325
0 0.848106365834 0.353675450763 0.0185334407736 0.0471567267684
0 0.862207896857 0.342579750347 0.0193392425463 0.0471567267684
0 0.871877518131 0.321775312067 0.0145044319098 0.0332871012483
0 0.838436744561 0.27600554785 0.0153102336825 0.0332871012483
0 0.829975825947 0.253120665742 0.0128928283642 0.0291262135922
0 0.846091861402 0.26213592233 0.0128928283642 0.0249653259362
0 0.870265914585 0.259361997226 0.0128928283642 0.0249653259362
0 0.885576148268 0.276699029126 0.0161160354553 0.0319001386963
0 0.885576148268 0.345353675451 0.0161160354553 0.0443828016644
0 0.898468976632 0.486823855756 0.030620467365 0.0610263522885
0 0.898871877518 0.44105409154 0.0185334407736 0.0416088765603
0 0.921837228042 0.361303744799 0.0209508460919 0.0540915395284
0 0.907735697019 0.305825242718 0.0153102336825 0.0346740638003
0 0.924657534247 0.30027739251 0.016921837228 0.0346740638003
0 0.927074939565 0.278779472954 0.013698630137 0.0277392510402
