0 0.2150997151 0.443602693603 0.0522317188984 0.0959595959596
0 0.248338081671 0.375420875421 0.042735042735 0.0942760942761
0 0.298670465337 0.241582491582 0.0237416904084 0.0454545454545
0 0.34188034188 0.281144781145 0.022792022792 0.047138047138
0 0.357075023742 0.258417508418 0.017094017094 0.0353535353535
0 0.392212725546 0.18771043771 0.0208926875594 0.0420875420875
0 0.420227920228 0.126262626263 0.014245014245 0.026936026936
0 0.449667616334 0.185185185185 0.0180436847104 0.040404040404
0 0.431149097816 0.214646464646 0.0208926875594 0.0387205387205
0 0.450617283951 0.218855218855 0.0218423551757 0.037037037037
0 0.437321937322 0.281986531987 0.0218423551757 0.0488215488215
0 0.485754985755 0.316498316498 0.0275403608737 0.0538720538721
0 0.474833808167 0.198653198653 0.017094017094 0.037037037037
0 0.457264957265 0.143939393939 0.014245014245 0.0319865319865
0 0.483855650522 0.164141414141 0.0161443494777 0.0319865319865
0 0.490028490028 0.12962962963 0.0132953466287 0.023569023569
0 0.514719848053 0.170033670034 0.017094017094 0.03367003367
0 0.527065527066 0.207070707071 0.0189933523267 0.037037037037
0 0.537511870845 0.138047138047 0.0151946818613 0.040404040404
0 0.557454890788 0.143939393939 0.0132953466287 0.0319865319865
0 0.568850902184 0.109427609428 0.011396011396 0.023569023569
0 0.584045584046 0.155723905724 0.017094017094 0.0353535353535
0 0.599240265907 0.0917508417508 0.0151946818613 0.0353535353535
0 0.614434947768 0.241582491582 0.0208926875594 0.0420875420875
0 0.664767331434 0.258417508418 0.022792022792 0.0521885521886
0 0.72269705603 0.27861952862 0.0265906932574 0.0555555555556
0 0.778727445394 0.306397306397 0.0246913580247 0.0538720538721
0 0.688983855651 0.153198653199 0.0161443494777 0.040404040404
0 0.700379867047 0.0925925925926 0.0161443494777 0.037037037037
0 0.710826210826 0.177609427609 0.0180436847104 0.0353535353535
0 0.716049382716 0.145622895623 0.017094017094 0.0387205387205
0 0.732668566002 0.167508417508 0.014245014245 0.0286195286195
0 0.749762583096 0.143939393939 0.0123456790123 0.0319865319865
0 0.762108262108 0.165824915825 0.014245014245 0.0353535353535
0 0.755460588794 0.110269360269 0.0104463437797 0.0252525252525
0 0.816239316239 0.127946127946 0.0123456790123 0.026936026936
0 0.802943969611 0.180134680135 0.0161443494777 0.040404040404
0 0.855650522317 0.192760942761 0.017094017094 0.0387205387205
0 0.877967711301 0.223063973064 0.019943019943 0.0353535353535
