0 0.093370681606 0.317880794702 0.0186741363212 0.0430463576159
0 0.18253968254 0.471854304636 0.0382819794585 0.0662251655629
0 0.393557422969 0.263245033113 0.0233426704015 0.0364238410596
0 0.405695611578 0.21440397351 0.015873015873 0.0281456953642
0 0.463585434174 0.216059602649 0.0196078431373 0.0380794701987
0 0.364145658263 0.189569536424 0.0130718954248 0.0281456953642
0 0.356209150327 0.242549668874 0.0177404295051 0.0281456953642
0 0.419234360411 0.154801324503 0.014939309057 0.0314569536424
0 0.47385620915 0.117549668874 0.0121381886088 0.0264900662252
0 0.521008403361 0.117549668874 0.0130718954248 0.0264900662252
0 0.537348272642 0.116721854305 0.0140056022409 0.0248344370861
0 0.572362278245 0.120860927152 0.0112044817927 0.0264900662252
0 0.589169000934 0.119205298013 0.0112044817927 0.0264900662252
0 0.567693744164 0.173013245033 0.014939309057 0.0347682119205
0 0.480392156863 0.324503311258 0.0252100840336 0.046357615894
0 0.539682539683 0.322847682119 0.0261437908497 0.0496688741722
0 0.615779645191 0.256622516556 0.0214752567694 0.0430463576159
0 0.65873015873 0.21440397351 0.0233426704015 0.044701986755
0 0.606442577031 0.233443708609 0.0196078431373 0.0198675496689
0 0.701680672269 0.305463576159 0.0270774976657 0.0579470198675
0 0.713818860878 0.25082781457 0.0233426704015 0.0546357615894
0 0.772642390289 0.270695364238 0.0270774976657 0.0579470198675
0 0.809056956116 0.292218543046 0.0252100840336 0.0579470198675
0 0.90756302521 0.312086092715 0.0224089635854 0.0645695364238
0 0.826797385621 0.0587748344371 0.0121381886088 0.0281456953642
0 0.890289449113 0.132450331126 0.0102707749767 0.023178807947
0 0.906629318394 0.139900662252 0.0112044817927 0.0248344370861
0 0.935107376284 0.148178807947 0.0121381886088 0.0248344370861
