0 0.0608258928571 0.386497064579 0.0212053571429 0.0489236790607
0 0.252790178571 0.262230919765 0.0145089285714 0.027397260274
0 0.272321428571 0.26614481409 0.0200892857143 0.0352250489237
0 0.309151785714 0.245596868885 0.015625 0.0254403131115
0 0.301339285714 0.22602739726 0.0133928571429 0.0332681017613
0 0.334821428571 0.247553816047 0.015625 0.0371819960861
0 0.351004464286 0.255381604697 0.0167410714286 0.0371819960861
0 0.354910714286 0.297455968689 0.0223214285714 0.0469667318982
0 0.345982142857 0.222113502935 0.015625 0.0293542074364
0 0.376116071429 0.215264187867 0.0200892857143 0.0391389432485
0 0.397321428571 0.268101761252 0.0245535714286 0.0508806262231
0 0.382254464286 0.188845401174 0.0189732142857 0.0332681017613
0 0.401227678571 0.203522504892 0.0212053571429 0.0313111545988
0 0.440290178571 0.224070450098 0.0212053571429 0.0332681017613
0 0.444754464286 0.188845401174 0.0189732142857 0.0293542074364
0 0.465959821429 0.228962818004 0.0212053571429 0.0391389432485
0 0.456473214286 0.149706457926 0.015625 0.0254403131115
0 0.477120535714 0.194716242661 0.0167410714286 0.0332681017613
0 0.470982142857 0.171232876712 0.015625 0.0293542074364
0 0.478794642857 0.138943248532 0.015625 0.0234833659491
0 0.5 0.19373776908 0.0178571428571 0.0313111545988
0 0.526785714286 0.213307240705 0.0223214285714 0.0391389432485
0 0.525669642857 0.164383561644 0.0133928571429 0.0234833659491
0 0.543526785714 0.160469667319 0.015625 0.0352250489237
0 0.5625 0.148727984344 0.0133928571429 0.027397260274
0 0.560825892857 0.120352250489 0.0145089285714 0.0293542074364
0 0.575892857143 0.165362035225 0.015625 0.0293542074364
0 0.594866071429 0.14481409002 0.015625 0.0313111545988
0 0.612723214286 0.148727984344 0.0133928571429 0.0313111545988
0 0.633370535714 0.139921722114 0.0167410714286 0.0332681017613
0 0.643415178571 0.12133072407 0.0145089285714 0.027397260274
0 0.664620535714 0.119373776908 0.0122767857143 0.0313111545988
0 0.498883928571 0.300391389432 0.0290178571429 0.0645792563601
0 0.54296875 0.246575342466 0.0256696428571 0.0469667318982
0 0.569196428571 0.292563600783 0.0245535714286 0.0489236790607
0 0.614397321429 0.300391389432 0.0279017857143 0.0567514677104
0 0.614955357143 0.244618395303 0.0223214285714 0.0508806262231
0 0.613839285714 0.204500978474 0.0245535714286 0.0450097847358
0 0.646763392857 0.203522504892 0.0234375 0.0430528375734
0 0.65234375 0.285714285714 0.0279017857143 0.0547945205479
0 0.700334821429 0.267123287671 0.0279017857143 0.0606653620352
0 0.7109375 0.22602739726 0.0200892857143 0.0489236790607
0 0.691964285714 0.181996086106 0.0200892857143 0.0430528375734
0 0.69140625 0.145792563601 0.0189732142857 0.0332681017613
0 0.716517857143 0.166340508806 0.015625 0.0391389432485
0 0.724888392857 0.198630136986 0.0212053571429 0.041095890411
0 0.749441964286 0.238747553816 0.0212053571429 0.0587084148728
0 0.760602678571 0.212328767123 0.0212053571429 0.041095890411
0 0.760044642857 0.171232876712 0.0178571428571 0.0371819960861
0 0.745535714286 0.137964774951 0.015625 0.0332681017613
0 0.724330357143 0.117416829746 0.015625 0.0352250489237
0 0.756696428571 0.132093933464 0.0178571428571 0.0371819960861
0 0.7734375 0.16927592955 0.0178571428571 0.0371819960861
0 0.782924107143 0.149706457926 0.0145089285714 0.0293542074364
0 0.770089285714 0.286692759295 0.0290178571429 0.0606653620352
0 0.837611607143 0.318003913894 0.0279017857143 0.0567514677104
0 0.852678571429 0.236790606654 0.0245535714286 0.0469667318982
0 0.820870535714 0.207436399217 0.0167410714286 0.0391389432485
0 0.829799107143 0.157534246575 0.0145089285714 0.0332681017613
0 0.845982142857 0.160469667319 0.015625 0.0313111545988
0 0.859375 0.19373776908 0.015625 0.0391389432485
0 0.885044642857 0.215264187867 0.015625 0.0430528375734
0 0.897879464286 0.231898238748 0.0145089285714 0.0371819960861
0 0.913504464286 0.253424657534 0.0234375 0.0489236790607
0 0.880580357143 0.166340508806 0.015625 0.0313111545988
0 0.896205357143 0.187866927593 0.015625 0.0352250489237
