0 0.36252446184 0.1815008726 0.0166340508806 0.0349040139616
0 0.480430528376 0.198080279232 0.027397260274 0.0471204188482
0 0.553326810176 0.12739965096 0.0166340508806 0.0349040139616
0 0.553816046967 0.192844677138 0.0195694716243 0.0506108202443
0 0.59637964775 0.227748691099 0.0264187866928 0.0541012216405
0 0.632093933464 0.191972076789 0.0234833659491 0.0488656195462
0 0.673189823875 0.241710296684 0.0293542074364 0.0541012216405
0 0.671722113503 0.210296684119 0.0205479452055 0.0401396160558
0 0.708904109589 0.212914485166 0.0225048923679 0.0488656195462
0 0.74217221135 0.278359511344 0.0303326810176 0.064572425829
0 0.771037181996 0.286212914485 0.0313111545988 0.0732984293194
0 0.784246575342 0.249563699825 0.0264187866928 0.0593368237347
0 0.826810176125 0.246073298429 0.0176125244618 0.0558464223386
0 0.916829745597 0.331588132635 0.0371819960861 0.0767888307155
0 0.935909980431 0.291448516579 0.03228962818 0.0663176265271
