0 0.142917369309 0.520422535211 0.0446880269815 0.0774647887324
0 0.237352445194 0.332394366197 0.0193929173693 0.0338028169014
0 0.27107925801 0.342253521127 0.0244519392917 0.0422535211268
0 0.29173693086 0.371830985915 0.0236087689713 0.0394366197183
0 0.294688026981 0.301408450704 0.0210792580101 0.030985915493
0 0.348650927487 0.357746478873 0.0244519392917 0.0422535211268
0 0.365935919056 0.325352112676 0.0202360876897 0.0338028169014
0 0.363827993255 0.296478873239 0.0210792580101 0.0267605633803
0 0.403035413153 0.25985915493 0.0185497470489 0.0295774647887
0 0.421163575042 0.330281690141 0.0227655986509 0.0408450704225
0 0.41694772344 0.297183098592 0.0193929173693 0.0338028169014
0 0.45784148398 0.335211267606 0.0252951096121 0.0394366197183
0 0.493254637437 0.399295774648 0.0337268128162 0.0605633802817
0 0.446458684654 0.326056338028 0.0177065767285 0.0352112676056
0 0.43802698145 0.256338028169 0.0177065767285 0.0281690140845
0 0.456576728499 0.255633802817 0.0160202360877 0.0352112676056
0 0.476812816189 0.238028169014 0.0143338954469 0.0281690140845
0 0.486509274874 0.296478873239 0.0202360876897 0.0380281690141
0 0.522765598651 0.260563380282 0.0134907251265 0.0281690140845
0 0.539629005059 0.274647887324 0.0185497470489 0.0366197183099
0 0.560286677909 0.249295774648 0.0177065767285 0.0366197183099
0 0.573355817875 0.22676056338 0.0185497470489 0.030985915493
0 0.587689713322 0.215492957746 0.0151770657673 0.0281690140845
0 0.588111298482 0.240845070423 0.0143338954469 0.030985915493
0 0.599072512648 0.256338028169 0.0143338954469 0.030985915493
0 0.570826306914 0.27676056338 0.0185497470489 0.0352112676056
0 0.52065767285 0.317605633803 0.0193929173693 0.043661971831
0 0.552698145025 0.353521126761 0.0244519392917 0.0507042253521
0 0.618043844857 0.37676056338 0.026981450253 0.0521126760563
0 0.524030354132 0.47676056338 0.0328836424958 0.0521126760563
0 0.612141652614 0.447183098592 0.0320404721754 0.0718309859155
0 0.651349072513 0.461267605634 0.0362563237774 0.0718309859155
0 0.670741989882 0.371126760563 0.0278246205734 0.0605633802817
0 0.7086846543 0.357746478873 0.0278246205734 0.0478873239437
0 0.620151770658 0.321126760563 0.031197301855 0.0507042253521
0 0.650505902192 0.297183098592 0.0227655986509 0.0422535211268
0 0.619308600337 0.242957746479 0.0160202360877 0.0352112676056
0 0.619730185497 0.219014084507 0.0134907251265 0.0211267605634
0 0.62478920742 0.202112676056 0.0118043844857 0.0239436619718
0 0.644182124789 0.210563380282 0.0118043844857 0.0239436619718
0 0.647133220911 0.241549295775 0.0160202360877 0.0267605633803
0 0.657672849916 0.221126760563 0.0134907251265 0.0281690140845
0 0.689291736931 0.278873239437 0.0193929173693 0.0450704225352
0 0.699831365936 0.314084507042 0.0168634064081 0.0366197183099
0 0.724704890388 0.296478873239 0.0244519392917 0.0380281690141
0 0.725969645868 0.248591549296 0.0168634064081 0.0323943661972
0 0.692242833052 0.227464788732 0.0118043844857 0.0267605633803
0 0.690134907251 0.204929577465 0.0109612141653 0.0239436619718
0 0.705733558179 0.227464788732 0.0134907251265 0.0295774647887
0 0.75042158516 0.247887323944 0.0168634064081 0.0366197183099
0 0.756745362563 0.235915492958 0.0143338954469 0.0267605633803
0 0.766020236088 0.233802816901 0.0109612141653 0.0253521126761
0 0.802698145025 0.234507042254 0.0168634064081 0.0267605633803
0 0.793423271501 0.25985915493 0.0151770657673 0.0267605633803
0 0.806070826307 0.279577464789 0.0151770657673 0.0352112676056
0 0.83305227656 0.243661971831 0.0151770657673 0.030985915493
0 0.845278246206 0.266197183099 0.0193929173693 0.0366197183099
0 0.830944350759 0.292253521127 0.0160202360877 0.0352112676056
0 0.836424957841 0.355633802817 0.0252951096121 0.0464788732394
0 0.811129848229 0.428169014085 0.0286677908938 0.056338028169
0 0.741568296796 0.399295774648 0.0328836424958 0.0549295774648
0 0.722175379427 0.54014084507 0.0379426644182 0.0774647887324
0 0.841905564924 0.505633802817 0.0413153456998 0.0732394366197
0 0.864671163575 0.45 0.031197301855 0.069014084507
0 0.882377740304 0.393661971831 0.0261382799325 0.0577464788732
0 0.894603709949 0.335211267606 0.0202360876897 0.0450704225352
0 0.868043844857 0.314084507042 0.0210792580101 0.0422535211268
0 0.869308600337 0.271126760563 0.0168634064081 0.0352112676056
0 0.867622259696 0.252816901408 0.0185497470489 0.0295774647887
0 0.879848229342 0.26338028169 0.0160202360877 0.030985915493
0 0.904721753794 0.254929577465 0.0185497470489 0.0338028169014
0 0.921585160202 0.279577464789 0.0202360876897 0.043661971831
0 0.908937605396 0.31338028169 0.0151770657673 0.0352112676056
0 0.949831365936 0.464084507042 0.0295109612142 0.0549295774648
0 0.932546374368 0.438732394366 0.0202360876897 0.0323943661972
0 0.951517706577 0.354929577465 0.0193929173693 0.0422535211268
0 0.944772344013 0.312676056338 0.0193929173693 0.0450704225352
0 0.959527824621 0.302112676056 0.0151770657673 0.0408450704225
0 0.961635750422 0.271126760563 0.0177065767285 0.0295774647887
