0 0.270165208941 0.25974025974 0.019436345967 0.0324675324675
0 0.281341107872 0.262987012987 0.0184645286686 0.038961038961
0 0.311467444121 0.263798701299 0.0184645286686 0.0405844155844
0 0.327502429543 0.279220779221 0.0174927113703 0.038961038961
0 0.349368318756 0.304383116883 0.022351797862 0.0373376623377
0 0.350826044704 0.237012987013 0.019436345967 0.0357142857143
0 0.383867832847 0.214285714286 0.0174927113703 0.0357142857143
0 0.397473275024 0.211850649351 0.0174927113703 0.0308441558442
0 0.405247813411 0.298701298701 0.025267249757 0.0454545454545
0 0.419339164237 0.237012987013 0.022351797862 0.0357142857143
0 0.483479105928 0.225649350649 0.0242954324587 0.0422077922078
0 0.467930029155 0.181006493506 0.0204081632653 0.0373376623377
0 0.51749271137 0.166396103896 0.0165208940719 0.0275974025974
0 0.537900874636 0.185876623377 0.0204081632653 0.0373376623377
0 0.525267249757 0.213474025974 0.0204081632653 0.0340909090909
0 0.569970845481 0.193181818182 0.022351797862 0.0324675324675
0 0.568513119534 0.162337662338 0.019436345967 0.0292207792208
0 0.593780369291 0.172077922078 0.019436345967 0.038961038961
0 0.609815354713 0.124188311688 0.0165208940719 0.0275974025974
0 0.581632653061 0.227272727273 0.0204081632653 0.038961038961
0 0.507774538387 0.306006493506 0.0242954324587 0.0503246753247
0 0.55879494655 0.314935064935 0.0310981535471 0.0584415584416
0 0.597667638484 0.271103896104 0.0272108843537 0.0584415584416
0 0.624878522838 0.219967532468 0.0233236151603 0.0438311688312
0 0.649173955296 0.196428571429 0.0213799805637 0.0422077922078
0 0.667638483965 0.349025974026 0.0330417881438 0.0714285714286
0 0.657920310982 0.272727272727 0.0291545189504 0.0519480519481
0 0.681243926142 0.216720779221 0.0233236151603 0.0503246753247
0 0.69436345967 0.185064935065 0.0204081632653 0.038961038961
0 0.731292517007 0.203733766234 0.0204081632653 0.0373376623377
0 0.738581146744 0.181818181818 0.019436345967 0.0357142857143
0 0.726919339164 0.256493506494 0.025267249757 0.0487012987013
0 0.75898931001 0.236201298701 0.0213799805637 0.0438311688312
0 0.766763848397 0.190746753247 0.0174927113703 0.0340909090909
0 0.78814382896 0.201298701299 0.0174927113703 0.038961038961
0 0.77648202138 0.144480519481 0.0155490767736 0.0324675324675
0 0.806608357629 0.147727272727 0.0174927113703 0.0324675324675
0 0.824101068999 0.176136363636 0.019436345967 0.0340909090909
0 0.830903790087 0.232142857143 0.019436345967 0.0357142857143
0 0.815840621963 0.252435064935 0.0281827016521 0.0568181818182
0 0.787172011662 0.305194805195 0.025267249757 0.0551948051948
0 0.768707482993 0.364448051948 0.0330417881438 0.0600649350649
0 0.859572400389 0.297077922078 0.0281827016521 0.0551948051948
0 0.873177842566 0.267045454545 0.0242954324587 0.0470779220779
0 0.911078717201 0.293019480519 0.0262390670554 0.0535714285714
0 0.893586005831 0.214285714286 0.0184645286686 0.0422077922078
0 0.850826044704 0.203733766234 0.0165208940719 0.0405844155844
0 0.862487852284 0.163149350649 0.0145772594752 0.0308441558442
