0 0.176438053097 0.458171206226 0.0431415929204 0.0836575875486
0 0.267699115044 0.214007782101 0.0154867256637 0.0311284046693
0 0.325774336283 0.174124513619 0.0188053097345 0.0369649805447
0 0.353982300885 0.173151750973 0.0199115044248 0.0350194552529
0 0.304203539823 0.200389105058 0.0199115044248 0.0311284046693
0 0.303650442478 0.231517509728 0.0143805309735 0.0389105058366
0 0.345132743363 0.195525291829 0.0176991150442 0.0369649805447
0 0.391592920354 0.146887159533 0.0132743362832 0.0330739299611
0 0.441371681416 0.140077821012 0.0132743362832 0.0311284046693
0 0.415376106195 0.145914396887 0.0143805309735 0.0428015564202
0 0.423119469027 0.151750972763 0.0143805309735 0.0350194552529
0 0.495575221239 0.107003891051 0.0132743362832 0.0233463035019
0 0.469579646018 0.129377431907 0.0143805309735 0.0214007782101
0 0.477876106195 0.134241245136 0.0132743362832 0.0311284046693
0 0.394911504425 0.187743190661 0.0221238938053 0.0408560311284
0 0.407079646018 0.193579766537 0.0132743362832 0.0291828793774
0 0.384402654867 0.264591439689 0.0188053097345 0.0505836575875
0 0.399889380531 0.215953307393 0.0143805309735 0.0389105058366
0 0.440265486726 0.173151750973 0.0154867256637 0.0233463035019
0 0.467920353982 0.179961089494 0.0199115044248 0.0330739299611
0 0.49889380531 0.168287937743 0.0154867256637 0.0252918287938
0 0.510508849558 0.142023346304 0.016592920354 0.0311284046693
0 0.516592920354 0.115758754864 0.0110619469027 0.0252918287938
0 0.554756637168 0.11186770428 0.0143805309735 0.0214007782101
0 0.523783185841 0.166342412451 0.016592920354 0.0330739299611
0 0.546460176991 0.145914396887 0.0176991150442 0.0311284046693
0 0.592920353982 0.100194552529 0.0176991150442 0.0252918287938
0 0.566371681416 0.142996108949 0.0221238938053 0.0447470817121
0 0.560840707965 0.171206225681 0.0154867256637 0.0311284046693
0 0.602876106195 0.141050583658 0.0154867256637 0.0330739299611
0 0.589048672566 0.209143968872 0.0232300884956 0.0408560311284
0 0.587942477876 0.163424124514 0.016592920354 0.0428015564202
0 0.586283185841 0.136186770428 0.0199115044248 0.0428015564202
0 0.647123893805 0.103112840467 0.0132743362832 0.0311284046693
0 0.641039823009 0.148832684825 0.0188053097345 0.0408560311284
0 0.642699115044 0.18093385214 0.0176991150442 0.0389105058366
0 0.620575221239 0.231517509728 0.0287610619469 0.0661478599222
0 0.677544247788 0.167315175097 0.016592920354 0.0350194552529
0 0.680309734513 0.0953307392996 0.0132743362832 0.0233463035019
0 0.695243362832 0.107003891051 0.0143805309735 0.0272373540856
0 0.705199115044 0.0924124513619 0.016592920354 0.0291828793774
0 0.689159292035 0.200389105058 0.0199115044248 0.0389105058366
0 0.686946902655 0.241245136187 0.0199115044248 0.0466926070039
0 0.702433628319 0.299610894942 0.0309734513274 0.0622568093385
0 0.72953539823 0.13326848249 0.0143805309735 0.0369649805447
0 0.720685840708 0.167315175097 0.016592920354 0.0233463035019
0 0.749446902655 0.127431906615 0.0121681415929 0.0214007782101
0 0.73064159292 0.22373540856 0.0188053097345 0.0428015564202
0 0.764933628319 0.110894941634 0.0121681415929 0.0272373540856
0 0.753318584071 0.179961089494 0.0199115044248 0.0408560311284
0 0.756637168142 0.226653696498 0.0221238938053 0.0408560311284
0 0.778761061947 0.125486381323 0.0132743362832 0.0330739299611
0 0.785951327434 0.1546692607 0.016592920354 0.0252918287938
0 0.800331858407 0.124513618677 0.0121681415929 0.0233463035019
0 0.814159292035 0.121595330739 0.0110619469027 0.0291828793774
0 0.798672566372 0.189688715953 0.0176991150442 0.0291828793774
0 0.794800884956 0.270428015564 0.0254424778761 0.0466926070039
0 0.843473451327 0.146887159533 0.0143805309735 0.0369649805447
0 0.822455752212 0.189688715953 0.021017699115 0.0369649805447
0 0.842367256637 0.204280155642 0.021017699115 0.0389105058366
0 0.830752212389 0.236381322957 0.0199115044248 0.0447470817121
0 0.872234513274 0.16439688716 0.016592920354 0.0447470817121
0 0.909292035398 0.13813229572 0.0110619469027 0.0194552529183
0 0.911504424779 0.177042801556 0.0110619469027 0.0311284046693
0 0.897123893805 0.211089494163 0.0154867256637 0.0369649805447
0 0.916482300885 0.346303501946 0.0276548672566 0.0544747081712
0 0.932522123894 0.242217898833 0.0176991150442 0.0369649805447
0 0.941371681416 0.216926070039 0.0199115044248 0.0330739299611
0 0.936946902655 0.198443579767 0.0176991150442 0.0428015564202
0 0.950221238938 0.177042801556 0.0221238938053 0.0505836575875
0 0.529314159292 0.142996108949 0.0143805309735 0.0291828793774
0 0.741150442478 0.368677042802 0.0287610619469 0.0603112840467
0 0.621128318584 0.131322957198 0.0143805309735 0.0291828793774
