0 0.289778206365 0.416524701874 0.0568948891032 0.120954003407
0 0.373674059788 0.524701873935 0.0646094503375 0.139693356048
0 0.413693346191 0.206984667802 0.0212150433944 0.045996592845
0 0.4324975892 0.209540034072 0.0125361620058 0.03066439523
0 0.451783992285 0.216354344123 0.0144648023144 0.0374787052811
0 0.479267116683 0.241056218058 0.0212150433944 0.0357751277683
0 0.510607521697 0.236797274276 0.0221793635487 0.0442930153322
0 0.590646094503 0.126916524702 0.0183220829315 0.0289608177172
0 0.617164898746 0.12265758092 0.0135004821601 0.0272572402044
0 0.648987463838 0.13202725724 0.0115718418515 0.0255536626917
0 0.596914175506 0.261499148211 0.023143683703 0.0391822827939
0 0.645130183221 0.253833049404 0.0308582449373 0.0579216354344
