0 0.880158730159 0.423988842399 0.031746031746 0.0808926080893
0 0.796825396825 0.389818688982 0.0269841269841 0.0794979079498
0 0.835714285714 0.320083682008 0.0238095238095 0.0627615062762
0 0.890476190476 0.303347280335 0.0238095238095 0.0543933054393
0 0.857142857143 0.253138075314 0.0206349206349 0.0488145048815
0 0.871031746032 0.23709902371 0.018253968254 0.0529986052999
0 0.906349206349 0.255927475593 0.0190476190476 0.0488145048815
0 0.914285714286 0.244769874477 0.0222222222222 0.0488145048815
0 0.895238095238 0.15760111576 0.0126984126984 0.0306834030683
0 0.889682539683 0.179218967922 0.015873015873 0.0348675034868
0 0.854761904762 0.166666666667 0.0142857142857 0.0348675034868
0 0.838492063492 0.124128312413 0.0119047619048 0.0278940027894
0 0.819841269841 0.145746164575 0.00952380952381 0.0320781032078
0 0.8 0.179916317992 0.015873015873 0.0362622036262
0 0.822619047619 0.221059972106 0.0166666666667 0.0348675034868
0 0.814682539683 0.23640167364 0.0166666666667 0.0404463040446
0 0.80753968254 0.122036262204 0.0119047619048 0.0292887029289
0 0.781349206349 0.115760111576 0.00873015873016 0.0278940027894
0 0.778968253968 0.163179916318 0.0134920634921 0.0306834030683
0 0.732142857143 0.113668061367 0.0103174603175 0.0264993026499
0 0.750793650794 0.142956764296 0.0126984126984 0.0264993026499
0 0.745238095238 0.167364016736 0.015873015873 0.0334728033473
0 0.71626984127 0.167364016736 0.0134920634921 0.0278940027894
0 0.724603174603 0.181311018131 0.015873015873 0.0362622036262
0 0.707142857143 0.218270571827 0.0174603174603 0.0432357043236
0 0.775 0.207810320781 0.018253968254 0.0418410041841
0 0.766666666667 0.225941422594 0.015873015873 0.0390516039052
0 0.767063492063 0.294979079498 0.018253968254 0.0404463040446
0 0.69246031746 0.108786610879 0.0119047619048 0.0278940027894
0 0.667063492063 0.124128312413 0.0119047619048 0.0251046025105
0 0.676587301587 0.192468619247 0.0150793650794 0.0418410041841
0 0.652777777778 0.226638772664 0.0166666666667 0.0404463040446
0 0.658333333333 0.26220362622 0.0214285714286 0.0585774058577
0 0.638492063492 0.0976290097629 0.0103174603175 0.0251046025105
0 0.644841269841 0.112970711297 0.0103174603175 0.0251046025105
0 0.639285714286 0.133193863319 0.0134920634921 0.0376569037657
0 0.59126984127 0.101813110181 0.00634920634921 0.0167364016736
0 0.609920634921 0.114365411437 0.00873015873016 0.0195258019526
0 0.609126984127 0.149930264993 0.0119047619048 0.0320781032078
0 0.564285714286 0.127615062762 0.00952380952381 0.023709902371
0 0.585714285714 0.149930264993 0.0126984126984 0.0292887029289
0 0.603174603175 0.214086471409 0.015873015873 0.0376569037657
0 0.603571428571 0.260111576011 0.0198412698413 0.0543933054393
0 0.632142857143 0.297071129707 0.0246031746032 0.0613668061367
0 0.565873015873 0.248256624826 0.0174603174603 0.047419804742
0 0.544047619048 0.283124128312 0.0261904761905 0.0613668061367
0 0.563492063492 0.177126917713 0.0142857142857 0.0334728033473
0 0.547619047619 0.163179916318 0.0142857142857 0.0306834030683
0 0.528174603175 0.140167364017 0.0119047619048 0.0264993026499
0 0.505555555556 0.138075313808 0.00793650793651 0.0223152022315
0 0.51626984127 0.161785216179 0.0119047619048 0.0251046025105
0 0.50119047619 0.18479776848 0.0166666666667 0.0460251046025
0 0.492063492063 0.1589958159 0.00952380952381 0.0223152022315
0 0.454365079365 0.145746164575 0.0103174603175 0.0264993026499
0 0.465873015873 0.15829846583 0.00952380952381 0.0264993026499
0 0.438492063492 0.170850767085 0.0103174603175 0.0292887029289
0 0.450396825397 0.170153417015 0.0119047619048 0.0251046025105
0 0.450396825397 0.214086471409 0.0150793650794 0.0376569037657
0 0.465079365079 0.23779637378 0.0206349206349 0.0460251046025
0 0.413888888889 0.194560669456 0.0119047619048 0.0292887029289
0 0.398412698413 0.232217573222 0.015873015873 0.0348675034868
0 0.389285714286 0.26359832636 0.0166666666667 0.0362622036262
0 0.31626984127 0.246164574616 0.0150793650794 0.0376569037657
0 0.327777777778 0.258019525802 0.015873015873 0.0362622036262
0 0.34880952381 0.242677824268 0.0150793650794 0.0418410041841
0 0.34880952381 0.213389121339 0.0166666666667 0.0362622036262
0 0.371031746032 0.23640167364 0.0150793650794 0.0320781032078
0 0.357936507937 0.259414225941 0.0190476190476 0.0390516039052
0 0.208333333333 0.407252440725 0.0373015873016 0.0781032078103
