0 0.324378109453 0.19723183391 0.0179104477612 0.0346020761246
0 0.349751243781 0.154844290657 0.0208955223881 0.0363321799308
0 0.491044776119 0.198961937716 0.0268656716418 0.0553633217993
0 0.562686567164 0.19723183391 0.0208955223881 0.0415224913495
0 0.605970149254 0.246539792388 0.0258706467662 0.0467128027682
0 0.610447761194 0.19723183391 0.0208955223881 0.0415224913495
0 0.654228855721 0.174740484429 0.028855721393 0.0657439446367
0 0.678606965174 0.213667820069 0.0238805970149 0.0501730103806
0 0.74328358209 0.274221453287 0.0298507462687 0.0536332179931
0 0.778109452736 0.291522491349 0.0378109452736 0.0743944636678
0 0.794527363184 0.257785467128 0.0248756218905 0.0519031141869
0 0.814925373134 0.218858131488 0.0238805970149 0.0536332179931
0 0.831343283582 0.260380622837 0.0208955223881 0.0501730103806
0 0.901990049751 0.278546712803 0.028855721393 0.0588235294118
0 0.914427860697 0.324394463668 0.0358208955224 0.0743944636678
