0 0.172209026128 0.457102672293 0.0403800475059 0.0815752461322
0 0.232383214568 0.332630098453 0.0166270783848 0.0295358649789
0 0.260886777514 0.345288326301 0.0166270783848 0.0407876230661
0 0.283452098179 0.305907172996 0.0142517814727 0.0267229254571
0 0.283847980998 0.367088607595 0.0166270783848 0.0365682137834
0 0.328582739509 0.364978902954 0.0205859065717 0.0464135021097
0 0.352731591449 0.293248945148 0.0166270783848 0.0295358649789
0 0.347585114806 0.32841068917 0.0174188440222 0.0267229254571
0 0.374901029295 0.331223628692 0.0166270783848 0.0379746835443
0 0.400237529691 0.337552742616 0.0166270783848 0.0337552742616
0 0.390736342043 0.267229254571 0.0118764845606 0.0253164556962
0 0.404196357878 0.259493670886 0.0134600158353 0.0267229254571
0 0.422011084719 0.276371308017 0.0126682501979 0.0267229254571
0 0.435866983373 0.345288326301 0.0166270783848 0.0436005625879
0 0.457640538401 0.323488045007 0.0190023752969 0.0365682137834
0 0.497228820269 0.326300984529 0.0190023752969 0.0393811533052
0 0.446159936659 0.251758087201 0.0134600158353 0.0337552742616
0 0.464766429137 0.267932489451 0.0126682501979 0.0323488045007
0 0.491686460808 0.268635724332 0.0126682501979 0.0337552742616
0 0.510688836105 0.283403656821 0.0158353127474 0.0379746835443
0 0.511876484561 0.241912798875 0.0134600158353 0.0253164556962
0 0.524544734759 0.253867791842 0.0134600158353 0.0323488045007
0 0.565320665083 0.279184247539 0.0142517814727 0.0407876230661
0 0.560570071259 0.247538677918 0.0126682501979 0.028129395218
0 0.583135391924 0.24964838256 0.0134600158353 0.0295358649789
0 0.59936658749 0.207454289733 0.0110847189232 0.0295358649789
0 0.613222486144 0.21800281294 0.0118764845606 0.0337552742616
0 0.625890736342 0.254571026723 0.0134600158353 0.0337552742616
0 0.45486935867 0.402250351617 0.0261282660333 0.056258790436
0 0.549089469517 0.347398030942 0.021377672209 0.0450070323488
0 0.528107680127 0.417018284107 0.0237529691211 0.0520393811533
0 0.553444180523 0.447257383966 0.0316706254949 0.0675105485232
0 0.585906571655 0.323488045007 0.0190023752969 0.0450070323488
0 0.616785431512 0.310829817159 0.0190023752969 0.0365682137834
0 0.597783056215 0.387482419128 0.0190023752969 0.0436005625879
0 0.631828978622 0.39099859353 0.0237529691211 0.0590717299578
0 0.623119556611 0.459915611814 0.0316706254949 0.0675105485232
0 0.642913697546 0.332630098453 0.0158353127474 0.0407876230661
0 0.660332541568 0.268635724332 0.0142517814727 0.0337552742616
0 0.68962787015 0.260900140647 0.0126682501979 0.0323488045007
0 0.672604908947 0.348101265823 0.0182106096595 0.0464135021097
0 0.703087885986 0.287623066104 0.0142517814727 0.0351617440225
0 0.715756136184 0.256680731364 0.0126682501979 0.0295358649789
0 0.723673792557 0.245428973277 0.0126682501979 0.0267229254571
0 0.733174980206 0.232770745429 0.0126682501979 0.0323488045007
0 0.759303246239 0.238396624473 0.0142517814727 0.0267229254571
0 0.753365003959 0.268635724332 0.0150435471101 0.0365682137834
0 0.739509105305 0.296061884669 0.0158353127474 0.0407876230661
0 0.782660332542 0.308720112518 0.0134600158353 0.0323488045007
0 0.814726840855 0.26582278481 0.0142517814727 0.028129395218
0 0.831749802059 0.261603375527 0.0118764845606 0.0225035161744
0 0.849168646081 0.255977496484 0.0118764845606 0.0309423347398
0 0.836896278702 0.28199718706 0.0158353127474 0.0379746835443
0 0.828582739509 0.319268635724 0.0166270783848 0.0365682137834
0 0.874505146477 0.283403656821 0.0134600158353 0.0295358649789
0 0.90657165479 0.269338959212 0.0110847189232 0.0295358649789
0 0.908155186065 0.3129395218 0.0142517814727 0.0295358649789
0 0.805225653207 0.341772151899 0.0174188440222 0.0450070323488
0 0.790577988915 0.361462728551 0.0197941409343 0.0534458509142
0 0.865399841647 0.35864978903 0.0174188440222 0.042194092827
0 0.872921615202 0.322784810127 0.0150435471101 0.0351617440225
0 0.902612826603 0.357243319269 0.0190023752969 0.042194092827
0 0.714568487728 0.402250351617 0.0229612034838 0.0534458509142
0 0.687648456057 0.486638537271 0.0308788598575 0.0815752461322
0 0.751385589865 0.428270042194 0.0237529691211 0.0548523206751
0 0.792557403009 0.536568213783 0.0237529691211 0.0745428973277
0 0.819873317498 0.457102672293 0.0261282660333 0.056258790436
0 0.886381631037 0.39029535865 0.0197941409343 0.0492264416315
0 0.87648456057 0.457805907173 0.0269200316706 0.0661040787623
0 0.793745051465 0.277777777778 0.0118764845606 0.0351617440225
0 0.401029295329 0.305907172996 0.0134600158353 0.0295358649789
0 0.429136975455 0.309423347398 0.0158353127474 0.0365682137834
0 0.547110055424 0.220815752461 0.00950118764846 0.0253164556962
0 0.560965954078 0.221518987342 0.0118764845606 0.0267229254571
0 0.636975455265 0.216596343179 0.00870942201108 0.0225035161744
0 0.653998416469 0.233473980309 0.00950118764846 0.0225035161744
0 0.662311955661 0.230661040788 0.0102929532858 0.0225035161744
0 0.836896278702 0.407172995781 0.0158353127474 0.0407876230661
