0 0.170979667283 0.48352553542 0.0425138632163 0.0807248764415
0 0.281885397412 0.24629324547 0.0147874306839 0.0313014827018
0 0.295748613678 0.242998352554 0.0184842883549 0.0345963756178
0 0.309149722736 0.252883031301 0.0194085027726 0.0378912685338
0 0.365988909427 0.257825370675 0.0166358595194 0.0345963756178
0 0.373382624769 0.279242174629 0.0221811460259 0.0411861614498
0 0.367375231054 0.196046128501 0.0157116451017 0.0362438220758
0 0.375693160813 0.212520593081 0.0175600739372 0.0329489291598
0 0.390480591497 0.223228995058 0.0175600739372 0.0313014827018
0 0.39741219963 0.195222405272 0.0166358595194 0.0313014827018
0 0.402033271719 0.169686985173 0.0147874306839 0.0263591433278
0 0.420517560074 0.168863261944 0.0129390018484 0.0280065897858
0 0.428835489834 0.175453047776 0.0166358595194 0.0313014827018
0 0.443160813309 0.224052718287 0.0212569316081 0.0395387149918
0 0.472273567468 0.232289950577 0.0221811460259 0.0362438220758
0 0.449630314233 0.182866556837 0.0157116451017 0.0329489291598
0 0.483364140481 0.197693574959 0.0203327171904 0.0395387149918
0 0.476432532348 0.177100494234 0.0138632162662 0.0280065897858
0 0.481977818854 0.164744645799 0.0120147874307 0.0230642504119
0 0.464879852126 0.138385502471 0.0129390018484 0.0263591433278
0 0.507855822551 0.16392092257 0.0157116451017 0.0280065897858
0 0.480591497227 0.145799011532 0.0129390018484 0.0247116968699
0 0.51247689464 0.146622734761 0.0138632162662 0.0296540362438
0 0.507855822551 0.120263591433 0.0138632162662 0.0263591433278
0 0.526340110906 0.136738056013 0.0138632162662 0.0230642504119
0 0.543438077634 0.189456342669 0.0166358595194 0.0362438220758
0 0.577634011091 0.164744645799 0.0166358595194 0.0362438220758
0 0.549907578558 0.123558484349 0.0129390018484 0.0296540362438
0 0.560073937153 0.13097199341 0.0129390018484 0.0280065897858
0 0.584565619224 0.116968698517 0.0120147874307 0.0263591433278
0 0.590573012939 0.107907742998 0.0129390018484 0.0280065897858
0 0.598890942699 0.151565074135 0.0184842883549 0.0329489291598
0 0.609057301294 0.129324546952 0.0110905730129 0.0280065897858
0 0.615064695009 0.100494233937 0.0120147874307 0.0230642504119
0 0.636783733826 0.129324546952 0.0129390018484 0.0280065897858
0 0.637245841035 0.101317957166 0.0101663585952 0.0247116968699
0 0.669131238447 0.10626029654 0.0110905730129 0.0280065897858
0 0.696395563771 0.103789126853 0.0138632162662 0.0263591433278
0 0.665434380776 0.159802306425 0.0166358595194 0.0329489291598
0 0.639094269871 0.174629324547 0.0157116451017 0.0362438220758
0 0.608133086876 0.208401976936 0.0221811460259 0.0378912685338
0 0.620609981516 0.243822075783 0.0231053604436 0.0494233937397
0 0.57393715342 0.237232289951 0.0221811460259 0.0395387149918
0 0.493530499076 0.306425041186 0.0295748613678 0.0626029654036
0 0.532347504621 0.325370675453 0.0277264325323 0.0543657331137
0 0.605822550832 0.321252059308 0.0304990757856 0.0626029654036
0 0.674676524954 0.324546952224 0.0388170055453 0.0658978583196
0 0.711645101664 0.264415156507 0.0277264325323 0.0543657331137
0 0.696395563771 0.234761120264 0.0175600739372 0.0411861614498
0 0.655268022181 0.212520593081 0.0221811460259 0.0428336079077
0 0.702402957486 0.172981878089 0.0203327171904 0.0461285008237
0 0.723659889094 0.200164744646 0.0203327171904 0.0444810543657
0 0.749075785582 0.214168039539 0.0212569316081 0.0494233937397
0 0.731053604436 0.117792421746 0.0166358595194 0.0280065897858
0 0.746303142329 0.138385502471 0.0157116451017 0.0329489291598
0 0.757393715342 0.129324546952 0.0101663585952 0.0313014827018
0 0.771719038817 0.1392092257 0.0147874306839 0.0313014827018
0 0.774029574861 0.189456342669 0.0194085027726 0.0395387149918
0 0.78280961183 0.266062602965 0.0240295748614 0.0477759472817
0 0.736136783734 0.354200988468 0.0378927911275 0.0757825370675
0 0.807763401109 0.36902800659 0.0351201478743 0.0658978583196
0 0.888170055453 0.364909390445 0.0332717190388 0.0774299835255
0 0.896025878004 0.302306425041 0.0268022181146 0.0675453047776
0 0.906192236599 0.258649093904 0.0194085027726 0.0461285008237
0 0.910813308688 0.224876441516 0.0175600739372 0.0378912685338
0 0.920517560074 0.198517298188 0.0129390018484 0.0378912685338
0 0.922365988909 0.158978583196 0.0147874306839 0.0313014827018
0 0.895101663586 0.177924217463 0.0175600739372 0.0395387149918
0 0.884011090573 0.158154859967 0.0138632162662 0.0395387149918
0 0.874768946396 0.198517298188 0.0194085027726 0.0378912685338
0 0.860905730129 0.252059308072 0.0175600739372 0.0494233937397
0 0.83595194085 0.289126853377 0.0268022181146 0.0543657331137
0 0.802680221811 0.25370675453 0.0231053604436 0.0428336079077
0 0.825785582255 0.190280065898 0.0175600739372 0.0411861614498
0 0.798059149723 0.143327841845 0.0157116451017 0.0296540362438
0 0.826709796673 0.138385502471 0.0157116451017 0.0362438220758
0 0.844731977819 0.168863261944 0.0166358595194 0.0345963756178
0 0.853512014787 0.149093904448 0.0175600739372 0.0313014827018
0 0.863678373383 0.124382207578 0.0138632162662 0.0313014827018
